
25_10_4.9e-10_4.9e-10_470000000
[]
0.5	0.5	0.125	0.125	0.375	0.25	0.125	0.125	0.125	0.5	0.375	0.125	0.125	0.75	0.125	0.0	0.125	0.125	0.125	0.125	0.125	0.0	0.25	0.375	0.375	0.375	0.125	0.0	0.0	0.5	0.125	0.125	0.5	0.125	0.125	0.125	0.125	0.0	0.125	0.0	0.25	0.625	0.0	0.375	0.0	0.0	0.0	0.375	0.25	0.375	
['-u']
0.25	0.375	0.25	0.375	0.5	0.25	0.125	0.25	0.0	0.375	0.125	0.125	0.125	0.625	0.125	0.125	0.125	0.25	0.5	0.125	0.25	0.0	0.125	0.25	0.125	0.375	0.125	0.125	0.5	0.375	0.0	0.0	0.0	0.0	0.375	0.25	0.5	0.25	0.0	0.25	0.0	0.5	0.0	0.125	0.125	0.375	0.25	0.375	0.125	0.375	
['-t', '-r', '1']
0.125	0.25	0.125	0.125	0.25	0.125	0.0	0.125	0.0	0.125	0.125	0.0	0.0	0.375	0.125	0.0	0.125	0.0	0.0	0.0	0.125	0.0	0.125	0.125	0.0	0.125	0.0	0.0	0.0	0.125	0.0	0.0	0.0	0.0	0.125	0.25	0.25	0.0	0.0	0.0	0.125	0.625	0.0	0.0	0.0	0.0	0.25	0.25	0.125	0.25	
['-t', '-r', '2']
0.125	0.25	0.125	0.125	0.25	0.0	0.0	0.0	0.0	0.125	0.25	0.125	0.0	0.25	0.125	0.0	0.125	0.0	0.0	0.125	0.125	0.0	0.125	0.125	0.0	0.125	0.125	0.0	0.0	0.125	0.0	0.0	0.0	0.0	0.25	0.25	0.25	0.0	0.0	0.0	0.25	0.5	0.0	0.0	0.0	0.0	0.125	0.375	0.0	0.25	
['-m']
0.25	0.125	0.125	0.125	0.25	0.25	0.125	0.125	0.0	0.375	0.125	0.0	0.0	0.375	0.125	0.125	0.125	0.125	0.5	0.375	0.25	0.0	0.25	0.125	0.125	0.25	0.125	0.0	0.25	0.25	0.0	0.125	0.0	0.0	0.25	0.125	0.375	0.125	0.0	0.0	0.125	0.375	0.0	0.125	0.125	0.0	0.125	0.375	0.125	0.375	
['-m', '-w', '1']
0.375	0.125	0.0	0.0	0.125	0.25	0.125	0.125	0.0	0.125	0.125	0.125	0.0	0.25	0.125	0.125	0.125	0.0	0.25	0.25	0.25	0.0	0.25	0.0	0.125	0.25	0.25	0.0	0.125	0.125	0.125	0.125	0.125	0.0	0.25	0.25	0.375	0.0	0.0	0.0	0.125	0.375	0.0	0.125	0.0	0.125	0.125	0.375	0.25	0.375	
['-m', '-w', '2']
0.25	0.125	0.125	0.125	0.25	0.25	0.125	0.125	0.0	0.375	0.125	0.0	0.0	0.375	0.125	0.125	0.125	0.125	0.5	0.375	0.25	0.0	0.25	0.125	0.125	0.25	0.125	0.0	0.25	0.25	0.0	0.125	0.0	0.0	0.25	0.125	0.375	0.125	0.0	0.0	0.125	0.375	0.0	0.125	0.125	0.0	0.125	0.375	0.125	0.375	

25_10_2.7e-10_2.7e-10_470000000
[]
0.25	0.125	0.125	0.0	0.125	0.5	0.25	0.375	0.0	0.0	0.25	0.25	0.375	0.125	0.0	0.0	0.25	0.125	0.625	0.25	0.125	0.25	0.25	0.0	0.625	0.25	0.0	0.0	0.5	0.25	0.25	0.0	0.25	0.375	0.5	0.25	0.25	0.125	0.375	0.125	0.5	0.375	0.25	0.0	0.5	0.125	0.0	0.125	0.25	0.125	
['-u']
0.25	0.25	0.5	0.375	0.125	0.0	0.375	0.375	0.0	0.0	0.625	0.0	0.375	0.25	0.0	0.25	0.25	0.125	0.25	0.25	0.125	0.0	0.375	0.25	0.75	0.125	0.0	0.0	0.375	0.125	0.25	0.0	0.25	0.5	0.5	0.375	0.375	0.125	0.375	0.0	0.5	0.25	0.25	0.25	0.625	0.125	0.0	0.25	0.25	0.25	
['-t', '-r', '1']
0.0	0.125	0.25	0.0	0.125	0.125	0.25	0.375	0.0	0.0	0.25	0.0	0.25	0.25	0.0	0.0	0.0	0.125	0.125	0.125	0.125	0.125	0.25	0.0	0.625	0.125	0.0	0.0	0.25	0.0	0.0	0.0	0.25	0.5	0.25	0.25	0.375	0.125	0.25	0.0	0.5	0.25	0.125	0.0	0.25	0.25	0.0	0.0	0.0	0.0	
['-t', '-r', '2']
0.0	0.125	0.25	0.0	0.25	0.25	0.25	0.375	0.0	0.0	0.25	0.0	0.25	0.25	0.0	0.0	0.0	0.125	0.125	0.125	0.125	0.125	0.25	0.0	0.5	0.125	0.0	0.0	0.25	0.0	0.0	0.0	0.25	0.5	0.25	0.25	0.375	0.125	0.25	0.125	0.375	0.25	0.125	0.0	0.25	0.25	0.0	0.125	0.0	0.125	
['-m']
0.125	0.125	0.375	0.125	0.125	0.0	0.375	0.25	0.0	0.125	0.375	0.0	0.375	0.25	0.0	0.25	0.125	0.125	0.25	0.125	0.125	0.125	0.375	0.125	0.625	0.0	0.0	0.0	0.125	0.0	0.125	0.0	0.25	0.5	0.375	0.25	0.25	0.125	0.25	0.125	0.375	0.375	0.25	0.0	0.375	0.25	0.0	0.125	0.25	0.125	
['-m', '-w', '1']
0.0	0.125	0.25	0.125	0.125	0.25	0.25	0.25	0.0	0.25	0.25	0.125	0.25	0.25	0.0	0.0	0.125	0.125	0.375	0.125	0.125	0.25	0.375	0.0	0.625	0.125	0.0	0.0	0.0	0.0	0.0	0.0	0.25	0.5	0.25	0.25	0.25	0.125	0.25	0.125	0.375	0.25	0.125	0.0	0.5	0.125	0.0	0.125	0.125	0.125	
['-m', '-w', '2']
0.125	0.125	0.375	0.125	0.125	0.0	0.375	0.25	0.0	0.125	0.375	0.0	0.375	0.25	0.0	0.25	0.125	0.125	0.25	0.125	0.125	0.125	0.375	0.125	0.625	0.0	0.0	0.0	0.125	0.0	0.125	0.0	0.25	0.5	0.375	0.25	0.25	0.125	0.25	0.125	0.375	0.375	0.25	0.0	0.375	0.25	0.0	0.125	0.25	0.125	

25_10_1.9e-10_1.9e-10_470000000
[]
0.125	0.25	0.125	0.0	0.125	0.0	0.0	0.375	0.0	0.125	0.0	0.0	0.0	0.125	0.0	0.375	0.125	0.25	0.5	0.125	0.25	0.125	0.0	0.125	0.125	0.0	0.0	0.25	0.25	0.125	0.0	0.25	0.125	0.0	0.0	0.25	0.125	0.25	0.125	0.125	0.125	0.25	0.125	0.125	0.125	0.375	0.125	0.0	0.0	0.0	
['-u']
0.25	0.0	0.125	0.0	0.25	0.0	0.25	0.375	0.0	0.125	0.125	0.0	0.0	0.125	0.0	0.375	0.125	0.125	0.5	0.25	0.375	0.125	0.0	0.125	0.125	0.125	0.0	0.25	0.375	0.125	0.0	0.25	0.125	0.125	0.0	0.5	0.125	0.25	0.25	0.125	0.5	0.25	0.25	0.125	0.125	0.25	0.375	0.125	0.0	0.125	
['-t', '-r', '1']
0.125	0.0	0.125	0.0	0.25	0.0	0.25	0.125	0.0	0.125	0.0	0.125	0.125	0.25	0.0	0.375	0.0	0.25	0.25	0.125	0.25	0.125	0.0	0.125	0.125	0.0	0.0	0.25	0.25	0.0	0.0	0.125	0.0	0.125	0.0	0.125	0.125	0.25	0.125	0.125	0.5	0.25	0.125	0.125	0.125	0.375	0.25	0.0	0.0	0.125	
['-t', '-r', '2']
0.0	0.0	0.125	0.0	0.25	0.0	0.25	0.125	0.0	0.125	0.0	0.125	0.125	0.25	0.0	0.375	0.0	0.125	0.25	0.125	0.125	0.125	0.0	0.125	0.125	0.0	0.0	0.25	0.25	0.125	0.0	0.25	0.125	0.125	0.0	0.375	0.0	0.25	0.125	0.125	0.25	0.25	0.25	0.125	0.125	0.25	0.25	0.0	0.0	0.25	
['-m']
0.0	0.0	0.125	0.0	0.125	0.0	0.125	0.125	0.0	0.125	0.0	0.0	0.0	0.0	0.0	0.375	0.125	0.125	0.5	0.25	0.25	0.125	0.0	0.125	0.125	0.125	0.125	0.125	0.25	0.0	0.0	0.0	0.0	0.125	0.0	0.25	0.125	0.25	0.25	0.125	0.25	0.25	0.125	0.125	0.125	0.25	0.25	0.0	0.0	0.125	
['-m', '-w', '1']
0.125	0.125	0.125	0.0	0.125	0.0	0.375	0.125	0.0	0.125	0.0	0.0	0.0	0.25	0.125	0.375	0.125	0.125	0.375	0.125	0.25	0.125	0.0	0.125	0.125	0.125	0.125	0.125	0.125	0.125	0.0	0.25	0.125	0.0	0.0	0.125	0.125	0.25	0.25	0.125	0.25	0.25	0.125	0.125	0.125	0.25	0.375	0.0	0.0	0.25	
['-m', '-w', '2']
0.0	0.0	0.125	0.0	0.125	0.0	0.125	0.125	0.0	0.125	0.0	0.0	0.0	0.0	0.0	0.375	0.125	0.125	0.5	0.25	0.25	0.125	0.0	0.125	0.125	0.125	0.125	0.125	0.25	0.0	0.0	0.0	0.0	0.125	0.0	0.25	0.125	0.25	0.25	0.125	0.25	0.25	0.125	0.125	0.125	0.25	0.25	0.0	0.0	0.125	

25_10_5.2e-11_5.2e-11_470000000
[]
0.5	0.125	0.125	0.375	0.375	0.125	0.25	0.125	0.125	0.0	0.375	0.25	0.125	0.25	0.375	0.25	0.125	0.125	0.25	0.25	0.125	0.375	0.0	0.5	0.375	0.125	0.125	0.25	0.0	0.375	0.25	0.125	0.0	0.0	0.0	0.25	0.0	0.125	0.25	0.0	0.125	0.125	0.375	0.25	0.125	0.25	0.125	0.25	0.0	0.25	
['-u']
0.5	0.25	0.125	0.375	0.375	0.125	0.125	0.125	0.125	0.0	0.375	0.25	0.0	0.125	0.25	0.5	0.125	0.125	0.125	0.25	0.25	0.375	0.125	0.375	0.5	0.125	0.125	0.25	0.0	0.25	0.25	0.125	0.0	0.0	0.0	0.25	0.0	0.125	0.25	0.125	0.125	0.0	0.25	0.25	0.25	0.375	0.125	0.25	0.0	0.25	
['-t', '-r', '1']
0.375	0.125	0.125	0.25	0.375	0.125	0.125	0.125	0.0	0.0	0.375	0.25	0.0	0.125	0.25	0.25	0.125	0.125	0.25	0.25	0.125	0.375	0.0	0.375	0.375	0.125	0.375	0.25	0.0	0.375	0.25	0.125	0.0	0.0	0.0	0.25	0.0	0.25	0.25	0.125	0.25	0.125	0.25	0.125	0.25	0.375	0.125	0.25	0.0	0.25	
['-t', '-r', '2']
0.375	0.125	0.125	0.375	0.25	0.125	0.125	0.125	0.0	0.0	0.375	0.25	0.0	0.125	0.25	0.375	0.125	0.25	0.25	0.25	0.125	0.25	0.0	0.625	0.5	0.125	0.25	0.25	0.0	0.375	0.25	0.125	0.0	0.0	0.0	0.25	0.0	0.125	0.25	0.125	0.125	0.125	0.25	0.25	0.25	0.25	0.125	0.25	0.0	0.25	
['-m']
0.375	0.125	0.125	0.375	0.375	0.125	0.125	0.125	0.0	0.0	0.375	0.25	0.0	0.125	0.25	0.375	0.125	0.125	0.25	0.25	0.375	0.375	0.0	0.375	0.5	0.125	0.125	0.25	0.0	0.375	0.25	0.125	0.0	0.0	0.0	0.25	0.0	0.125	0.25	0.0	0.125	0.0	0.25	0.25	0.25	0.375	0.125	0.25	0.0	0.25	
['-m', '-w', '1']
0.375	0.125	0.125	0.375	0.375	0.125	0.125	0.125	0.0	0.0	0.375	0.25	0.125	0.125	0.375	0.375	0.125	0.125	0.375	0.25	0.375	0.375	0.0	0.5	0.375	0.125	0.125	0.25	0.0	0.375	0.25	0.125	0.0	0.0	0.0	0.25	0.0	0.25	0.25	0.0	0.125	0.0	0.25	0.0	0.25	0.375	0.125	0.25	0.0	0.125	
['-m', '-w', '2']
0.375	0.125	0.125	0.375	0.375	0.125	0.125	0.125	0.0	0.0	0.375	0.25	0.0	0.125	0.25	0.375	0.125	0.125	0.25	0.25	0.375	0.375	0.0	0.375	0.5	0.125	0.125	0.25	0.0	0.375	0.25	0.125	0.0	0.0	0.0	0.25	0.0	0.125	0.25	0.0	0.125	0.0	0.25	0.25	0.25	0.375	0.125	0.25	0.0	0.25	

25_10_0_0_470000000
[]
0.125	0.125	0.375	0.125	0.125	0.25	0.25	0.0	0.125	0.125	0.25	0.125	0.125	0.0	0.0	0.125	0.0	0.125	0.25	0.125	0.0	0.375	0.125	0.375	0.0	0.25	0.25	0.125	0.0	0.25	0.125	0.375	0.375	0.125	0.125	0.25	0.375	0.125	0.0	0.125	0.25	0.0	0.125	0.25	0.125	0.25	0.375	0.375	0.25	0.125	
['-u']
0.125	0.125	0.375	0.125	0.125	0.25	0.25	0.0	0.125	0.125	0.25	0.125	0.125	0.0	0.0	0.125	0.0	0.125	0.25	0.125	0.0	0.375	0.125	0.375	0.0	0.25	0.25	0.125	0.0	0.25	0.125	0.375	0.375	0.125	0.125	0.25	0.375	0.125	0.0	0.125	0.25	0.0	0.125	0.25	0.125	0.25	0.375	0.375	0.25	0.125	
['-t', '-r', '1']
0.125	0.125	0.375	0.125	0.0	0.25	0.25	0.125	0.125	0.125	0.375	0.125	0.125	0.0	0.0	0.125	0.0	0.25	0.25	0.0	0.0	0.375	0.0	0.5	0.0	0.25	0.25	0.0	0.0	0.25	0.125	0.375	0.375	0.125	0.375	0.25	0.375	0.375	0.0	0.125	0.125	0.0	0.125	0.25	0.125	0.25	0.375	0.375	0.25	0.125	
['-t', '-r', '2']
0.375	0.125	0.375	0.125	0.125	0.25	0.25	0.125	0.25	0.25	0.375	0.125	0.125	0.0	0.0	0.125	0.0	0.25	0.25	0.125	0.0	0.375	0.125	0.375	0.0	0.25	0.25	0.125	0.0	0.25	0.125	0.375	0.375	0.125	0.125	0.25	0.375	0.25	0.0	0.125	0.25	0.0	0.125	0.25	0.125	0.25	0.375	0.375	0.25	0.125	
['-m']
0.125	0.125	0.375	0.125	0.125	0.25	0.25	0.0	0.125	0.125	0.25	0.125	0.125	0.0	0.0	0.125	0.0	0.125	0.25	0.125	0.0	0.375	0.125	0.375	0.0	0.25	0.25	0.125	0.0	0.25	0.125	0.375	0.375	0.125	0.125	0.25	0.375	0.125	0.0	0.125	0.25	0.0	0.125	0.25	0.125	0.25	0.375	0.375	0.25	0.125	
['-m', '-w', '1']
0.125	0.125	0.375	0.125	0.125	0.25	0.25	0.0	0.125	0.125	0.25	0.125	0.125	0.0	0.0	0.125	0.0	0.125	0.25	0.125	0.0	0.375	0.125	0.375	0.0	0.25	0.25	0.125	0.0	0.25	0.125	0.375	0.375	0.125	0.125	0.25	0.375	0.125	0.0	0.125	0.25	0.0	0.125	0.25	0.125	0.25	0.375	0.375	0.25	0.125	
['-m', '-w', '2']
0.125	0.125	0.375	0.125	0.125	0.25	0.25	0.0	0.125	0.125	0.25	0.125	0.125	0.0	0.0	0.125	0.0	0.125	0.25	0.125	0.0	0.375	0.125	0.375	0.0	0.25	0.25	0.125	0.0	0.25	0.125	0.375	0.375	0.125	0.125	0.25	0.375	0.125	0.0	0.125	0.25	0.0	0.125	0.25	0.125	0.25	0.375	0.375	0.25	0.125	

100_10_4.9e-10_4.9e-10_470000000
[]
0.125	0.125	0.0	0.0	0.0	0.5	0.25	0.0	0.0	0.0	0.0	0.0	0.125	0.25	0.125	0.0	0.0	0.125	0.0	0.0	0.0	0.0	0.125	0.0	0.0	0.125	0.125	0.0	0.0	0.125	0.125	0.125	0.125	0.0	0.0	0.0	0.125	0.0	0.0	0.125	0.0	0.125	0.0	0.0	0.125	0.125	0.0	0.125	0.375	0.375	
['-u']
0.125	0.125	0.125	0.0	0.0	0.375	0.0	0.0	0.125	0.0	0.375	0.125	0.125	0.25	0.125	0.0	0.0	0.25	0.0	0.0	0.125	0.0	0.0	0.125	0.0	0.0	0.125	0.125	0.0	0.125	0.125	0.125	0.0	0.0	0.25	0.25	0.125	0.125	0.125	0.0	0.0	0.125	0.25	0.0	0.125	0.125	0.0	0.0	0.125	0.125	
['-t', '-r', '1']
0.125	0.0	0.0	0.0	0.0	0.375	0.125	0.0	0.0	0.0	0.125	0.0	0.0	0.25	0.0	0.0	0.0	0.0	0.125	0.0	0.125	0.0	0.0	0.0	0.0	0.0	0.0	0.0	0.0	0.25	0.125	0.0	0.0	0.0	0.0	0.0	0.0	0.0	0.0	0.0	0.0	0.0	0.125	0.0	0.0	0.125	0.0	0.0	0.125	0.125	
['-t', '-r', '2']
0.0	0.125	0.0	0.0	0.0	0.375	0.0	0.0	0.0	0.0	0.125	0.0	0.0	0.25	0.0	0.0	0.0	0.0	0.0	0.0	0.125	0.0	0.0	0.0	0.0	0.0	0.0	0.0	0.0	0.25	0.125	0.0	0.0	0.0	0.0	0.0	0.0	0.125	0.0	0.0	0.0	0.0	0.125	0.0	0.0	0.125	0.0	0.0	0.0	0.125	
['-m']
0.0	0.0	0.125	0.0	0.0	0.375	0.0	0.0	0.0	0.0	0.125	0.125	0.0	0.125	0.125	0.0	0.125	0.125	0.125	0.0	0.125	0.0	0.0	0.0	0.0	0.0	0.125	0.0	0.0	0.25	0.125	0.125	0.0	0.0	0.0	0.0	0.0	0.0	0.25	0.125	0.0	0.125	0.125	0.0	0.125	0.125	0.0	0.0	0.125	0.125	
['-m', '-w', '1']
0.25	0.0	0.0	0.0	0.0	0.375	0.0	0.0	0.0	0.0	0.125	0.125	0.0	0.0	0.125	0.0	0.0	0.0	0.25	0.0	0.125	0.0	0.0	0.0	0.0	0.0	0.125	0.0	0.0	0.25	0.125	0.0	0.0	0.0	0.0	0.0	0.0	0.0	0.125	0.125	0.125	0.25	0.125	0.0	0.125	0.0	0.0	0.0	0.125	0.125	
['-m', '-w', '2']
0.0	0.0	0.125	0.0	0.0	0.375	0.0	0.0	0.0	0.0	0.125	0.125	0.0	0.125	0.125	0.0	0.125	0.125	0.125	0.0	0.125	0.0	0.0	0.0	0.0	0.0	0.125	0.0	0.0	0.25	0.125	0.125	0.0	0.0	0.0	0.0	0.0	0.0	0.25	0.125	0.0	0.125	0.125	0.0	0.125	0.125	0.0	0.0	0.125	0.125	

100_10_2.7e-10_2.7e-10_470000000
[]
0.25	0.125	0.25	0.0	0.0	0.0	0.375	0.25	0.0	0.0	0.0	0.25	0.0	0.0	0.0	0.0	0.0	0.125	0.25	0.125	0.25	0.0	0.125	0.0	0.25	0.125	0.125	0.0	0.125	0.0	0.0	0.125	0.0	0.0	0.25	0.125	0.125	0.25	0.0	0.125	0.125	0.125	0.125	0.0	0.25	0.0	0.0	0.0	0.0	0.0	
['-u']
0.25	0.25	0.375	0.25	0.0	0.0	0.25	0.125	0.0	0.0	0.0	0.25	0.125	0.0	0.125	0.0	0.0	0.0	0.25	0.125	0.0	0.0	0.0	0.375	0.375	0.125	0.0	0.125	0.25	0.0	0.0	0.125	0.0	0.125	0.25	0.0	0.125	0.125	0.0	0.25	0.25	0.0	0.125	0.0	0.0	0.0	0.0	0.125	0.25	0.125	
['-t', '-r', '1']
0.25	0.125	0.25	0.0	0.0	0.0	0.375	0.125	0.0	0.0	0.125	0.125	0.0	0.0	0.0	0.0	0.0	0.0	0.25	0.125	0.125	0.0	0.125	0.25	0.25	0.125	0.0	0.0	0.25	0.0	0.0	0.125	0.0	0.0	0.25	0.125	0.0	0.125	0.0	0.0	0.125	0.125	0.0	0.0	0.125	0.0	0.0	0.125	0.125	0.0	
['-t', '-r', '2']
0.125	0.125	0.25	0.0	0.0	0.0	0.25	0.125	0.0	0.0	0.0	0.125	0.0	0.0	0.0	0.0	0.0	0.0	0.25	0.125	0.125	0.0	0.0	0.0	0.25	0.0	0.0	0.125	0.25	0.0	0.0	0.125	0.0	0.0	0.25	0.0	0.0	0.125	0.0	0.0	0.125	0.125	0.0	0.125	0.125	0.0	0.0	0.125	0.125	0.0	
['-m']
0.25	0.125	0.25	0.25	0.0	0.0	0.375	0.125	0.0	0.0	0.0	0.25	0.0	0.0	0.125	0.0	0.0	0.0	0.25	0.125	0.0	0.0	0.0	0.25	0.125	0.125	0.0	0.125	0.25	0.0	0.0	0.125	0.0	0.125	0.25	0.0	0.25	0.25	0.0	0.0	0.25	0.125	0.0	0.0	0.0	0.0	0.0	0.125	0.125	0.0	
['-m', '-w', '1']
0.0	0.125	0.25	0.25	0.0	0.0	0.375	0.0	0.0	0.0	0.0	0.125	0.0	0.0	0.125	0.0	0.0	0.0	0.375	0.25	0.0	0.0	0.0	0.0	0.25	0.125	0.0	0.0	0.25	0.0	0.0	0.125	0.0	0.0	0.25	0.0	0.125	0.125	0.0	0.0	0.125	0.125	0.0	0.0	0.0	0.0	0.0	0.125	0.0	0.0	
['-m', '-w', '2']
0.25	0.125	0.25	0.25	0.0	0.0	0.375	0.125	0.0	0.0	0.0	0.25	0.0	0.0	0.125	0.0	0.0	0.0	0.25	0.125	0.0	0.0	0.0	0.25	0.125	0.125	0.0	0.125	0.25	0.0	0.0	0.125	0.0	0.125	0.25	0.0	0.25	0.25	0.0	0.0	0.25	0.125	0.0	0.0	0.0	0.0	0.0	0.125	0.125	0.0	

100_10_1.9e-10_1.9e-10_470000000
[]
0.25	0.0	0.25	0.0	0.125	0.0	0.125	0.125	0.125	0.125	0.25	0.125	0.125	0.5	0.0	0.25	0.0	0.125	0.625	0.0	0.125	0.125	0.0	0.25	0.125	0.0	0.25	0.0	0.125	0.0	0.125	0.0	0.125	0.125	0.125	0.125	0.125	0.125	0.125	0.125	0.125	0.0	0.125	0.0	0.25	0.0	0.0	0.0	0.0	0.0	
['-u']
0.375	0.0	0.0	0.125	0.125	0.0	0.125	0.125	0.0	0.0	0.25	0.125	0.125	0.375	0.0	0.375	0.0	0.125	0.625	0.0	0.125	0.125	0.125	0.5	0.375	0.0	0.125	0.0	0.125	0.0	0.375	0.0	0.25	0.0	0.125	0.125	0.0	0.25	0.25	0.125	0.125	0.0	0.25	0.25	0.25	0.0	0.0	0.0	0.125	0.125	
['-t', '-r', '1']
0.25	0.0	0.0	0.125	0.125	0.0	0.125	0.125	0.125	0.125	0.25	0.125	0.25	0.5	0.125	0.25	0.0	0.125	0.625	0.0	0.125	0.125	0.0	0.25	0.125	0.0	0.125	0.0	0.125	0.0	0.125	0.125	0.25	0.125	0.0	0.125	0.0	0.125	0.25	0.25	0.125	0.0	0.125	0.0	0.25	0.0	0.0	0.0	0.25	0.0	
['-t', '-r', '2']
0.125	0.0	0.0	0.125	0.125	0.0	0.125	0.125	0.125	0.0	0.25	0.125	0.125	0.5	0.0	0.25	0.0	0.125	0.625	0.0	0.125	0.125	0.0	0.25	0.0	0.0	0.125	0.0	0.125	0.0	0.125	0.125	0.25	0.125	0.0	0.125	0.125	0.125	0.25	0.0	0.125	0.0	0.125	0.0	0.25	0.0	0.0	0.0	0.25	0.0	
['-m']
0.375	0.0	0.0	0.125	0.125	0.0	0.125	0.125	0.125	0.0	0.25	0.125	0.125	0.25	0.0	0.25	0.0	0.125	0.5	0.0	0.125	0.125	0.25	0.375	0.375	0.0	0.125	0.0	0.125	0.0	0.25	0.0	0.25	0.0	0.125	0.125	0.125	0.25	0.125	0.125	0.125	0.0	0.25	0.25	0.25	0.0	0.0	0.0	0.125	0.0	
['-m', '-w', '1']
0.25	0.0	0.0	0.125	0.125	0.0	0.0	0.125	0.125	0.0	0.25	0.125	0.125	0.25	0.0	0.25	0.0	0.125	0.375	0.0	0.375	0.0	0.25	0.25	0.125	0.0	0.125	0.0	0.125	0.0	0.125	0.0	0.25	0.125	0.0	0.125	0.125	0.25	0.0	0.125	0.125	0.0	0.125	0.125	0.25	0.0	0.0	0.0	0.125	0.0	
['-m', '-w', '2']
0.375	0.0	0.0	0.125	0.125	0.0	0.125	0.125	0.125	0.0	0.25	0.125	0.125	0.25	0.0	0.25	0.0	0.125	0.5	0.0	0.125	0.125	0.25	0.375	0.375	0.0	0.125	0.0	0.125	0.0	0.25	0.0	0.25	0.0	0.125	0.125	0.125	0.25	0.125	0.125	0.125	0.0	0.25	0.25	0.25	0.0	0.0	0.0	0.125	0.0	

100_10_5.2e-11_5.2e-11_470000000
[]
0.25	0.125	0.0	0.125	0.0	0.125	0.0	0.125	0.25	0.0	0.125	0.125	0.375	0.0	0.125	0.25	0.125	0.0	0.0	0.0	0.0	0.125	0.125	0.5	0.125	0.0	0.125	0.0	0.125	0.375	0.0	0.0	0.25	0.0	0.25	0.0	0.125	0.0	0.0	0.25	0.0	0.375	0.25	0.125	0.0	0.125	0.125	0.25	0.125	0.0	
['-u']
0.25	0.125	0.0	0.25	0.0	0.125	0.0	0.125	0.125	0.125	0.125	0.125	0.25	0.125	0.125	0.25	0.125	0.0	0.0	0.0	0.0	0.125	0.0	0.5	0.0	0.125	0.125	0.0	0.0	0.375	0.0	0.0	0.25	0.0	0.25	0.0	0.125	0.0	0.0	0.25	0.125	0.0	0.375	0.125	0.25	0.125	0.125	0.25	0.125	0.0	
['-t', '-r', '1']
0.25	0.125	0.0	0.125	0.0	0.375	0.0	0.125	0.25	0.125	0.125	0.125	0.25	0.0	0.0	0.25	0.125	0.0	0.0	0.0	0.0	0.125	0.125	0.5	0.0	0.0	0.0	0.0	0.125	0.375	0.0	0.0	0.25	0.0	0.25	0.0	0.125	0.0	0.0	0.25	0.0	0.125	0.25	0.125	0.25	0.125	0.25	0.25	0.0	0.0	
['-t', '-r', '2']
0.25	0.125	0.0	0.125	0.0	0.125	0.0	0.125	0.125	0.125	0.125	0.25	0.125	0.125	0.125	0.25	0.125	0.0	0.0	0.0	0.0	0.125	0.0	0.625	0.0	0.0	0.125	0.0	0.0	0.375	0.0	0.0	0.125	0.0	0.25	0.0	0.125	0.0	0.0	0.25	0.0	0.0	0.25	0.125	0.125	0.125	0.25	0.125	0.125	0.0	
['-m']
0.25	0.125	0.0	0.25	0.0	0.125	0.0	0.125	0.125	0.125	0.125	0.125	0.375	0.125	0.125	0.25	0.125	0.0	0.0	0.0	0.0	0.125	0.0	0.5	0.0	0.125	0.125	0.0	0.125	0.375	0.0	0.0	0.125	0.0	0.25	0.0	0.125	0.0	0.0	0.25	0.0	0.0	0.375	0.125	0.25	0.125	0.125	0.25	0.0	0.0	
['-m', '-w', '1']
0.25	0.125	0.0	0.0	0.0	0.125	0.0	0.125	0.125	0.0	0.125	0.125	0.375	0.125	0.125	0.125	0.125	0.0	0.0	0.0	0.0	0.125	0.0	0.375	0.125	0.0	0.0	0.0	0.125	0.375	0.0	0.0	0.125	0.0	0.25	0.0	0.125	0.0	0.0	0.25	0.0	0.25	0.25	0.125	0.125	0.125	0.125	0.125	0.125	0.0	
['-m', '-w', '2']
0.25	0.125	0.0	0.25	0.0	0.125	0.0	0.125	0.125	0.125	0.125	0.125	0.375	0.125	0.125	0.25	0.125	0.0	0.0	0.0	0.0	0.125	0.0	0.5	0.0	0.125	0.125	0.0	0.125	0.375	0.0	0.0	0.125	0.0	0.25	0.0	0.125	0.0	0.0	0.25	0.0	0.0	0.375	0.125	0.25	0.125	0.125	0.25	0.0	0.0	

100_10_0_0_470000000
[]
0.25	0.25	0.0	0.0	0.125	0.375	0.0	0.25	0.0	0.25	0.125	0.25	0.375	0.25	0.125	0.25	0.25	0.0	0.0	0.125	0.0	0.0	0.0	0.25	0.125	0.125	0.125	0.0	0.125	0.25	0.0	0.0	0.125	0.25	0.125	0.0	0.0	0.25	0.125	0.0	0.125	0.0	0.125	0.125	0.0	0.0	0.125	0.125	0.125	0.375	
['-u']
0.25	0.25	0.0	0.0	0.125	0.375	0.0	0.25	0.0	0.25	0.125	0.25	0.375	0.25	0.125	0.25	0.25	0.0	0.0	0.125	0.0	0.0	0.0	0.25	0.125	0.125	0.125	0.0	0.125	0.25	0.0	0.0	0.125	0.25	0.125	0.0	0.0	0.25	0.125	0.0	0.125	0.0	0.125	0.125	0.0	0.0	0.125	0.125	0.125	0.375	
['-t', '-r', '1']
0.25	0.25	0.0	0.0	0.125	0.375	0.125	0.25	0.0	0.125	0.125	0.25	0.25	0.25	0.125	0.25	0.25	0.125	0.0	0.125	0.0	0.0	0.0	0.125	0.125	0.25	0.125	0.0	0.125	0.125	0.0	0.0	0.125	0.25	0.125	0.0	0.0	0.375	0.25	0.0	0.125	0.0	0.125	0.125	0.0	0.0	0.125	0.25	0.125	0.25	
['-t', '-r', '2']
0.0	0.25	0.0	0.0	0.125	0.375	0.0	0.25	0.0	0.25	0.0	0.25	0.375	0.25	0.125	0.25	0.25	0.0	0.0	0.125	0.0	0.0	0.0	0.25	0.125	0.125	0.125	0.0	0.125	0.125	0.0	0.0	0.125	0.25	0.125	0.0	0.0	0.375	0.25	0.125	0.125	0.0	0.125	0.125	0.0	0.0	0.125	0.125	0.25	0.375	
['-m']
0.25	0.25	0.0	0.0	0.125	0.375	0.0	0.25	0.0	0.25	0.125	0.25	0.375	0.25	0.125	0.25	0.25	0.0	0.0	0.125	0.0	0.0	0.0	0.25	0.125	0.125	0.125	0.0	0.125	0.25	0.0	0.0	0.125	0.25	0.125	0.0	0.0	0.25	0.125	0.0	0.125	0.0	0.125	0.125	0.0	0.0	0.125	0.125	0.125	0.375	
['-m', '-w', '1']
0.25	0.25	0.0	0.0	0.125	0.375	0.0	0.25	0.0	0.25	0.125	0.25	0.375	0.25	0.125	0.25	0.25	0.0	0.0	0.125	0.0	0.0	0.0	0.25	0.125	0.125	0.125	0.0	0.125	0.25	0.0	0.0	0.125	0.25	0.125	0.0	0.0	0.25	0.125	0.0	0.125	0.0	0.125	0.125	0.0	0.0	0.125	0.125	0.125	0.375	
['-m', '-w', '2']
0.25	0.25	0.0	0.0	0.125	0.375	0.0	0.25	0.0	0.25	0.125	0.25	0.375	0.25	0.125	0.25	0.25	0.0	0.0	0.125	0.0	0.0	0.0	0.25	0.125	0.125	0.125	0.0	0.125	0.25	0.0	0.0	0.125	0.25	0.125	0.0	0.0	0.25	0.125	0.0	0.125	0.0	0.125	0.125	0.0	0.0	0.125	0.125	0.125	0.375	

250_10_4.9e-10_4.9e-10_470000000
[]
0.125	0.0	0.125	0.125	0.0	0.0	0.0	0.0	0.0	0.125	0.0	0.25	0.0	0.125	0.125	0.25	0.0	0.0	0.0	0.125	0.0	0.0	0.25	0.125	0.125	0.0	0.0	0.375	0.0	0.5	0.0	0.25	0.125	0.125	0.0	0.125	0.0	0.0	0.125	0.125	0.25	0.125	0.125	0.25	0.0	0.0	0.25	0.0	0.0	0.125	
['-u']
0.125	0.125	0.0	0.125	0.0	0.0	0.0	0.0	0.0	0.0	0.0	0.25	0.0	0.125	0.125	0.25	0.0	0.0	0.0	0.0	0.125	0.125	0.0	0.0	0.125	0.125	0.0	0.125	0.0	0.5	0.0	0.25	0.0	0.0	0.125	0.0	0.0	0.125	0.125	0.125	0.125	0.0	0.125	0.375	0.0	0.0	0.125	0.0	0.0	0.125	
['-t', '-r', '1']
0.0	0.0	0.0	0.0	0.0	0.0	0.0	0.0	0.0	0.0	0.0	0.25	0.0	0.125	0.0	0.25	0.0	0.0	0.0	0.0	0.0	0.0	0.0	0.0	0.0	0.0	0.0	0.25	0.0	0.375	0.0	0.125	0.0	0.0	0.125	0.125	0.0	0.0	0.125	0.0	0.0	0.0	0.125	0.25	0.0	0.0	0.125	0.0	0.0	0.125	
['-t', '-r', '2']
0.0	0.0	0.0	0.0	0.0	0.0	0.0	0.0	0.0	0.0	0.0	0.25	0.0	0.125	0.0	0.0	0.0	0.0	0.0	0.0	0.0	0.0	0.0	0.0	0.0	0.0	0.0	0.25	0.0	0.125	0.0	0.125	0.0	0.0	0.125	0.125	0.0	0.0	0.125	0.0	0.0	0.0	0.125	0.25	0.0	0.0	0.125	0.0	0.0	0.125	
['-m']
0.0	0.0	0.0	0.25	0.0	0.0	0.0	0.0	0.0	0.0	0.0	0.125	0.0	0.125	0.0	0.25	0.0	0.125	0.0	0.0	0.0	0.0	0.0	0.0	0.125	0.0	0.0	0.125	0.0	0.375	0.0	0.25	0.0	0.0	0.125	0.125	0.0	0.0	0.125	0.0	0.0	0.0	0.125	0.375	0.0	0.0	0.125	0.0	0.0	0.0	
['-m', '-w', '1']
0.0	0.0	0.0	0.125	0.0	0.0	0.0	0.0	0.0	0.0	0.0	0.125	0.0	0.125	0.0	0.25	0.0	0.0	0.0	0.0	0.0	0.0	0.0	0.0	0.0	0.0	0.0	0.125	0.0	0.375	0.0	0.0	0.0	0.0	0.125	0.125	0.0	0.0	0.125	0.0	0.0	0.0	0.25	0.375	0.0	0.125	0.125	0.0	0.0	0.125	
['-m', '-w', '2']
0.0	0.0	0.0	0.25	0.0	0.0	0.0	0.0	0.0	0.0	0.0	0.125	0.0	0.125	0.0	0.25	0.0	0.125	0.0	0.0	0.0	0.0	0.0	0.0	0.125	0.0	0.0	0.125	0.0	0.375	0.0	0.25	0.0	0.0	0.125	0.125	0.0	0.0	0.125	0.0	0.0	0.0	0.125	0.375	0.0	0.0	0.125	0.0	0.0	0.0	

250_10_2.7e-10_2.7e-10_470000000
[]
0.0	0.0	0.125	0.0	0.0	0.125	0.0	0.0	0.0	0.0	0.25	0.0	0.0	0.0	0.0	0.0	0.0	0.25	0.125	0.0	0.0	0.0	0.0	0.0	0.125	0.0	0.0	0.0	0.25	0.25	0.0	0.125	0.375	0.125	0.0	0.125	0.0	0.125	0.25	0.125	0.0	0.0	0.0	0.0	0.0	0.0	0.125	0.125	0.125	0.0	
['-u']
0.125	0.0	0.0	0.0	0.125	0.0	0.0	0.125	0.0	0.0	0.375	0.0	0.0	0.0	0.0	0.0	0.0	0.0	0.25	0.125	0.125	0.0	0.0	0.125	0.25	0.0	0.0	0.0	0.125	0.125	0.0	0.125	0.125	0.125	0.0	0.125	0.0	0.25	0.0	0.0	0.0	0.0	0.125	0.0	0.25	0.125	0.25	0.25	0.0	0.0	
['-t', '-r', '1']
0.0	0.0	0.0	0.0	0.125	0.0	0.0	0.0	0.0	0.0	0.375	0.0	0.0	0.0	0.0	0.0	0.0	0.0	0.125	0.0	0.0	0.0	0.0	0.0	0.0	0.0	0.0	0.0	0.125	0.125	0.0	0.125	0.25	0.125	0.0	0.125	0.0	0.125	0.25	0.0	0.0	0.0	0.0	0.0	0.125	0.0	0.125	0.25	0.0	0.0	
['-t', '-r', '2']
0.0	0.0	0.0	0.0	0.0	0.0	0.0	0.0	0.0	0.0	0.25	0.0	0.0	0.0	0.0	0.0	0.0	0.25	0.125	0.0	0.0	0.0	0.0	0.0	0.0	0.0	0.0	0.0	0.25	0.125	0.0	0.125	0.25	0.125	0.0	0.125	0.0	0.125	0.125	0.0	0.0	0.0	0.0	0.0	0.125	0.0	0.125	0.0	0.0	0.0	
['-m']
0.0	0.0	0.0	0.0	0.125	0.0	0.0	0.125	0.0	0.0	0.375	0.0	0.0	0.0	0.0	0.0	0.0	0.0	0.25	0.0	0.0	0.0	0.0	0.125	0.0	0.0	0.0	0.0	0.125	0.125	0.0	0.0	0.125	0.125	0.0	0.125	0.0	0.125	0.125	0.0	0.0	0.0	0.125	0.0	0.125	0.125	0.125	0.25	0.0	0.0	
['-m', '-w', '1']
0.0	0.0	0.0	0.0	0.0	0.0	0.0	0.0	0.0	0.0	0.25	0.0	0.125	0.0	0.0	0.0	0.0	0.0	0.125	0.0	0.0	0.0	0.0	0.0	0.125	0.0	0.0	0.0	0.125	0.125	0.0	0.0	0.125	0.125	0.0	0.125	0.0	0.125	0.25	0.0	0.0	0.0	0.0	0.0	0.125	0.0	0.0	0.125	0.0	0.0	
['-m', '-w', '2']
0.0	0.0	0.0	0.0	0.125	0.0	0.0	0.125	0.0	0.0	0.375	0.0	0.0	0.0	0.0	0.0	0.0	0.0	0.25	0.0	0.0	0.0	0.0	0.125	0.0	0.0	0.0	0.0	0.125	0.125	0.0	0.0	0.125	0.125	0.0	0.125	0.0	0.125	0.125	0.0	0.0	0.0	0.125	0.0	0.125	0.125	0.125	0.25	0.0	0.0	

250_10_1.9e-10_1.9e-10_470000000
[]
0.125	0.0	0.0	0.125	0.125	0.0	0.0	0.0	0.0	0.125	0.0	0.0	0.0	0.0	0.0	0.125	0.0	0.125	0.0	0.0	0.25	0.0	0.0	0.125	0.0	0.0	0.0	0.0	0.125	0.125	0.125	0.0	0.0	0.0	0.0	0.25	0.0	0.0	0.0	0.0	0.125	0.0	0.0	0.0	0.0	0.0	0.0	0.0	0.125	0.25	
['-u']
0.25	0.0	0.0	0.0	0.125	0.0	0.125	0.25	0.125	0.125	0.0	0.0	0.0	0.0	0.125	0.125	0.0	0.25	0.0	0.0	0.25	0.0	0.125	0.125	0.0	0.0	0.0	0.0	0.25	0.125	0.0	0.0	0.0	0.0	0.125	0.25	0.0	0.0	0.0	0.25	0.125	0.0	0.0	0.0	0.0	0.0	0.125	0.0	0.125	0.25	
['-t', '-r', '1']
0.125	0.0	0.0	0.125	0.125	0.0	0.0	0.0	0.0	0.125	0.125	0.0	0.0	0.0	0.0	0.125	0.0	0.125	0.0	0.0	0.125	0.0	0.0	0.125	0.0	0.0	0.0	0.0	0.25	0.125	0.125	0.0	0.0	0.0	0.125	0.25	0.0	0.0	0.0	0.0	0.125	0.0	0.0	0.0	0.0	0.0	0.0	0.0	0.25	0.25	
['-t', '-r', '2']
0.125	0.0	0.0	0.125	0.125	0.0	0.0	0.0	0.0	0.125	0.125	0.0	0.0	0.0	0.0	0.125	0.0	0.125	0.0	0.0	0.25	0.0	0.0	0.125	0.0	0.0	0.0	0.0	0.25	0.125	0.125	0.0	0.0	0.0	0.125	0.25	0.0	0.0	0.0	0.0	0.125	0.0	0.0	0.0	0.0	0.0	0.0	0.0	0.25	0.25	
['-m']
0.125	0.0	0.0	0.0	0.125	0.0	0.0	0.0	0.0	0.125	0.0	0.0	0.0	0.0	0.125	0.125	0.0	0.25	0.0	0.0	0.375	0.0	0.0	0.125	0.0	0.0	0.0	0.0	0.25	0.125	0.125	0.0	0.0	0.0	0.125	0.25	0.0	0.0	0.0	0.0	0.125	0.0	0.0	0.0	0.0	0.0	0.125	0.0	0.25	0.125	
['-m', '-w', '1']
0.125	0.0	0.0	0.0	0.125	0.0	0.0	0.0	0.0	0.0	0.0	0.0	0.0	0.0	0.125	0.125	0.0	0.125	0.0	0.0	0.5	0.0	0.0	0.125	0.0	0.0	0.0	0.0	0.25	0.125	0.125	0.0	0.0	0.0	0.125	0.25	0.0	0.0	0.0	0.0	0.125	0.0	0.0	0.0	0.0	0.0	0.0	0.0	0.25	0.0	
['-m', '-w', '2']
0.125	0.0	0.0	0.0	0.125	0.0	0.0	0.0	0.0	0.125	0.0	0.0	0.0	0.0	0.125	0.125	0.0	0.25	0.0	0.0	0.375	0.0	0.0	0.125	0.0	0.0	0.0	0.0	0.25	0.125	0.125	0.0	0.0	0.0	0.125	0.25	0.0	0.0	0.0	0.0	0.125	0.0	0.0	0.0	0.0	0.0	0.125	0.0	0.25	0.125	

250_10_5.2e-11_5.2e-11_470000000
[]
0.0	0.125	0.0	0.125	0.125	0.0	0.0	0.0	0.0	0.125	0.0	0.0	0.125	0.25	0.0	0.125	0.0	0.125	0.125	0.0	0.0	0.0	0.125	0.125	0.5	0.0	0.0	0.0	0.0	0.25	0.0	0.125	0.125	0.0	0.125	0.0	0.25	0.0	0.0	0.25	0.0	0.0	0.125	0.0	0.125	0.0	0.375	0.25	0.0	0.0	
['-u']
0.125	0.0	0.0	0.125	0.125	0.0	0.125	0.0	0.0	0.0	0.0	0.0	0.125	0.25	0.0	0.125	0.0	0.125	0.125	0.0	0.125	0.125	0.0	0.25	0.5	0.0	0.125	0.0	0.0	0.375	0.0	0.125	0.125	0.0	0.0	0.0	0.25	0.125	0.125	0.25	0.0	0.0	0.125	0.0	0.25	0.0	0.375	0.25	0.125	0.0	
['-t', '-r', '1']
0.0	0.0	0.25	0.125	0.125	0.0	0.0	0.0	0.0	0.125	0.0	0.0	0.125	0.125	0.0	0.125	0.0	0.125	0.125	0.125	0.25	0.0	0.125	0.125	0.375	0.0	0.125	0.0	0.0	0.25	0.0	0.125	0.125	0.0	0.0	0.0	0.25	0.0	0.0	0.25	0.0	0.0	0.0	0.0	0.125	0.0	0.375	0.25	0.125	0.0	
['-t', '-r', '2']
0.0	0.0	0.25	0.125	0.125	0.0	0.0	0.0	0.0	0.125	0.0	0.0	0.125	0.125	0.0	0.125	0.0	0.125	0.125	0.125	0.125	0.0	0.125	0.125	0.375	0.0	0.0	0.0	0.0	0.25	0.0	0.125	0.125	0.0	0.0	0.0	0.25	0.0	0.125	0.25	0.0	0.0	0.125	0.0	0.0	0.0	0.375	0.25	0.0	0.0	
['-m']
0.0	0.0	0.25	0.125	0.125	0.0	0.125	0.0	0.0	0.0	0.0	0.0	0.125	0.125	0.0	0.125	0.0	0.125	0.125	0.0	0.125	0.125	0.125	0.25	0.5	0.0	0.0	0.0	0.0	0.375	0.0	0.125	0.125	0.0	0.0	0.0	0.25	0.0	0.125	0.25	0.0	0.0	0.125	0.0	0.25	0.0	0.375	0.25	0.125	0.0	
['-m', '-w', '1']
0.0	0.125	0.25	0.125	0.125	0.0	0.0	0.0	0.0	0.0	0.0	0.0	0.125	0.25	0.0	0.125	0.0	0.125	0.125	0.0	0.0	0.0	0.125	0.125	0.5	0.0	0.0	0.0	0.0	0.375	0.0	0.125	0.125	0.0	0.0	0.0	0.25	0.0	0.125	0.25	0.0	0.0	0.125	0.0	0.125	0.0	0.375	0.25	0.0	0.0	
['-m', '-w', '2']
0.0	0.0	0.25	0.125	0.125	0.0	0.125	0.0	0.0	0.0	0.0	0.0	0.125	0.125	0.0	0.125	0.0	0.125	0.125	0.0	0.125	0.125	0.125	0.25	0.5	0.0	0.0	0.0	0.0	0.375	0.0	0.125	0.125	0.0	0.0	0.0	0.25	0.0	0.125	0.25	0.0	0.0	0.125	0.0	0.25	0.0	0.375	0.25	0.125	0.0	

250_10_0_0_470000000
[]
0.0	0.125	0.125	0.0	0.0	0.125	0.125	0.25	0.0	0.125	0.0	0.125	0.0	0.0	0.0	0.0	0.0	0.125	0.0	0.0	0.125	0.0	0.0	0.0	0.125	0.0	0.125	0.25	0.125	0.0	0.0	0.25	0.0	0.0	0.0	0.125	0.125	0.0	0.25	0.125	0.5	0.0	0.0	0.0	0.0	0.0	0.25	0.25	0.125	0.125	
['-u']
0.0	0.125	0.125	0.0	0.0	0.125	0.125	0.25	0.0	0.125	0.0	0.125	0.0	0.0	0.0	0.0	0.0	0.125	0.0	0.0	0.125	0.0	0.0	0.0	0.125	0.0	0.125	0.25	0.125	0.0	0.0	0.25	0.0	0.0	0.0	0.125	0.125	0.0	0.25	0.125	0.5	0.0	0.0	0.0	0.0	0.0	0.25	0.25	0.125	0.125	
['-t', '-r', '1']
0.0	0.125	0.125	0.0	0.0	0.125	0.125	0.25	0.0	0.125	0.0	0.125	0.0	0.0	0.0	0.0	0.0	0.125	0.0	0.0	0.125	0.0	0.0	0.0	0.125	0.0	0.0	0.25	0.125	0.0	0.0	0.25	0.0	0.0	0.0	0.125	0.125	0.0	0.25	0.125	0.375	0.0	0.0	0.125	0.0	0.0	0.25	0.125	0.125	0.125	
['-t', '-r', '2']
0.0	0.125	0.125	0.0	0.0	0.125	0.125	0.125	0.0	0.125	0.0	0.125	0.0	0.125	0.0	0.0	0.0	0.125	0.0	0.0	0.125	0.0	0.0	0.0	0.125	0.0	0.125	0.25	0.125	0.0	0.0	0.25	0.0	0.0	0.0	0.125	0.125	0.0	0.25	0.125	0.5	0.0	0.0	0.0	0.0	0.0	0.125	0.25	0.125	0.125	
['-m']
0.0	0.125	0.125	0.0	0.0	0.125	0.125	0.25	0.0	0.125	0.0	0.125	0.0	0.0	0.0	0.0	0.0	0.125	0.0	0.0	0.125	0.0	0.0	0.0	0.125	0.0	0.125	0.25	0.125	0.0	0.0	0.25	0.0	0.0	0.0	0.125	0.125	0.0	0.25	0.125	0.5	0.0	0.0	0.0	0.0	0.0	0.25	0.25	0.125	0.125	
['-m', '-w', '1']
0.0	0.125	0.125	0.0	0.0	0.125	0.125	0.25	0.0	0.125	0.0	0.125	0.0	0.0	0.0	0.0	0.0	0.125	0.0	0.0	0.125	0.0	0.0	0.0	0.125	0.0	0.125	0.25	0.125	0.0	0.0	0.25	0.0	0.0	0.0	0.125	0.125	0.0	0.25	0.125	0.5	0.0	0.0	0.0	0.0	0.0	0.25	0.25	0.125	0.125	
['-m', '-w', '2']
0.0	0.125	0.125	0.0	0.0	0.125	0.125	0.25	0.0	0.125	0.0	0.125	0.0	0.0	0.0	0.0	0.0	0.125	0.0	0.0	0.125	0.0	0.0	0.0	0.125	0.0	0.125	0.25	0.125	0.0	0.0	0.25	0.0	0.0	0.0	0.125	0.125	0.0	0.25	0.125	0.5	0.0	0.0	0.0	0.0	0.0	0.25	0.25	0.125	0.125	

25_25_4.9e-10_4.9e-10_470000000
[]
0.4782608695652174	0.17391304347826086	0.13043478260869565	0.21739130434782608	0.2608695652173913	0.21739130434782608	0.08695652173913043	0.08695652173913043	0.08695652173913043	0.30434782608695654	0.17391304347826086	0.21739130434782608	0.08695652173913043	0.17391304347826086	0.08695652173913043	0.17391304347826086	0.08695652173913043	0.043478260869565216	0.5217391304347826	0.17391304347826086	0.13043478260869565	0.08695652173913043	0.13043478260869565	0.13043478260869565	0.13043478260869565	0.13043478260869565	0.2608695652173913	0.08695652173913043	0.17391304347826086	0.4782608695652174	0.21739130434782608	0.2608695652173913	0.21739130434782608	0.08695652173913043	0.043478260869565216	0.17391304347826086	0.21739130434782608	0.17391304347826086	0.391304347826087	0.13043478260869565	0.30434782608695654	0.043478260869565216	0.2608695652173913	0.17391304347826086	0.043478260869565216	0.13043478260869565	0.13043478260869565	0.21739130434782608	0.30434782608695654	0.08695652173913043	
['-u']
0.13043478260869565	0.43478260869565216	0.34782608695652173	0.30434782608695654	0.43478260869565216	0.2608695652173913	0.13043478260869565	0.13043478260869565	0.391304347826087	0.08695652173913043	0.2608695652173913	0.21739130434782608	0.13043478260869565	0.5217391304347826	0.17391304347826086	0.34782608695652173	0.21739130434782608	0.21739130434782608	0.4782608695652174	0.21739130434782608	0.2608695652173913	0.08695652173913043	0.13043478260869565	0.30434782608695654	0.30434782608695654	0.4782608695652174	0.08695652173913043	0.2608695652173913	0.391304347826087	0.43478260869565216	0.21739130434782608	0.2608695652173913	0.21739130434782608	0.17391304347826086	0.2608695652173913	0.391304347826087	0.43478260869565216	0.17391304347826086	0.4782608695652174	0.17391304347826086	0.391304347826087	0.21739130434782608	0.17391304347826086	0.13043478260869565	0.34782608695652173	0.2608695652173913	0.34782608695652173	0.17391304347826086	0.21739130434782608	0.30434782608695654	
['-t', '-r', '1']
0.043478260869565216	0.21739130434782608	0.17391304347826086	0.21739130434782608	0.043478260869565216	0.08695652173913043	0.13043478260869565	0.0	0.17391304347826086	0.13043478260869565	0.17391304347826086	0.08695652173913043	0.043478260869565216	0.13043478260869565	0.13043478260869565	0.13043478260869565	0.13043478260869565	0.17391304347826086	0.13043478260869565	0.043478260869565216	0.13043478260869565	0.0	0.13043478260869565	0.2608695652173913	0.08695652173913043	0.043478260869565216	0.17391304347826086	0.043478260869565216	0.21739130434782608	0.43478260869565216	0.08695652173913043	0.17391304347826086	0.08695652173913043	0.043478260869565216	0.0	0.0	0.08695652173913043	0.08695652173913043	0.08695652173913043	0.08695652173913043	0.17391304347826086	0.043478260869565216	0.17391304347826086	0.043478260869565216	0.043478260869565216	0.043478260869565216	0.08695652173913043	0.13043478260869565	0.13043478260869565	0.13043478260869565	
['-t', '-r', '2']
0.043478260869565216	0.2608695652173913	0.17391304347826086	0.21739130434782608	0.043478260869565216	0.13043478260869565	0.08695652173913043	0.0	0.13043478260869565	0.17391304347826086	0.17391304347826086	0.08695652173913043	0.0	0.13043478260869565	0.13043478260869565	0.08695652173913043	0.13043478260869565	0.17391304347826086	0.13043478260869565	0.0	0.08695652173913043	0.0	0.043478260869565216	0.2608695652173913	0.08695652173913043	0.0	0.13043478260869565	0.043478260869565216	0.13043478260869565	0.391304347826087	0.08695652173913043	0.17391304347826086	0.13043478260869565	0.08695652173913043	0.043478260869565216	0.0	0.17391304347826086	0.08695652173913043	0.13043478260869565	0.043478260869565216	0.2608695652173913	0.043478260869565216	0.17391304347826086	0.17391304347826086	0.043478260869565216	0.043478260869565216	0.043478260869565216	0.13043478260869565	0.17391304347826086	0.08695652173913043	
['-m']
0.13043478260869565	0.391304347826087	0.21739130434782608	0.21739130434782608	0.21739130434782608	0.13043478260869565	0.0	0.043478260869565216	0.30434782608695654	0.08695652173913043	0.2608695652173913	0.17391304347826086	0.13043478260869565	0.17391304347826086	0.13043478260869565	0.13043478260869565	0.17391304347826086	0.21739130434782608	0.34782608695652173	0.08695652173913043	0.21739130434782608	0.043478260869565216	0.08695652173913043	0.13043478260869565	0.17391304347826086	0.34782608695652173	0.17391304347826086	0.13043478260869565	0.2608695652173913	0.391304347826087	0.13043478260869565	0.21739130434782608	0.21739130434782608	0.13043478260869565	0.17391304347826086	0.13043478260869565	0.2608695652173913	0.08695652173913043	0.43478260869565216	0.2608695652173913	0.2608695652173913	0.13043478260869565	0.13043478260869565	0.17391304347826086	0.13043478260869565	0.17391304347826086	0.2608695652173913	0.21739130434782608	0.08695652173913043	0.21739130434782608	
['-m', '-w', '1']
0.13043478260869565	0.2608695652173913	0.21739130434782608	0.2608695652173913	0.13043478260869565	0.13043478260869565	0.043478260869565216	0.0	0.30434782608695654	0.17391304347826086	0.2608695652173913	0.08695652173913043	0.08695652173913043	0.17391304347826086	0.08695652173913043	0.13043478260869565	0.17391304347826086	0.08695652173913043	0.30434782608695654	0.043478260869565216	0.13043478260869565	0.0	0.08695652173913043	0.21739130434782608	0.13043478260869565	0.17391304347826086	0.21739130434782608	0.043478260869565216	0.08695652173913043	0.391304347826087	0.13043478260869565	0.2608695652173913	0.13043478260869565	0.043478260869565216	0.13043478260869565	0.043478260869565216	0.30434782608695654	0.13043478260869565	0.2608695652173913	0.13043478260869565	0.2608695652173913	0.043478260869565216	0.08695652173913043	0.13043478260869565	0.13043478260869565	0.08695652173913043	0.21739130434782608	0.21739130434782608	0.08695652173913043	0.21739130434782608	
['-m', '-w', '2']
0.13043478260869565	0.391304347826087	0.21739130434782608	0.21739130434782608	0.21739130434782608	0.13043478260869565	0.0	0.043478260869565216	0.30434782608695654	0.08695652173913043	0.2608695652173913	0.17391304347826086	0.13043478260869565	0.17391304347826086	0.13043478260869565	0.13043478260869565	0.17391304347826086	0.21739130434782608	0.34782608695652173	0.08695652173913043	0.21739130434782608	0.043478260869565216	0.08695652173913043	0.13043478260869565	0.17391304347826086	0.34782608695652173	0.17391304347826086	0.13043478260869565	0.2608695652173913	0.391304347826087	0.13043478260869565	0.21739130434782608	0.21739130434782608	0.13043478260869565	0.17391304347826086	0.13043478260869565	0.2608695652173913	0.08695652173913043	0.43478260869565216	0.2608695652173913	0.2608695652173913	0.13043478260869565	0.13043478260869565	0.17391304347826086	0.13043478260869565	0.17391304347826086	0.2608695652173913	0.21739130434782608	0.08695652173913043	0.21739130434782608	

25_25_2.7e-10_2.7e-10_470000000
[]
0.21739130434782608	0.13043478260869565	0.13043478260869565	0.21739130434782608	0.2608695652173913	0.17391304347826086	0.17391304347826086	0.34782608695652173	0.13043478260869565	0.391304347826087	0.13043478260869565	0.30434782608695654	0.2608695652173913	0.30434782608695654	0.17391304347826086	0.17391304347826086	0.2608695652173913	0.2608695652173913	0.30434782608695654	0.17391304347826086	0.08695652173913043	0.30434782608695654	0.21739130434782608	0.13043478260869565	0.17391304347826086	0.13043478260869565	0.17391304347826086	0.13043478260869565	0.391304347826087	0.2608695652173913	0.13043478260869565	0.2608695652173913	0.043478260869565216	0.2608695652173913	0.30434782608695654	0.17391304347826086	0.17391304347826086	0.21739130434782608	0.08695652173913043	0.17391304347826086	0.43478260869565216	0.2608695652173913	0.17391304347826086	0.391304347826087	0.21739130434782608	0.2608695652173913	0.17391304347826086	0.17391304347826086	0.21739130434782608	0.2608695652173913	
['-u']
0.21739130434782608	0.17391304347826086	0.21739130434782608	0.21739130434782608	0.21739130434782608	0.391304347826087	0.43478260869565216	0.34782608695652173	0.21739130434782608	0.391304347826087	0.17391304347826086	0.34782608695652173	0.43478260869565216	0.2608695652173913	0.2608695652173913	0.21739130434782608	0.34782608695652173	0.391304347826087	0.4782608695652174	0.21739130434782608	0.17391304347826086	0.13043478260869565	0.2608695652173913	0.4782608695652174	0.21739130434782608	0.34782608695652173	0.391304347826087	0.30434782608695654	0.17391304347826086	0.30434782608695654	0.30434782608695654	0.21739130434782608	0.13043478260869565	0.34782608695652173	0.34782608695652173	0.2608695652173913	0.2608695652173913	0.30434782608695654	0.13043478260869565	0.2608695652173913	0.6086956521739131	0.2608695652173913	0.21739130434782608	0.43478260869565216	0.30434782608695654	0.13043478260869565	0.30434782608695654	0.21739130434782608	0.30434782608695654	0.391304347826087	
['-t', '-r', '1']
0.21739130434782608	0.21739130434782608	0.043478260869565216	0.2608695652173913	0.2608695652173913	0.391304347826087	0.13043478260869565	0.2608695652173913	0.13043478260869565	0.30434782608695654	0.17391304347826086	0.2608695652173913	0.2608695652173913	0.2608695652173913	0.21739130434782608	0.17391304347826086	0.17391304347826086	0.2608695652173913	0.21739130434782608	0.17391304347826086	0.08695652173913043	0.17391304347826086	0.21739130434782608	0.21739130434782608	0.13043478260869565	0.08695652173913043	0.30434782608695654	0.21739130434782608	0.391304347826087	0.17391304347826086	0.13043478260869565	0.17391304347826086	0.043478260869565216	0.21739130434782608	0.2608695652173913	0.17391304347826086	0.21739130434782608	0.17391304347826086	0.21739130434782608	0.17391304347826086	0.17391304347826086	0.21739130434782608	0.08695652173913043	0.30434782608695654	0.21739130434782608	0.13043478260869565	0.08695652173913043	0.08695652173913043	0.13043478260869565	0.30434782608695654	
['-t', '-r', '2']
0.21739130434782608	0.13043478260869565	0.043478260869565216	0.2608695652173913	0.34782608695652173	0.43478260869565216	0.08695652173913043	0.2608695652173913	0.13043478260869565	0.30434782608695654	0.21739130434782608	0.30434782608695654	0.17391304347826086	0.17391304347826086	0.21739130434782608	0.17391304347826086	0.17391304347826086	0.21739130434782608	0.21739130434782608	0.17391304347826086	0.08695652173913043	0.08695652173913043	0.21739130434782608	0.21739130434782608	0.13043478260869565	0.13043478260869565	0.34782608695652173	0.17391304347826086	0.391304347826087	0.17391304347826086	0.13043478260869565	0.13043478260869565	0.043478260869565216	0.13043478260869565	0.2608695652173913	0.2608695652173913	0.21739130434782608	0.17391304347826086	0.21739130434782608	0.13043478260869565	0.2608695652173913	0.21739130434782608	0.08695652173913043	0.2608695652173913	0.21739130434782608	0.13043478260869565	0.13043478260869565	0.13043478260869565	0.17391304347826086	0.34782608695652173	
['-m']
0.17391304347826086	0.21739130434782608	0.13043478260869565	0.17391304347826086	0.2608695652173913	0.391304347826087	0.30434782608695654	0.2608695652173913	0.13043478260869565	0.391304347826087	0.17391304347826086	0.21739130434782608	0.43478260869565216	0.2608695652173913	0.21739130434782608	0.17391304347826086	0.2608695652173913	0.21739130434782608	0.43478260869565216	0.21739130434782608	0.13043478260869565	0.17391304347826086	0.21739130434782608	0.2608695652173913	0.17391304347826086	0.21739130434782608	0.21739130434782608	0.21739130434782608	0.30434782608695654	0.21739130434782608	0.13043478260869565	0.17391304347826086	0.043478260869565216	0.2608695652173913	0.21739130434782608	0.21739130434782608	0.17391304347826086	0.21739130434782608	0.08695652173913043	0.17391304347826086	0.2608695652173913	0.21739130434782608	0.17391304347826086	0.34782608695652173	0.2608695652173913	0.13043478260869565	0.17391304347826086	0.21739130434782608	0.21739130434782608	0.391304347826087	
['-m', '-w', '1']
0.17391304347826086	0.21739130434782608	0.043478260869565216	0.13043478260869565	0.34782608695652173	0.391304347826087	0.21739130434782608	0.34782608695652173	0.08695652173913043	0.2608695652173913	0.21739130434782608	0.2608695652173913	0.30434782608695654	0.21739130434782608	0.17391304347826086	0.13043478260869565	0.21739130434782608	0.21739130434782608	0.30434782608695654	0.17391304347826086	0.13043478260869565	0.21739130434782608	0.13043478260869565	0.2608695652173913	0.08695652173913043	0.08695652173913043	0.08695652173913043	0.13043478260869565	0.34782608695652173	0.2608695652173913	0.17391304347826086	0.17391304347826086	0.08695652173913043	0.13043478260869565	0.17391304347826086	0.17391304347826086	0.21739130434782608	0.17391304347826086	0.13043478260869565	0.17391304347826086	0.2608695652173913	0.17391304347826086	0.17391304347826086	0.34782608695652173	0.21739130434782608	0.08695652173913043	0.17391304347826086	0.08695652173913043	0.21739130434782608	0.391304347826087	
['-m', '-w', '2']
0.17391304347826086	0.21739130434782608	0.13043478260869565	0.17391304347826086	0.2608695652173913	0.391304347826087	0.30434782608695654	0.2608695652173913	0.13043478260869565	0.391304347826087	0.17391304347826086	0.21739130434782608	0.43478260869565216	0.2608695652173913	0.21739130434782608	0.17391304347826086	0.2608695652173913	0.21739130434782608	0.43478260869565216	0.21739130434782608	0.13043478260869565	0.17391304347826086	0.21739130434782608	0.2608695652173913	0.17391304347826086	0.21739130434782608	0.21739130434782608	0.21739130434782608	0.30434782608695654	0.21739130434782608	0.13043478260869565	0.17391304347826086	0.043478260869565216	0.2608695652173913	0.21739130434782608	0.21739130434782608	0.17391304347826086	0.21739130434782608	0.08695652173913043	0.17391304347826086	0.2608695652173913	0.21739130434782608	0.17391304347826086	0.34782608695652173	0.2608695652173913	0.13043478260869565	0.17391304347826086	0.21739130434782608	0.21739130434782608	0.391304347826087	

25_25_1.9e-10_1.9e-10_470000000
[]
0.21739130434782608	0.2608695652173913	0.21739130434782608	0.34782608695652173	0.21739130434782608	0.17391304347826086	0.21739130434782608	0.17391304347826086	0.21739130434782608	0.21739130434782608	0.13043478260869565	0.2608695652173913	0.08695652173913043	0.21739130434782608	0.21739130434782608	0.08695652173913043	0.043478260869565216	0.21739130434782608	0.391304347826087	0.17391304347826086	0.08695652173913043	0.17391304347826086	0.17391304347826086	0.21739130434782608	0.391304347826087	0.21739130434782608	0.30434782608695654	0.34782608695652173	0.13043478260869565	0.391304347826087	0.17391304347826086	0.2608695652173913	0.13043478260869565	0.13043478260869565	0.2608695652173913	0.30434782608695654	0.043478260869565216	0.30434782608695654	0.2608695652173913	0.34782608695652173	0.21739130434782608	0.30434782608695654	0.13043478260869565	0.08695652173913043	0.17391304347826086	0.17391304347826086	0.30434782608695654	0.30434782608695654	0.17391304347826086	0.17391304347826086	
['-u']
0.2608695652173913	0.30434782608695654	0.34782608695652173	0.21739130434782608	0.21739130434782608	0.21739130434782608	0.17391304347826086	0.2608695652173913	0.34782608695652173	0.34782608695652173	0.08695652173913043	0.30434782608695654	0.21739130434782608	0.21739130434782608	0.2608695652173913	0.2608695652173913	0.30434782608695654	0.5217391304347826	0.4782608695652174	0.17391304347826086	0.08695652173913043	0.17391304347826086	0.21739130434782608	0.391304347826087	0.30434782608695654	0.2608695652173913	0.21739130434782608	0.391304347826087	0.30434782608695654	0.391304347826087	0.2608695652173913	0.34782608695652173	0.2608695652173913	0.2608695652173913	0.2608695652173913	0.21739130434782608	0.08695652173913043	0.391304347826087	0.2608695652173913	0.43478260869565216	0.08695652173913043	0.21739130434782608	0.21739130434782608	0.043478260869565216	0.2608695652173913	0.34782608695652173	0.34782608695652173	0.4782608695652174	0.34782608695652173	0.30434782608695654	
['-t', '-r', '1']
0.17391304347826086	0.2608695652173913	0.30434782608695654	0.2608695652173913	0.08695652173913043	0.13043478260869565	0.17391304347826086	0.17391304347826086	0.34782608695652173	0.2608695652173913	0.17391304347826086	0.17391304347826086	0.13043478260869565	0.2608695652173913	0.2608695652173913	0.17391304347826086	0.0	0.17391304347826086	0.391304347826087	0.08695652173913043	0.08695652173913043	0.21739130434782608	0.17391304347826086	0.2608695652173913	0.2608695652173913	0.17391304347826086	0.30434782608695654	0.2608695652173913	0.13043478260869565	0.34782608695652173	0.2608695652173913	0.2608695652173913	0.13043478260869565	0.13043478260869565	0.17391304347826086	0.2608695652173913	0.043478260869565216	0.34782608695652173	0.2608695652173913	0.2608695652173913	0.13043478260869565	0.2608695652173913	0.21739130434782608	0.0	0.13043478260869565	0.21739130434782608	0.30434782608695654	0.2608695652173913	0.13043478260869565	0.17391304347826086	
['-t', '-r', '2']
0.17391304347826086	0.2608695652173913	0.2608695652173913	0.21739130434782608	0.13043478260869565	0.17391304347826086	0.21739130434782608	0.17391304347826086	0.30434782608695654	0.21739130434782608	0.13043478260869565	0.21739130434782608	0.17391304347826086	0.2608695652173913	0.17391304347826086	0.13043478260869565	0.0	0.21739130434782608	0.391304347826087	0.08695652173913043	0.08695652173913043	0.21739130434782608	0.17391304347826086	0.21739130434782608	0.2608695652173913	0.21739130434782608	0.30434782608695654	0.2608695652173913	0.13043478260869565	0.43478260869565216	0.21739130434782608	0.2608695652173913	0.13043478260869565	0.08695652173913043	0.30434782608695654	0.21739130434782608	0.043478260869565216	0.30434782608695654	0.21739130434782608	0.2608695652173913	0.13043478260869565	0.2608695652173913	0.2608695652173913	0.0	0.21739130434782608	0.2608695652173913	0.30434782608695654	0.30434782608695654	0.13043478260869565	0.17391304347826086	
['-m']
0.21739130434782608	0.2608695652173913	0.2608695652173913	0.2608695652173913	0.17391304347826086	0.17391304347826086	0.21739130434782608	0.21739130434782608	0.30434782608695654	0.34782608695652173	0.17391304347826086	0.30434782608695654	0.21739130434782608	0.17391304347826086	0.30434782608695654	0.2608695652173913	0.043478260869565216	0.30434782608695654	0.5217391304347826	0.13043478260869565	0.08695652173913043	0.17391304347826086	0.21739130434782608	0.30434782608695654	0.2608695652173913	0.21739130434782608	0.2608695652173913	0.34782608695652173	0.2608695652173913	0.34782608695652173	0.2608695652173913	0.391304347826087	0.21739130434782608	0.13043478260869565	0.2608695652173913	0.2608695652173913	0.043478260869565216	0.391304347826087	0.21739130434782608	0.34782608695652173	0.08695652173913043	0.17391304347826086	0.21739130434782608	0.043478260869565216	0.2608695652173913	0.30434782608695654	0.34782608695652173	0.34782608695652173	0.21739130434782608	0.17391304347826086	
['-m', '-w', '1']
0.13043478260869565	0.34782608695652173	0.21739130434782608	0.21739130434782608	0.17391304347826086	0.13043478260869565	0.2608695652173913	0.17391304347826086	0.34782608695652173	0.30434782608695654	0.17391304347826086	0.2608695652173913	0.13043478260869565	0.17391304347826086	0.2608695652173913	0.17391304347826086	0.0	0.34782608695652173	0.34782608695652173	0.08695652173913043	0.08695652173913043	0.21739130434782608	0.21739130434782608	0.17391304347826086	0.21739130434782608	0.08695652173913043	0.2608695652173913	0.21739130434782608	0.13043478260869565	0.43478260869565216	0.17391304347826086	0.30434782608695654	0.17391304347826086	0.13043478260869565	0.21739130434782608	0.21739130434782608	0.08695652173913043	0.30434782608695654	0.21739130434782608	0.2608695652173913	0.13043478260869565	0.2608695652173913	0.21739130434782608	0.043478260869565216	0.30434782608695654	0.17391304347826086	0.2608695652173913	0.30434782608695654	0.2608695652173913	0.13043478260869565	
['-m', '-w', '2']
0.21739130434782608	0.2608695652173913	0.2608695652173913	0.2608695652173913	0.17391304347826086	0.17391304347826086	0.21739130434782608	0.21739130434782608	0.30434782608695654	0.34782608695652173	0.17391304347826086	0.30434782608695654	0.21739130434782608	0.17391304347826086	0.30434782608695654	0.2608695652173913	0.043478260869565216	0.30434782608695654	0.5217391304347826	0.13043478260869565	0.08695652173913043	0.17391304347826086	0.21739130434782608	0.30434782608695654	0.2608695652173913	0.21739130434782608	0.2608695652173913	0.34782608695652173	0.2608695652173913	0.34782608695652173	0.2608695652173913	0.391304347826087	0.21739130434782608	0.13043478260869565	0.2608695652173913	0.2608695652173913	0.043478260869565216	0.391304347826087	0.21739130434782608	0.34782608695652173	0.08695652173913043	0.17391304347826086	0.21739130434782608	0.043478260869565216	0.2608695652173913	0.30434782608695654	0.34782608695652173	0.34782608695652173	0.21739130434782608	0.17391304347826086	

25_25_5.2e-11_5.2e-11_470000000
[]
0.21739130434782608	0.17391304347826086	0.6521739130434783	0.30434782608695654	0.21739130434782608	0.43478260869565216	0.30434782608695654	0.13043478260869565	0.391304347826087	0.34782608695652173	0.43478260869565216	0.30434782608695654	0.43478260869565216	0.21739130434782608	0.43478260869565216	0.2608695652173913	0.2608695652173913	0.2608695652173913	0.5652173913043478	0.34782608695652173	0.30434782608695654	0.2608695652173913	0.21739130434782608	0.30434782608695654	0.17391304347826086	0.21739130434782608	0.43478260869565216	0.21739130434782608	0.08695652173913043	0.391304347826087	0.5217391304347826	0.2608695652173913	0.391304347826087	0.21739130434782608	0.43478260869565216	0.30434782608695654	0.2608695652173913	0.4782608695652174	0.34782608695652173	0.2608695652173913	0.2608695652173913	0.17391304347826086	0.17391304347826086	0.17391304347826086	0.13043478260869565	0.13043478260869565	0.30434782608695654	0.30434782608695654	0.13043478260869565	0.08695652173913043	
['-u']
0.17391304347826086	0.21739130434782608	0.6521739130434783	0.34782608695652173	0.08695652173913043	0.43478260869565216	0.4782608695652174	0.13043478260869565	0.5217391304347826	0.34782608695652173	0.391304347826087	0.391304347826087	0.391304347826087	0.21739130434782608	0.30434782608695654	0.391304347826087	0.17391304347826086	0.30434782608695654	0.6521739130434783	0.43478260869565216	0.30434782608695654	0.391304347826087	0.17391304347826086	0.34782608695652173	0.08695652173913043	0.21739130434782608	0.391304347826087	0.391304347826087	0.08695652173913043	0.43478260869565216	0.4782608695652174	0.2608695652173913	0.43478260869565216	0.21739130434782608	0.4782608695652174	0.30434782608695654	0.2608695652173913	0.43478260869565216	0.21739130434782608	0.17391304347826086	0.2608695652173913	0.2608695652173913	0.13043478260869565	0.21739130434782608	0.13043478260869565	0.17391304347826086	0.2608695652173913	0.21739130434782608	0.21739130434782608	0.21739130434782608	
['-t', '-r', '1']
0.21739130434782608	0.17391304347826086	0.6086956521739131	0.30434782608695654	0.17391304347826086	0.43478260869565216	0.43478260869565216	0.13043478260869565	0.43478260869565216	0.34782608695652173	0.43478260869565216	0.34782608695652173	0.34782608695652173	0.2608695652173913	0.43478260869565216	0.21739130434782608	0.2608695652173913	0.2608695652173913	0.5217391304347826	0.30434782608695654	0.2608695652173913	0.34782608695652173	0.21739130434782608	0.2608695652173913	0.043478260869565216	0.21739130434782608	0.34782608695652173	0.34782608695652173	0.17391304347826086	0.4782608695652174	0.4782608695652174	0.2608695652173913	0.43478260869565216	0.21739130434782608	0.43478260869565216	0.2608695652173913	0.30434782608695654	0.391304347826087	0.30434782608695654	0.21739130434782608	0.2608695652173913	0.13043478260869565	0.13043478260869565	0.17391304347826086	0.13043478260869565	0.17391304347826086	0.21739130434782608	0.2608695652173913	0.13043478260869565	0.17391304347826086	
['-t', '-r', '2']
0.21739130434782608	0.21739130434782608	0.6086956521739131	0.30434782608695654	0.21739130434782608	0.391304347826087	0.17391304347826086	0.21739130434782608	0.34782608695652173	0.391304347826087	0.43478260869565216	0.30434782608695654	0.34782608695652173	0.21739130434782608	0.4782608695652174	0.30434782608695654	0.2608695652173913	0.2608695652173913	0.5652173913043478	0.391304347826087	0.30434782608695654	0.30434782608695654	0.21739130434782608	0.2608695652173913	0.0	0.21739130434782608	0.4782608695652174	0.391304347826087	0.08695652173913043	0.43478260869565216	0.5217391304347826	0.30434782608695654	0.391304347826087	0.21739130434782608	0.391304347826087	0.2608695652173913	0.34782608695652173	0.4782608695652174	0.30434782608695654	0.2608695652173913	0.2608695652173913	0.13043478260869565	0.13043478260869565	0.13043478260869565	0.13043478260869565	0.13043478260869565	0.17391304347826086	0.30434782608695654	0.13043478260869565	0.13043478260869565	
['-m']
0.21739130434782608	0.21739130434782608	0.6521739130434783	0.30434782608695654	0.17391304347826086	0.391304347826087	0.2608695652173913	0.17391304347826086	0.43478260869565216	0.34782608695652173	0.43478260869565216	0.34782608695652173	0.2608695652173913	0.21739130434782608	0.391304347826087	0.34782608695652173	0.17391304347826086	0.21739130434782608	0.5217391304347826	0.34782608695652173	0.2608695652173913	0.34782608695652173	0.17391304347826086	0.30434782608695654	0.08695652173913043	0.21739130434782608	0.30434782608695654	0.30434782608695654	0.13043478260869565	0.43478260869565216	0.5217391304347826	0.30434782608695654	0.391304347826087	0.13043478260869565	0.4782608695652174	0.2608695652173913	0.2608695652173913	0.4782608695652174	0.2608695652173913	0.17391304347826086	0.2608695652173913	0.21739130434782608	0.13043478260869565	0.21739130434782608	0.13043478260869565	0.17391304347826086	0.2608695652173913	0.30434782608695654	0.17391304347826086	0.21739130434782608	
['-m', '-w', '1']
0.21739130434782608	0.2608695652173913	0.5652173913043478	0.391304347826087	0.13043478260869565	0.34782608695652173	0.21739130434782608	0.17391304347826086	0.391304347826087	0.34782608695652173	0.391304347826087	0.30434782608695654	0.17391304347826086	0.21739130434782608	0.43478260869565216	0.34782608695652173	0.21739130434782608	0.21739130434782608	0.6086956521739131	0.34782608695652173	0.30434782608695654	0.34782608695652173	0.13043478260869565	0.30434782608695654	0.08695652173913043	0.21739130434782608	0.391304347826087	0.2608695652173913	0.13043478260869565	0.4782608695652174	0.43478260869565216	0.34782608695652173	0.391304347826087	0.21739130434782608	0.43478260869565216	0.30434782608695654	0.17391304347826086	0.43478260869565216	0.34782608695652173	0.21739130434782608	0.2608695652173913	0.21739130434782608	0.13043478260869565	0.2608695652173913	0.13043478260869565	0.13043478260869565	0.2608695652173913	0.2608695652173913	0.13043478260869565	0.2608695652173913	
['-m', '-w', '2']
0.21739130434782608	0.21739130434782608	0.6521739130434783	0.30434782608695654	0.17391304347826086	0.391304347826087	0.2608695652173913	0.17391304347826086	0.43478260869565216	0.34782608695652173	0.43478260869565216	0.34782608695652173	0.2608695652173913	0.21739130434782608	0.391304347826087	0.34782608695652173	0.17391304347826086	0.21739130434782608	0.5217391304347826	0.34782608695652173	0.2608695652173913	0.34782608695652173	0.17391304347826086	0.30434782608695654	0.08695652173913043	0.21739130434782608	0.30434782608695654	0.30434782608695654	0.13043478260869565	0.43478260869565216	0.5217391304347826	0.30434782608695654	0.391304347826087	0.13043478260869565	0.4782608695652174	0.2608695652173913	0.2608695652173913	0.4782608695652174	0.2608695652173913	0.17391304347826086	0.2608695652173913	0.21739130434782608	0.13043478260869565	0.21739130434782608	0.13043478260869565	0.17391304347826086	0.2608695652173913	0.30434782608695654	0.17391304347826086	0.21739130434782608	

25_25_0_0_470000000
[]
0.2608695652173913	0.7391304347826086	0.30434782608695654	0.08695652173913043	0.5217391304347826	0.391304347826087	0.2608695652173913	0.34782608695652173	0.21739130434782608	0.391304347826087	0.21739130434782608	0.21739130434782608	0.21739130434782608	0.43478260869565216	0.21739130434782608	0.30434782608695654	0.34782608695652173	0.17391304347826086	0.4782608695652174	0.21739130434782608	0.08695652173913043	0.2608695652173913	0.2608695652173913	0.43478260869565216	0.17391304347826086	0.30434782608695654	0.17391304347826086	0.2608695652173913	0.21739130434782608	0.391304347826087	0.21739130434782608	0.13043478260869565	0.30434782608695654	0.21739130434782608	0.13043478260869565	0.21739130434782608	0.17391304347826086	0.21739130434782608	0.21739130434782608	0.34782608695652173	0.30434782608695654	0.17391304347826086	0.17391304347826086	0.13043478260869565	0.30434782608695654	0.17391304347826086	0.21739130434782608	0.21739130434782608	0.08695652173913043	0.2608695652173913	
['-u']
0.2608695652173913	0.7391304347826086	0.30434782608695654	0.08695652173913043	0.5217391304347826	0.391304347826087	0.2608695652173913	0.34782608695652173	0.21739130434782608	0.391304347826087	0.21739130434782608	0.21739130434782608	0.21739130434782608	0.43478260869565216	0.21739130434782608	0.30434782608695654	0.34782608695652173	0.17391304347826086	0.4782608695652174	0.21739130434782608	0.08695652173913043	0.2608695652173913	0.2608695652173913	0.43478260869565216	0.17391304347826086	0.30434782608695654	0.17391304347826086	0.2608695652173913	0.21739130434782608	0.391304347826087	0.21739130434782608	0.13043478260869565	0.30434782608695654	0.21739130434782608	0.13043478260869565	0.21739130434782608	0.17391304347826086	0.21739130434782608	0.21739130434782608	0.34782608695652173	0.30434782608695654	0.17391304347826086	0.17391304347826086	0.13043478260869565	0.30434782608695654	0.17391304347826086	0.21739130434782608	0.21739130434782608	0.08695652173913043	0.2608695652173913	
['-t', '-r', '1']
0.2608695652173913	0.6956521739130435	0.34782608695652173	0.08695652173913043	0.5217391304347826	0.30434782608695654	0.2608695652173913	0.34782608695652173	0.21739130434782608	0.34782608695652173	0.30434782608695654	0.21739130434782608	0.2608695652173913	0.43478260869565216	0.21739130434782608	0.30434782608695654	0.30434782608695654	0.21739130434782608	0.4782608695652174	0.2608695652173913	0.17391304347826086	0.2608695652173913	0.2608695652173913	0.43478260869565216	0.21739130434782608	0.30434782608695654	0.17391304347826086	0.2608695652173913	0.21739130434782608	0.43478260869565216	0.21739130434782608	0.17391304347826086	0.30434782608695654	0.21739130434782608	0.17391304347826086	0.21739130434782608	0.17391304347826086	0.30434782608695654	0.21739130434782608	0.2608695652173913	0.30434782608695654	0.17391304347826086	0.17391304347826086	0.13043478260869565	0.30434782608695654	0.17391304347826086	0.17391304347826086	0.21739130434782608	0.08695652173913043	0.30434782608695654	
['-t', '-r', '2']
0.2608695652173913	0.7391304347826086	0.30434782608695654	0.08695652173913043	0.5217391304347826	0.391304347826087	0.2608695652173913	0.34782608695652173	0.21739130434782608	0.43478260869565216	0.21739130434782608	0.21739130434782608	0.2608695652173913	0.43478260869565216	0.2608695652173913	0.34782608695652173	0.34782608695652173	0.17391304347826086	0.5217391304347826	0.21739130434782608	0.13043478260869565	0.2608695652173913	0.2608695652173913	0.43478260869565216	0.17391304347826086	0.30434782608695654	0.17391304347826086	0.2608695652173913	0.2608695652173913	0.43478260869565216	0.21739130434782608	0.13043478260869565	0.30434782608695654	0.21739130434782608	0.13043478260869565	0.21739130434782608	0.13043478260869565	0.21739130434782608	0.2608695652173913	0.2608695652173913	0.30434782608695654	0.21739130434782608	0.17391304347826086	0.13043478260869565	0.30434782608695654	0.17391304347826086	0.17391304347826086	0.21739130434782608	0.08695652173913043	0.30434782608695654	
['-m']
0.2608695652173913	0.7391304347826086	0.30434782608695654	0.08695652173913043	0.5217391304347826	0.391304347826087	0.2608695652173913	0.34782608695652173	0.21739130434782608	0.391304347826087	0.21739130434782608	0.21739130434782608	0.21739130434782608	0.43478260869565216	0.21739130434782608	0.30434782608695654	0.34782608695652173	0.17391304347826086	0.4782608695652174	0.21739130434782608	0.08695652173913043	0.2608695652173913	0.2608695652173913	0.43478260869565216	0.17391304347826086	0.30434782608695654	0.17391304347826086	0.2608695652173913	0.21739130434782608	0.391304347826087	0.21739130434782608	0.13043478260869565	0.30434782608695654	0.21739130434782608	0.13043478260869565	0.21739130434782608	0.17391304347826086	0.21739130434782608	0.21739130434782608	0.34782608695652173	0.30434782608695654	0.17391304347826086	0.17391304347826086	0.13043478260869565	0.30434782608695654	0.17391304347826086	0.21739130434782608	0.21739130434782608	0.08695652173913043	0.2608695652173913	
['-m', '-w', '1']
0.2608695652173913	0.7391304347826086	0.30434782608695654	0.08695652173913043	0.5217391304347826	0.391304347826087	0.2608695652173913	0.34782608695652173	0.21739130434782608	0.391304347826087	0.21739130434782608	0.21739130434782608	0.21739130434782608	0.43478260869565216	0.21739130434782608	0.30434782608695654	0.34782608695652173	0.17391304347826086	0.4782608695652174	0.21739130434782608	0.08695652173913043	0.2608695652173913	0.2608695652173913	0.43478260869565216	0.17391304347826086	0.30434782608695654	0.17391304347826086	0.2608695652173913	0.21739130434782608	0.391304347826087	0.21739130434782608	0.13043478260869565	0.30434782608695654	0.21739130434782608	0.13043478260869565	0.21739130434782608	0.17391304347826086	0.21739130434782608	0.21739130434782608	0.34782608695652173	0.30434782608695654	0.17391304347826086	0.17391304347826086	0.13043478260869565	0.30434782608695654	0.17391304347826086	0.21739130434782608	0.21739130434782608	0.08695652173913043	0.2608695652173913	
['-m', '-w', '2']
0.2608695652173913	0.7391304347826086	0.30434782608695654	0.08695652173913043	0.5217391304347826	0.391304347826087	0.2608695652173913	0.34782608695652173	0.21739130434782608	0.391304347826087	0.21739130434782608	0.21739130434782608	0.21739130434782608	0.43478260869565216	0.21739130434782608	0.30434782608695654	0.34782608695652173	0.17391304347826086	0.4782608695652174	0.21739130434782608	0.08695652173913043	0.2608695652173913	0.2608695652173913	0.43478260869565216	0.17391304347826086	0.30434782608695654	0.17391304347826086	0.2608695652173913	0.21739130434782608	0.391304347826087	0.21739130434782608	0.13043478260869565	0.30434782608695654	0.21739130434782608	0.13043478260869565	0.21739130434782608	0.17391304347826086	0.21739130434782608	0.21739130434782608	0.34782608695652173	0.30434782608695654	0.17391304347826086	0.17391304347826086	0.13043478260869565	0.30434782608695654	0.17391304347826086	0.21739130434782608	0.21739130434782608	0.08695652173913043	0.2608695652173913	

100_25_4.9e-10_4.9e-10_470000000
[]
0.0	0.08695652173913043	0.08695652173913043	0.08695652173913043	0.13043478260869565	0.043478260869565216	0.0	0.08695652173913043	0.043478260869565216	0.13043478260869565	0.2608695652173913	0.08695652173913043	0.13043478260869565	0.08695652173913043	0.08695652173913043	0.08695652173913043	0.08695652173913043	0.2608695652173913	0.17391304347826086	0.0	0.043478260869565216	0.08695652173913043	0.13043478260869565	0.08695652173913043	0.13043478260869565	0.13043478260869565	0.30434782608695654	0.043478260869565216	0.13043478260869565	0.30434782608695654	0.17391304347826086	0.17391304347826086	0.13043478260869565	0.08695652173913043	0.13043478260869565	0.08695652173913043	0.13043478260869565	0.043478260869565216	0.0	0.21739130434782608	0.08695652173913043	0.08695652173913043	0.043478260869565216	0.2608695652173913	0.17391304347826086	0.08695652173913043	0.043478260869565216	0.21739130434782608	0.17391304347826086	0.13043478260869565	
['-u']
0.17391304347826086	0.13043478260869565	0.08695652173913043	0.13043478260869565	0.17391304347826086	0.21739130434782608	0.08695652173913043	0.21739130434782608	0.13043478260869565	0.13043478260869565	0.21739130434782608	0.17391304347826086	0.08695652173913043	0.30434782608695654	0.21739130434782608	0.13043478260869565	0.13043478260869565	0.08695652173913043	0.391304347826087	0.0	0.17391304347826086	0.08695652173913043	0.13043478260869565	0.21739130434782608	0.17391304347826086	0.30434782608695654	0.043478260869565216	0.08695652173913043	0.17391304347826086	0.17391304347826086	0.08695652173913043	0.13043478260869565	0.17391304347826086	0.21739130434782608	0.13043478260869565	0.21739130434782608	0.17391304347826086	0.08695652173913043	0.13043478260869565	0.17391304347826086	0.17391304347826086	0.17391304347826086	0.08695652173913043	0.30434782608695654	0.08695652173913043	0.2608695652173913	0.043478260869565216	0.2608695652173913	0.21739130434782608	0.13043478260869565	
['-t', '-r', '1']
0.0	0.08695652173913043	0.043478260869565216	0.13043478260869565	0.17391304347826086	0.043478260869565216	0.08695652173913043	0.13043478260869565	0.043478260869565216	0.043478260869565216	0.08695652173913043	0.043478260869565216	0.0	0.13043478260869565	0.08695652173913043	0.08695652173913043	0.08695652173913043	0.17391304347826086	0.2608695652173913	0.043478260869565216	0.043478260869565216	0.0	0.08695652173913043	0.043478260869565216	0.0	0.043478260869565216	0.08695652173913043	0.043478260869565216	0.08695652173913043	0.08695652173913043	0.043478260869565216	0.13043478260869565	0.043478260869565216	0.13043478260869565	0.13043478260869565	0.08695652173913043	0.08695652173913043	0.043478260869565216	0.043478260869565216	0.043478260869565216	0.043478260869565216	0.043478260869565216	0.0	0.043478260869565216	0.043478260869565216	0.043478260869565216	0.043478260869565216	0.08695652173913043	0.08695652173913043	0.13043478260869565	
['-t', '-r', '2']
0.0	0.08695652173913043	0.08695652173913043	0.13043478260869565	0.13043478260869565	0.043478260869565216	0.043478260869565216	0.13043478260869565	0.043478260869565216	0.043478260869565216	0.13043478260869565	0.043478260869565216	0.0	0.043478260869565216	0.13043478260869565	0.0	0.08695652173913043	0.21739130434782608	0.21739130434782608	0.043478260869565216	0.043478260869565216	0.043478260869565216	0.08695652173913043	0.08695652173913043	0.0	0.043478260869565216	0.08695652173913043	0.043478260869565216	0.08695652173913043	0.043478260869565216	0.08695652173913043	0.08695652173913043	0.08695652173913043	0.13043478260869565	0.13043478260869565	