250

11
11
11
10
11
10
11
11
11
10
11
8
3
8
9
10
11
11
11
11
11
11
10
8
9
4
10
9
11
8
9
10
11
11
11
11
11
8
11
11
6
10
11
11
11
11
11
11
10
11
11
11
9
11
10
5
8
10
11
11
11
11
9
11
11
9
4
11
10
10
8
10
11
8
10
10
10
4
11
11
11
11
11
11
11
11
11
11
9
10
9
10
7
11
11
10
11
11
9
11
10
11
10
10
11
9
9
11
11
6
11
10
11
11
11
9
9
4
10
8
9
11
11
7
11
10
11
11
11
10
11
10
11
11
8
11
11
11
11
9
11
11
11
9
8
11
3
6
11
11
11
11
10
11
11
9
10
11
8
10
11
9
8
9
11
11
10
11
10
10
11
11
2
5
9
11
10
7
10
9
11
11
3
10
9
11
10
11
11
7
11
11
11
11
11
10
11
10
10
4
9
11
10
11
11
10
11
11
11
10
7
11
10
11
8
11
9
8
11
5
11
10
11
10
11
11
11
10
7
11
11
11
7
9
10
11
11
11
10
11
10
9
11
8
11
10
5
9
10
7

4	203.0	1.0
1	202.0	1.0
3	205.0	1.0
2	198.0	1.0
7	212.0	1.0
10	201.0	1.0
8	203.0	1.0
5	203.0	1.0
6	190.0	1.0
9	220.0	1.0
0	242.0	1.7231404958677685
