250

10
5
10
11
11
10
10
10
10
11
11
7
10
10
11
11
8
11
9
11
10
10
11
11
5
10
5
11
11
11
2
10
10
5
6
11
10
11
11
11
7
11
11
11
10
5
8
10
10
8
11
9
11
11
10
11
11
10
5
10
6
10
8
11
11
10
11
8
4
11
10
10
8
11
11
11
11
10
10
11
7
11
11
11
11
11
7
11
10
11
11
11
4
4
8
11
9
8
3
11
10
11
4
11
7
10
11
11
10
11
10
9
4
10
9
11
4
11
11
11
11
9
11
10
10
11
11
11
11
9
11
8
10
11
6
10
11
10
11
11
11
11
11
11
11
11
7
11
11
11
9
4
11
11
9
9
11
10
11
11
10
4
11
11
11
11
8
8
2
5
11
11
9
4
11
11
10
11
6
9
11
11
11
11
9
11
4
11
11
4
11
8
9
11
10
7
11
11
10
2
11
11
10
11
6
9
8
9
11
11
11
11
10
7
9
11
11
4
11
10
10
10
11
11
9
11
11
11
11
10
11
11
11
11
11
11
10
11
11
11
10
8
10
9
11
11
11
10
11
11

2	200.0	1.0
3	201.0	1.0
5	198.0	1.0
6	190.0	1.0
4	202.0	1.0
1	200.0	1.0
7	212.0	1.0
8	196.0	1.0
9	192.0	1.0
10	196.0	1.0
0	230.0	1.7956521739130435
