250

39
40
41
41
39
21
40
41
36
24
23
40
41
34
40
36
41
40
40
41
40
38
21
41
41
38
32
41
36
35
40
41
14
39
41
40
41
40
40
36
30
40
40
10
40
40
40
20
36
40
41
40
30
36
37
41
41
41
38
39
41
40
40
41
40
41
40
41
36
38
39
41
40
19
40
37
26
41
21
41
41
36
41
40
40
40
8
28
41
36
41
40
40
34
40
22
36
36
35
40
34
30
40
39
30
40
36
38
40
22
41
41
40
28
36
32
34
40
38
37
41
38
41
40
40
36
40
41
40
40
21
40
40
41
41
20
9
38
37
41
38
15
38
39
40
41
40
40
40
16
40
35
40
37
40
40
28
39
40
41
34
37
41
41
40
40
40
38
41
6
41
39
38
40
40
38
40
34
3
40
7
21
40
7
40
41
32
3
6
40
41
38
41
38
41
40
41
40
38
11
41
20
40
41
41
40
41
38
35
40
41
41
41
38
22
41
39
34
41
19
38
41
40
34
38
41
40
40
40
40
27
16
41
36
10
40
39
40
41
36
40
41
40
38
35
40
41
40
40
40

8	242.0	1.7727272727272727
15	214.0	1.0
4	242.0	2.6198347107438016
5	243.0	2.6584362139917697
1	246.0	2.6463414634146343
9	240.0	1.7416666666666667
3	247.0	2.611336032388664
11	218.0	1.0
10	220.0	1.0
6	244.0	1.7377049180327868
7	240.0	1.7666666666666666
2	239.0	2.6694560669456067
12	211.0	1.0
13	214.0	1.0
14	209.0	1.0
25	217.0	1.0
18	213.0	1.0
20	212.0	1.0
19	211.0	1.0
23	210.0	1.0
21	219.0	1.0
22	212.0	1.0
16	213.0	1.0
17	212.0	1.0
24	215.0	1.0
0	245.0	2.669387755102041
