99

37
23
22
36
14
21
23
6
15
34
35
36
29
34
3
36
14
13
19
36
20
7
37
35
16
32
36
33
36
33
31
21
35
33
32
2
38
31
33
10
34
37
8
26
36
37
37
35
34
34
32
5
30
37
36
6
14
37
37
22
34
35
37
29
10
3
35
26
36
27
38
34
35
37
21
12
36
27
30
8
31
31
3
14
33
37
36
34
36
23
34
25
19
37
37
34
36
29
7

6	77.0	1.6753246753246753
13	58.0	1.0
16	62.0	1.0
7	81.0	1.5925925925925926
2	89.0	2.258426966292135
3	85.0	2.070588235294118
17	64.0	1.0
14	68.0	1.0
18	66.0	1.0
8	79.0	1.7215189873417722
1	88.0	2.159090909090909
15	71.0	1.0
4	90.0	2.2111111111111112
11	58.0	1.0
10	65.0	1.0
9	85.0	1.5058823529411764
12	71.0	1.0
5	88.0	2.3636363636363638
25	61.0	1.0
23	64.0	1.0
21	60.0	1.0
22	61.0	1.0
19	59.0	1.0
20	59.0	1.0
24	61.0	1.0
0	87.0	2.218390804597701
