250

10
9
10
11
10
11
11
6
11
10
11
11
11
7
11
11
6
11
10
10
11
10
11
11
11
11
10
11
11
2
11
6
10
7
11
10
9
11
10
11
11
11
11
9
11
11
11
8
11
10
11
11
11
8
11
11
10
11
11
10
7
11
11
10
11
11
5
9
10
11
11
11
9
11
11
11
9
5
10
11
11
8
11
4
8
10
9
11
10
5
11
9
10
11
11
11
10
11
11
10
11
11
3
8
11
7
10
11
11
8
4
9
11
11
11
11
6
10
7
11
4
10
11
10
10
9
8
11
8
11
11
11
11
11
10
10
7
10
10
10
10
11
11
10
11
7
11
8
11
11
11
10
7
11
11
7
10
11
11
9
11
11
3
11
8
11
9
10
11
11
11
11
10
11
3
11
11
11
10
11
11
8
11
11
11
11
10
4
11
11
10
10
10
11
11
11
10
10
10
11
11
11
10
9
11
11
11
10
10
11
11
11
11
11
11
11
9
11
11
10
11
9
11
11
11
11
6
11
11
11
9
11
9
10
10
11
9
10
11
11
11
11
11
11
4
11
11
11
9
11

3	213.0	1.0
4	214.0	1.0
1	205.0	1.0
2	214.0	1.0
10	202.0	1.0
8	194.0	1.0
9	198.0	1.0
5	208.0	1.0
6	205.0	1.0
7	210.0	1.0
0	243.0	1.7119341563786008
