100

37
21
32
28
29
29
2
25
32
35
39
31
5
38
37
39
31
38
28
35
35
37
36
36
3
38
39
27
34
35
34
39
32
37
39
39
38
35
36
38
34
34
36
38
13
36
38
38
36
38
38
36
40
13
33
38
35
3
18
24
34
39
38
35
25
33
38
37
39
39
35
33
36
27
22
39
38
36
38
32
15
33
38
38
37
13
34
27
28
13
36
40
34
24
39
39
36
7
34
38

3	93.0	2.3655913978494625
4	95.0	2.3789473684210525
18	79.0	1.0
7	84.0	1.6904761904761905
17	72.0	1.0
6	88.0	1.7727272727272727
10	79.0	1.0
8	90.0	1.7333333333333334
16	75.0	1.0
13	70.0	1.0
1	96.0	2.40625
12	79.0	1.0
9	91.0	1.6923076923076923
15	79.0	1.0
5	96.0	2.4166666666666665
14	73.0	1.0
11	73.0	1.0
2	96.0	2.40625
20	72.0	1.0
21	76.0	1.0
19	76.0	1.0
25	79.0	1.0
23	77.0	1.0
24	78.0	1.0
22	74.0	1.0
0	95.0	2.463157894736842
