100

38
40
40
38
41
33
40
40
41
5
41
41
40
4
12
41
39
40
39
40
41
35
40
36
28
38
40
41
7
40
7
41
40
38
32
40
40
40
6
38
40
40
39
40
41
40
26
35
24
35
40
33
41
6
40
40
7
41
34
25
41
41
8
10
35
31
6
40
40
41
20
41
40
41
40
34
40
40
39
36
22
41
40
40
40
40
41
37
40
34
40
40
41
41
40
40
40
22
41
40

2	94.0	2.6382978723404253
3	95.0	2.6210526315789475
4	97.0	2.577319587628866
1	97.0	2.5876288659793816
7	96.0	1.7708333333333333
5	96.0	2.6041666666666665
6	96.0	1.7708333333333333
13	80.0	1.0
23	81.0	1.0
9	91.0	1.7362637362637363
20	80.0	1.0
18	80.0	1.0
11	80.0	1.0
17	80.0	1.0
15	81.0	1.0
24	78.0	1.0
8	86.0	1.8604651162790697
12	80.0	1.0
21	82.0	1.0
19	81.0	1.0
10	83.0	1.0
16	80.0	1.0
25	82.0	1.0
22	84.0	1.0
14	84.0	1.0
0	93.0	2.6881720430107525
