100

38
37
33
36
13
24
22
32
38
23
38
39
37
38
31
37
38
40
28
37
37
39
38
39
35
6
38
20
39
28
7
38
29
39
32
34
36
13
35
15
37
37
40
12
35
32
35
34
30
16
36
40
29
40
37
36
35
31
36
15
22
37
13
4
35
32
40
36
5
17
3
37
39
33
39
36
39
27
33
38
33
38
37
39
20
36
23
39
31
13
30
32
38
10
18
37
35
31
21
30

4	91.0	2.4175824175824174
3	92.0	2.4456521739130435
2	95.0	2.336842105263158
1	94.0	2.3404255319148937
16	70.0	1.0
25	80.0	1.0
23	72.0	1.0
15	78.0	1.0
7	87.0	1.528735632183908
14	75.0	1.0
10	73.0	1.0
8	86.0	1.6511627906976745
9	89.0	1.5842696629213484
5	93.0	2.4623655913978495
24	71.0	1.0
13	80.0	1.0
17	61.0	1.0
12	67.0	1.0
19	68.0	1.0
6	89.0	1.6292134831460674
11	73.0	1.0
20	71.0	1.0
18	70.0	1.0
21	71.0	1.0
22	77.0	1.0
0	96.0	2.3020833333333335
