250

14
37
35
40
35
8
38
30
34
32
39
29
37
39
36
39
18
37
35
39
34
36
39
25
40
39
37
7
39
37
37
39
39
3
39
35
40
12
16
39
38
33
39
37
39
15
14
39
24
36
23
40
38
33
38
32
38
38
34
10
32
9
36
26
39
39
38
28
33
38
12
37
32
34
38
11
39
36
39
39
32
39
2
11
38
39
39
36
38
39
21
35
37
27
38
37
30
33
38
38
5
36
3
34
22
30
33
35
38
37
21
37
8
32
26
33
38
34
39
29
39
22
39
27
19
34
6
34
35
37
39
26
24
7
33
39
9
37
37
39
35
38
38
37
37
38
37
24
3
17
33
38
27
37
37
23
5
37
38
37
16
38
5
39
36
37
37
6
40
35
39
11
31
37
39
36
38
39
34
38
40
38
38
38
34
28
37
38
27
39
39
39
27
40
39
39
39
26
37
35
25
39
38
15
28
11
27
38
39
38
33
33
29
25
26
27
39
37
40
38
38
38
36
39
40
13
39
17
36
39
37
37
17
23
28
37
14
33
38
40
19
36
11
29
39
39
38
38
40
39

9	233.0	1.6437768240343347
23	197.0	1.0
16	186.0	1.0
15	183.0	1.0
7	217.0	1.7235023041474655
12	177.0	1.0
17	187.0	1.0
5	233.0	2.4377682403433476
8	224.0	1.6964285714285714
21	183.0	1.0
3	231.0	2.4891774891774894
13	189.0	1.0
2	229.0	2.4366812227074237
20	191.0	1.0
18	199.0	1.0
1	236.0	2.385593220338983
4	224.0	2.5
22	190.0	1.0
11	185.0	1.0
6	226.0	1.6415929203539823
19	186.0	1.0
14	185.0	1.0
24	190.0	1.0
10	180.0	1.0
25	196.0	1.0
0	235.0	2.4468085106382977
