25

38
40
35
38
37
32
21
38
18
40
5
37
37
22
39
37
37
37
28
38
40
40
25
4
36

14	17.0	1.0
2	23.0	2.5217391304347827
10	20.0	1.0
6	24.0	1.6666666666666667
13	18.0	1.0
11	17.0	1.0
3	21.0	2.6666666666666665
20	18.0	1.0
17	18.0	1.0
21	17.0	1.0
9	23.0	1.6521739130434783
18	17.0	1.0
15	18.0	1.0
22	19.0	1.0
8	23.0	1.608695652173913
1	23.0	2.347826086956522
5	23.0	2.5217391304347827
7	24.0	1.5833333333333333
4	24.0	2.4583333333333335
16	22.0	1.0
12	19.0	1.0
19	21.0	1.0
23	20.0	1.0
24	21.0	1.0
25	21.0	1.0
0	23.0	2.5217391304347827
