249

12
35
22
39
32
6
35
19
29
30
34
28
36
30
33
36
13
35
34
33
15
28
37
23
39
37
34
6
38
34
23
31
37
2
37
28
38
9
14
25
37
32
38
8
6
8
12
37
20
27
20
39
34
32
32
28
34
35
32
8
25
9
34
24
37
37
36
27
30
37
10
32
31
30
35
9
37
33
36
37
30
30
2
9
36
38
37
34
36
30
13
16
35
5
36
33
28
31
34
37
3
32
2
33
20
13
32
34
31
35
19
36
6
30
23
31
24
33
36
20
29
21
37
25
17
33
7
33
34
35
34
22
24
4
25
36
6
33
36
38
33
27
32
32
35
35
22
23
15
32
27
25
21
33
21
3
32
34
35
12
36
3
38
34
35
36
4
38
34
37
9
14
29
38
34
37
34
29
8
31
35
36
36
30
26
33
13
25
30
30
37
22
17
37
9
38
23
34
34
24
37
35
8
23
9
25
29
37
36
32
30
22
23
24
25
38
26
37
37
37
29
35
36
38
8
18
15
33
38
36
32
16
17
26
36
12
32
36
38
17
17
10
27
38
37
36
36
38
36

9	219.0	1.5296803652968036
23	167.0	1.0
16	165.0	1.0
15	154.0	1.0
7	202.0	1.618811881188119
12	152.0	1.0
17	163.0	1.0
5	218.0	2.188073394495413
8	207.0	1.565217391304348
21	156.0	1.0
3	210.0	2.3095238095238093
13	160.0	1.0
2	223.0	2.1838565022421523
20	164.0	1.0
18	174.0	1.0
1	233.0	2.0987124463519313
4	215.0	2.2418604651162792
22	167.0	1.0
11	161.0	1.0
6	214.0	1.5233644859813085
19	166.0	1.0
14	157.0	1.0
24	167.0	1.0
10	157.0	1.0
25	168.0	1.0
0	226.0	2.2212389380530975
