25

14
37
35
17
7
16
37
28
10
33
25
36
35
36
29
13
34
37
36
25
27
11
34
25
37

5	23.0	2.347826086956522
7	21.0	1.4761904761904763
13	14.0	1.0
9	24.0	1.375
3	22.0	2.1363636363636362
10	19.0	1.0
11	20.0	1.0
1	23.0	2.130434782608696
6	23.0	1.3478260869565217
12	17.0	1.0
4	24.0	2.0833333333333335
2	23.0	2.0869565217391304
8	23.0	1.4782608695652173
15	17.0	1.0
25	18.0	1.0
21	14.0	1.0
17	15.0	1.0
24	13.0	1.0
23	15.0	1.0
19	14.0	1.0
16	11.0	1.0
18	14.0	1.0
20	14.0	1.0
14	17.0	1.0
22	12.0	1.0
0	24.0	2.2083333333333335
