249

32
33
36
32
29
7
2
9
23
29
34
32
19
35
33
35
26
35
29
26
21
34
34
32
38
35
37
24
37
29
11
24
18
31
27
31
35
31
13
10
33
3
37
27
22
21
21
37
35
33
29
34
23
34
30
17
37
21
37
8
14
7
9
4
35
30
20
14
30
37
35
33
21
38
18
6
5
33
6
25
36
29
20
34
21
37
6
33
36
37
31
6
27
37
30
19
38
35
36
17
36
31
6
36
29
9
3
4
37
24
26
34
38
36
30
33
34
20
35
6
38
29
26
31
35
33
4
35
35
35
20
37
31
13
26
31
12
29
16
34
27
29
27
7
8
34
33
18
38
3
25
32
32
27
28
38
36
32
37
38
18
4
25
28
34
18
35
36
22
32
34
37
37
28
34
22
33
39
38
26
34
38
28
7
37
29
37
38
35
30
22
35
38
37
20
28
12
20
5
36
35
33
34
30
34
29
36
8
37
32
33
37
34
38
22
37
27
37
31
37
30
24
32
26
35
32
26
38
24
36
30
34
32
38
36
35
34
23
30
36
24
32
30
4
2
7
37
35
33

8	212.0	1.5424528301886793
15	175.0	1.0
12	158.0	1.0
21	163.0	1.0
13	149.0	1.0
10	155.0	1.0
6	211.0	1.6208530805687205
18	162.0	1.0
19	165.0	1.0
16	164.0	1.0
20	168.0	1.0
3	224.0	2.0044642857142856
4	231.0	2.121212121212121
5	221.0	2.230769230769231
11	171.0	1.0
17	165.0	1.0
22	166.0	1.0
7	202.0	1.6584158415841583
1	215.0	2.3069767441860467
9	215.0	1.5488372093023255
2	224.0	2.267857142857143
14	171.0	1.0
25	153.0	1.0
24	145.0	1.0
23	145.0	1.0
0	226.0	2.1769911504424777
