99

10
33
32
35
20
37
29
35
32
34
37
35
36
16
27
33
37
34
38
33
33
33
2
20
30
35
34
33
38
34
29
27
37
20
29
32
10
35
33
33
37
23
29
30
29
37
35
33
37
34
37
30
33
23
36
35
34
38
35
26
25
33
19
38
35
27
36
32
28
37
34
34
30
35
35
33
37
29
38
36
32
35
37
33
23
22
30
33
33
9
34
34
31
36
34
31
28
34
26

12	80.0	1.0
14	73.0	1.0
13	76.0	1.0
1	98.0	2.306122448979592
3	94.0	2.297872340425532
15	78.0	1.0
4	95.0	2.3473684210526318
10	72.0	1.0
8	89.0	1.6292134831460674
20	62.0	1.0
7	90.0	1.5777777777777777
11	79.0	1.0
6	90.0	1.6
22	76.0	1.0
9	96.0	1.5625
18	75.0	1.0
5	96.0	2.375
17	71.0	1.0
21	77.0	1.0
19	69.0	1.0
23	70.0	1.0
16	70.0	1.0
2	96.0	2.3541666666666665
24	69.0	1.0
25	70.0	1.0
0	98.0	2.142857142857143
