100

33
19
30
30
31
4
6
20
18
18
37
26
35
15
25
23
35
37
16
33
35
30
7
31
18
35
10
30
34
4
37
31
10
32
38
3
33
32
36
26
30
37
3
30
34
33
36
28
8
33
27
35
21
36
30
28
28
28
38
27
28
20
36
18
34
36
36
30
35
30
24
31
28
36
37
31
9
15
37
37
12
7
14
37
34
28
35
35
18
29
33
15
36
36
2
33
28
35
23
28

4	96.0	1.9895833333333333
7	85.0	1.576470588235294
6	85.0	1.4588235294117646
5	92.0	2.108695652173913
8	79.0	1.5569620253164558
3	89.0	2.1235955056179776
1	98.0	2.0
2	94.0	2.1382978723404253
9	86.0	1.5348837209302326
11	66.0	1.0
13	65.0	1.0
14	58.0	1.0
22	70.0	1.0
19	67.0	1.0
20	60.0	1.0
16	62.0	1.0
24	62.0	1.0
25	64.0	1.0
18	56.0	1.0
15	63.0	1.0
23	60.0	1.0
21	61.0	1.0163934426229508
17	60.0	1.0
12	62.0	1.0
10	66.0	1.0
0	92.0	2.0869565217391304
