250

41
36
38
8
39
40
32
40
36
40
37
34
40
41
37
40
19
39
41
36
40
39
34
32
40
39
41
38
31
39
41
40
40
40
38
34
40
40
38
40
40
40
41
40
38
40
41
41
37
36
33
40
40
40
38
41
38
36
40
39
40
29
40
37
40
21
36
40
41
41
34
39
38
40
37
41
36
40
3
40
39
39
24
25
41
39
40
40
40
41
41
40
38
36
41
27
40
33
40
41
40
38
27
40
29
40
40
34
40
39
40
36
39
40
36
40
39
40
41
39
41
32
34
40
32
28
10
41
34
33
34
40
20
37
36
41
40
18
38
40
33
40
33
40
25
40
38
39
38
40
8
40
41
40
40
4
40
40
39
15
11
40
41
41
36
36
39
40
41
39
40
36
30
40
37
31
40
31
41
27
39
38
40
40
38
18
40
40
36
38
41
40
41
38
40
39
41
40
40
40
38
36
41
36
40
41
38
41
38
34
41
41
40
40
41
41
40
19
38
41
36
38
8
40
35
40
28
15
36
40
36
38
40
40
34
40
41
41
41
38
33
40
40
33
10
40
41
40
40
13

3	248.0	2.6129032258064515
4	242.0	2.652892561983471
18	214.0	1.0
7	230.0	1.882608695652174
17	216.0	1.0
6	231.0	1.844155844155844
10	221.0	1.0
8	234.0	1.8162393162393162
16	216.0	1.0
13	220.0	1.0
1	246.0	2.630081300813008
12	218.0	1.0
9	241.0	1.7883817427385893
15	220.0	1.0
5	244.0	2.7008196721311477
14	214.0	1.0
11	210.0	1.0
2	245.0	2.6775510204081634
20	218.0	1.0
21	215.0	1.0
19	218.0	1.0
25	221.0	1.0
23	216.0	1.0
24	211.0	1.0
22	214.0	1.0
0	245.0	2.730612244897959
