250

40
41
38
26
41
40
41
40
40
41
39
37
41
41
32
40
41
23
40
41
36
40
40
38
40
40
41
41
40
41
40
40
38
40
41
29
40
40
33
41
41
40
38
40
41
40
38
35
41
40
39
41
41
37
40
41
29
40
39
41
40
40
38
12
40
38
40
25
40
35
40
40
41
41
38
40
40
40
34
33
38
26
29
40
35
39
40
13
41
40
40
41
41
38
34
41
40
41
38
40
32
38
36
41
32
41
41
41
22
39
38
22
40
40
41
40
40
40
38
16
41
23
40
40
40
33
40
27
41
41
40
41
41
33
41
40
40
40
37
41
40
35
40
39
40
38
41
40
38
39
41
41
40
37
40
19
38
40
28
13
26
40
40
40
37
41
40
41
29
36
41
19
39
37
41
40
38
41
22
40
20
40
36
40
37
32
40
36
40
40
41
41
37
41
38
40
37
36
31
28
36
40
38
40
41
40
36
38
36
40
29
30
39
41
34
40
9
40
29
40
41
41
41
41
40
40
20
27
40
40
41
40
39
20
38
27
34
41
41
37
40
38
40
37
40
39
41
40
40
40

7	245.0	1.816326530612245
3	250.0	2.652
6	245.0	1.8408163265306123
15	220.0	1.0
12	224.0	1.0
10	222.0	1.0
17	225.0	1.0
16	224.0	1.0
19	220.0	1.0
13	218.0	1.0
14	215.0	1.0
9	231.0	1.8744588744588744
1	249.0	2.5983935742971886
11	211.0	1.0
8	230.0	1.882608695652174
18	216.0	1.0
4	249.0	2.642570281124498
2	249.0	2.7228915662650603
5	249.0	2.7028112449799195
23	223.0	1.0
20	223.0	1.0
25	226.0	1.0
21	223.0	1.0
24	224.0	1.0
22	227.0	1.0
0	243.0	2.7818930041152266
