248

5
7
3
6
7
2
9
3
9
8
6
4
6
8
6
5
7
8
5
7
2
2
8
2
8
6
3
7
2
9
9
6
2
4
5
8
8
3
8
7
8
2
7
4
7
5
9
6
6
8
6
6
7
6
7
8
6
5
8
5
9
8
9
6
7
6
3
8
7
7
7
7
5
7
8
6
6
3
4
8
7
7
9
7
7
7
9
6
5
9
6
9
4
9
5
4
6
7
9
6
3
9
7
8
4
9
4
2
7
7
3
3
8
9
5
7
9
9
9
5
8
8
6
7
6
4
6
4
3
7
5
4
2
6
8
6
8
6
5
7
8
8
7
3
5
6
3
2
8
7
9
6
5
8
5
3
6
6
4
5
6
8
7
2
9
6
9
4
6
3
7
5
7
9
9
6
4
8
3
5
2
7
9
4
8
9
7
3
9
2
8
5
3
6
3
5
9
7
6
6
3
8
3
9
9
8
7
7
2
3
9
8
8
7
9
7
9
5
9
7
7
7
9
3
9
7
8
9
8
2
7
8
8
9
9
8
4
7
4
6
2
9
5
3
6
5
3
7

5	138.0	1.0
2	132.0	1.0075757575757576
7	128.0	1.0078125
3	123.0	1.008130081300813
1	130.0	1.0
6	121.0	1.0
4	128.0	1.0
8	144.0	1.0
9	124.0	1.0
10	112.0	1.0
0	176.0	1.4545454545454546
