250

40
41
39
30
40
41
40
20
41
21
40
41
38
41
41
22
40
39
38
40
41
36
36
40
41
41
21
40
40
39
39
40
38
40
41
37
40
40
22
40
41
41
36
41
38
40
32
36
40
40
41
34
40
30
39
40
40
40
40
39
41
29
39
39
40
40
38
38
4
40
38
40
40
41
41
40
41
40
41
38
41
34
41
36
40
41
40
41
31
41
34
40
39
40
41
40
40
35
40
40
40
40
40
32
21
40
36
20
41
40
38
41
30
40
40
37
23
41
40
22
40
40
38
40
39
40
4
38
41
40
41
40
41
40
40
21
41
38
39
40
39
32
37
40
32
40
39
40
41
39
41
40
21
38
40
38
41
40
36
40
41
40
40
41
40
40
2
40
40
41
37
30
30
29
40
41
20
41
38
36
26
38
40
41
29
32
26
40
39
40
40
36
39
40
22
40
41
8
41
41
19
41
35
40
40
22
40
40
40
37
41
41
8
37
33
41
19
41
41
23
40
38
40
40
19
40
40
41
40
40
16
21
40
36
40
40
39
40
40
40
41
40
37
32
34
36
41
38
40
41

12	223.0	1.0
8	247.0	1.7449392712550607
15	211.0	1.0
1	246.0	2.658536585365854
6	245.0	1.7387755102040816
7	248.0	1.7741935483870968
13	220.0	1.0
10	221.0	1.0
3	246.0	2.682926829268293
4	246.0	2.6666666666666665
5	249.0	2.6265060240963853
2	247.0	2.639676113360324
14	215.0	1.0
11	221.0	1.0
9	245.0	1.7918367346938775
21	219.0	1.0
16	216.0	1.0
17	222.0	1.0
25	224.0	1.0
20	215.0	1.0
22	214.0	1.0
19	221.0	1.0
23	220.0	1.0
18	215.0	1.0
24	219.0	1.0
0	246.0	2.682926829268293
