250

11
10
11
11
10
9
5
11
9
9
10
11
5
9
4
9
11
8
11
11
11
11
11
11
11
11
11
8
11
6
11
11
11
11
11
6
11
8
6
9
11
11
10
4
6
11
6
11
11
9
10
10
11
11
11
9
11
5
6
11
11
11
11
9
11
9
10
11
11
11
10
11
10
9
7
9
10
7
11
11
4
11
11
11
9
5
9
9
11
11
10
11
11
11
6
11
6
11
11
11
11
11
10
11
11
10
11
11
5
10
8
11
5
10
11
5
10
11
8
11
11
7
11
10
11
11
10
11
11
11
11
8
11
8
11
11
10
11
9
10
11
11
11
5
8
9
7
7
10
9
5
11
11
11
10
10
11
9
11
11
8
11
11
11
8
10
11
11
11
11
10
8
11
11
11
6
11
11
9
11
11
11
11
11
7
11
11
7
11
11
11
11
11
7
9
11
10
9
11
9
2
10
11
4
2
11
11
11
11
11
11
9
11
11
8
9
9
11
11
11
11
11
11
11
9
11
11
7
11
11
11
11
10
10
3
8
10
8
11
10
9
11
10
3
9
9
10
5
11
6

5	211.0	1.0
4	213.0	1.0
1	210.0	1.0
3	203.0	1.0
2	207.0	1.0
8	185.0	1.0
9	197.0	1.0
10	190.0	1.0
7	199.0	1.0
6	196.0	1.0
0	235.0	1.6851063829787234
