250

10
11
11
11
11
11
11
11
10
11
11
6
10
11
10
10
11
10
11
6
11
11
11
10
11
10
9
10
11
11
11
11
11
11
11
11
11
11
11
9
11
11
10
8
11
10
11
11
11
10
11
10
11
8
11
11
11
11
11
10
11
4
7
10
11
11
11
11
11
10
11
11
11
8
11
11
11
9
11
9
5
11
5
11
11
11
11
11
10
10
11
5
10
8
5
10
10
11
10
11
11
9
11
10
10
11
11
11
11
11
10
11
8
11
11
11
11
11
11
11
10
8
11
9
11
11
10
10
10
9
10
11
11
10
11
5
11
3
11
8
11
9
11
11
8
8
11
11
10
10
10
11
9
11
11
11
10
11
9
9
10
11
11
9
9
11
11
10
10
11
10
11
4
11
10
11
10
10
11
11
11
4
11
11
11
11
10
9
9
11
10
11
10
10
11
11
11
11
11
11
6
11
11
11
9
11
11
11
11
11
9
11
11
9
10
9
8
11
10
10
4
11
11
11
11
11
11
11
9
10
11
11
11
10
11
8
11
8
11
2
9
11
9
11
11
11
9
11
11
11

7	216.0	1.0
1	221.0	1.0
8	220.0	1.0
5	210.0	1.0
4	215.0	1.0
6	202.0	1.0
3	210.0	1.0
2	198.0	1.0
9	203.0	1.0
10	205.0	1.0
0	233.0	1.815450643776824
