25

37
39
36
22
35
10
39
39
40
8
30
37
28
38
36
39
38
39
28
35
21
39
37
38
29

23	20.0	1.0
13	20.0	1.0
20	22.0	1.0
10	22.0	1.0
3	24.0	2.4166666666666665
19	18.0	1.0
1	24.0	2.5416666666666665
21	20.0	1.0
22	21.0	1.0
6	22.0	1.6363636363636365
8	23.0	1.826086956521739
7	23.0	1.608695652173913
5	22.0	2.590909090909091
2	23.0	2.391304347826087
9	24.0	1.5416666666666667
14	19.0	1.0
17	21.0	1.0
24	16.0	1.0
12	17.0	1.0
11	22.0	1.0
4	23.0	2.3043478260869565
16	18.0	1.0
18	20.0	1.0
15	19.0	1.0
25	20.0	1.0
0	24.0	2.75
