25

38
35
19
3
38
39
11
40
34
7
38
39
40
38
38
39
37
38
39
31
36
6
37
38
35

7	23.0	1.6521739130434783
2	22.0	2.3181818181818183
6	22.0	1.7727272727272727
4	24.0	2.4166666666666665
1	24.0	2.2916666666666665
5	24.0	2.2916666666666665
3	25.0	2.28
20	19.0	1.0
15	18.0	1.0
13	21.0	1.0
25	16.0	1.0
18	20.0	1.0
21	19.0	1.0
17	19.0	1.0
9	22.0	1.8181818181818181
16	20.0	1.0
11	18.0	1.0
22	16.0	1.0
24	19.0	1.0
14	20.0	1.0
12	20.0	1.0
19	20.0	1.0
10	18.0	1.0
8	22.0	1.8181818181818181
23	20.0	1.0
0	22.0	2.590909090909091
