250

8
7
9
3
10
3
6
5
10
2
7
5
5
10
10
5
10
9
6
10
10
9
7
10
9
10
9
8
9
8
10
10
9
4
10
10
9
10
10
10
6
10
8
9
9
5
7
8
10
10
10
3
8
6
9
10
7
3
10
10
10
5
5
8
8
8
9
3
10
9
6
10
9
2
7
4
9
3
9
6
10
10
10
8
3
9
3
10
7
2
10
10
6
7
9
8
10
10
10
10
10
5
8
7
3
7
10
8
9
9
9
10
5
10
9
10
9
9
6
8
10
4
9
10
9
10
9
9
9
10
8
8
9
7
5
9
8
10
10
10
9
9
7
8
7
4
5
5
4
8
3
8
10
8
10
6
3
9
10
7
9
9
7
3
8
4
10
8
10
9
10
10
2
9
10
10
8
8
5
5
3
8
6
3
8
8
10
4
8
10
10
7
9
4
10
6
5
9
5
3
9
10
10
8
10
8
9
8
9
6
10
10
8
9
7
8
8
9
9
8
7
8
10
10
5
5
10
10
10
7
8
10
7
10
4
10
9
9
10
9
9
7
9
8
8
9
9
8
9
2

2	146.0	1.0
1	150.0	1.0
7	180.0	1.0
8	154.0	1.0
9	158.0	1.0
10	157.0	1.0
3	154.0	1.0
4	173.0	1.0057803468208093
6	179.0	1.0
5	179.0	1.0
0	226.0	1.4734513274336283
