100

41
40
40
38
38
26
37
41
27
36
40
41
38
40
20
40
39
40
40
40
28
41
40
38
39
40
40
37
41
39
41
40
40
40
41
39
41
38
40
38
40
40
38
40
40
41
41
40
40
37
40
39
33
4
41
40
10
41
40
40
40
37
41
41
35
40
41
40
36
40
40
41
41
40
41
40
41
40
38
40
28
38
38
40
41
40
41
41
39
39
29
38
40
40
40
40
41
39
38
21

6	98.0	1.846938775510204
13	92.0	1.0
16	88.0	1.0
7	97.0	1.8453608247422681
2	100.0	2.73
3	98.0	2.7448979591836733
17	89.0	1.0
14	88.0	1.0
18	94.0	1.0
8	98.0	1.8979591836734695
1	99.0	2.7474747474747474
15	90.0	1.0
4	97.0	2.7731958762886597
11	89.0	1.0
10	92.0	1.0
9	97.0	1.7731958762886597
12	93.0	1.0
5	98.0	2.795918367346939
25	89.0	1.0
23	91.0	1.0
21	92.0	1.0
22	89.0	1.0
19	87.0	1.0
20	91.0	1.0
24	89.0	1.0
0	99.0	2.7676767676767677
