250

29
35
37
37
26
25
37
36
34
2
34
30
27
37
31
22
34
12
32
30
16
4
18
32
32
25
24
26
35
33
22
29
18
34
34
34
18
33
31
23
22
22
35
10
38
32
37
14
31
35
35
33
36
33
3
37
25
34
36
34
37
30
37
35
35
20
16
13
14
31
16
33
29
39
33
25
37
31
20
34
24
35
12
5
34
34
24
34
3
38
32
5
16
17
35
35
26
2
34
36
38
8
28
37
38
35
5
37
35
36
12
32
35
33
10
37
29
32
25
36
36
33
6
33
35
34
38
6
8
13
33
30
26
34
37
26
30
6
23
32
35
16
18
32
28
32
35
3
33
24
25
39
17
30
35
30
30
11
38
34
39
31
37
39
29
20
33
36
34
33
33
24
34
35
29
36
3
33
29
36
33
26
33
23
35
8
36
24
36
10
35
14
35
23
38
35
25
11
37
3
26
28
12
31
36
37
31
35
30
37
5
37
28
32
35
10
24
36
29
37
32
19
29
10
19
25
28
13
34
30
6
36
9
28
11
24
32
32
36
13
38
30
37
32
13
34
20
38
25
28

8	219.0	1.5890410958904109
4	229.0	2.1441048034934496
11	160.0	1.0
2	232.0	2.0991379310344827
7	217.0	1.4654377880184333
9	219.0	1.4885844748858448
5	228.0	2.1184210526315788
1	235.0	2.1021276595744682
3	227.0	2.154185022026432
6	221.0	1.4615384615384615
10	168.0	1.0
22	177.0	1.0
18	173.0	1.0
20	154.0	1.0
12	149.0	1.0
19	159.0	1.0
23	164.0	1.0
21	165.0	1.0
15	153.0	1.0
24	169.0	1.0
14	161.0	1.0
13	164.0	1.0
17	150.0	1.0
16	155.0	1.0
25	170.0	1.0
0	220.0	2.309090909090909
