100

38
37
8
10
39
38
37
17
24
38
30
38
38
38
39
36
36
20
39
38
37
37
39
39
7
37
39
25
39
17
36
38
33
36
40
32
33
3
40
34
39
38
38
32
36
38
5
35
32
39
29
8
34
10
8
40
23
33
12
38
36
32
39
34
15
36
38
34
36
39
26
11
16
39
35
38
39
37
34
39
39
35
21
12
31
37
32
37
38
38
38
33
32
37
28
35
26
29
32
38

3	96.0	2.375
7	93.0	1.6021505376344085
1	96.0	2.3645833333333335
9	90.0	1.711111111111111
10	76.0	1.0
5	93.0	2.2903225806451615
4	92.0	2.510869565217391
11	76.0	1.0
2	95.0	2.357894736842105
14	77.0	1.0
12	79.0	1.0
6	91.0	1.6483516483516483
13	77.0	1.0
8	91.0	1.6923076923076923
19	73.0	1.0
20	74.0	1.0
22	67.0	1.0
15	68.0	1.0
21	74.0	1.0
17	70.0	1.0
23	75.0	1.0
16	75.0	1.0
18	76.0	1.0
25	71.0	1.0
24	76.0	1.0
0	93.0	2.5053763440860215
