250

9
9
7
7
5
6
6
6
9
3
6
8
5
4
9
5
8
2
8
7
8
7
6
4
9
2
5
5
4
7
8
9
2
7
9
8
4
2
9
2
4
9
9
7
6
4
8
7
5
2
4
8
9
8
8
5
9
6
9
5
8
9
8
8
6
7
7
2
9
4
5
7
4
2
7
9
4
7
8
9
6
7
7
9
8
6
7
6
8
4
3
4
8
6
2
3
9
8
3
8
3
5
8
8
3
8
9
5
7
6
4
7
7
9
5
8
8
9
8
4
6
7
4
6
8
5
4
5
2
6
3
3
7
6
8
8
2
7
4
8
6
6
5
3
4
4
2
9
7
8
8
5
9
8
8
8
8
7
8
9
8
2
9
9
9
5
6
9
8
7
3
8
4
9
5
3
7
8
3
8
3
2
5
8
6
7
4
8
8
8
9
7
9
9
9
5
5
8
6
9
9
3
9
6
6
9
7
5
6
6
9
9
3
9
7
8
3
8
7
7
5
4
7
8
8
6
6
5
8
9
3
9
2
8
7
9
4
4
9
9
9
3
8
3
9
7
6
2
5
4

3	151.0	1.0066225165562914
4	134.0	1.0
7	115.0	1.0
6	132.0	1.0075757575757576
5	136.0	1.0
2	131.0	1.0
8	132.0	1.0151515151515151
9	116.0	1.0172413793103448
1	132.0	1.0
10	134.0	1.0
0	169.0	1.5976331360946745
