100

36
13
37
7
40
13
36
12
33
21
31
39
39
28
30
26
36
30
39
28
22
37
32
39
28
23
33
38
6
36
27
36
36
31
7
27
32
33
5
39
5
28
32
7
33
35
39
39
23
10
38
36
35
31
37
39
39
37
29
30
38
38
5
36
37
26
33
31
36
22
11
39
39
38
34
15
38
36
26
7
32
32
30
38
39
38
35
38
36
33
36
22
32
37
38
40
39
32
38
32

6	86.0	1.7790697674418605
5	94.0	2.276595744680851
16	79.0	1.0
7	85.0	1.7294117647058824
11	75.0	1.0
12	76.0	1.0
4	96.0	2.1875
10	73.0	1.0
8	89.0	1.595505617977528
13	66.0	1.0
17	70.0	1.0
14	71.0	1.0
1	86.0	2.4186046511627906
18	61.0	1.0
15	65.0	1.0
21	64.0	1.0
20	81.0	1.0
19	77.0	1.0
3	94.0	2.223404255319149
9	85.0	1.8235294117647058
2	96.0	2.28125
22	70.0	1.0
24	67.0	1.0
23	72.0	1.0
25	69.0	1.0
0	95.0	2.442105263157895
