100

32
39
36
39
16
27
36
38
38
35
39
22
37
39
39
12
38
38
37
36
24
38
34
36
24
38
39
7
39
37
35
38
38
37
40
39
39
37
39
38
35
39
36
18
38
32
39
36
39
4
39
37
36
4
40
36
29
37
39
6
25
39
36
38
38
38
24
35
35
36
37
32
38
4
34
9
36
21
38
34
33
9
32
35
34
35
36
30
25
31
39
39
30
32
36
31
16
38
39
36

6	92.0	1.7282608695652173
2	97.0	2.443298969072165
4	97.0	2.4948453608247423
21	78.0	1.0
1	95.0	2.463157894736842
13	80.0	1.0
16	77.0	1.0
18	79.0	1.0
5	95.0	2.389473684210526
10	75.0	1.0
12	78.0	1.0
14	77.0	1.0
8	90.0	1.7222222222222223
23	78.0	1.0
15	68.0	1.0
24	78.0	1.0
19	75.0	1.0
7	89.0	1.7191011235955056
3	96.0	2.3854166666666665
20	75.0	1.0
22	79.0	1.0
17	77.0	1.0
11	77.0	1.0
9	89.0	1.7640449438202248
25	77.0	1.0
0	95.0	2.4210526315789473
