250

7
3
10
8
8
2
6
8
9
3
9
5
8
10
10
6
9
10
10
9
10
10
9
10
8
4
8
8
8
6
8
9
5
10
7
7
8
10
9
9
10
10
10
9
10
10
6
9
8
7
8
7
3
8
7
10
8
9
10
10
9
4
10
10
10
9
10
4
8
3
7
7
10
9
10
7
8
5
10
8
9
9
10
4
10
9
10
9
10
10
4
8
9
7
5
8
9
8
7
6
9
9
7
5
9
10
9
10
9
9
8
10
9
9
8
9
9
10
9
3
8
5
10
10
9
10
5
5
9
9
8
3
10
7
9
6
9
5
8
3
4
3
10
10
6
7
4
4
9
8
9
5
3
10
10
5
9
4
8
8
8
9
7
6
10
8
10
9
2
7
8
7
10
3
8
5
10
2
8
9
10
10
10
10
8
9
10
10
10
7
10
9
9
10
9
6
6
10
10
6
9
6
5
7
9
5
9
8
9
4
10
9
9
8
9
6
9
10
8
6
10
9
9
10
10
7
10
7
6
9
7
9
9
4
9
8
8
8
7
2
3
6
3
9
5
3
10
9
9
10

5	165.0	1.0
4	160.0	1.0
2	160.0	1.0
1	157.0	1.0
3	168.0	1.0
6	147.0	1.0
8	149.0	1.0067114093959733
9	156.0	1.0
10	169.0	1.0
7	175.0	1.0
0	223.0	1.5829596412556053
