100

40
40
34
36
40
38
28
34
38
36
40
40
41
41
18
38
40
41
40
41
40
36
40
40
41
40
41
40
41
40
35
38
40
38
41
40
38
38
8
14
40
34
40
41
40
39
39
37
38
27
41
41
41
40
37
15
32
40
37
40
40
40
40
40
41
38
11
37
40
28
27
40
34
27
41
38
34
36
32
38
41
40
38
37
40
28
40
40
34
41
40
38
41
40
38
31
39
40
41
27

12	87.0	1.0
1	99.0	2.707070707070707
5	100.0	2.56
6	96.0	1.8229166666666667
2	99.0	2.6161616161616164
9	98.0	1.7448979591836735
11	94.0	1.0
3	98.0	2.693877551020408
18	89.0	1.0
10	86.0	1.0
15	86.0	1.0
17	85.0	1.0
14	90.0	1.0
8	96.0	1.8645833333333333
4	98.0	2.7142857142857144
13	89.0	1.0
7	98.0	1.7653061224489797
16	92.0	1.0
22	87.0	1.0
24	87.0	1.0
20	85.0	1.0
21	86.0	1.0
19	83.0	1.0
25	85.0	1.0
23	85.0	1.0
0	99.0	2.6363636363636362
