250

39
40
38
40
38
40
36
40
40
26
41
38
40
38
24
34
36
41
10
40
40
40
38
41
41
40
40
40
37
40
12
41
40
39
38
41
41
40
38
35
32
40
38
40
41
14
40
32
41
40
41
18
36
40
41
18
39
28
22
41
40
40
41
41
40
40
41
40
30
40
40
32
32
41
28
39
38
41
39
38
41
32
40
40
28
41
40
39
40
40
40
38
38
40
41
40
40
39
36
40
41
40
24
40
16
38
26
38
40
41
40
38
40
40
41
41
38
40
41
40
30
40
38
39
41
40
41
40
40
41
38
38
38
8
40
34
32
40
38
41
40
24
41
38
40
36
36
40
40
2
40
40
40
40
40
40
41
41
41
36
38
40
40
40
41
40
40
40
38
38
8
40
32
40
34
40
41
41
40
40
38
28
16
41
41
38
40
40
40
40
38
10
41
39
26
41
40
39
40
36
38
41
40
40
40
40
41
26
33
39
40
38
37
35
41
40
38
40
38
40
32
40
40
38
38
40
40
40
38
40
40
41
41
34
41
41
40
40
26
40
40
40
41
34
40
38
40
40
38
32

6	245.0	1.8448979591836734
4	245.0	2.6653061224489796
9	247.0	1.8461538461538463
8	249.0	1.751004016064257
1	249.0	2.610441767068273
5	247.0	2.700404858299595
7	246.0	1.7398373983739837
2	247.0	2.6923076923076925
3	247.0	2.668016194331984
15	226.0	1.0
19	236.0	1.0
16	231.0	1.0
21	216.0	1.0
18	218.0	1.0
24	216.0	1.0
12	221.0	1.0
20	223.0	1.0
17	217.0	1.0
11	217.0	1.0
23	224.0	1.0
10	217.0	1.0
25	227.0	1.0
22	228.0	1.0
13	222.0	1.0
14	221.0	1.0
0	248.0	2.693548387096774
