249

25
19
31
27
31
32
10
37
24
34
34
30
32
23
31
4
35
26
33
37
20
18
25
31
31
23
26
33
28
24
35
4
30
37
32
14
5
36
37
38
6
35
26
28
29
30
24
30
21
7
10
35
29
30
36
36
11
30
36
25
9
5
30
5
36
35
33
38
30
24
24
8
34
29
36
37
18
13
32
38
24
36
35
38
37
30
22
35
36
32
35
23
35
24
29
36
33
37
26
38
37
27
32
32
33
4
35
37
38
24
32
31
29
35
24
36
28
28
32
35
33
36
23
13
14
20
29
17
35
8
33
34
35
38
36
8
2
35
16
22
30
34
37
26
38
25
6
18
32
27
36
14
9
37
20
24
37
26
35
30
27
18
17
8
6
33
38
9
23
29
35
25
4
35
27
35
2
33
34
21
27
28
36
31
32
30
29
35
36
7
3
26
21
7
38
25
36
35
30
36
28
17
38
23
33
36
11
21
33
36
28
30
27
33
39
24
20
15
35
31
6
30
33
24
37
30
36
3
3
4
34
34
37
12
37
4
31
12
12
29
37
38
4
26
34
36
7
35
31

18	175.0	1.0
2	231.0	2.012987012987013
15	155.0	1.0
16	158.0	1.0
10	171.0	1.0
21	175.0	1.0
11	168.0	1.0
17	179.0	1.0
19	165.0	1.0
3	220.0	2.0454545454545454
14	154.0	1.0
7	217.0	1.5852534562211982
1	222.0	2.2387387387387387
4	222.0	2.0405405405405403
6	209.0	1.492822966507177
12	158.0	1.0
8	211.0	1.5592417061611374
9	199.0	1.5979899497487438
13	156.0	1.0
20	159.0	1.0
5	221.0	2.0407239819004523
23	140.0	1.0
25	146.0	1.0
24	145.0	1.0
22	142.0	1.0
0	217.0	2.230414746543779
