250

38
40
34
32
39
6
39
34
32
31
38
33
19
36
39
36
3
28
33
32
19
39
35
36
3
39
6
29
35
4
38
38
29
21
29
37
40
31
36
38
18
38
38
35
39
39
35
39
22
33
37
34
37
39
36
36
38
32
36
36
38
39
37
39
37
39
39
40
30
21
24
35
39
34
22
29
23
38
36
38
38
26
39
38
29
30
34
36
37
33
39
36
38
39
39
2
39
9
32
39
33
34
35
35
21
22
32
36
39
9
11
38
22
30
40
4
30
31
39
34
32
36
36
37
37
33
39
40
24
26
38
32
37
38
39
33
38
37
34
36
38
27
38
18
25
35
37
5
38
38
37
4
39
30
23
34
11
39
39
39
39
38
38
32
37
35
38
40
38
34
39
36
38
37
34
32
25
39
39
38
37
36
35
38
31
39
38
6
39
10
39
34
37
21
30
37
36
40
33
33
34
35
36
38
37
34
36
17
32
39
35
37
38
32
4
14
38
32
34
32
36
26
22
37
22
39
38
37
29
38
38
39
36
38
7
40
36
39
37
23
32
13
37
20
32
38
39
38
38
23

2	238.0	2.4159663865546217
3	241.0	2.327800829875519
1	235.0	2.578723404255319
4	235.0	2.4382978723404256
15	187.0	1.0
13	190.0	1.0
5	228.0	2.456140350877193
16	185.0	1.0
25	193.0	1.0
6	224.0	1.6919642857142858
12	185.0	1.0
22	195.0	1.0
9	229.0	1.6506550218340612
18	186.0	1.0
17	194.0	1.0
20	200.0	1.0
23	178.0	1.0
24	187.0	1.0
14	200.0	1.0
10	195.0	1.0
21	206.0	1.0
8	227.0	1.6828193832599119
19	196.0	1.0
7	228.0	1.662280701754386
11	201.0	1.0
0	236.0	2.5677966101694913
