250

38
40
18
39
30
32
41
27
41
36
41
41
39
7
41
40
38
38
41
4
40
38
40
36
39
34
30
39
34
37
30
36
40
23
40
33
40
41
13
28
41
41
41
41
34
11
40
40
38
33
34
41
41
27
41
40
38
41
40
40
29
40
41
41
15
35
10
40
40
41
24
29
36
38
39
40
40
37
37
38
41
10
27
31
37
9
40
41
28
41
35
40
36
13
40
40
33
40
38
40
39
40
40
37
30
38
41
36
41
40
41
38
40
37
40
40
13
40
38
29
22
38
41
31
34
40
37
39
38
31
29
41
29
14
40
39
40
41
41
41
40
40
40
40
39
40
31
41
39
41
34
9
37
32
38
35
41
34
39
36
40
41
34
40
40
40
40
40
41
41
40
38
41
30
38
40
11
39
40
40
40
33
30
40
41
35
40
7
41
41
33
41
41
39
40
40
40
35
25
40
41
35
39
40
29
40
40
40
40
15
41
40
40
37
39
37
41
15
39
39
41
39
38
40
6
40
38
40
40
36
39
40
35
40
33
28
41
40
40
41
41
40
40
35
14
27
27
28
40
39

18	210.0	1.0
16	217.0	1.0
6	224.0	1.9330357142857142
10	210.0	1.0
11	210.0	1.0
5	245.0	2.5714285714285716
7	246.0	1.7032520325203253
3	247.0	2.5789473684210527
14	215.0	1.0
17	212.0	1.0
19	219.0	1.0
13	215.0	1.0
2	241.0	2.6514522821576763
9	231.0	1.8744588744588744
4	247.0	2.562753036437247
1	249.0	2.5220883534136544
8	237.0	1.7848101265822784
15	215.0	1.0
12	217.0	1.0
23	209.0	1.0
24	205.0	1.0
21	205.0	1.0
25	209.0	1.0
20	209.0	1.0
22	208.0	1.0
0	238.0	2.668067226890756
