250

37
38
37
39
25
38
34
5
32
39
35
36
28
38
35
38
39
32
38
30
38
37
8
38
31
37
36
33
22
28
38
39
38
38
36
38
34
38
37
37
32
40
32
30
37
7
37
30
37
27
29
38
38
32
16
9
39
39
39
38
38
37
32
34
12
38
37
24
34
34
39
38
39
36
38
34
24
39
25
33
38
8
40
39
21
39
38
30
38
36
36
38
39
34
37
36
38
32
36
14
7
35
37
39
39
35
38
28
31
20
31
36
37
11
28
32
34
36
18
30
36
37
38
38
39
37
33
33
39
32
36
24
36
17
35
27
4
12
37
34
39
25
39
39
38
34
38
39
27
34
36
13
35
34
23
2
38
27
17
29
38
36
38
38
5
36
39
35
6
33
40
33
40
38
6
33
19
37
38
39
36
38
30
30
40
19
17
34
39
26
34
40
26
36
38
37
36
30
39
40
34
37
37
37
37
31
21
36
39
33
25
39
34
25
30
32
38
40
39
38
39
28
38
39
39
32
38
39
37
36
33
39
31
34
39
37
32
38
34
38
32
40
36
14
34
37
37
32
29
31

4	241.0	2.4273858921161824
7	235.0	1.6340425531914893
8	237.0	1.6708860759493671
5	242.0	2.409090909090909
3	245.0	2.36734693877551
2	243.0	2.39917695473251
1	241.0	2.3112033195020745
6	239.0	1.6234309623430963
15	196.0	1.0
24	193.0	1.0
23	198.0	1.0
18	191.0	1.0
20	211.0	1.0
9	221.0	1.742081447963801
11	192.0	1.0
25	193.0	1.0
10	197.0	1.0
19	194.0	1.0
21	184.0	1.0
13	190.0	1.0
22	191.0	1.0
17	183.0	1.0
14	194.0	1.0
16	191.0	1.0
12	200.0	1.0
0	241.0	2.5767634854771786
