100

32
11
6
33
37
30
7
37
30
32
4
36
12
24
31
36
34
38
35
36
11
25
14
19
26
14
32
2
38
37
11
25
27
19
10
33
35
36
21
10
10
34
9
31
32
38
33
34
36
34
26
33
34
31
32
38
35
7
7
15
21
31
32
35
34
35
35
22
36
33
35
29
14
19
35
31
35
23
35
3
11
31
33
36
32
35
22
33
10
33
35
30
36
22
18
35
36
34
35
14

4	92.0	2.1847826086956523
6	75.0	1.7333333333333334
16	65.0	1.0
17	64.0	1.0
21	64.0	1.0
20	64.0	1.0
18	63.0	1.0
2	89.0	2.168539325842697
23	68.0	1.0
14	69.0	1.0
1	90.0	2.1444444444444444
10	70.0	1.0
22	56.0	1.0
7	82.0	1.524390243902439
19	63.0	1.0
13	55.0	1.0
15	56.0	1.0
11	64.0	1.0
5	88.0	2.090909090909091
3	90.0	2.0555555555555554
9	84.0	1.5
8	82.0	1.4878048780487805
12	68.0	1.0
24	65.0	1.0153846153846153
25	66.0	1.0
0	89.0	2.235955056179775
