250

33
24
36
39
39
39
38
38
35
40
40
34
30
38
34
33
38
32
38
35
36
39
21
36
38
26
17
37
6
25
38
18
39
22
34
39
39
37
39
39
34
39
35
36
36
38
37
34
16
37
39
38
38
37
26
39
39
38
37
7
33
7
35
34
38
25
30
30
37
36
37
37
36
38
5
25
35
40
36
37
39
39
15
38
38
34
39
21
39
38
35
38
34
23
40
29
39
39
40
8
38
34
37
39
39
38
38
40
31
37
39
27
38
23
39
32
36
35
38
37
24
39
27
34
38
33
29
37
33
26
38
38
28
39
23
35
32
39
11
34
23
37
34
14
27
33
39
34
39
37
37
40
36
39
36
14
37
32
38
37
38
36
39
37
36
40
26
37
18
38
25
37
38
36
6
28
39
32
38
38
34
16
33
34
40
37
27
38
35
38
35
39
38
37
39
32
39
35
33
18
38
34
38
39
33
29
32
6
38
32
36
38
32
13
39
38
38
30
38
13
5
38
34
31
40
35
31
36
30
38
18
39
38
36
39
37
37
36
32
37
33
39
34
36
36
39
40
3
38
38

3	240.0	2.4208333333333334
2	244.0	2.418032786885246
1	242.0	2.4628099173553717
17	200.0	1.0
9	236.0	1.673728813559322
20	208.0	1.0
24	194.0	1.0
7	224.0	1.7455357142857142
8	230.0	1.673913043478261
14	203.0	1.0
23	200.0	1.0
22	206.0	1.0
16	195.0	1.0
13	191.0	1.0
10	202.0	1.0
11	199.0	1.0
18	195.0	1.0
21	196.0	1.0
12	194.0	1.0
6	229.0	1.668122270742358
5	233.0	2.5665236051502145
4	243.0	2.411522633744856
25	200.0	1.0
15	200.0	1.0
19	197.0	1.0
0	242.0	2.5661157024793386
