100

34
37
26
31
32
34
6
39
36
34
39
26
38
37
31
36
35
38
30
39
38
32
34
37
40
38
36
24
30
39
39
34
26
29
16
36
11
33
39
33
37
36
30
12
36
40
36
40
37
38
38
31
34
35
38
39
36
38
39
40
39
16
38
38
34
21
35
39
3
38
39
36
39
38
36
39
40
36
30
37
39
35
33
29
39
32
40
38
39
9
37
39
37
30
31
38
39
40
8
39

9	96.0	1.6875
1	98.0	2.4183673469387754
5	96.0	2.375
3	98.0	2.3979591836734695
8	96.0	1.5729166666666667
2	99.0	2.4646464646464645
6	94.0	1.8085106382978724
4	98.0	2.326530612244898
7	95.0	1.694736842105263
16	88.0	1.0
14	75.0	1.0
21	75.0	1.0
19	79.0	1.0
12	87.0	1.0
10	81.0	1.0
23	84.0	1.0
22	83.0	1.0
17	86.0	1.0
25	77.0	1.0
24	75.0	1.0
15	80.0	1.0
11	82.0	1.0
13	76.0	1.0
20	83.0	1.0
18	78.0	1.0
0	97.0	2.5670103092783507
