25

41
40
41
36
39
40
7
8
38
20
40
36
36
40
40
41
40
11
38
38
24
41
26
41
18

3	24.0	2.5416666666666665
6	25.0	1.68
9	24.0	1.7916666666666667
7	24.0	1.5833333333333333
5	24.0	2.5416666666666665
4	23.0	2.347826086956522
2	24.0	2.4166666666666665
8	22.0	1.6363636363636365
10	18.0	1.0
1	24.0	2.4166666666666665
19	20.0	1.0
18	20.0	1.0
23	20.0	1.0
20	21.0	1.0
13	18.0	1.0
21	21.0	1.0
14	17.0	1.0
12	19.0	1.0
25	21.0	1.0
17	17.0	1.0
22	19.0	1.0
24	18.0	1.0
16	21.0	1.0
11	21.0	1.0
15	20.0	1.0
0	24.0	2.4166666666666665
