100

36
40
38
38
41
40
40
38
40
36
36
40
41
41
40
40
14
31
40
30
40
38
40
41
40
38
4
40
40
39
39
40
40
39
40
41
39
33
40
41
38
27
34
40
40
27
41
40
41
40
41
22
40
38
41
40
40
38
35
20
40
33
40
11
28
41
41
40
40
14
26
17
37
40
40
41
40
39
41
40
28
40
39
41
40
40
40
40
40
29
41
41
40
41
34
40
40
34
39
41

18	89.0	1.0
2	98.0	2.7346938775510203
16	90.0	1.0
5	98.0	2.622448979591837
15	87.0	1.0
1	98.0	2.7244897959183674
14	87.0	1.0
11	89.0	1.0
6	97.0	1.7628865979381443
8	96.0	1.8125
7	96.0	1.8333333333333333
10	89.0	1.0
13	88.0	1.0
3	97.0	2.6907216494845363
19	87.0	1.0
12	91.0	1.0
20	81.0	1.0
17	90.0	1.0
21	90.0	1.0
9	96.0	1.8645833333333333
4	98.0	2.693877551020408
22	87.0	1.0
23	85.0	1.0
25	82.0	1.0
24	86.0	1.0
0	97.0	2.649484536082474
