250

37
37
35
35
21
39
35
25
37
35
35
29
14
34
35
32
6
5
15
35
21
37
37
24
18
30
11
27
35
2
7
35
35
4
33
14
28
29
35
12
6
34
37
5
16
36
34
34
34
35
25
34
31
25
25
6
10
23
33
28
24
37
35
33
34
18
23
38
34
15
33
30
35
36
29
32
32
34
27
36
38
32
36
35
33
33
4
37
4
32
30
35
31
17
8
37
35
8
25
26
37
7
36
16
36
37
31
36
31
28
29
8
25
21
36
36
16
28
16
38
36
6
33
32
33
36
20
15
32
23
37
32
26
30
38
31
20
35
38
7
29
25
26
36
32
35
17
31
36
34
21
35
36
20
25
37
33
11
31
34
34
35
14
29
37
38
17
36
26
33
36
27
36
37
32
7
35
32
35
35
37
36
38
32
21
10
7
35
35
37
25
31
27
34
37
36
16
28
35
28
36
29
37
14
29
20
29
21
34
32
38
5
26
37
30
33
7
37
19
36
31
38
4
34
35
37
34
38
36
6
35
37
10
3
4
29
36
36
36
27
37
33
27
22
35
32
31
38
21
32

12	165.0	1.0
11	169.0	1.0
15	167.0	1.0
4	225.0	2.2
14	167.0	1.0
8	223.0	1.5695067264573992
3	230.0	2.208695652173913
10	171.0	1.0
6	201.0	1.5771144278606966
2	232.0	2.1594827586206895
5	237.0	2.210970464135021
1	233.0	2.1030042918454934
16	149.0	1.0
9	215.0	1.5255813953488373
13	155.0	1.0
7	216.0	1.4398148148148149
19	173.0	1.0
24	155.0	1.0
17	160.0	1.0
21	158.0	1.0
20	157.0	1.0
22	167.0	1.0
25	183.0	1.0
18	180.0	1.0
23	176.0	1.0
0	230.0	2.291304347826087
