250

11
11
11
11
10
11
11
11
11
11
10
8
6
10
11
11
10
9
10
11
9
10
11
11
10
11
7
9
7
11
11
10
10
11
11
11
9
11
7
11
10
9
11
11
10
11
9
8
11
7
11
11
11
11
5
11
10
11
11
7
10
2
11
9
11
11
7
9
10
6
2
10
9
11
5
9
9
11
11
9
10
11
11
11
10
11
11
10
10
11
3
9
11
8
10
11
11
11
7
7
11
7
11
8
10
11
11
9
11
11
11
11
3
10
11
11
8
11
11
5
7
8
11
9
11
4
11
11
11
7
11
10
11
11
11
9
7
8
8
10
11
11
10
11
8
11
5
9
9
11
11
10
11
10
10
11
11
11
11
9
7
11
8
11
7
9
6
9
9
10
10
9
10
11
10
6
11
8
11
10
11
10
11
11
10
7
11
11
11
10
11
11
11
11
9
11
11
11
10
9
10
8
11
4
11
11
11
8
11
11
6
11
11
11
10
5
10
11
11
11
11
8
11
10
11
11
10
10
11
4
11
11
9
8
4
11
4
11
11
11
11
11
11
11
11
9
11
9
11
10

3	199.0	1.0
2	196.0	1.0
1	197.0	1.0
9	204.0	1.0
7	206.0	1.0
4	192.0	1.0
5	195.0	1.0
8	196.0	1.0
6	208.0	1.0
10	209.0	1.0
0	238.0	1.7605042016806722
