243

8
3
7
6
9
6
5
6
8
7
9
7
7
5
9
6
7
7
9
4
8
5
4
7
4
8
5
9
3
8
7
6
9
9
4
3
7
2
7
9
9
3
4
2
3
8
8
5
3
9
7
5
7
8
4
9
9
6
9
5
3
7
8
2
8
9
6
5
2
9
7
8
7
7
8
8
7
3
8
8
8
2
6
8
8
2
6
8
2
8
2
8
9
8
4
4
9
8
6
8
2
7
7
6
7
5
8
2
6
8
4
5
5
8
8
8
7
9
5
6
2
6
8
8
6
9
8
4
7
9
5
9
9
8
5
9
9
4
5
8
5
7
6
4
7
9
4
2
6
4
8
8
4
6
7
8
4
5
7
9
9
9
6
4
6
4
8
7
8
5
6
7
9
3
6
7
4
9
9
3
9
4
8
2
5
7
8
2
9
8
8
5
6
7
3
4
7
9
4
9
8
5
8
9
2
5
8
8
9
7
8
8
6
8
3
8
8
5
5
9
6
7
8
8
9
9
4
6
8
6
6
6
6
5
6
3
7
7
3
5
9
8
9

1	122.0	1.0
2	130.0	1.0
5	139.0	1.0
10	130.0	1.0
9	132.0	1.0
6	130.0	1.0
8	116.0	1.0086206896551724
7	121.0	1.0
3	148.0	1.0
4	134.0	1.0
0	189.0	1.3492063492063493
