100

27
37
2
36
15
4
33
37
38
27
34
15
35
34
15
33
35
36
36
13
29
22
33
16
36
31
18
35
27
34
12
35
9
3
22
32
28
34
34
26
27
23
8
38
15
5
12
32
9
29
37
5
34
20
5
16
28
36
27
27
33
23
26
7
37
36
38
38
32
26
35
10
33
9
32
6
8
30
20
2
37
38
37
37
17
4
30
26
35
27
7
22
38
16
23
34
14
23
38
24

2	87.0	2.0
3	82.0	2.1951219512195124
1	85.0	2.023529411764706
5	89.0	2.0112359550561796
24	60.0	1.0
23	64.0	1.0
19	67.0	1.0
6	81.0	1.4938271604938271
17	58.0	1.0
25	56.0	1.0
14	63.0	1.0
9	74.0	1.7027027027027026
7	68.0	1.6323529411764706
10	56.0	1.0
22	53.0	1.0
15	63.0	1.0
13	58.0	1.0
4	86.0	2.116279069767442
20	66.0	1.0
16	61.0	1.0
21	57.0	1.0
12	58.0	1.0
18	60.0	1.0
8	67.0	1.671641791044776
11	53.0	1.0
0	88.0	2.147727272727273
