100

15
38
41
41
38
41
37
40
38
38
40
39
41
19
41
40
40
41
41
40
40
37
8
30
39
40
40
40
40
40
40
40
40
40
41
41
41
41
40
40
41
41
39
4
39
41
40
40
39
39
40
40
33
38
38
40
40
40
41
41
40
35
37
27
40
41
40
40
40
31
41
41
40
40
40
41
35
40
40
41
41
38
38
41
40
39
40
34
40
37
28
40
38
36
39
39
38
40
41
40

12	93.0	1.0
14	91.0	1.0
13	87.0	1.0
1	99.0	2.757575757575758
3	98.0	2.693877551020408
15	91.0	1.0
4	97.0	2.7938144329896906
10	90.0	1.0
8	97.0	1.865979381443299
20	88.0	1.0
7	96.0	1.8333333333333333
11	95.0	1.0
6	98.0	1.8979591836734695
22	94.0	1.0
9	99.0	1.8585858585858586
18	90.0	1.0
5	98.0	2.7857142857142856
17	87.0	1.0
21	90.0	1.0
19	90.0	1.0
23	90.0	1.0
16	92.0	1.0
2	99.0	2.808080808080808
24	88.0	1.0
25	87.0	1.0
0	99.0	2.717171717171717
