250

40
41
38
29
28
41
35
23
39
38
38
41
23
38
40
36
40
40
33
39
41
39
41
38
40
40
38
37
40
40
29
39
40
13
40
40
40
40
41
40
26
39
39
40
41
13
41
40
38
40
40
38
40
40
40
39
27
41
41
39
38
37
38
41
38
41
23
41
41
29
40
41
35
40
38
34
41
40
41
37
41
39
41
37
40
40
41
41
40
40
40
41
34
31
32
40
39
36
37
40
40
28
41
37
41
37
39
40
41
12
41
41
40
38
39
38
41
40
20
40
39
41
40
40
41
31
38
39
38
41
37
7
32
40
40
39
41
40
40
40
41
32
19
41
41
35
41
41
37
14
40
40
39
24
41
40
40
40
41
37
26
34
39
23
40
40
40
38
40
38
40
40
40
41
40
40
40
36
41
40
38
36
39
40
37
41
31
39
37
40
40
36
9
40
40
20
41
41
38
38
40
22
38
26
41
40
14
35
41
14
41
36
40
23
38
40
35
38
41
36
41
41
25
37
40
41
31
40
36
41
17
39
41
9
40
40
37
38
40
40
40
41
39
41
41
37
39
41
35
40

3	246.0	2.6260162601626016
4	240.0	2.775
2	246.0	2.6504065040650406
1	247.0	2.688259109311741
19	222.0	1.0
14	225.0	1.0
11	226.0	1.0
5	242.0	2.6859504132231407
15	222.0	1.0
18	224.0	1.0
8	245.0	1.7877551020408162
13	220.0	1.0
12	220.0	1.0
21	216.0	1.0
22	218.0	1.0
16	219.0	1.0
17	215.0	1.0
25	209.0	1.0
10	217.0	1.0
23	214.0	1.0
6	240.0	1.8208333333333333
24	224.0	1.0
7	242.0	1.8016528925619835
20	223.0	1.0
9	240.0	1.8208333333333333
0	248.0	2.693548387096774
