100

38
41
27
41
41
40
32
40
39
40
41
37
13
41
40
40
40
37
34
41
41
41
41
40
33
38
41
40
12
39
41
40
40
38
36
40
37
39
21
40
40
41
41
34
40
40
40
40
39
39
17
33
36
12
28
40
40
41
40
41
28
40
40
27
40
35
40
39
30
38
40
40
38
18
6
32
38
38
40
40
30
27
34
36
41
38
41
39
40
40
40
41
38
41
41
38
40
40
41
40

3	96.0	2.6875
13	88.0	1.0
4	98.0	2.5714285714285716
18	89.0	1.0
2	99.0	2.686868686868687
17	86.0	1.0
8	95.0	1.8526315789473684
6	96.0	1.8854166666666667
15	86.0	1.0
14	88.0	1.0
10	89.0	1.0
16	93.0	1.0
9	98.0	1.7040816326530612
5	98.0	2.693877551020408
7	97.0	1.8144329896907216
12	93.0	1.0
11	88.0	1.0
1	99.0	2.6666666666666665
23	84.0	1.0
25	85.0	1.0
24	80.0	1.0
21	83.0	1.0
19	82.0	1.0
22	84.0	1.0
20	87.0	1.0
0	96.0	2.78125
