99

36
29
11
31
36
35
3
7
32
24
36
34
37
38
34
35
15
5
37
23
29
29
13
30
38
36
26
16
21
4
35
34
32
30
15
20
37
28
24
36
37
6
25
34
6
23
33
4
38
36
15
9
36
29
12
32
24
35
32
36
13
36
4
32
38
14
25
34
23
28
11
36
7
32
37
33
36
33
37
28
31
36
36
37
15
30
33
24
21
34
37
25
3
35
6
27
28
32
18

12	63.0	1.0
1	90.0	2.066666666666667
5	91.0	2.0549450549450547
6	81.0	1.6296296296296295
2	88.0	2.125
9	81.0	1.4691358024691359
11	63.0	1.0
3	93.0	2.043010752688172
18	61.0	1.0
10	67.0	1.0
15	66.0	1.0
17	65.0	1.0
14	58.0	1.0
8	76.0	1.644736842105263
4	83.0	2.2289156626506026
13	68.0	1.0
7	81.0	1.617283950617284
16	65.0	1.0
22	64.0	1.0
24	63.0	1.0
20	55.0	1.0
21	61.0	1.0
19	53.0	1.0
25	57.0	1.0
23	58.0	1.0
0	89.0	2.1235955056179776
