248

8
3
8
9
6
8
9
7
8
2
7
3
2
8
5
6
8
6
9
9
6
3
9
2
9
9
8
6
5
9
8
4
8
5
9
3
6
2
6
3
6
5
7
3
2
8
8
6
8
6
8
9
9
3
3
9
8
6
2
8
8
3
9
5
7
7
6
8
3
9
3
7
5
7
7
7
9
9
8
8
7
5
9
6
4
9
7
3
2
6
4
9
9
7
4
7
4
5
8
5
8
9
8
4
9
6
7
7
4
6
7
5
2
3
8
4
8
9
7
7
2
4
7
3
6
3
8
6
7
7
9
8
2
7
4
9
8
8
4
5
5
9
8
6
5
9
4
9
8
2
9
8
4
4
5
9
2
6
7
9
8
3
9
2
3
4
6
8
9
5
8
5
5
8
8
9
7
7
7
4
9
7
8
8
7
8
7
6
8
2
9
3
7
8
3
9
6
9
7
9
3
4
6
8
5
9
7
6
2
6
9
7
3
9
6
9
9
9
7
4
8
7
8
6
8
7
7
9
5
8
7
4
7
4
8
8
4
2
9
9
4
8
6
3
8
3
9
9

3	138.0	1.0072463768115942
5	129.0	1.0
1	122.0	1.0081967213114753
2	122.0	1.0
4	122.0	1.0
10	138.0	1.0
7	135.0	1.0
8	130.0	1.0
6	125.0	1.008
9	124.0	1.0
0	202.0	1.4504950495049505
