250

10
10
10
11
11
11
6
11
11
11
11
11
11
11
11
9
6
11
11
7
11
11
11
11
11
10
7
11
10
11
10
11
11
11
9
10
7
11
9
5
11
11
7
7
4
11
10
10
11
8
11
11
10
11
5
11
9
11
6
11
11
9
11
11
11
11
7
11
11
10
10
9
11
9
3
11
9
11
5
10
11
11
11
9
11
10
11
10
10
10
11
7
11
10
11
11
10
10
10
9
7
11
8
11
10
11
10
3
10
4
11
11
10
11
10
11
11
11
5
3
8
11
11
8
10
11
11
11
7
11
11
9
11
7
11
8
11
9
11
11
7
11
6
11
9
11
11
2
11
11
11
11
11
11
11
10
10
11
10
9
11
11
11
11
8
11
10
9
11
10
11
11
11
11
11
11
11
11
11
11
11
11
11
11
11
11
11
11
11
3
11
11
11
11
11
11
10
10
10
4
10
11
11
10
11
10
11
9
9
9
11
11
11
9
11
11
10
10
11
11
10
11
11
10
11
11
11
11
9
11
11
11
11
11
10
11
11
9
6
9
11
11
5
9
5
11
7
11
10
11

1	206.0	1.0
7	203.0	1.0
2	212.0	1.0
8	206.0	1.0
10	211.0	1.0
9	221.0	1.0
4	207.0	1.0
6	198.0	1.0
3	197.0	1.0
5	200.0	1.0
0	244.0	1.680327868852459
