250

37
20
35
9
36
36
22
38
40
39
34
28
38
28
39
40
17
38
35
36
6
38
39
36
35
38
36
29
39
35
16
33
39
29
30
5
37
38
39
30
40
12
34
39
38
16
36
40
33
38
21
40
38
26
40
36
16
37
32
28
34
32
6
37
9
38
10
35
12
34
30
39
36
39
12
39
28
33
16
4
33
36
39
37
40
12
31
4
39
38
40
39
20
40
39
39
36
38
30
38
40
37
39
39
39
38
29
3
38
24
37
32
39
30
34
28
38
36
29
34
36
39
38
34
34
35
39
25
38
13
38
34
11
11
36
36
37
36
22
33
37
37
15
31
18
35
39
37
40
29
35
40
36
38
39
38
4
39
32
39
24
39
37
35
38
6
36
2
38
31
3
38
37
24
36
36
38
24
21
39
39
33
32
34
19
37
35
12
34
39
39
21
10
38
16
37
35
8
35
33
39
32
40
39
3
35
36
37
33
26
22
35
38
35
29
39
20
3
37
36
40
39
4
39
29
30
35
39
5
39
17
38
40
39
39
39
39
40
39
34
38
36
4
27
40
29
39
36
39
36

7	221.0	1.7330316742081449
9	220.0	1.709090909090909
17	189.0	1.0
12	186.0	1.0
23	193.0	1.0
19	190.0	1.0
20	189.0	1.0
6	208.0	1.7740384615384615
16	187.0	1.0
4	235.0	2.374468085106383
2	235.0	2.3617021276595747
10	189.0	1.0
11	184.0	1.0
8	219.0	1.7077625570776256
1	226.0	2.4557522123893807
3	222.0	2.481981981981982
13	178.0	1.0
5	227.0	2.4185022026431717
15	183.0	1.0
22	187.0	1.0
14	182.0	1.0
21	183.0	1.0
18	185.0	1.0
25	180.0	1.0
24	188.0	1.0
0	232.0	2.478448275862069
