249

30
29
36
36
35
32
27
29
33
26
36
37
27
31
36
28
32
17
31
14
34
32
17
26
37
38
21
23
31
34
38
38
35
35
32
35
37
37
38
34
21
30
35
35
29
10
37
37
37
8
37
27
37
31
30
35
33
31
36
21
35
23
34
28
37
8
33
37
37
36
34
32
25
35
36
4
34
34
38
32
21
36
38
14
31
18
37
38
11
30
32
32
29
30
17
11
35
33
19
33
38
37
8
22
2
34
29
31
19
32
28
25
6
38
25
38
20
11
37
36
33
18
22
35
34
38
35
13
35
37
30
29
35
36
39
9
35
24
16
7
21
36
36
32
34
34
31
14
33
37
6
12
25
37
28
7
11
34
36
29
24
33
29
37
11
29
13
3
34
14
35
8
16
10
14
32
35
31
4
20
4
30
34
35
7
29
30
31
7
14
36
38
34
28
27
37
35
30
32
21
29
36
18
28
35
36
32
32
37
25
35
30
26
22
16
36
32
22
33
33
37
36
21
35
14
32
35
37
28
34
38
7
6
26
22
35
22
37
36
37
31
22
37
29
34
33
34
35
24

4	224.0	2.200892857142857
1	230.0	2.2130434782608694
7	206.0	1.5631067961165048
24	163.0	1.0
22	168.0	1.0
2	218.0	2.2477064220183487
12	162.0	1.0
15	160.0	1.0
8	209.0	1.569377990430622
11	165.0	1.0
19	161.0	1.0
5	231.0	2.1774891774891776
6	214.0	1.514018691588785
18	165.0	1.0
3	229.0	2.1965065502183405
17	161.0	1.0
20	189.0	1.0
21	171.0	1.0
10	172.0	1.0
13	169.0	1.0
9	218.0	1.5321100917431192
14	167.0	1.0
23	167.0	1.0
16	159.0	1.0
25	184.0	1.0
0	228.0	2.3947368421052633
