250

7
6
11
9
10
10
11
9
7
11
11
11
10
11
11
11
9
11
9
10
10
11
11
11
10
10
6
11
11
10
7
6
11
10
11
10
10
10
10
9
9
7
2
11
8
11
8
11
11
11
6
11
11
4
11
11
10
10
5
10
11
11
6
6
10
11
11
11
11
10
11
11
10
11
11
4
10
10
11
11
10
11
11
6
11
11
11
11
11
7
10
10
8
2
11
9
11
9
11
11
7
7
10
11
9
10
10
10
11
11
7
7
10
11
11
9
11
9
11
11
11
5
10
11
11
10
10
9
9
10
11
11
11
10
11
11
11
11
11
11
11
11
11
11
11
11
9
11
11
9
11
10
11
11
11
7
8
10
11
11
11
7
8
10
10
11
9
11
10
11
11
11
11
11
3
3
10
10
11
8
10
8
10
11
5
11
11
8
5
3
9
11
10
9
9
6
11
11
11
10
8
11
11
5
11
10
10
11
10
11
11
3
8
10
11
9
11
11
11
10
11
11
11
11
11
11
11
11
11
10
11
11
11
11
11
6
11
11
11
11
9
11
10
9
6
11
11
11
9
3

2	195.0	1.0
4	203.0	1.0
5	195.0	1.0
6	201.0	1.0
1	203.0	1.0
3	208.0	1.0
7	196.0	1.0
8	200.0	1.0
9	205.0	1.0
10	202.0	1.0
0	233.0	1.793991416309013
