250

38
40
34
38
38
33
38
39
36
22
39
40
27
23
35
37
36
38
39
29
37
35
39
10
32
38
39
7
35
38
39
34
37
13
34
34
39
10
30
37
38
38
28
36
40
11
38
29
33
36
4
38
36
38
38
36
39
21
14
34
26
40
39
38
36
38
35
38
38
38
4
26
29
10
39
17
37
26
34
26
38
37
32
36
16
28
37
37
36
33
37
34
36
35
39
38
39
36
33
39
9
31
32
9
38
32
38
36
39
38
27
20
29
38
35
38
34
38
40
39
32
2
33
32
38
10
39
2
8
33
4
30
36
5
10
39
36
37
38
37
26
36
34
29
39
36
35
36
37
40
39
38
37
34
35
11
36
37
19
37
36
38
39
39
35
36
16
35
39
36
39
39
29
38
34
35
40
16
34
28
27
30
25
39
10
34
34
29
10
40
38
36
34
10
3
33
3
40
35
36
10
34
33
38
24
28
8
40
36
29
38
38
38
31
37
28
30
38
33
10
40
36
40
35
28
37
39
36
29
37
11
28
36
26
31
31
14
36
29
32
36
34
32
36
8
36
36
39
40
10

6	236.0	1.6144067796610169
3	235.0	2.3617021276595747
8	229.0	1.6244541484716157
1	235.0	2.3574468085106384
4	241.0	2.327800829875519
7	233.0	1.5793991416309012
2	240.0	2.3375
9	227.0	1.6387665198237886
5	239.0	2.3472803347280333
10	183.0	1.0
20	177.0	1.0
17	186.0	1.0
25	190.0	1.0
11	187.0	1.0
14	192.0	1.0
19	189.0	1.0
18	184.0	1.0
12	194.0	1.0
16	188.0	1.0
13	183.0	1.0
22	186.0	1.0
23	186.0	1.0
21	186.0	1.0
24	186.0	1.0
15	188.0	1.0
0	233.0	2.3991416309012874
