243

7
3
6
4
7
8
2
9
9
4
8
7
4
9
8
9
2
9
2
3
8
8
3
7
6
7
9
6
6
5
2
5
4
7
7
7
9
7
8
4
9
5
8
4
9
6
4
5
6
2
8
5
3
3
9
6
5
5
8
7
2
2
5
4
8
5
3
6
9
3
7
6
6
6
6
9
8
8
8
8
9
4
5
8
2
6
7
9
7
8
7
5
2
8
9
6
7
7
7
2
8
4
8
4
7
9
9
7
9
7
8
8
7
9
2
8
6
7
6
8
7
2
9
5
8
8
5
8
2
9
8
4
7
9
7
4
9
2
8
9
7
9
7
5
8
2
6
7
6
7
8
8
5
4
9
3
2
2
4
7
6
8
7
8
9
9
3
7
7
6
8
5
9
6
7
8
7
7
8
9
9
2
7
8
9
9
6
7
5
8
6
3
8
3
7
8
7
5
6
7
7
3
7
9
5
5
8
8
4
7
5
7
6
8
8
5
5
8
3
8
7
9
7
4
3
8
2
8
8
5
3
7
7
2
8
7
4
9
9
8
7
8
7

2	112.0	1.0089285714285714
1	114.0	1.0
3	115.0	1.0
10	145.0	1.006896551724138
4	121.0	1.0
6	132.0	1.0227272727272727
8	130.0	1.0076923076923077
9	121.0	1.0082644628099173
5	123.0	1.008130081300813
7	113.0	1.008849557522124
0	203.0	1.5024630541871922
