25

37
35
13
34
25
23
34
29
28
24
31
36
36
5
36
37
38
18
38
33
6
36
37
22
38

3	24.0	2.3333333333333335
1	23.0	2.3043478260869565
5	22.0	2.272727272727273
10	18.0	1.0
4	23.0	2.1739130434782608
6	23.0	1.4782608695652173
7	22.0	1.5909090909090908
12	20.0	1.0
2	24.0	2.25
11	17.0	1.0
9	23.0	1.391304347826087
8	23.0	1.434782608695652
23	19.0	1.0
14	14.0	1.0
15	17.0	1.0
13	20.0	1.0
21	18.0	1.0
24	17.0	1.0
19	16.0	1.0
22	16.0	1.0
25	14.0	1.0
20	18.0	1.0
16	15.0	1.0
17	18.0	1.0
18	18.0	1.0
0	23.0	2.4782608695652173
