250

7
8
6
10
10
5
8
10
8
8
10
8
9
9
9
10
4
8
7
10
9
8
7
9
10
8
9
9
4
9
10
10
9
10
10
10
6
8
10
8
7
9
9
7
8
6
7
10
3
4
10
2
10
10
10
9
6
9
9
2
9
5
8
5
4
6
7
8
9
3
8
4
8
7
5
9
8
9
4
10
10
8
10
3
8
6
4
8
7
10
8
10
8
8
5
6
6
10
7
5
9
7
8
8
10
10
8
9
7
10
10
6
10
10
7
3
10
10
8
6
10
6
10
5
10
7
4
10
9
4
10
8
10
10
9
10
9
6
9
9
8
10
7
10
6
10
5
10
7
9
10
7
7
10
7
7
10
5
7
10
8
9
10
8
7
8
8
7
9
10
4
10
10
10
7
10
8
10
10
10
8
5
10
10
9
2
9
7
3
9
10
8
8
5
7
2
5
6
9
6
10
8
9
8
5
10
6
2
10
8
5
2
8
5
10
9
3
3
4
10
10
9
8
10
9
10
4
9
10
7
10
6
10
10
9
10
6
9
6
4
5
7
6
7
8
8
2
8
6
10

2	174.0	1.0
7	160.0	1.0
1	162.0	1.0061728395061729
6	173.0	1.0
5	159.0	1.0
4	154.0	1.0
3	166.0	1.0
8	156.0	1.0
9	153.0	1.0
10	159.0	1.0
0	194.0	1.6597938144329898
