247

36
7
33
8
24
34
16
37
38
38
32
21
27
26
38
37
8
36
33
34
4
36
37
33
34
33
34
27
35
31
14
29
38
24
28
3
30
35
37
28
36
10
27
38
22
13
34
34
31
32
11
39
35
22
38
34
12
36
30
24
5
30
5
35
8
36
8
15
10
33
28
37
34
35
10
24
17
30
14
3
31
27
37
33
35
9
29
3
36
32
35
37
16
38
37
36
35
29
28
19
39
28
31
38
37
36
28
3
31
23
34
25
37
28
32
24
35
34
24
29
32
37
36
23
32
32
38
23
37
11
34
25
8
6
34
34
32
34
20
4
8
34
13
21
16
31
35
35
38
27
34
16
31
36
38
36
3
35
24
37
23
23
36
33
29
4
34
36
29
2
34
31
22
34
31
36
16
20
37
35
32
23
32
16
35
34
11
32
36
38
20
8
36
13
28
33
4
34
31
38
30
39
37
2
33
34
35
31
23
7
32
37
33
13
38
18
35
35
38
37
37
25
28
29
15
4
35
15
36
39
37
15
37
38
19
38
28
35
7
5
26
36
27
31
27
37
33

7	203.0	1.6354679802955665
9	207.0	1.608695652173913
17	161.0	1.0
12	161.0	1.0
23	174.0	1.0
19	169.0	1.0
20	163.0	1.0
6	182.0	1.7142857142857142
16	158.0	1.0
4	224.0	2.1339285714285716
2	222.0	2.1531531531531534
10	160.0	1.0
11	164.0	1.0
8	200.0	1.62
1	216.0	2.2824074074074074
3	211.0	2.2606635071090047
13	147.0	1.0
5	223.0	2.1614349775784754
15	164.0	1.0
22	160.0	1.0
14	161.0	1.0
21	159.0	1.0
18	157.0	1.0
25	153.0	1.0
24	155.0	1.0
0	221.0	2.244343891402715
