250

11
11
8
11
6
10
9
9
11
7
11
9
10
11
11
11
5
10
8
8
11
11
6
11
11
8
11
11
11
9
11
11
11
9
10
9
11
11
10
10
11
11
10
10
9
7
9
11
11
9
11
3
11
9
11
11
11
10
11
11
9
11
7
11
11
10
5
11
11
10
9
11
8
11
3
11
9
9
11
10
11
11
11
10
11
11
11
10
11
10
11
11
8
11
11
7
11
8
11
9
11
10
11
11
10
9
7
11
9
11
9
11
11
11
11
10
10
11
11
9
11
11
10
11
8
11
11
10
7
10
11
9
9
7
11
11
11
11
11
8
10
10
9
9
11
11
11
11
11
11
8
11
11
11
11
11
9
10
10
11
11
10
11
11
9
9
9
10
11
9
11
10
11
10
11
10
11
11
10
6
11
10
11
10
11
10
11
10
8
10
7
11
11
11
5
6
11
10
11
11
7
11
11
11
10
11
8
11
11
11
11
11
11
10
11
11
10
8
6
8
7
4
10
9
11
11
11
11
8
11
11
5
10
11
11
11
11
11
11
10
11
11
10
11
11
11
9
8
6
11

8	187.0	1.0
5	209.0	1.0
6	198.0	1.0
7	206.0	1.0
4	216.0	1.0
2	204.0	1.0
3	212.0	1.0
1	211.0	1.0
9	207.0	1.0
10	206.0	1.0
0	231.0	1.8354978354978355
