250

18
34
35
32
5
38
20
38
38
22
40
10
36
29
20
24
35
31
8
34
38
38
36
39
32
38
38
34
35
39
9
39
9
38
37
33
39
26
37
19
30
38
36
36
35
10
38
30
39
38
40
14
34
38
39
16
38
27
20
40
38
36
35
39
32
30
40
38
28
12
39
30
30
33
27
37
36
40
16
36
36
24
39
38
27
36
38
31
38
18
36
37
16
34
40
39
39
18
34
38
39
39
23
38
15
36
24
24
39
39
36
36
39
38
38
37
32
34
34
36
29
36
28
37
40
5
35
38
38
40
8
36
36
6
33
32
30
36
36
39
28
21
40
32
39
21
24
38
36
2
5
38
38
38
34
34
35
40
29
25
37
35
39
38
39
36
38
38
36
34
6
38
30
38
9
37
38
37
38
39
37
26
14
40
37
35
3
38
39
38
36
9
21
37
25
40
36
37
36
35
36
39
30
36
38
38
40
25
31
37
39
19
35
33
39
38
24
39
37
28
30
38
39
34
32
38
37
18
34
36
39
37
37
32
39
37
36
39
24
38
36
38
40
33
36
32
16
39
36
28

6	235.0	1.646808510638298
4	240.0	2.35
9	236.0	1.6610169491525424
8	234.0	1.5940170940170941
1	241.0	2.323651452282158
5	237.0	2.4008438818565403
7	232.0	1.5991379310344827
2	240.0	2.4125
3	242.0	2.3181818181818183
15	196.0	1.0
19	207.0	1.0
16	199.0	1.0
21	192.0	1.0
18	191.0	1.0
24	188.0	1.0
12	195.0	1.0
20	194.0	1.0
17	192.0	1.0
11	189.0	1.0
23	194.0	1.0
10	186.0	1.0
25	193.0	1.0
22	203.0	1.0
13	193.0	1.0
14	192.0	1.0
0	238.0	2.4495798319327733
