245

3
5
7
6
8
7
2
3
5
5
8
2
6
6
6
5
7
3
2
9
2
5
3
6
5
9
8
6
9
9
7
9
8
5
8
8
7
3
7
6
9
7
7
6
9
6
9
6
9
8
4
8
4
8
8
8
3
8
6
6
8
5
3
3
9
7
9
3
6
8
8
4
8
4
5
6
2
3
7
7
8
6
6
6
8
3
7
7
7
9
8
5
4
9
6
6
8
3
8
5
5
7
8
5
2
5
8
5
5
3
8
6
2
7
8
8
9
3
2
6
6
6
2
6
2
5
2
7
5
3
4
9
7
8
8
4
9
9
5
4
8
2
9
9
2
6
6
8
8
8
9
8
6
3
9
6
8
4
6
2
8
5
8
5
3
5
7
2
3
5
3
6
7
3
6
8
7
4
7
6
9
7
7
7
7
7
9
7
6
8
8
7
5
6
6
6
9
8
6
6
8
7
8
9
6
4
8
9
9
7
7
8
8
4
6
6
9
7
7
6
7
8
3
9
5
9
2
7
7
9
2
2
9
2
8
2
3
5
2
6
8
6
8
3
5

7	135.0	1.0
4	132.0	1.0151515151515151
6	129.0	1.0
3	136.0	1.0
2	117.0	1.0
1	111.0	1.0
5	127.0	1.0
8	134.0	1.0
9	109.0	1.0
10	109.0	1.0
0	173.0	1.4797687861271676
