25

35
22
10
38
35
35
35
29
32
37
36
35
7
20
31
23
18
25
25
31
28
37
35
16
26

4	23.0	2.3043478260869565
2	25.0	2.16
11	17.0	1.0
9	21.0	1.4761904761904763
12	19.0	1.0
6	22.0	1.5454545454545454
8	21.0	1.619047619047619
17	18.0	1.0
13	19.0	1.0
15	18.0	1.0
7	24.0	1.5833333333333333
3	23.0	2.217391304347826
5	23.0	2.0869565217391304
20	19.0	1.0
16	14.0	1.0
19	14.0	1.0
14	16.0	1.0
10	14.0	1.0
1	22.0	2.0454545454545454
18	17.0	1.0
22	18.0	1.0
24	19.0	1.0
25	16.0	1.0
23	15.0	1.0
21	11.0	1.0
0	23.0	2.130434782608696
