100

40
40
9
40
20
40
26
40
34
41
40
41
41
40
40
24
40
40
40
41
36
37
40
36
40
38
38
33
24
38
36
41
40
40
40
41
40
40
40
36
40
41
40
36
40
40
40
40
41
41
41
41
41
41
40
40
40
40
33
38
40
38
40
40
40
41
40
41
40
36
41
32
40
38
41
40
41
36
40
40
39
32
14
40
41
41
40
38
41
40
40
41
36
34
41
41
40
30
40
38

7	100.0	1.81
1	100.0	2.74
2	100.0	2.71
5	99.0	2.6565656565656566
3	99.0	2.6565656565656566
8	100.0	1.82
4	99.0	2.727272727272727
6	99.0	1.8484848484848484
9	100.0	1.79
23	90.0	1.0
22	92.0	1.0
20	93.0	1.0
14	92.0	1.0
13	86.0	1.0
21	90.0	1.0
16	90.0	1.0
11	94.0	1.0
24	89.0	1.0
15	86.0	1.0
19	92.0	1.0
10	90.0	1.0
12	94.0	1.0
25	90.0	1.0
18	93.0	1.0
17	92.0	1.0
0	99.0	2.808080808080808
