100

31
34
37
36
36
37
31
33
32
4
16
36
38
23
27
6
26
31
37
31
30
24
34
19
37
35
33
37
4
5
37
34
35
20
36
39
35
32
34
29
6
35
13
38
37
32
20
28
21
31
7
24
26
35
28
38
35
33
38
16
24
36
22
4
29
28
34
6
30
32
37
35
29
33
29
29
37
29
30
25
18
33
12
16
10
10
33
21
37
34
20
26
11
34
37
15
36
3
34
33

19	74.0	1.0
12	69.0	1.0
4	90.0	2.1333333333333333
5	88.0	2.090909090909091
9	86.0	1.6046511627906976
7	77.0	1.7012987012987013
17	70.0	1.0
18	71.0	1.0
10	69.0	1.0
11	67.0	1.0
6	84.0	1.5833333333333333
20	72.0	1.0
8	81.0	1.5925925925925926
3	90.0	2.011111111111111
14	56.0	1.0
15	57.0	1.0
13	62.0	1.0
2	92.0	2.152173913043478
16	64.0	1.0
1	94.0	2.095744680851064
24	68.0	1.0
22	65.0	1.0
23	60.0	1.0
21	60.0	1.0
25	63.0	1.0
0	92.0	2.3152173913043477
