250

10
11
10
10
11
10
9
11
5
10
7
6
9
11
9
9
10
11
11
11
11
11
11
9
11
11
9
11
11
8
11
11
11
11
11
11
11
11
11
11
7
11
11
11
10
10
10
8
9
2
6
9
11
11
9
10
9
8
11
10
11
11
11
10
10
10
11
9
11
11
11
11
11
11
11
10
9
11
11
4
11
10
11
11
11
11
9
11
9
10
11
9
10
11
10
11
11
11
11
11
7
6
10
11
10
8
11
10
3
11
11
11
11
11
11
11
10
11
11
11
11
6
11
11
11
11
11
11
5
8
10
11
3
10
11
11
9
3
11
10
7
11
11
11
4
11
11
11
11
11
11
6
11
6
11
11
11
11
10
10
11
11
11
10
11
6
11
10
10
11
11
7
11
10
6
11
11
11
8
11
10
10
11
11
11
11
9
9
10
11
10
10
10
11
8
11
11
10
9
9
10
11
10
9
11
11
11
8
6
11
11
11
3
10
11
10
7
11
10
10
10
11
10
11
10
10
7
11
9
11
9
11
5
11
11
11
10
11
10
11
11
6
9
11
9
11
11
11
11
9

6	203.0	1.0
1	205.0	1.0
8	200.0	1.0
4	195.0	1.0
7	203.0	1.0
5	215.0	1.0
2	213.0	1.0
3	211.0	1.0
10	206.0	1.0
9	204.0	1.0
0	232.0	1.7974137931034482
