249

9
3
7
7
9
5
5
7
8
7
5
3
8
6
8
8
4
7
8
6
6
7
6
7
7
8
9
2
8
8
2
3
3
6
7
8
9
5
9
7
3
5
9
3
8
2
2
5
7
9
8
9
2
7
9
6
3
2
7
9
5
9
8
7
6
3
9
9
7
5
8
3
8
6
6
5
3
8
4
7
9
7
7
4
7
8
6
4
7
7
3
4
4
8
5
4
7
8
6
3
8
6
4
7
7
8
9
8
5
6
7
4
3
5
9
6
4
2
2
8
9
6
3
4
6
4
9
7
4
8
7
6
9
9
8
5
6
9
4
7
5
4
7
9
3
8
6
8
8
3
8
2
7
6
5
9
8
6
2
8
3
2
9
8
3
4
6
8
7
8
4
9
6
3
9
4
8
3
7
3
8
6
5
5
9
8
3
9
3
3
4
4
8
2
8
9
7
4
8
6
7
8
8
7
2
7
2
5
8
7
4
6
3
3
7
5
6
8
4
9
9
8
5
9
8
9
5
5
7
2
7
9
7
7
8
6
3
5
9
8
6
2
9
4
8
9
7
4
6

7	139.0	1.0071942446043165
1	118.0	1.0
8	133.0	1.0075187969924813
3	137.0	1.0
2	126.0	1.0
5	121.0	1.0
4	127.0	1.0
6	128.0	1.015625
10	112.0	1.0
9	129.0	1.0155038759689923
0	174.0	1.4367816091954022
