249

23
34
8
32
29
33
33
36
34
32
18
35
12
35
18
18
37
23
34
25
4
36
36
37
31
35
20
5
7
39
36
16
38
20
12
8
34
28
9
20
31
25
30
35
33
32
15
6
35
35
35
36
31
13
39
31
35
27
37
22
21
34
36
21
35
37
21
5
32
33
39
28
35
32
33
37
32
24
37
31
36
8
32
26
20
22
37
24
35
36
4
11
37
37
31
25
36
37
28
9
28
12
34
7
38
34
10
23
37
34
28
32
19
5
36
25
29
10
4
24
9
17
37
37
34
27
8
27
34
30
3
30
30
32
20
35
24
39
21
20
13
3
38
33
5
38
37
25
36
38
33
35
37
38
34
29
25
32
16
31
34
36
32
29
33
19
7
38
37
5
8
7
36
34
36
29
29
23
31
35
29
24
36
30
31
19
30
32
29
37
35
28
36
3
31
27
23
6
36
34
32
5
18
34
26
33
38
35
28
29
5
30
19
17
37
21
25
32
27
26
29
33
14
33
36
33
28
33
37
18
34
31
34
31
10
34
32
27
38
34
30
38
33
25
24
34
38
37
32

18	162.0	1.0
11	163.0	1.0
6	215.0	1.5255813953488373
21	159.0	1.0
14	159.0	1.0
7	172.0	1.686046511627907
17	144.0	1.0
19	152.0	1.0
5	224.0	2.21875
3	224.0	2.0714285714285716
4	224.0	2.200892857142857
9	216.0	1.5231481481481481
13	159.0	1.0
15	163.0	1.0
2	209.0	2.3444976076555024
10	159.0	1.0
1	228.0	2.1184210526315788
23	152.0	1.0
12	157.0	1.0
16	169.0	1.0
22	173.0	1.0
20	169.0	1.0
8	211.0	1.5450236966824644
24	168.0	1.0
25	178.0	1.0
0	223.0	2.291479820627803
