250

38
39
36
37
22
40
37
29
39
36
36
33
24
37
36
36
28
6
22
39
22
39
38
37
21
31
27
35
37
4
9
36
36
6
35
36
34
38
36
38
10
36
38
38
18
37
39
35
36
39
29
38
37
37
39
11
39
27
35
40
26
39
39
37
36
27
24
39
39
33
35
33
36
38
31
34
33
36
36
38
39
36
38
39
39
37
4
39
38
34
37
36
32
19
9
39
37
30
26
30
39
8
40
18
40
39
39
37
39
30
36
21
30
23
37
38
27
30
38
39
38
18
36
38
34
38
23
16
36
39
39
36
36
31
40
33
22
37
39
14
35
37
28
38
34
36
19
37
37
36
33
38
39
26
29
38
34
27
39
39
36
36
18
35
38
40
19
38
28
34
38
30
38
39
33
39
36
34
38
37
38
38
40
34
22
12
8
38
36
39
27
33
29
36
39
37
39
30
39
29
38
33
38
16
37
22
37
25
38
35
40
7
33
39
40
35
8
38
21
38
37
39
8
38
40
38
39
39
37
13
38
39
29
5
6
35
39
37
38
33
39
34
39
23
38
34
34
40
38
34

12	193.0	1.0
11	199.0	1.0
15	187.0	1.0
4	239.0	2.3723849372384938
14	190.0	1.0
8	235.0	1.6893617021276597
3	240.0	2.4625
10	199.0	1.0
6	220.0	1.6636363636363636
2	241.0	2.4107883817427385
5	244.0	2.4262295081967213
1	244.0	2.401639344262295
16	177.0	1.0
9	233.0	1.6738197424892705
13	186.0	1.0
7	232.0	1.5905172413793103
19	198.0	1.0
24	184.0	1.0
17	187.0	1.0
21	189.0	1.0
20	190.0	1.0
22	195.0	1.0
25	204.0	1.0
18	202.0	1.0
23	201.0	1.0
0	240.0	2.5208333333333335
