25

24
28
30
35
11
11
35
36
30
37
9
35
33
37
2
26
34
35
36
15
16
35
6
31
33

12	17.0	1.0
6	21.0	1.619047619047619
11	17.0	1.0
18	14.0	1.0
19	16.0	1.0
14	15.0	1.0
15	15.0	1.0
1	21.0	2.0952380952380953
8	20.0	1.5
4	21.0	2.142857142857143
9	19.0	1.736842105263158
2	23.0	2.1739130434782608
13	15.0	1.0
21	15.0	1.0
20	18.0	1.0
5	22.0	2.227272727272727
16	17.0	1.0
10	18.0	1.0
17	14.0	1.0
3	21.0	2.2857142857142856
7	17.0	1.588235294117647
22	14.0	1.0
24	13.0	1.0
25	15.0	1.0
23	16.0	1.0
0	23.0	2.217391304347826
