99

32
35
5
37
35
27
3
29
36
34
35
28
38
16
37
28
7
35
37
22
29
35
34
26
20
30
28
28
8
37
30
7
6
6
26
15
37
31
36
37
36
36
5
2
10
31
25
36
33
24
33
37
13
35
30
12
34
36
32
37
14
28
35
36
27
31
30
34
19
22
31
16
37
37
37
22
38
35
31
12
37
36
4
22
25
6
35
36
37
36
33
35
36
30
9
22
4
6
34

1	90.0	2.1
7	84.0	1.4404761904761905
9	85.0	1.4588235294117646
3	90.0	2.111111111111111
5	93.0	2.086021505376344
6	86.0	1.5116279069767442
2	91.0	2.1758241758241756
4	91.0	1.9230769230769231
8	84.0	1.4523809523809523
10	60.0	1.0
13	64.0	1.0
16	69.0	1.0
24	60.0	1.0
20	62.0	1.0
11	58.0	1.0
17	56.0	1.0
15	65.0	1.0
21	65.0	1.0
25	66.0	1.0
18	68.0	1.0
19	60.0	1.0
12	67.0	1.0
22	67.0	1.0
14	60.0	1.0
23	65.0	1.0
0	86.0	2.313953488372093
