250

10
10
4
7
6
3
8
10
2
2
9
9
10
10
2
9
5
8
3
5
10
10
7
7
3
10
10
9
5
4
10
10
6
2
6
6
9
6
4
7
4
9
8
8
5
6
6
10
10
8
9
9
8
7
7
7
10
10
10
8
6
6
10
10
10
9
5
10
7
7
5
7
10
4
3
6
5
4
9
7
2
3
5
5
7
5
6
8
9
9
9
8
10
8
10
8
4
7
7
9
2
10
8
8
3
5
7
3
10
9
4
10
8
9
9
9
8
9
7
9
7
8
10
8
8
9
9
5
5
6
8
9
8
10
7
9
6
10
5
8
8
6
4
5
7
3
10
10
10
5
8
9
10
4
6
9
9
8
7
10
8
8
10
8
10
8
7
10
10
9
4
6
3
8
7
5
8
8
8
9
8
8
10
6
4
7
8
9
10
4
8
10
7
9
2
7
7
2
2
10
8
3
5
6
10
9
6
2
10
9
10
4
9
9
10
7
7
4
9
3
7
5
10
4
10
2
10
10
3
10
8
2
5
9
9
10
8
7
10
7
5
4
7
5
2
10
9
6
9
9

1	147.0	1.0
2	152.0	1.0
7	154.0	1.0
9	152.0	1.0
3	159.0	1.0
8	155.0	1.0
10	141.0	1.0
5	156.0	1.0
4	148.0	1.0
6	146.0	1.0
0	204.0	1.446078431372549
