25

18
38
39
39
9
38
38
37
12
36
30
38
36
38
31
33
36
38
38
37
29
12
36
29
38

5	24.0	2.5416666666666665
7	24.0	1.5416666666666667
13	17.0	1.0
9	24.0	1.6666666666666667
3	24.0	2.375
10	19.0	1.0
11	21.0	1.0
1	24.0	2.4166666666666665
6	23.0	1.608695652173913
12	18.0	1.0
4	24.0	2.4583333333333335
2	23.0	2.4347826086956523
8	23.0	1.7391304347826086
15	20.0	1.0
25	22.0	1.0
21	17.0	1.0
17	19.0	1.0
24	17.0	1.0
23	19.0	1.0
19	19.0	1.0
16	16.0	1.0
18	19.0	1.0
20	18.0	1.0
14	21.0	1.0
22	18.0	1.0
0	24.0	2.4166666666666665
