100

39
35
32
38
36
36
39
7
32
34
35
36
39
30
32
36
36
36
39
23
39
32
39
32
37
27
10
29
11
37
39
38
27
40
36
37
33
29
37
37
25
38
38
2
28
16
38
39
38
33
39
37
38
32
35
23
5
9
39
19
39
25
39
33
6
31
26
30
33
25
36
39
25
39
37
39
38
32
34
27
27
39
38
31
39
38
39
38
35
36
38
38
28
29
38
34
40
39
37
30

16	74.0	1.0
3	94.0	2.3617021276595747
8	93.0	1.6666666666666667
21	74.0	1.0
2	97.0	2.268041237113402
7	90.0	1.6333333333333333
11	71.0	1.0
9	96.0	1.65625
14	76.0	1.0
6	89.0	1.6741573033707866
1	95.0	2.4210526315789473
10	80.0	1.0
15	79.0	1.0
12	77.0	1.0
17	79.0	1.0
4	96.0	2.4166666666666665
18	85.0	1.0
13	71.0	1.0
20	80.0	1.0
19	82.0	1.0
5	92.0	2.5652173913043477
25	77.0	1.0
23	80.0	1.0
24	79.0	1.0
22	76.0	1.0
0	96.0	2.5104166666666665
