250

10
11
11
11
11
11
11
11
11
9
10
9
11
11
8
10
11
11
7
11
11
9
2
11
11
6
9
11
9
10
4
11
11
11
9
11
9
10
11
7
10
8
8
11
11
11
9
10
11
10
11
6
11
11
11
9
6
11
11
10
6
9
8
11
7
11
11
11
10
9
11
10
10
10
7
11
11
11
7
11
5
11
10
11
10
10
11
7
10
10
6
10
10
11
11
11
11
11
11
7
10
6
7
11
11
11
11
11
11
11
7
8
11
10
8
10
11
11
9
9
11
11
11
11
11
6
10
11
11
11
6
11
11
10
11
11
10
11
8
11
11
9
11
10
10
10
11
11
11
8
8
11
10
10
11
10
11
11
11
7
10
11
11
9
9
11
11
11
8
10
10
11
11
11
11
11
11
10
9
11
11
10
11
11
11
11
11
11
11
2
11
11
9
10
10
3
11
10
10
10
5
10
11
11
11
11
11
7
11
11
11
11
11
6
11
11
9
11
9
11
11
7
11
10
10
11
11
11
11
11
11
11
11
11
9
10
11
11
11
11
11
10
9
11
8
9
11
9
11
11

5	210.0	1.0
2	211.0	1.0
4	209.0	1.0
3	205.0	1.0
1	198.0	1.0
6	214.0	1.0
8	206.0	1.0
7	206.0	1.0
10	199.0	1.0
9	204.0	1.0
0	240.0	1.7583333333333333
