248

8
6
6
9
4
8
6
5
9
3
7
3
8
7
9
6
2
5
5
6
8
3
3
6
5
4
9
8
6
7
9
8
9
6
7
7
9
4
8
5
6
7
8
7
7
3
4
9
9
2
2
2
9
2
8
3
9
8
8
7
7
5
6
2
7
2
6
9
6
7
5
6
6
9
5
3
4
7
8
3
6
8
8
5
6
8
9
8
9
4
4
8
8
4
9
6
8
4
9
7
4
9
5
5
4
8
3
8
5
9
8
9
5
8
3
7
8
4
9
3
6
9
4
4
9
8
4
7
9
7
6
4
8
3
3
8
9
3
8
5
5
7
3
9
8
4
6
7
4
4
8
7
8
9
7
3
8
9
6
7
9
6
2
5
2
8
9
7
7
6
9
8
9
8
4
8
8
2
6
8
4
5
9
8
8
6
3
7
4
9
9
7
3
3
7
5
8
9
2
8
9
8
7
8
6
2
8
8
7
9
9
5
5
4
7
6
3
3
5
2
6
4
9
9
8
6
7
9
6
2
2
3
5
3
7
8
4
7
5
9
6
8
9
9
4
6
3
9

8	115.0	1.008695652173913
5	142.0	1.0070422535211268
6	120.0	1.0
7	135.0	1.0
4	136.0	1.0073529411764706
2	122.0	1.0081967213114753
3	124.0	1.0080645161290323
1	137.0	1.0
9	127.0	1.0078740157480315
10	121.0	1.0
0	179.0	1.4804469273743017
