100

35
39
32
40
38
41
41
39
41
37
38
40
40
41
36
39
41
40
40
20
37
41
40
20
40
41
41
40
33
38
41
40
40
29
40
38
41
41
34
40
20
40
40
40
40
41
38
36
24
36
38
40
37
41
34
35
23
40
41
33
40
40
41
41
40
40
41
38
37
41
41
16
21
34
39
41
41
36
38
40
41
38
35
38
41
40
40
35
37
40
33
40
34
26
38
41
40
41
40
40

9	99.0	1.8181818181818181
3	100.0	2.69
14	89.0	1.0
20	90.0	1.0
5	100.0	2.63
6	100.0	1.8
2	99.0	2.6363636363636362
10	89.0	1.0
13	89.0	1.0
7	95.0	1.831578947368421
16	91.0	1.0
12	89.0	1.0
19	88.0	1.0
4	100.0	2.69
1	100.0	2.61
15	84.0	1.0
18	91.0	1.0
8	94.0	1.8829787234042554
11	86.0	1.0
17	88.0	1.0
23	90.0	1.0
22	90.0	1.0
25	90.0	1.0
21	90.0	1.0
24	92.0	1.0
0	99.0	2.7676767676767677
