250

29
35
39
20
35
37
29
26
16
28
27
32
32
36
3
37
38
38
22
17
32
32
36
37
36
29
37
34
11
37
38
13
36
5
37
24
34
29
37
24
31
38
18
37
27
35
37
28
6
18
36
6
31
38
38
34
17
33
27
26
34
34
38
29
6
38
3
12
10
33
32
17
35
29
32
26
33
15
29
22
35
21
38
31
16
37
15
6
31
6
31
34
35
36
33
12
34
28
32
16
33
36
16
37
37
12
5
14
34
37
27
13
34
12
30
21
33
18
25
37
26
36
33
27
29
18
35
35
15
37
37
32
31
16
13
37
27
16
20
25
34
37
29
12
22
34
24
4
28
26
34
29
24
4
10
24
38
35
31
30
7
4
20
37
31
35
33
34
3
6
34
35
12
11
36
21
33
20
34
8
20
23
9
37
34
24
10
37
35
33
24
34
5
29
37
37
37
37
16
29
17
26
31
37
17
35
37
30
4
34
32
37
4
30
30
2
28
36
38
35
38
35
38
32
34
36
15
37
33
22
35
15
34
25
19
35
22
27
13
12
32
15
31
30
26
29
34
14
18
33

5	222.0	2.0945945945945947
10	163.0	1.0
9	208.0	1.4423076923076923
6	213.0	1.4507042253521127
12	167.0	1.0
3	228.0	2.1973684210526314
13	158.0	1.0
1	229.0	2.1615720524017465
4	220.0	2.0727272727272728
7	212.0	1.4764150943396226
2	229.0	2.126637554585153
14	159.0	1.0
11	172.0	1.0
8	213.0	1.5023474178403755
20	179.0	1.0
23	160.0	1.0
16	153.0	1.0
22	154.0	1.0
15	156.0	1.0
18	154.0	1.0
17	153.0	1.0
21	154.0	1.0
25	152.0	1.0
24	143.0	1.0
19	142.0	1.0
0	228.0	2.3201754385964914
