100

36
38
32
40
40
36
41
40
38
36
40
38
40
38
32
38
37
40
34
41
40
34
40
38
41
40
40
28
32
41
41
36
40
41
18
40
12
39
40
34
38
41
40
40
40
41
40
41
38
40
40
40
36
38
40
41
40
40
40
41
40
40
40
40
40
41
40
40
10
40
41
40
40
40
38
40
41
40
32
41
41
40
40
41
41
40
41
40
41
12
40
40
41
40
38
40
41
41
40
40

9	99.0	1.898989898989899
1	100.0	2.73
5	100.0	2.65
3	100.0	2.66
8	100.0	1.78
2	100.0	2.71
6	99.0	1.9292929292929293
4	100.0	2.67
7	99.0	1.8686868686868687
16	96.0	1.0
14	90.0	1.0
21	89.0	1.0
19	90.0	1.0
12	92.0	1.0
10	89.0	1.0
23	91.0	1.0
22	90.0	1.0
17	94.0	1.0
25	89.0	1.0
24	87.0	1.0
15	92.0	1.0
11	92.0	1.0
13	87.0	1.0
20	91.0	1.0
18	88.0	1.0
0	100.0	2.76
