100

41
35
40
40
41
35
40
41
41
38
41
38
40
34
40
41
40
41
40
34
40
38
41
31
41
35
27
41
41
41
41
41
41
36
38
41
34
32
40
40
40
40
40
35
38
12
41
40
7
40
23
41
40
40
38
40
40
41
40
40
40
40
40
38
40
38
41
40
41
40
40
30
8
21
39
38
41
41
40
40
36
40
40
39
12
40
34
39
40
41
40
31
39
40
40
41
40
40
38
37

4	99.0	2.686868686868687
1	100.0	2.71
2	99.0	2.717171717171717
7	99.0	1.8181818181818181
3	100.0	2.64
5	100.0	2.69
6	100.0	1.76
21	92.0	1.0
13	89.0	1.0
23	88.0	1.0
19	86.0	1.0
8	92.0	1.9021739130434783
18	86.0	1.0
14	87.0	1.0
24	87.0	1.0
12	88.0	1.0
10	90.0	1.0
11	89.0	1.0
17	90.0	1.0
25	90.0	1.0
16	87.0	1.0
22	91.0	1.0
9	97.0	1.8144329896907216
15	89.0	1.0
20	90.0	1.0
0	99.0	2.7777777777777777
