250

38
39
40
40
40
39
30
41
27
40
41
41
39
40
41
38
40
40
19
38
24
32
35
30
38
41
39
40
34
40
38
34
40
40
40
40
41
39
40
41
39
40
38
40
40
40
41
41
41
34
32
39
38
9
40
40
34
36
40
40
22
40
9
32
40
40
40
18
41
38
39
38
18
40
38
38
40
34
40
15
40
41
41
41
40
40
28
17
40
40
41
40
39
41
41
34
40
40
39
36
39
40
41
40
40
32
40
40
40
41
38
40
35
14
34
40
30
41
41
38
40
40
40
40
41
41
36
39
34
38
41
41
40
40
40
40
40
40
41
22
40
31
40
40
41
41
38
31
38
40
40
21
41
36
34
40
40
41
40
39
40
41
40
38
41
40
28
40
33
40
40
40
40
6
40
34
40
40
41
40
41
36
33
27
39
40
40
40
40
41
40
32
40
38
41
40
31
38
40
41
41
29
38
40
40
35
36
39
39
40
40
20
40
41
40
40
40
41
38
41
37
41
36
40
28
38
40
40
40
21
40
23
38
34
33
25
41
6
41
15
33
35
37
40
40
40
41
35
40
39

4	248.0	2.661290322580645
7	248.0	1.7741935483870968
5	247.0	2.672064777327935
8	248.0	1.7862903225806452
3	248.0	2.596774193548387
1	247.0	2.6356275303643724
2	250.0	2.572
6	247.0	1.7692307692307692
23	223.0	1.0
16	221.0	1.0
19	223.0	1.0
25	221.0	1.0
9	242.0	1.8512396694214877
17	222.0	1.0
11	214.0	1.0
24	224.0	1.0
14	219.0	1.0
13	209.0	1.0
12	226.0	1.0
20	230.0	1.0
18	230.0	1.0
15	219.0	1.0
10	209.0	1.0
22	209.0	1.0
21	227.0	1.0
0	245.0	2.7387755102040816
