250

25
37
10
37
34
38
37
38
36
34
30
36
13
37
30
20
39
31
36
27
6
38
37
38
33
37
33
33
31
40
38
39
39
21
14
13
37
31
11
22
33
33
38
37
36
34
39
31
37
37
38
37
38
15
40
32
37
30
39
24
23
36
40
22
37
38
37
7
35
39
40
31
39
35
37
39
40
26
39
39
38
9
34
29
25
23
39
25
36
38
3
12
38
39
35
27
37
39
29
37
36
37
37
40
40
36
13
27
39
35
33
37
24
6
37
27
32
12
16
36
30
27
39
39
35
31
10
36
38
32
4
34
31
35
22
38
28
40
39
26
38
30
3
39
34
38
40
38
29
38
39
37
37
39
39
36
31
27
35
25
34
36
38
39
34
34
36
8
40
39
7
28
38
38
35
38
32
31
24
32
37
35
37
38
32
38
32
32
38
32
39
37
30
38
3
33
29
33
30
38
36
34
14
20
35
31
35
39
37
36
38
6
32
20
18
39
39
27
33
30
39
35
38
18
34
38
34
31
35
39
36
36
38
36
33
39
36
38
40
40
36
32
39
35
40
29
35
39
38
34

18	190.0	1.0
11	189.0	1.0
6	236.0	1.6440677966101696
21	187.0	1.0
14	190.0	1.0
7	200.0	1.79
17	183.0	1.0
19	186.0	1.0
5	240.0	2.4166666666666665
3	239.0	2.309623430962343
4	238.0	2.457983193277311
9	234.0	1.6794871794871795
13	187.0	1.0
15	192.0	1.0
2	230.0	2.5043478260869567
10	188.0	1.0
1	239.0	2.3807531380753137
23	182.0	1.0
12	186.0	1.0
16	199.0	1.0
22	199.0	1.0
20	194.0	1.0
8	235.0	1.6382978723404256
24	203.0	1.0
25	201.0	1.0
0	233.0	2.51931330472103
