250

9
10
7
8
9
9
8
8
8
10
10
9
5
5
9
10
10
10
9
5
2
10
9
4
10
6
9
4
6
9
9
6
7
7
10
10
10
8
7
4
7
9
9
8
7
8
6
10
9
7
10
7
4
9
9
7
8
10
10
10
10
9
10
10
8
2
10
9
7
8
7
6
9
6
9
9
9
6
10
9
10
10
10
10
7
3
9
9
9
5
3
8
9
9
5
7
8
9
4
10
7
10
10
9
6
7
2
4
2
10
10
9
10
3
10
7
8
10
4
9
2
10
10
9
6
9
9
8
8
10
7
4
2
7
9
2
6
9
9
10
8
8
8
8
3
9
10
7
10
9
9
9
9
8
9
10
4
7
8
2
6
10
3
6
8
6
10
4
10
9
7
8
2
2
8
7
10
6
10
2
2
10
7
8
9
9
3
3
3
10
10
6
10
6
4
3
9
10
6
10
6
6
9
8
6
9
3
9
9
8
9
7
10
9
9
6
10
5
10
10
6
10
9
8
4
10
7
9
10
7
10
3
10
6
9
7
7
7
6
4
2
9
9
9
8
8
10
6
8
5

1	162.0	1.0061728395061729
3	148.0	1.0
2	155.0	1.0
5	170.0	1.0
4	166.0	1.0
6	168.0	1.0
7	159.0	1.0
9	149.0	1.0
8	143.0	1.0
10	151.0	1.0
0	204.0	1.5931372549019607
