98

23
37
28
27
37
14
32
21
35
35
21
13
33
21
27
27
37
16
32
38
16
32
37
36
35
27
35
37
35
24
3
36
25
28
32
31
35
36
32
38
23
21
24
20
31
35
15
35
34
29
35
33
3
18
8
37
19
32
34
35
6
36
19
28
23
27
35
2
27
37
28
34
17
16
36
38
37
8
38
36
38
15
30
35
34
34
15
32
18
31
34
24
3
29
36
9
19
7

2	90.0	2.033333333333333
3	92.0	2.032608695652174
4	87.0	1.9770114942528736
1	90.0	2.0444444444444443
20	58.0	1.0
18	72.0	1.0
19	66.0	1.0
8	82.0	1.5853658536585367
6	80.0	1.5625
7	79.0	1.5569620253164558
12	64.0	1.0
16	61.0	1.0
14	61.0	1.0
11	64.0	1.0
22	65.0	1.0
13	66.0	1.0
10	64.0	1.0
9	84.0	1.5833333333333333
15	65.0	1.0
23	71.0	1.0
21	68.0	1.0
25	68.0	1.0
5	86.0	2.2790697674418605
17	67.0	1.0
24	58.0	1.0
0	87.0	2.1264367816091956
