245

8
5
9
4
5
4
8
9
6
9
9
2
7
9
9
6
8
7
8
9
5
8
7
3
5
2
2
3
2
8
5
2
8
8
8
8
2
8
6
2
2
8
9
8
4
8
8
8
4
2
3
8
3
3
7
8
2
9
6
2
6
3
9
9
7
6
7
7
2
9
4
8
8
9
7
8
4
9
4
4
2
9
4
9
6
9
8
3
9
4
9
3
8
4
9
5
4
4
2
7
8
7
6
3
2
6
9
8
9
8
5
8
8
5
6
9
4
8
6
8
5
9
9
4
5
9
6
8
4
5
8
4
7
8
9
8
7
8
2
5
9
7
7
9
3
9
6
5
8
9
8
6
6
4
4
8
2
6
3
3
9
8
7
8
5
9
4
2
9
7
9
9
9
8
8
8
6
3
6
8
7
5
7
8
3
4
6
9
3
7
8
5
5
7
8
2
5
6
4
7
3
8
2
7
6
6
6
3
8
7
8
9
5
9
9
8
5
5
4
8
6
5
7
8
4
6
7
3
7
2
6
3
3
6
3
8
5
7
7
2
6
7
2
9
3

2	118.0	1.0
3	105.0	1.019047619047619
5	119.0	1.0
6	119.0	1.0
4	116.0	1.0086206896551724
1	140.0	1.0071428571428571
7	147.0	1.0
8	114.0	1.0
9	109.0	1.0
10	135.0	1.0
0	180.0	1.5444444444444445
