250

10
10
8
8
9
8
7
7
10
4
9
10
6
8
10
6
9
2
10
8
10
8
7
8
10
3
6
8
5
9
10
10
3
10
10
9
6
5
10
3
10
10
10
8
7
7
9
9
10
2
5
10
10
10
10
8
10
8
10
7
9
10
10
10
7
8
8
2
10
5
8
10
8
2
8
10
8
8
10
10
8
9
8
10
9
9
9
7
9
5
4
5
9
7
3
7
10
10
3
9
4
10
9
10
4
9
10
6
10
9
10
10
8
10
6
9
9
10
9
5
8
9
7
8
9
7
5
8
9
8
6
4
10
9
9
10
3
8
8
9
10
7
6
5
7
6
3
10
10
9
10
6
10
10
9
9
9
8
9
10
9
4
10
10
10
8
8
10
10
8
8
9
7
10
7
5
10
10
5
10
4
2
6
9
7
10
8
10
10
9
10
9
10
10
9
9
10
9
10
10
10
4
10
9
7
10
8
6
10
9
10
10
4
10
8
9
9
9
8
8
8
7
8
9
9
10
7
6
9
10
4
10
2
9
8
10
6
6
10
10
10
4
9
4
10
9
9
2
7
5

3	182.0	1.0054945054945055
4	167.0	1.0
7	162.0	1.0
6	161.0	1.0
5	169.0	1.0
2	166.0	1.0
8	168.0	1.0
9	165.0	1.0
1	169.0	1.0
10	166.0	1.0
0	189.0	1.7566137566137565
