100

32
36
38
36
36
36
6
11
39
34
39
24
2
33
27
39
34
35
36
31
22
34
38
36
37
39
37
37
34
29
39
4
37
39
39
37
35
40
38
39
38
26
37
13
35
13
33
37
23
32
14
35
38
39
38
39
15
29
31
36
28
28
38
31
38
37
32
37
39
27
30
37
37
39
37
40
35
23
25
39
33
38
39
29
39
29
28
13
33
28
36
39
5
36
38
36
36
33
15
19

3	95.0	2.305263157894737
4	98.0	2.357142857142857
6	93.0	1.6774193548387097
1	98.0	2.377551020408163
5	95.0	2.389473684210526
2	96.0	2.2916666666666665
8	91.0	1.6703296703296704
11	78.0	1.0
22	77.0	1.0
14	76.0	1.0
15	77.0	1.0
23	74.0	1.0
17	72.0	1.0
16	78.0	1.0
7	87.0	1.7011494252873562
12	72.0	1.0
13	71.0	1.0
10	78.0	1.0
24	80.0	1.0
21	78.0	1.0
19	71.0	1.0
20	75.0	1.0
18	71.0	1.0
9	84.0	1.7380952380952381
25	75.0	1.0
0	94.0	2.5425531914893615
