250

27
38
34
23
32
37
32
36
36
13
26
35
36
34
35
34
33
16
35
6
7
33
31
30
10
37
36
35
32
3
38
38
38
21
22
23
31
22
27
38
26
37
36
33
24
32
7
35
34
37
32
35
39
33
24
37
37
28
22
37
30
33
25
30
29
25
30
37
22
37
37
24
28
2
6
35
36
29
10
37
34
32
25
30
18
37
28
37
25
30
37
36
27
11
33
33
28
32
30
33
26
2
29
29
35
36
34
30
4
25
35
21
33
31
38
25
30
17
37
2
32
33
16
28
26
32
37
36
37
36
33
37
37
31
34
34
38
17
33
35
37
33
22
38
36
6
28
12
23
34
11
37
15
28
30
34
3
16
29
29
38
35
6
36
37
27
34
37
31
28
16
34
17
37
23
32
38
32
33
34
37
29
33
32
31
32
14
3
37
11
31
25
12
37
31
31
35
25
6
35
30
37
38
5
34
33
10
25
33
26
37
33
23
30
36
9
23
38
37
20
32
25
28
32
37
33
27
33
27
35
34
27
35
37
37
14
22
32
37
4
35
34
28
39
30
20
4
28
9
34

7	210.0	1.619047619047619
3	235.0	2.119148936170213
6	218.0	1.6055045871559632
15	169.0	1.0
12	171.0	1.0
10	169.0	1.0
17	170.0	1.0
16	184.0	1.0
19	176.0	1.0
13	167.0	1.0
14	169.0	1.0
9	207.0	1.6570048309178744
1	229.0	2.1528384279475983
11	174.0	1.0
8	197.0	1.715736040609137
18	177.0	1.0
4	232.0	2.146551724137931
2	232.0	2.25
5	229.0	2.2401746724890828
23	167.0	1.0
20	168.0	1.0
25	161.0	1.0
21	155.0	1.0
24	152.0	1.0
22	161.0	1.0
0	222.0	2.3783783783783785
