99

15
37
36
34
22
26
16
29
18
34
36
32
33
33
25
11
34
37
37
38
27
35
30
38
28
22
33
35
33
34
36
18
27
20
24
37
5
34
21
19
34
14
35
34
30
36
34
17
36
37
16
3
36
35
20
36
35
32
35
37
30
32
29
30
32
7
10
36
38
3
38
30
33
32
37
21
36
34
38
36
37
35
34
38
36
32
27
22
17
21
38
21
32
31
36
27
33
37
3

3	94.0	2.1702127659574466
1	90.0	2.2555555555555555
2	90.0	2.4444444444444446
9	88.0	1.5681818181818181
21	70.0	1.0
23	64.0	1.0
18	68.0	1.0
14	74.0	1.0
13	70.0	1.0
15	68.0	1.0
10	67.0	1.0
20	70.0	1.0
4	93.0	2.3118279569892475
22	73.0	1.0
12	73.0	1.0
5	91.0	2.1648351648351647
17	66.0	1.0
7	81.0	1.7037037037037037
25	60.0	1.0
16	63.0	1.0
11	64.0	1.0
8	86.0	1.569767441860465
24	68.0	1.0
6	78.0	1.6153846153846154
19	68.0	1.0
0	89.0	2.337078651685393
