250

6
9
4
6
6
9
5
9
8
6
2
9
6
8
2
9
2
2
3
2
9
6
3
8
8
9
2
3
9
7
8
3
4
8
2
7
3
2
6
2
3
2
2
5
3
7
9
5
9
8
9
9
9
2
4
9
6
8
5
7
8
4
9
3
8
6
2
5
2
4
7
6
4
7
7
6
3
8
8
2
4
8
8
9
4
3
7
9
4
2
8
3
8
8
6
8
4
9
7
8
8
9
7
4
8
2
9
8
5
6
8
6
2
3
3
7
2
8
4
9
8
5
8
2
6
8
6
6
5
8
9
5
8
5
5
9
8
5
7
4
4
6
7
7
6
3
9
2
3
6
8
6
6
9
7
8
6
5
4
8
8
5
7
9
5
8
9
9
6
5
4
6
4
9
8
2
6
2
9
8
4
8
9
9
9
3
2
4
7
7
9
5
4
5
4
8
9
9
7
4
2
7
7
6
6
2
3
6
2
8
3
9
6
7
3
9
5
3
5
8
8
6
2
3
6
5
5
8
7
6
6
9
4
2
9
2
8
4
9
7
8
8
8
3
8
8
9
2
6
6

2	96.0	1.0
1	110.0	1.0
3	106.0	1.009433962264151
9	123.0	1.008130081300813
4	143.0	1.0
5	152.0	1.0
6	121.0	1.0
7	124.0	1.0
8	114.0	1.0
10	131.0	1.0
0	196.0	1.3571428571428572
