250

11
10
8
11
11
11
10
10
11
11
5
10
11
9
11
11
11
8
11
10
11
11
11
11
11
11
10
3
11
9
10
4
11
9
11
11
11
11
10
5
11
10
6
10
10
11
11
9
10
9
11
10
11
6
11
10
11
11
9
8
8
11
11
10
11
8
11
10
8
11
4
11
8
4
10
11
9
11
11
11
10
10
11
11
11
11
11
8
11
10
10
10
6
10
10
4
11
3
11
4
7
11
9
11
11
11
11
11
10
11
11
11
11
10
11
10
11
11
11
11
9
11
11
10
9
11
3
4
9
10
11
11
11
2
10
9
9
10
10
11
10
11
10
11
11
10
11
10
10
11
11
11
7
11
10
11
10
11
10
11
11
10
11
8
10
8
11
7
11
8
11
3
8
8
11
11
11
7
11
11
11
11
8
11
11
8
11
11
11
11
8
8
9
7
7
10
2
11
8
9
11
9
11
11
11
11
11
11
11
11
11
11
11
11
11
6
10
10
7
11
11
10
10
11
11
11
9
11
11
11
11
7
5
11
11
8
11
11
11
10
9
11
11
11
3
11
11
10
11
11

2	199.0	1.0
3	191.0	1.0
1	204.0	1.0
4	202.0	1.0
8	211.0	1.0
7	208.0	1.0
6	203.0	1.0
10	201.0	1.0
5	200.0	1.0
9	200.0	1.0
0	238.0	1.7605042016806722
