250

38
11
4
39
40
21
29
37
8
39
39
39
39
38
18
38
37
38
21
23
2
39
20
28
36
38
5
38
36
8
12
36
40
34
36
38
20
37
37
13
40
34
37
11
39
32
20
36
36
39
40
20
38
38
34
3
38
33
40
37
36
38
38
35
37
36
10
33
32
39
9
37
21
37
39
21
5
34
28
39
21
16
38
36
30
32
17
35
28
34
37
37
40
38
39
20
32
8
8
33
37
35
37
39
39
40
5
39
39
38
37
39
11
36
38
32
21
31
34
33
33
34
37
40
21
30
38
39
37
30
16
29
38
35
32
32
32
34
38
39
31
38
37
35
37
33
37
19
38
36
32
39
39
32
36
37
34
9
33
27
36
36
28
39
28
18
38
32
39
34
35
37
22
36
17
21
23
38
29
40
27
21
36
33
36
38
38
39
26
30
38
36
38
35
35
35
37
36
36
39
32
37
30
39
38
17
36
30
35
27
38
38
40
3
35
38
36
36
12
19
12
36
8
34
5
10
35
21
36
37
13
30
39
39
12
38
8
22
39
39
35
39
14
34
5
39
35
36
38
28

3	237.0	2.308016877637131
9	230.0	1.5739130434782609
11	178.0	1.0
7	233.0	1.5493562231759657
15	188.0	1.0
12	192.0	1.0
8	228.0	1.6228070175438596
4	233.0	2.369098712446352
2	236.0	2.3686440677966103
13	184.0	1.0
5	237.0	2.3417721518987342
10	187.0	1.0
6	229.0	1.6288209606986899
1	231.0	2.380952380952381
14	187.0	1.0
24	179.0	1.0
25	181.0	1.0
22	178.0	1.0
19	184.0	1.0
17	182.0	1.0
23	172.0	1.0
16	182.0	1.0
20	174.0	1.0
18	185.0	1.0
21	188.0	1.0
0	233.0	2.390557939914163
