250

9
10
9
9
10
8
8
10
3
9
5
4
8
10
8
8
8
10
9
10
9
7
7
6
10
7
8
10
9
7
10
3
10
10
10
10
9
10
9
8
6
10
10
8
9
8
8
4
8
2
5
8
10
10
8
9
8
7
10
9
10
9
10
9
5
8
7
8
10
10
9
10
10
9
3
9
8
10
10
3
9
9
8
10
10
10
6
9
8
8
7
8
9
7
9
10
9
3
10
10
4
5
9
10
7
6
10
8
2
10
9
10
7
7
8
8
9
10
9
10
8
5
6
10
10
10
9
10
4
5
9
4
2
9
8
10
8
2
10
9
6
10
9
9
3
9
10
3
9
9
10
2
10
5
10
10
8
7
9
7
10
10
10
8
9
5
9
9
9
9
2
6
10
9
5
7
5
10
7
8
8
9
9
8
10
9
6
8
7
7
9
9
5
10
7
10
9
9
8
8
9
10
4
8
10
10
10
7
5
10
9
9
2
7
10
7
6
6
9
8
8
5
9
9
9
8
6
10
7
9
8
8
3
9
10
5
9
10
9
9
9
4
8
10
8
4
10
10
4
7

6	174.0	1.0
1	165.0	1.0
8	158.0	1.0
4	152.0	1.0
7	155.0	1.0
5	174.0	1.0
2	178.0	1.0056179775280898
3	177.0	1.0
10	164.0	1.0
9	161.0	1.0
0	214.0	1.5934579439252337
