250

40
41
41
39
41
31
41
34
39
40
40
29
37
34
27
38
40
40
38
39
40
39
17
38
37
38
40
41
30
37
40
41
40
41
30
40
27
40
40
40
38
27
41
39
36
30
40
37
27
41
40
40
40
41
38
40
35
40
38
39
38
28
33
36
40
40
39
40
40
6
41
40
41
28
40
27
40
40
36
41
40
41
36
40
41
34
38
40
40
40
30
41
38
40
37
27
34
40
38
41
39
41
40
40
38
40
32
40
34
38
40
40
40
37
41
40
41
37
40
40
40
41
40
40
41
33
41
32
40
40
36
40
39
24
41
41
40
39
38
40
41
38
41
40
40
40
40
41
40
38
14
40
41
40
41
41
41
40
35
38
40
23
41
41
40
39
36
40
40
38
34
28
35
27
38
41
36
40
40
41
37
40
41
40
41
41
40
41
41
41
40
40
38
41
30
37
40
40
39
36
41
39
36
37
34
39
34
39
41
3
36
40
41
40
32
40
40
40
40
40
41
38
12
36
40
38
37
40
40
33
41
40
38
41
37
41
39
37
39
18
40
37
36
17
41
40
39
40
41
38

2	248.0	2.661290322580645
16	226.0	1.0
3	246.0	2.7154471544715446
13	223.0	1.0
9	246.0	1.7886178861788617
14	227.0	1.0
1	247.0	2.700404858299595
17	235.0	1.0
10	224.0	1.0
4	249.0	2.751004016064257
5	249.0	2.6867469879518073
18	219.0	1.0
6	242.0	1.8553719008264462
12	221.0	1.0
15	227.0	1.0
7	247.0	1.854251012145749
8	238.0	1.8445378151260505
11	233.0	1.0
25	219.0	1.0
21	212.0	1.0
23	221.0	1.0
19	214.0	1.0
22	211.0	1.0
20	215.0	1.0
24	230.0	1.0
0	247.0	2.7246963562753037
