99

29
30
37
35
30
33
33
29
31
6
32
37
27
36
37
26
36
35
35
35
27
33
37
4
34
12
31
6
17
30
36
37
32
14
18
36
21
37
32
35
37
10
28
36
20
31
33
33
32
23
32
25
29
30
37
34
23
17
22
9
32
30
29
9
35
37
35
23
28
26
33
33
15
34
34
37
35
38
34
4
16
35
32
34
29
37
38
35
6
30
26
27
30
20
37
32
37
38
37

4	94.0	2.1382978723404253
5	91.0	2.098901098901099
3	92.0	2.4130434782608696
12	73.0	1.0
14	62.0	1.0
2	94.0	2.1914893617021276
11	67.0	1.0
9	89.0	1.4606741573033708
13	75.0	1.0
1	97.0	2.134020618556701
6	88.0	1.5454545454545454
10	63.0	1.0
8	90.0	1.5222222222222221
7	92.0	1.4673913043478262
18	67.0	1.0
22	71.0	1.0
20	69.0	1.0
24	67.0	1.0
21	72.0	1.0
16	67.0	1.0
19	65.0	1.0
17	66.0	1.0
15	61.0	1.0
25	62.0	1.0
23	73.0	1.0
0	95.0	2.221052631578947
