100

11
35
26
38
36
31
4
36
38
31
32
9
34
24
32
32
34
36
35
32
38
22
38
33
7
30
31
30
33
38
36
37
37
33
35
6
9
34
27
18
17
38
29
32
39
21
11
30
29
31
5
29
26
8
37
29
37
34
36
19
25
36
34
37
36
35
2
32
30
31
33
28
38
30
21
30
18
38
19
35
26
34
23
17
34
33
29
38
33
33
29
36
36
31
27
37
37
37
35
27

2	94.0	2.3191489361702127
7	88.0	1.6022727272727273
3	95.0	2.210526315789474
6	90.0	1.5777777777777777
1	94.0	2.117021276595745
5	95.0	2.1789473684210527
8	85.0	1.5529411764705883
4	95.0	2.221052631578947
15	70.0	1.0
16	65.0	1.0
13	72.0	1.0
18	65.0	1.0
23	67.0	1.0
25	71.0	1.0
10	70.0	1.0
24	72.0	1.0
14	72.0	1.0
17	70.0	1.0
20	67.0	1.0
12	80.0	1.0
9	85.0	1.576470588235294
21	65.0	1.0
19	66.0	1.0
11	69.0	1.0
22	68.0	1.0
0	93.0	2.2795698924731185
