250

10
9
4
3
9
7
8
8
10
8
7
10
7
7
9
8
7
9
9
10
4
7
9
9
3
6
10
7
8
8
8
6
3
8
10
9
10
9
8
10
4
3
9
9
5
10
7
6
9
10
10
8
7
2
7
5
8
5
9
9
10
10
5
4
5
9
10
10
5
10
10
5
2
9
9
7
9
9
7
8
6
9
10
5
9
8
10
10
10
10
8
9
6
10
5
9
6
10
3
8
10
7
9
6
10
8
5
10
10
9
10
2
7
9
9
10
9
10
5
6
2
5
10
8
10
9
3
10
9
3
8
10
10
9
10
10
9
9
10
7
7
10
9
8
10
6
6
9
8
9
10
9
5
8
10
5
10
10
5
9
9
10
10
8
9
7
3
8
10
5
5
10
9
10
9
10
10
9
9
10
7
10
3
10
10
10
6
10
10
8
10
5
9
6
10
5
7
9
5
10
7
5
8
10
7
9
9
7
6
10
9
10
9
10
9
6
8
9
7
6
10
7
9
10
5
10
7
9
8
9
5
10
8
7
9
9
10
9
10
9
9
9
10
8
10
8
7
9
6
2

2	166.0	1.0
3	161.0	1.0
1	162.0	1.0
4	147.0	1.0
8	175.0	1.0
7	174.0	1.0057471264367817
6	175.0	1.0
10	167.0	1.0
5	163.0	1.0
9	155.0	1.0
0	223.0	1.547085201793722
