99

22
33
31
34
28
14
38
33
5
23
30
12
31
31
20
23
33
35
37
36
33
31
36
36
32
9
15
25
35
36
38
35
36
30
34
36
35
3
23
38
22
35
24
4
37
34
23
37
11
33
11
9
36
34
6
30
31
34
31
21
27
35
37
33
30
33
29
36
30
29
26
33
26
27
38
30
36
6
34
37
34
12
3
31
20
34
36
34
6
33
35
28
19
32
22
24
36
16
36

5	93.0	2.064516129032258
3	90.0	2.111111111111111
1	91.0	2.142857142857143
2	89.0	2.157303370786517
4	90.0	2.1666666666666665
11	75.0	1.0
18	68.0	1.0
10	70.0	1.0
12	69.0	1.0
23	67.0	1.0
15	69.0	1.0
17	64.0	1.0
21	62.0	1.0
16	65.0	1.0
13	63.0	1.0
19	63.0	1.0
6	79.0	1.7088607594936709
7	86.0	1.5116279069767442
8	83.0	1.5180722891566265
20	64.0	1.0
9	84.0	1.5119047619047619
22	65.0	1.0
14	61.0	1.0
24	73.0	1.0
25	66.0	1.0
0	92.0	2.2282608695652173
