100

38
36
38
7
38
40
34
38
38
18
39
27
31
38
37
31
27
38
39
39
35
38
37
38
26
35
36
34
38
34
26
30
39
39
38
20
21
36
39
17
21
35
30
39
39
16
40
32
19
39
39
38
35
38
37
39
32
38
30
34
39
4
35
34
28
39
35
33
36
34
34
33
32
38
40
36
33
33
40
39
18
37
33
38
8
34
38
5
24
39
30
36
16
32
38
19
36
34
37
31

14	82.0	1.0
8	93.0	1.7526881720430108
9	95.0	1.6
10	80.0	1.0
5	96.0	2.3020833333333335
3	99.0	2.474747474747475
12	83.0	1.0
4	97.0	2.515463917525773
1	97.0	2.381443298969072
2	100.0	2.25
7	95.0	1.6842105263157894
11	83.0	1.0
6	97.0	1.597938144329897
13	87.0	1.0
24	79.0	1.0
19	74.0	1.0
18	86.0	1.0
20	69.0	1.0
17	76.0	1.0
15	72.0	1.0
22	67.0	1.0
21	69.0	1.0
16	74.0	1.0
25	66.0	1.0
23	74.0	1.0
0	96.0	2.4791666666666665
