250

39
40
40
41
32
38
40
40
41
40
40
39
39
23
39
40
41
40
41
38
40
41
40
40
30
36
40
40
36
37
40
40
41
34
41
40
40
41
41
40
36
40
29
40
39
24
40
40
34
40
40
40
40
8
25
40
36
40
40
40
39
32
36
41
41
41
38
40
40
19
40
39
40
40
36
40
39
41
40
41
38
40
40
40
37
40
38
37
40
39
38
39
36
41
30
39
5
39
34
40
40
41
36
41
41
40
32
36
40
41
40
40
41
40
41
40
39
41
28
41
40
40
18
39
40
41
40
40
36
4
40
40
40
40
41
37
32
41
19
40
41
40
25
36
41
40
6
39
39
40
6
38
40
40
39
41
40
37
40
41
40
40
17
40
39
41
40
40
41
39
41
22
39
40
36
40
41
40
41
40
41
38
36
40
40
35
40
40
40
40
40
40
40
39
36
40
39
41
24
40
40
34
40
40
41
23
41
38
37
40
38
35
40
38
41
37
40
40
38
38
40
23
40
41
40
34
41
41
40
40
40
30
41
41
41
40
40
41
41
40
41
41
41
34
39
34
40
40
34
40

5	246.0	2.7398373983739837
4	247.0	2.6801619433198383
13	222.0	1.0
7	246.0	1.8130081300813008
10	218.0	1.0
9	246.0	1.7926829268292683
2	246.0	2.7113821138211383
15	223.0	1.0
16	227.0	1.0
12	220.0	1.0
6	240.0	1.8833333333333333
3	247.0	2.6963562753036436
11	233.0	1.0
14	225.0	1.0
8	244.0	1.8278688524590163
1	247.0	2.7975708502024292
20	223.0	1.0
18	222.0	1.0
23	221.0	1.0
22	225.0	1.0
21	226.0	1.0
17	228.0	1.0
19	223.0	1.0
25	224.0	1.0
24	214.0	1.0
0	246.0	2.7398373983739837
