99

35
34
39
38
9
31
36
27
17
3
25
37
30
26
4
35
27
34
18
10
21
24
32
31
34
37
29
34
38
37
38
35
33
35
22
32
36
34
10
19
24
30
3
21
36
37
23
31
18
14
36
37
24
14
38
20
29
31
22
33
37
37
6
30
22
35
31
21
27
3
38
36
5
30
36
19
25
35
36
35
23
14
37
38
26
35
33
5
36
36
37
27
37
25
15
37
19
35
33

15	71.0	1.0
3	90.0	2.1222222222222222
7	88.0	1.5
12	65.0	1.0
2	88.0	2.2045454545454546
13	65.0	1.0
10	70.0	1.0
4	83.0	2.3012048192771086
14	66.0	1.0
1	92.0	1.9782608695652173
5	95.0	2.126315789473684
6	87.0	1.6436781609195403
11	61.0	1.0
8	90.0	1.488888888888889
16	66.0	1.0
9	86.0	1.4651162790697674
23	63.0	1.0
19	61.0	1.0
21	66.0	1.0
17	62.0	1.0
20	65.0	1.0
22	58.0	1.0
24	61.0	1.0
18	69.0	1.0
25	68.0	1.0
0	91.0	2.2747252747252746
