25

25
40
40
39
38
40
40
40
41
39
41
38
41
36
41
19
40
23
41
21
40
4
41
41
38

3	23.0	2.5652173913043477
11	23.0	1.0
17	22.0	1.0
6	24.0	1.7916666666666667
8	24.0	1.8333333333333333
21	23.0	1.0
7	24.0	1.8333333333333333
18	23.0	1.0
12	24.0	1.0
2	24.0	2.8333333333333335
19	21.0	1.0
5	25.0	2.68
15	24.0	1.0
4	24.0	2.4166666666666665
20	24.0	1.0
9	23.0	1.7826086956521738
1	24.0	2.875
10	17.0	1.0
14	16.0	1.0
13	18.0	1.0
16	19.0	1.0
24	20.0	1.0
25	20.0	1.0
22	20.0	1.0
23	19.0	1.0
0	24.0	2.5416666666666665
