247

35
36
31
38
37
33
24
33
19
8
37
11
29
30
30
7
8
37
33
34
2
37
34
29
24
26
34
36
34
36
36
31
31
11
29
27
20
34
37
37
29
36
26
17
36
34
4
10
32
3
32
35
35
32
38
3
8
27
36
31
3
11
34
32
21
4
36
35
29
34
25
31
30
32
38
21
37
34
26
37
28
25
34
21
24
29
37
29
10
35
38
35
36
35
37
5
38
30
26
37
20
37
9
37
37
3
2
38
37
20
36
33
36
33
35
11
17
36
33
32
13
17
36
38
20
30
32
35
31
38
37
15
15
5
32
27
13
22
34
25
23
7
37
31
4
11
15
38
34
33
37
15
38
28
36
20
14
35
29
38
36
38
31
34
3
28
32
34
32
24
36
8
4
3
21
28
27
33
20
24
34
8
32
18
29
38
28
35
31
34
23
23
33
32
29
21
29
12
29
31
12
29
36
30
33
37
33
36
7
35
37
26
30
32
23
38
29
33
33
35
28
12
32
34
37
17
5
36
27
12
38
38
26
39
8
37
25
34
38
35
23
36
35
15
32
5
31

8	211.0	1.4691943127962086
1	227.0	2.211453744493392
10	165.0	1.0
11	168.0	1.0
6	210.0	1.4761904761904763
5	223.0	2.1524663677130045
12	168.0	1.0
7	223.0	1.5650224215246638
13	161.0	1.0
2	222.0	2.189189189189189
3	223.0	2.210762331838565
4	223.0	2.1569506726457397
9	209.0	1.4641148325358853
23	172.0	1.0
17	165.0	1.0
14	174.0	1.0
15	156.0	1.0
20	155.0	1.0
19	138.0	1.0
16	140.0	1.0
18	144.0	1.0
24	141.0	1.0
25	156.0	1.0
22	161.0	1.0
21	165.0	1.0
0	221.0	2.244343891402715
