25

35
34
17
9
37
36
34
35
27
39
34
19
39
34
39
15
35
40
30
38
39
34
33
38
38

1	22.0	2.590909090909091
7	21.0	1.7142857142857142
6	22.0	1.6818181818181819
18	18.0	1.0
2	24.0	2.625
19	21.0	1.0
21	21.0	1.0
24	22.0	1.0
12	21.0	1.0
14	20.0	1.0
16	19.0	1.0
15	20.0	1.0
20	22.0	1.0
9	22.0	1.7727272727272727
10	18.0	1.0
5	24.0	2.4166666666666665
17	15.0	1.0
23	16.0	1.0
11	16.0	1.0
4	25.0	2.32
8	22.0	1.5909090909090908
3	23.0	2.5217391304347827
22	19.0	1.0
25	19.0	1.0
13	22.0	1.0
0	24.0	2.4166666666666665
