250

10
10
9
10
10
7
9
10
3
9
8
10
8
8
10
10
7
8
9
10
6
10
6
5
10
5
9
10
10
8
9
8
7
10
10
5
9
8
2
9
10
10
10
5
3
5
9
9
7
4
10
8
6
8
9
6
10
10
7
2
10
6
7
9
9
3
9
10
7
7
2
10
8
2
9
10
8
10
9
10
9
10
10
9
3
8
10
9
10
10
9
10
9
3
9
3
10
2
9
5
10
10
9
7
9
4
9
9
7
8
8
10
2
10
9
7
10
9
9
9
9
9
10
6
9
9
7
9
9
10
10
9
10
10
10
6
10
10
10
9
10
10
10
6
9
6
10
10
6
8
10
10
3
7
10
10
10
5
2
8
8
10
10
6
8
10
10
10
9
5
10
4
10
9
10
6
9
9
10
5
9
8
9
10
10
4
10
5
9
3
6
8
9
3
10
9
9
6
8
9
5
5
10
10
2
6
10
10
5
10
10
10
10
9
9
10
8
9
9
7
10
4
10
9
6
6
10
7
9
10
9
10
10
6
9
9
9
7
8
8
5
7
4
9
9
4
7
10
10
10

1	161.0	1.0
2	170.0	1.0
5	180.0	1.0
10	170.0	1.0
9	163.0	1.0
6	157.0	1.0
8	156.0	1.0064102564102564
7	166.0	1.0
3	192.0	1.0
4	173.0	1.0
0	221.0	1.5158371040723981
