250

10
7
8
6
8
8
7
5
8
4
10
7
9
10
9
10
7
9
10
8
10
7
9
10
3
5
10
10
10
8
10
8
7
10
10
4
5
9
7
8
8
10
10
10
2
6
6
5
2
7
10
9
8
10
10
3
9
8
5
9
6
6
10
5
10
6
8
9
10
10
6
10
9
10
9
10
3
3
7
2
9
9
8
10
8
9
9
2
5
10
7
9
7
9
10
10
9
10
10
10
8
6
10
10
10
10
5
7
10
5
10
6
2
10
9
8
10
10
8
7
5
3
7
9
3
9
9
8
9
10
10
9
7
10
9
10
10
10
10
8
9
5
3
6
7
10
9
7
9
7
9
4
8
3
2
2
10
9
3
10
9
10
10
10
10
9
10
7
10
10
8
4
10
9
10
7
6
10
2
6
10
2
4
10
9
6
8
8
3
9
7
6
10
10
8
5
10
8
5
7
9
10
10
10
2
9
7
8
7
8
8
6
5
6
9
8
9
8
8
6
4
10
10
8
7
10
10
8
7
6
9
10
9
10
5
10
2
9
7
10
5
5
9
10
7
10
9
10
6
10

1	170.0	1.0
7	173.0	1.0
8	143.0	1.006993006993007
2	163.0	1.0
10	153.0	1.0
4	163.0	1.0
5	165.0	1.0
3	164.0	1.0
9	176.0	1.0
6	167.0	1.0
0	217.0	1.4423963133640554
