100

40
38
36
20
23
38
40
39
34
39
13
40
35
40
40
26
20
37
40
40
40
41
41
40
41
40
32
39
18
40
40
29
33
34
27
32
41
40
8
22
36
40
38
40
41
40
32
35
33
24
23
41
40
36
41
14
40
40
40
32
41
39
40
40
38
40
40
27
36
40
5
39
40
40
40
38
38
11
38
40
40
40
28
41
38
28
40
40
4
36
41
38
40
40
34
40
40
40
36
36

2	97.0	2.5257731958762886
1	97.0	2.5463917525773194
5	94.0	2.648936170212766
7	96.0	1.7395833333333333
10	84.0	1.0
12	80.0	1.0
13	80.0	1.0
14	78.0	1.0
3	97.0	2.536082474226804
8	95.0	1.7578947368421052
6	97.0	1.7628865979381443
4	99.0	2.4545454545454546
9	97.0	1.711340206185567
11	80.0	1.0
25	84.0	1.0
22	86.0	1.0
19	83.0	1.0
20	86.0	1.0
17	85.0	1.0
24	84.0	1.0
16	85.0	1.0
23	82.0	1.0
21	84.0	1.0
15	87.0	1.0
18	84.0	1.0
0	98.0	2.642857142857143
