250

8
10
5
10
9
3
10
4
10
9
7
7
8
10
7
6
8
10
6
8
4
4
9
2
9
8
4
8
2
10
10
7
3
5
7
9
10
3
9
10
9
2
10
5
10
6
10
9
8
9
9
7
9
7
10
10
9
6
9
6
10
9
10
7
8
10
5
9
10
10
8
9
7
7
10
7
7
4
7
9
9
8
10
10
8
8
10
10
10
10
7
10
10
10
7
5
9
8
10
7
6
10
9
9
6
10
4
3
8
9
6
4
9
10
7
8
10
10
10
6
9
9
7
10
7
8
10
4
8
8
8
5
3
10
9
9
9
2
7
6
8
10
9
8
3
7
8
7
2
10
8
10
7
5
9
7
10
9
7
5
7
7
9
9
2
10
7
10
10
9
3
8
7
9
10
10
7
7
9
4
7
2
9
10
9
10
10
8
10
10
2
9
7
4
8
4
7
10
9
9
7
4
9
4
10
10
9
8
8
3
10
10
10
9
8
10
8
10
7
10
8
8
8
10
5
10
8
10
10
9
2
8
10
9
10
10
10
6
8
9
7
4
10
6
4
10
6
5
9
2

5	180.0	1.0
2	160.0	1.0
7	153.0	1.0
3	156.0	1.0
1	162.0	1.0061728395061729
6	144.0	1.0
4	156.0	1.0
8	166.0	1.0
9	167.0	1.0
10	157.0	1.0
0	203.0	1.6699507389162562
