250

41
24
37
39
38
37
28
40
41
40
38
30
40
38
40
41
36
40
37
41
39
40
40
38
40
40
37
38
41
40
17
41
41
36
40
41
38
40
40
40
41
39
36
40
40
18
38
41
39
41
23
41
40
40
41
40
18
39
34
36
39
35
41
40
13
40
41
40
21
40
38
40
37
41
38
40
29
41
41
40
40
40
40
40
41
14
34
36
40
40
41
40
40
41
41
40
40
40
33
40
41
38
41
40
41
39
36
5
40
35
39
36
41
40
38
29
40
40
39
40
40
40
40
40
38
36
40
26
40
41
40
36
40
13
41
38
41
40
37
37
41
38
39
41
40
40
41
41
41
40
40
41
37
39
40
40
6
41
37
41
25
40
39
39
40
40
40
3
40
33
4
40
38
28
38
40
40
25
40
41
41
34
34
37
29
38
39
14
40
40
40
37
17
40
32
38
38
11
36
40
40
40
41
41
41
40
39
40
40
40
30
41
40
38
35
41
22
5
41
38
41
41
4
41
32
39
38
41
5
40
18
40
41
40
40
40
41
41
41
40
39
40
25
29
41
41
40
40
41
40

7	237.0	1.8523206751054853
9	239.0	1.8326359832635983
17	216.0	1.0
12	216.0	1.0
23	221.0	1.0
19	218.0	1.0
20	225.0	1.0
6	235.0	1.8680851063829786
16	222.0	1.0
4	244.0	2.6557377049180326
2	244.0	2.6844262295081966
10	214.0	1.0
11	214.0	1.0
8	234.0	1.8461538461538463
1	238.0	2.7058823529411766
3	239.0	2.7447698744769875
13	217.0	1.0
5	244.0	2.668032786885246
15	215.0	1.0
22	218.0	1.0
14	211.0	1.0
21	212.0	1.0
18	215.0	1.0
25	216.0	1.0
24	222.0	1.0
0	243.0	2.7448559670781894
