100

38
28
8
35
34
16
8
35
34
33
17
33
38
14
27
6
33
8
23
38
35
16
37
14
30
34
33
15
36
9
5
36
34
9
10
5
32
16
36
14
11
19
34
21
37
14
26
30
37
36
37
28
6
36
9
27
36
38
36
37
22
31
24
38
35
32
37
38
19
36
32
16
13
28
34
32
34
29
29
32
12
34
24
34
37
37
19
2
27
28
37
36
36
38
38
33
18
22
5
36

13	66.0	1.0
1	85.0	2.2588235294117647
6	85.0	1.5058823529411764
5	89.0	2.157303370786517
2	93.0	2.129032258064516
3	89.0	2.2247191011235956
7	84.0	1.4880952380952381
10	69.0	1.0
4	88.0	2.1704545454545454
9	88.0	1.4204545454545454
8	82.0	1.4878048780487805
14	65.0	1.0
11	59.0	1.0
12	71.0	1.0
21	66.0	1.0
18	57.0	1.0
23	59.0	1.0
22	59.0	1.0
15	61.0	1.0
24	57.0	1.0
17	62.0	1.0
16	59.0	1.0
19	58.0	1.0
20	57.0	1.0
25	64.0	1.0
0	93.0	2.161290322580645
