250

40
40
19
41
41
41
41
39
40
33
34
36
41
39
41
40
37
40
40
41
41
28
40
36
28
40
34
41
40
4
39
41
34
33
26
41
26
38
40
40
40
36
40
39
29
41
35
5
40
41
39
40
40
40
40
40
37
41
38
4
38
20
40
39
40
40
40
41
40
2
40
36
41
24
41
33
38
7
40
37
39
40
40
40
34
16
40
33
20
41
40
40
41
34
35
36
40
40
41
12
40
36
41
41
39
40
39
40
38
39
40
40
37
40
38
10
38
40
40
41
23
41
40
36
41
37
36
39
40
38
40
29
40
35
37
41
40
40
7
37
34
34
41
40
40
36
36
40
4
39
41
31
39
40
41
40
41
41
35
36
40
41
41
39
38
38
41
41
40
41
36
41
37
41
40
40
41
37
41
40
39
38
41
41
40
38
38
40
19
33
36
41
39
39
39
41
40
40
40
41
38
31
21
34
41
40
40
40
40
38
40
41
41
38
41
41
40
40
41
41
40
39
40
41
39
40
40
40
41
40
41
26
40
39
41
41
40
35
40
40
41
38
41
40
40
40
34
41
39
40

2	246.0	2.707317073170732
3	244.0	2.7131147540983607
1	244.0	2.7336065573770494
4	245.0	2.7224489795918365
15	218.0	1.0
13	217.0	1.0
5	237.0	2.7510548523206753
16	218.0	1.0
25	218.0	1.0
6	232.0	1.8793103448275863
12	222.0	1.0
22	221.0	1.0
9	244.0	1.7663934426229508
18	221.0	1.0
17	219.0	1.0
20	224.0	1.0
23	223.0	1.0
24	219.0	1.0
14	223.0	1.0
10	222.0	1.0
21	227.0	1.0
8	240.0	1.8125
19	219.0	1.0
7	243.0	1.7736625514403292
11	212.0	1.0
0	241.0	2.788381742738589
