250

35
30
38
38
3
37
39
28
31
38
34
38
38
31
38
39
30
35
21
32
16
36
35
36
39
39
39
25
24
38
37
40
39
37
37
39
39
38
39
39
38
22
34
37
36
32
38
38
38
38
24
39
28
39
36
32
37
35
33
38
27
37
36
36
30
40
12
34
38
39
38
36
34
27
36
38
6
35
35
39
33
23
38
39
29
32
20
39
39
13
31
33
35
34
32
27
13
37
38
22
39
39
38
11
34
3
40
37
36
25
36
29
35
35
40
34
39
25
32
39
38
34
20
30
39
35
39
37
34
37
39
35
31
37
37
40
39
36
26
18
11
22
38
38
34
38
36
32
16
34
38
8
14
26
38
38
37
38
38
38
33
34
38
37
38
36
38
15
4
35
16
37
10
32
16
15
35
37
30
12
22
6
31
36
37
9
31
37
40
8
16
37
40
37
29
34
39
38
31
38
23
38
38
20
33
38
39
36
39
39
27
39
32
39
24
27
38
34
38
37
34
39
39
40
36
16
33
37
39
29
36
39
24
9
28
36
39
31
39
37
38
36
31
38
33
35
35
37
36
26

4	232.0	2.4094827586206895
1	242.0	2.4338842975206614
7	222.0	1.6801801801801801
24	182.0	1.0
22	189.0	1.0
2	231.0	2.4588744588744587
12	187.0	1.0
15	179.0	1.0
8	224.0	1.7321428571428572
11	193.0	1.0
19	187.0	1.0
5	237.0	2.3755274261603376
6	239.0	1.606694560669456
18	198.0	1.0
3	242.0	2.3925619834710745
17	189.0	1.0
20	207.0	1.0
21	203.0	1.0
10	201.0	1.0
13	194.0	1.0
9	235.0	1.6212765957446809
14	193.0	1.0
23	195.0	1.0
16	189.0	1.0
25	198.0	1.0
0	236.0	2.6016949152542375
