248

9
33
36
37
21
35
26
35
38
6
20
38
34
33
2
31
10
4
6
22
31
38
36
31
28
37
37
10
6
30
31
35
27
14
31
34
30
31
13
37
21
34
37
13
38
19
32
37
9
10
28
37
35
37
27
34
37
37
34
22
36
7
18
30
25
37
25
27
30
5
5
35
28
31
14
35
30
14
34
37
35
37
10
3
30
29
30
31
34
37
36
34
5
37
38
38
29
38
31
23
34
37
3
11
36
3
35
35
17
8
33
34
25
33
33
37
3
32
30
37
37
36
38
28
28
36
7
13
28
33
9
26
29
32
4
22
35
32
33
37
32
34
25
35
24
30
36
36
30
9
19
9
16
37
36
29
36
34
8
34
35
8
35
37
29
31
37
37
37
6
23
29
34
31
28
19
33
37
36
34
33
21
28
32
34
32
38
35
38
30
32
32
17
14
26
28
27
37
34
27
38
38
25
32
35
35
36
34
26
33
36
36
31
15
35
21
33
22
33
35
18
34
35
32
35
36
11
4
36
9
37
24
25
29
37
25
29
6
37
14
33
13
10
35
3
34
37
11

2	220.0	2.213636363636364
1	220.0	2.2454545454545456
18	162.0	1.0
13	165.0	1.0
8	190.0	1.7210526315789474
15	166.0	1.0
16	166.0	1.0
3	221.0	2.226244343891403
12	161.0	1.0
21	167.0	1.0
14	161.0	1.0
25	158.0	1.0
22	163.0	1.0
11	159.0	1.0
5	219.0	2.232876712328767
10	165.0	1.0
7	210.0	1.561904761904762
23	156.0	1.0
9	201.0	1.5422885572139304
24	158.0	1.0
4	215.0	2.1767441860465118
6	209.0	1.5454545454545454
19	161.0	1.0
17	164.0	1.0
20	176.0	1.0
0	222.0	2.2522522522522523
