100

40
41
34
38
26
40
41
40
40
40
32
38
40
41
40
37
38
38
40
38
28
41
41
40
40
40
40
40
41
40
40
40
29
16
40
41
38
40
34
40
39
40
40
29
37
41
40
40
30
40
36
12
40
8
41
8
32
28
6
34
30
41
40
38
16
40
29
39
40
38
41
26
39
40
40
29
34
41
41
25
38
38
39
40
2
20
40
31
38
28
41
41
35
38
40
40
40
16
18
31

5	97.0	2.577319587628866
8	96.0	1.6770833333333333
6	98.0	1.7142857142857142
4	98.0	2.4693877551020407
2	96.0	2.65625
9	94.0	1.7872340425531914
7	95.0	1.6736842105263159
3	98.0	2.510204081632653
1	95.0	2.5157894736842104
11	80.0	1.0
10	78.0	1.0
22	87.0	1.0
12	90.0	1.0
20	89.0	1.0
25	87.0	1.0
19	85.0	1.0
13	90.0	1.0
15	82.0	1.0
18	83.0	1.0
17	83.0	1.0
24	82.0	1.0
23	81.0	1.0
14	81.0	1.0
16	88.0	1.0
21	86.0	1.0
0	95.0	2.663157894736842
