100

40
40
41
38
34
40
38
40
39
38
40
36
41
40
40
41
40
40
40
37
38
29
10
26
41
36
38
40
40
41
40
40
28
40
37
40
41
27
40
36
32
34
41
38
36
40
5
40
38
39
40
38
38
34
40
38
37
36
40
40
39
41
35
37
30
40
18
41
38
40
32
38
40
39
40
40
34
26
40
40
40
40
30
30
40
41
40
36
38
40
40
40
40
41
36
40
38
36
40
40

6	98.0	1.8673469387755102
4	100.0	2.69
1	100.0	2.61
2	100.0	2.67
3	99.0	2.5656565656565657
5	98.0	2.6530612244897958
7	97.0	1.8453608247422681
9	97.0	1.824742268041237
8	99.0	1.8080808080808082
20	85.0	1.0
15	91.0	1.0
10	89.0	1.0
19	90.0	1.0
11	88.0	1.0
23	87.0	1.0
24	88.0	1.0
22	90.0	1.0
14	90.0	1.0
16	93.0	1.0
21	85.0	1.0
12	87.0	1.0
13	85.0	1.0
18	87.0	1.0
25	86.0	1.0
17	94.0	1.0
0	99.0	2.676767676767677
