248

37
26
37
34
30
34
11
34
23
35
36
34
10
34
32
26
35
31
32
21
4
33
31
32
34
32
36
24
35
30
5
34
32
36
37
36
37
36
32
34
36
34
36
35
35
35
6
35
30
36
36
32
29
35
33
35
36
38
34
31
32
36
37
31
29
18
27
34
31
22
34
23
30
35
32
35
37
19
3
38
24
33
34
22
25
8
35
28
11
4
13
35
34
2
26
4
20
19
38
34
35
32
27
35
37
36
25
36
33
25
21
36
14
37
13
36
27
33
28
36
29
18
3
27
31
33
32
3
36
16
25
5
9
26
33
35
18
34
39
39
21
35
21
29
27
39
28
35
21
23
37
37
26
33
37
30
35
31
37
4
10
8
36
14
30
25
27
36
16
4
20
37
34
37
37
36
37
33
32
9
38
34
33
16
37
27
37
35
37
9
37
37
35
21
35
35
25
31
38
35
37
10
34
35
13
33
28
25
36
33
26
31
35
38
37
33
31
36
32
37
18
7
37
31
28
24
30
35
37
39
5
35
36
34
36
37
28
37
34
3
17
23
26
8
27
39
33
29

3	230.0	2.226086956521739
4	229.0	2.2008733624454146
18	166.0	1.0
7	191.0	1.6701570680628273
17	159.0	1.0
6	211.0	1.6303317535545023
10	170.0	1.0
8	205.0	1.6146341463414635
16	173.0	1.0
13	175.0	1.0
1	228.0	2.2850877192982457
12	178.0	1.0
9	221.0	1.5610859728506787
15	165.0	1.0
5	228.0	2.1535087719298245
14	176.0	1.0
11	173.0	1.0
2	228.0	2.245614035087719
20	173.0	1.0
21	165.0	1.0
19	176.0	1.0
25	166.0	1.0
23	168.0	1.0
24	165.0	1.0
22	157.0	1.0
0	229.0	2.3100436681222707
