100

29
39
3
38
35
5
40
39
39
28
36
18
37
36
16
35
37
37
39
36
40
36
35
37
37
36
19
37
32
38
16
36
22
5
33
34
33
37
36
27
31
26
9
39
19
12
31
37
38
38
38
8
39
22
6
21
31
37
29
28
39
24
37
9
38
37
39
39
36
32
37
36
35
39
34
9
21
31
22
3
38
40
39
39
18
39
39
28
37
34
8
29
40
33
38
36
18
30
40
37

2	97.0	2.2268041237113403
3	91.0	2.4395604395604398
1	92.0	2.3369565217391304
5	93.0	2.3440860215053765
24	75.0	1.0
23	76.0	1.0
19	79.0	1.0
6	90.0	1.6444444444444444
17	71.0	1.0
25	70.0	1.0
14	74.0	1.0
9	86.0	1.813953488372093
7	78.0	1.7564102564102564
10	64.0	1.0
22	72.0	1.0
15	76.0	1.0
13	73.0	1.0
4	94.0	2.3617021276595747
20	76.0	1.0
16	74.0	1.0
21	68.0	1.0
12	68.0	1.0
18	70.0	1.0
8	76.0	1.7894736842105263
11	68.0	1.0
0	93.0	2.3655913978494625
