250

7
9
8
7
4
8
9
7
10
9
4
10
9
5
6
10
10
8
10
10
9
6
9
10
10
8
10
9
10
6
7
5
10
8
10
7
5
7
8
6
10
9
4
6
6
9
10
7
9
8
8
10
10
8
10
2
7
2
10
7
7
10
8
9
3
4
5
10
9
9
10
10
10
6
4
2
3
10
10
2
9
10
10
5
9
9
9
7
8
9
10
8
8
9
6
7
9
10
8
4
3
8
7
10
10
5
10
10
7
9
9
10
10
10
7
10
10
9
9
9
10
7
9
4
10
8
10
7
9
8
10
7
7
9
7
6
10
10
8
9
8
10
9
10
6
7
7
9
10
3
10
9
7
10
2
9
6
8
10
4
10
10
10
10
10
10
6
8
7
10
8
10
9
10
10
3
9
7
2
8
7
4
9
9
10
2
9
8
10
10
9
7
2
10
10
5
3
9
8
10
9
8
4
3
6
10
10
10
2
7
10
10
10
8
9
10
7
6
8
8
5
8
10
9
5
9
9
10
3
10
10
7
8
3
8
7
7
9
8
7
10
10
7
8
6
9
10
9
9
5

4	160.0	1.00625
1	145.0	1.0
2	142.0	1.0
3	143.0	1.013986013986014
6	170.0	1.0058823529411764
9	174.0	1.0057471264367817
7	162.0	1.0
5	171.0	1.0
10	169.0	1.0
8	182.0	1.0
0	222.0	1.59009009009009
