247

8
4
6
9
6
7
7
9
6
6
7
9
7
9
6
7
9
8
8
2
6
7
8
5
9
3
8
3
5
7
4
9
7
6
6
5
5
2
6
8
6
2
8
6
4
7
6
8
8
4
4
8
9
4
7
6
8
9
7
8
7
5
2
7
8
2
7
8
8
2
6
9
7
6
6
5
8
4
9
9
8
5
2
8
7
8
5
4
6
9
4
9
6
5
7
6
5
3
2
6
6
6
9
9
7
8
8
2
9
4
3
9
2
7
2
9
9
9
5
6
5
6
2
7
3
3
5
7
9
6
7
7
6
9
6
9
7
9
3
8
6
4
2
7
8
9
5
7
3
9
2
5
2
8
9
8
2
6
6
8
9
8
5
5
2
9
6
8
8
7
9
7
3
4
7
5
5
2
9
5
6
4
6
8
8
7
7
2
2
2
4
9
4
6
7
9
8
7
6
2
4
8
4
6
4
4
2
8
6
8
3
3
7
6
3
4
3
5
3
2
9
3
4
4
5
5
2
8
8
8
8
6
5
7
6
7
2
3
2
7
7
8
8
5
9
5
4

3	115.0	1.0
2	119.0	1.0
1	118.0	1.0254237288135593
8	131.0	1.0076335877862594
9	116.0	1.0086206896551724
10	111.0	1.0
5	121.0	1.0
4	130.0	1.0
6	124.0	1.0
7	143.0	1.0
0	186.0	1.3387096774193548
