250

37
40
38
15
39
33
32
34
38
38
38
24
22
3
38
30
37
38
21
16
39
32
40
24
32
35
39
38
39
14
34
38
39
14
33
35
29
37
31
38
34
6
36
33
38
18
37
39
40
35
36
12
27
39
38
38
37
38
31
36
19
6
10
38
38
40
2
34
36
38
35
12
39
16
35
5
25
28
38
37
6
39
30
36
36
38
28
21
36
39
37
38
39
18
39
27
10
38
38
21
39
40
25
39
35
36
16
29
23
29
37
28
39
9
38
39
35
30
10
24
38
38
34
38
39
12
28
6
9
21
39
38
30
19
34
4
33
3
37
39
30
39
33
38
39
5
29
38
27
31
37
35
38
7
36
36
16
39
39
38
32
39
37
39
24
17
34
39
37
16
38
36
40
35
20
24
39
38
16
37
31
23
39
32
17
36
37
36
37
39
29
31
34
37
38
40
6
35
36
35
35
39
36
34
38
36
36
38
36
40
38
39
36
33
39
24
35
39
38
38
38
38
38
22
38
10
23
37
16
34
39
36
37
32
34
36
36
38
36
33
6
25
38
36
37
36
33
35
12
35

6	200.0	1.81
7	222.0	1.6126126126126126
16	186.0	1.0
9	226.0	1.668141592920354
14	181.0	1.0
8	227.0	1.6255506607929515
15	186.0	1.0
12	189.0	1.0
2	231.0	2.393939393939394
10	185.0	1.0
1	233.0	2.313304721030043
13	168.0	1.0
4	241.0	2.2946058091286305
11	174.0	1.0
3	236.0	2.3008474576271185
5	238.0	2.3949579831932772
25	193.0	1.0
19	191.0	1.0
18	189.0	1.0
22	186.0	1.0
21	185.0	1.0
17	186.0	1.0
23	193.0	1.0
20	194.0	1.0
24	199.0	1.0
0	235.0	2.4680851063829787
