100

40
39
41
41
40
40
40
41
40
40
40
41
40
32
40
35
37
39
40
40
38
40
26
36
41
39
41
41
40
38
28
41
40
10
35
41
36
40
39
40
38
41
40
36
39
35
38
39
18
36
40
41
40
29
39
38
11
35
39
38
33
39
40
39
34
35
39
40
41
41
41
41
39
41
40
40
41
41
32
40
40
41
40
40
40
41
41
40
40
41
40
37
41
35
38
41
39
40
40
21

1	100.0	2.75
12	91.0	1.0
7	97.0	1.8762886597938144
2	98.0	2.7755102040816326
23	92.0	1.0
22	91.0	1.0
14	93.0	1.0
18	88.0	1.0
8	92.0	1.923913043478261
4	99.0	2.8181818181818183
17	92.0	1.0
10	88.0	1.0
13	86.0	1.0
3	100.0	2.67
21	90.0	1.0
16	94.0	1.0
19	87.0	1.0
25	86.0	1.0
11	94.0	1.0
6	99.0	1.8484848484848484
5	99.0	2.6565656565656566
20	87.0	1.0
15	89.0	1.0
24	87.0	1.0
9	98.0	1.7959183673469388
0	99.0	2.727272727272727
