100

15
38
40
40
41
38
34
40
40
38
38
40
40
31
40
38
40
40
40
38
41
34
41
38
39
38
41
40
41
41
40
40
40
36
40
37
40
40
40
40
40
41
40
41
41
39
40
35
41
40
8
40
39
40
41
37
40
40
40
23
40
40
41
40
40
40
4
38
41
35
40
41
40
40
40
36
28
41
37
40
41
40
26
40
40
41
32
40
39
39
39
40
40
37
35
40
40
40
40
37

2	99.0	2.7676767676767677
7	98.0	1.8061224489795917
3	98.0	2.7653061224489797
6	97.0	1.8762886597938144
1	99.0	2.6464646464646466
5	100.0	2.69
8	99.0	1.8181818181818181
4	99.0	2.686868686868687
15	89.0	1.0
16	91.0	1.0
13	92.0	1.0
18	92.0	1.0
23	91.0	1.0
25	94.0	1.0
10	90.0	1.0
24	90.0	1.0
14	90.0	1.0
17	88.0	1.0
20	94.0	1.0
12	96.0	1.0
9	97.0	1.8556701030927836
21	90.0	1.0
19	91.0	1.0
11	90.0	1.0
22	84.0	1.0
0	99.0	2.797979797979798
