99

36
31
31
32
12
23
20
14
35
21
34
37
35
31
24
33
33
38
25
34
36
35
36
37
30
4
33
16
37
26
5
36
19
37
30
25
29
11
33
13
8
35
38
8
33
17
34
29
27
13
34
31
28
38
35
32
31
26
35
11
16
30
11
2
31
28
36
32
3
15
34
37
15
37
34
38
23
31
36
26
27
35
37
19
34
22
37
30
12
28
30
36
9
17
4
33
30
10
28

4	88.0	2.1363636363636362
3	88.0	2.1818181818181817
2	89.0	2.1235955056179776
1	91.0	2.120879120879121
16	63.0	1.0
25	67.0	1.0
23	58.0	1.0
15	64.0	1.0
7	76.0	1.5263157894736843
14	66.0	1.0
10	62.0	1.0
8	80.0	1.6125
9	81.0	1.4567901234567902
5	89.0	2.202247191011236
24	60.0	1.0
13	71.0	1.0
17	57.0	1.0
12	58.0	1.0
19	55.0	1.0
6	85.0	1.5294117647058822
11	62.0	1.0
20	61.0	1.0
18	65.0	1.0
21	64.0	1.0
22	66.0	1.0
0	90.0	2.1444444444444444
