250

9
11
11
3
11
11
10
11
11
11
11
6
11
7
11
11
9
10
11
11
11
10
11
10
11
11
10
11
8
8
10
11
8
11
11
10
11
11
11
11
10
11
11
11
9
11
11
11
10
10
9
10
11
11
11
6
10
11
11
5
11
11
5
9
11
11
8
11
11
11
8
11
10
11
11
10
11
6
11
11
11
10
10
7
9
11
10
11
11
11
10
11
11
11
10
10
11
10
10
11
10
9
11
11
11
11
11
11
11
11
11
11
11
7
8
10
9
9
10
5
11
11
9
11
11
11
11
11
10
10
6
11
9
8
11
11
8
11
10
11
11
10
9
5
10
11
11
9
11
11
9
10
10
9
9
11
11
3
10
11
3
11
9
11
8
7
11
9
11
11
10
7
11
11
10
7
11
11
11
10
11
11
8
9
9
7
9
11
9
10
9
9
11
10
11
11
11
7
11
11
11
4
11
9
9
10
10
11
10
9
9
11
10
10
11
11
11
4
8
10
9
8
9
3
11
9
11
10
11
11
11
11
10
9
11
9
11
11
11
10
10
10
11
10
9
11
11
11
11
8

3	210.0	1.0
4	207.0	1.0
7	208.0	1.0
6	209.0	1.0
5	209.0	1.0
2	203.0	1.0
8	207.0	1.0
9	205.0	1.0
1	207.0	1.0
10	202.0	1.0
0	214.0	1.8878504672897196
