99

29
34
37
29
27
28
5
8
33
32
37
22
31
25
37
28
32
31
22
19
32
29
34
35
31
35
35
24
27
32
3
18
35
35
36
31
38
32
32
36
22
33
11
32
11
31
32
22
31
13
33
24
15
36
37
7
25
30
34
18
26
36
29
25
35
31
35
38
14
28
36
32
37
35
38
30
22
16
26
29
36
29
28
36
19
27
12
29
27
28
37
4
35
14
29
11
24
10
17

3	93.0	2.064516129032258
4	95.0	2.126315789473684
6	89.0	1.5280898876404494
1	92.0	2.0869565217391304
5	93.0	2.10752688172043
2	93.0	2.064516129032258
8	83.0	1.5301204819277108
11	66.0	1.0
22	68.0	1.0
14	70.0	1.0
15	65.0	1.0
23	66.0	1.0
17	62.0	1.0
16	64.0	1.0
7	78.0	1.5769230769230769
12	59.0	1.0
13	61.0	1.0
10	61.0	1.0
24	67.0	1.0
21	62.0	1.0
19	63.0	1.0
20	63.0	1.0
18	58.0	1.0
9	74.0	1.662162162162162
25	63.0	1.0
0	93.0	2.172043010752688
