100

38
41
40
38
37
38
40
40
40
37
38
40
34
12
40
31
30
41
40
36
37
40
40
40
38
41
35
40
40
40
38
39
41
41
40
39
38
39
40
40
40
41
41
41
38
38
36
24
38
31
40
40
39
32
39
40
33
40
39
40
37
40
40
40
38
11
27
38
40
39
40
41
39
40
40
41
41
38
40
36
41
38
39
6
40
34
33
40
40
38
33
28
39
41
38
37
40
33
41
38

17	90.0	1.0
4	99.0	2.707070707070707
15	92.0	1.0
8	99.0	1.7676767676767677
6	98.0	1.7551020408163265
10	87.0	1.0
7	95.0	1.8736842105263158
3	98.0	2.7244897959183674
16	87.0	1.0
18	83.0	1.0
12	83.0	1.0
9	97.0	1.8144329896907216
14	88.0	1.0
23	90.0	1.0
11	93.0	1.0
2	99.0	2.696969696969697
1	99.0	2.717171717171717
5	100.0	2.74
21	86.0	1.0
22	92.0	1.0
13	90.0	1.0
20	89.0	1.0
19	91.0	1.0
24	88.0	1.0
25	89.0	1.0
0	98.0	2.7142857142857144
