100

35
40
38
38
34
40
40
35
41
38
32
40
41
41
20
41
33
40
26
40
40
40
16
36
13
40
40
40
41
40
40
40
40
40
41
40
32
40
34
40
40
41
40
38
40
40
40
40
40
40
33
36
38
41
40
36
37
38
40
40
40
40
38
40
39
40
41
38
38
36
40
41
32
41
40
30
41
36
40
34
40
41
40
40
9
39
40
37
40
40
39
41
41
40
36
40
40
40
41
38

15	86.0	1.0
14	91.0	1.0
1	99.0	2.717171717171717
3	100.0	2.65
5	100.0	2.6
9	99.0	1.8585858585858586
8	100.0	1.83
2	99.0	2.717171717171717
7	96.0	1.8541666666666667
4	99.0	2.7373737373737375
6	95.0	1.8842105263157896
17	88.0	1.0
13	88.0	1.0
16	89.0	1.0
12	88.0	1.0
10	89.0	1.0
11	89.0	1.0
24	92.0	1.0
21	90.0	1.0
18	93.0	1.0
25	87.0	1.0
19	91.0	1.0
23	90.0	1.0
20	94.0	1.0
22	92.0	1.0
0	100.0	2.76
