250

11
10
10
11
7
11
11
11
11
11
11
7
10
8
11
8
11
11
11
11
11
10
11
8
11
8
11
10
11
9
10
11
11
5
10
10
10
8
11
11
11
11
11
8
11
7
11
11
10
11
10
11
9
6
11
11
11
11
11
8
11
11
11
8
7
11
11
11
10
11
11
8
11
10
11
7
11
11
9
7
11
11
10
10
11
11
4
10
11
11
10
8
11
8
10
10
11
10
11
11
10
11
11
10
9
11
11
9
11
10
10
6
11
7
11
10
9
11
10
10
11
9
10
11
11
11
11
7
8
11
11
11
11
10
7
10
9
4
6
9
11
11
11
11
11
11
11
10
2
10
11
10
9
11
9
10
10
8
11
8
11
5
9
6
11
10
11
11
11
11
11
11
11
9
11
11
11
7
11
11
10
10
11
9
9
11
10
8
11
11
10
10
10
11
10
11
8
11
11
10
11
11
11
11
5
9
8
11
5
11
11
11
11
10
5
11
11
9
11
11
11
10
11
11
11
11
5
11
11
11
10
11
11
11
11
11
7
11
8
11
11
11
11
7
9
7
11
11
2
11

4	213.0	1.0
5	199.0	1.0
1	207.0	1.0
7	213.0	1.0
6	202.0	1.0
3	211.0	1.0
2	221.0	1.0
9	200.0	1.0
10	199.0	1.0
8	202.0	1.0
0	230.0	1.7652173913043478
