250

40
41
14
38
39
39
38
41
37
40
32
34
40
29
40
41
30
40
8
40
40
38
38
40
39
41
39
36
41
23
41
37
41
40
40
8
41
41
40
40
40
40
40
40
41
41
41
38
41
21
41
41
41
40
41
41
40
41
40
40
31
40
37
40
31
41
27
40
40
41
40
21
37
40
37
38
40
40
39
34
8
38
39
40
40
41
40
40
39
39
34
36
40
38
41
39
41
39
38
36
40
40
36
41
40
40
20
29
40
40
40
41
40
23
41
38
37
41
40
40
32
40
40
38
33
41
39
38
40
40
38
37
40
39
36
33
40
41
40
40
40
39
40
35
36
41
40
28
41
41
41
36
40
41
31
41
39
41
19
41
41
30
41
40
40
22
39
37
41
40
38
37
38
40
40
17
36
40
39
41
39
34
5
41
41
39
40
36
41
40
23
40
40
41
40
38
38
24
38
40
36
38
41
41
41
40
40
39
40
40
40
34
40
39
4
38
35
41
34
33
41
40
40
40
36
40
28
40
37
41
40
40
28
40
40
41
41
39
37
40
41
41
41
40
41
40
40
37
38
41

5	243.0	2.7613168724279835
3	246.0	2.7195121951219514
2	246.0	2.7154471544715446
1	249.0	2.6666666666666665
4	245.0	2.706122448979592
25	227.0	1.0
23	227.0	1.0
10	224.0	1.0
7	245.0	1.7714285714285714
19	220.0	1.0
15	226.0	1.0
16	223.0	1.0
17	221.0	1.0
22	225.0	1.0
13	216.0	1.0
20	227.0	1.0
21	226.0	1.0
24	224.0	1.0
14	217.0	1.0
8	234.0	1.893162393162393
18	225.0	1.0
9	245.0	1.7714285714285714
11	213.0	1.0
6	239.0	1.8744769874476988
12	222.0	1.0
0	247.0	2.7449392712550607
