250

10
11
11
9
11
11
11
11
8
11
11
6
11
11
10
11
9
11
3
11
5
11
8
11
7
11
10
10
11
11
11
11
11
8
10
11
11
11
9
11
11
11
11
11
11
11
11
11
11
11
10
10
11
10
10
10
8
10
10
9
10
9
5
11
11
11
11
6
8
11
10
11
11
11
11
11
11
8
11
11
11
8
2
11
8
11
11
11
9
10
11
10
8
11
11
11
10
10
6
11
11
7
11
11
11
11
11
10
10
10
9
11
10
5
2
10
11
11
11
3
6
11
10
9
10
10
11
10
11
10
8
11
11
11
11
11
11
11
11
11
11
10
11
8
11
11
9
8
11
11
11
11
11
11
11
9
11
9
10
7
11
3
11
10
11
11
10
11
11
11
10
7
6
6
8
10
11
11
11
11
10
11
11
11
10
11
9
11
9
11
11
8
11
11
11
11
10
11
10
11
10
11
9
11
9
11
11
9
8
11
11
11
11
11
11
10
10
8
11
11
9
9
11
11
11
2
7
11
3
11
11
11
10
11
11
4
10
11
9
11
11
9
9
9
10
11
10
11
6
6

7	210.0	1.0
4	206.0	1.0
6	205.0	1.0
3	208.0	1.0
2	197.0	1.0
1	199.0	1.0
5	207.0	1.0
8	211.0	1.0
9	202.0	1.0
10	206.0	1.0
0	228.0	1.8333333333333333
