250

32
30
35
36
35
36
24
28
37
25
5
37
18
11
15
37
8
15
37
34
36
37
28
32
36
31
20
35
37
36
10
19
5
18
39
31
30
35
21
33
19
17
7
11
32
18
25
36
37
32
28
31
34
26
16
30
30
25
32
23
37
35
38
37
35
20
17
31
29
37
26
36
3
7
32
26
34
14
38
36
37
21
37
37
34
34
19
33
21
35
19
8
22
34
33
22
18
35
36
10
22
22
35
21
22
18
22
32
29
29
32
29
8
22
37
36
19
33
35
22
34
18
18
33
24
27
23
38
16
16
34
33
30
29
31
8
31
31
3
27
35
24
28
32
38
16
35
36
21
33
15
35
37
13
34
13
32
35
14
37
38
29
14
22
37
18
38
33
25
33
30
26
32
32
28
17
29
24
31
31
39
35
35
32
33
35
35
26
36
36
3
36
37
36
36
29
38
32
33
36
23
36
28
37
15
36
23
38
33
35
35
38
31
35
30
35
37
4
12
37
28
22
15
25
8
32
32
25
25
35
19
34
26
14
32
10
39
35
23
21
29
26
4
35
32
25
10
15
16
38

16	160.0	1.0
6	189.0	1.708994708994709
13	182.0	1.0
4	232.0	2.0474137931034484
14	158.0	1.0
2	227.0	2.1145374449339207
12	158.0	1.0
15	178.0	1.0
3	237.0	2.1265822784810124
7	212.0	1.5047169811320755
11	166.0	1.0
1	230.0	2.1478260869565218
10	162.0	1.0
8	221.0	1.5248868778280542
5	232.0	2.1724137931034484
9	224.0	1.5446428571428572
18	175.0	1.0
25	151.0	1.0
23	150.0	1.0
19	158.0	1.0
24	153.0	1.0
17	159.0	1.0
20	155.0	1.0
22	156.0	1.0
21	164.0	1.0
0	229.0	2.2008733624454146
