100

33
33
32
32
34
30
37
37
38
34
35
36
30
5
22
22
22
28
20
18
33
25
20
34
35
26
27
21
31
30
31
34
38
16
32
29
34
37
33
35
35
35
19
37
36
35
33
19
28
28
33
35
28
3
35
29
30
35
36
20
34
35
33
36
34
8
17
24
24
27
36
31
35
34
36
39
38
34
37
33
37
32
18
3
32
29
31
37
32
31
15
24
36
37
36
16
31
29
37
24

17	67.0	1.0
4	93.0	2.2795698924731185
15	70.0	1.0
8	91.0	1.5604395604395604
6	88.0	1.5227272727272727
10	65.0	1.0
7	83.0	1.6506024096385543
3	95.0	2.294736842105263
16	70.0	1.0
18	74.0	1.0
12	72.0	1.0
9	90.0	1.5888888888888888
14	73.0	1.0
23	73.0	1.0
11	70.0	1.0
2	94.0	2.3085106382978724
1	90.0	2.3444444444444446
5	100.0	2.14
21	69.0	1.0
22	73.0	1.0
13	73.0	1.0
20	68.0	1.0
19	73.0	1.0
24	68.0	1.0
25	73.0	1.0
0	95.0	2.1157894736842104
