100

36
40
34
34
40
36
8
40
39
38
40
32
40
41
34
41
39
40
38
41
40
38
9
41
38
41
14
32
40
41
41
38
24
36
41
5
36
38
41
38
40
40
8
36
36
41
40
40
38
41
40
38
40
40
38
40
41
35
40
33
40
24
40
41
41
40
40
40
38
34
32
39
38
39
40
40
26
20
40
41
34
40
41
40
40
40
40
38
22
34
36
38
40
38
20
38
36
41
34
38

4	99.0	2.606060606060606
7	97.0	1.7525773195876289
6	99.0	1.7575757575757576
5	97.0	2.649484536082474
8	95.0	1.768421052631579
3	97.0	2.6082474226804124
1	99.0	2.595959595959596
2	99.0	2.606060606060606
9	99.0	1.7474747474747474
11	86.0	1.0
13	86.0	1.0
14	84.0	1.0
22	85.0	1.0
19	90.0	1.0
20	87.0	1.0
16	89.0	1.0
24	90.0	1.0
25	85.0	1.0
18	83.0	1.0
15	87.0	1.0
23	85.0	1.0
21	85.0	1.0
17	85.0	1.0
12	86.0	1.0
10	86.0	1.0
0	99.0	2.6464646464646466
