100

12
32
30
36
25
6
24
25
36
21
2
15
3
32
32
22
33
27
34
37
24
12
39
20
28
10
35
29
33
28
36
35
34
22
35
27
4
35
24
29
8
34
30
35
10
18
30
26
32
17
33
27
27
21
35
37
27
30
37
32
3
35
33
20
15
25
25
30
34
13
32
36
34
35
33
37
28
33
38
37
24
30
34
26
36
20
36
37
36
36
36
25
38
33
32
29
32
37
9
34

7	81.0	1.5432098765432098
3	94.0	2.095744680851064
6	93.0	1.3870967741935485
8	85.0	1.5058823529411764
1	96.0	2.1354166666666665
4	90.0	2.088888888888889
10	65.0	1.0
5	92.0	2.217391304347826
9	80.0	1.525
2	93.0	2.150537634408602
13	61.0	1.0
18	63.0	1.0
25	65.0	1.0
20	70.0	1.0
19	57.0	1.0
17	58.0	1.0
22	73.0	1.0
21	71.0	1.0
16	66.0	1.0
14	68.0	1.0
23	69.0	1.0
15	73.0	1.0
24	62.0	1.0
12	65.0	1.0
11	70.0	1.0
0	92.0	2.2934782608695654
