100

40
40
40
40
40
41
38
40
40
19
40
30
40
40
38
36
41
40
41
40
41
40
40
40
30
41
38
40
40
37
28
32
40
41
39
40
22
38
40
19
25
41
34
40
41
20
41
38
38
41
40
40
36
40
38
41
36
40
40
40
41
40
36
37
38
40
41
41
40
38
40
34
40
40
41
37
36
40
41
41
20
38
35
40
37
40
41
7
26
41
40
38
41
40
40
40
40
38
39
33

14	91.0	1.0
8	99.0	1.8686868686868687
9	99.0	1.797979797979798
10	91.0	1.0
5	99.0	2.6363636363636362
3	100.0	2.75
12	91.0	1.0
4	99.0	2.7474747474747474
1	100.0	2.64
2	100.0	2.6
7	99.0	1.7878787878787878
11	93.0	1.0
6	100.0	1.78
13	94.0	1.0
24	88.0	1.0
19	88.0	1.0
18	95.0	1.0
20	86.0	1.0
17	87.0	1.0
15	86.0	1.0
22	83.0	1.0
21	84.0	1.0
16	87.0	1.0
25	83.0	1.0
23	88.0	1.0
0	99.0	2.7373737373737375
