250

6
10
3
10
10
9
10
10
8
10
9
8
9
8
10
9
10
10
9
10
3
8
10
6
6
7
10
8
4
8
7
8
8
9
9
10
10
8
9
8
6
4
4
10
8
10
6
3
9
6
6
10
9
8
8
10
9
10
7
8
10
7
7
8
8
5
9
6
5
8
7
10
8
9
7
9
10
8
6
9
5
4
9
10
9
8
9
9
4
7
8
7
9
6
7
5
8
10
4
8
4
10
7
10
8
8
9
9
9
9
10
10
8
10
6
6
10
9
3
8
6
10
9
2
4
7
10
9
9
7
7
8
7
6
10
10
10
10
9
10
10
9
10
7
9
7
4
9
9
6
7
10
10
6
10
10
10
9
10
10
10
10
9
3
5
10
10
2
10
6
7
10
7
9
5
10
10
2
10
8
7
10
9
8
10
4
10
7
4
4
9
9
8
10
10
10
8
10
9
10
8
9
9
10
10
6
10
9
5
10
8
8
9
9
8
10
4
9
9
7
9
7
8
10
4
8
10
2
8
9
7
6
4
9
10
6
10
10
10
9
9
4
10
7
5
10
9
10
10
8

2	166.0	1.0060240963855422
3	160.0	1.0
8	161.0	1.0
1	167.0	1.0
5	170.0	1.0
6	158.0	1.0
4	173.0	1.0
7	166.0	1.0
9	160.0	1.0
10	170.0	1.0
0	208.0	1.7019230769230769
