25

38
40
41
40
30
40
41
36
41
32
40
40
15
6
41
40
40
41
40
33
41
40
40
41
40

8	23.0	1.8695652173913044
9	24.0	1.9166666666666667
13	23.0	1.0
12	22.0	1.0
6	24.0	1.9583333333333333
18	21.0	1.0
7	24.0	1.8333333333333333
11	23.0	1.0
2	24.0	2.7083333333333335
19	24.0	1.0
17	23.0	1.0
14	25.0	1.0
15	20.0	1.0
10	23.0	1.0
1	24.0	2.7083333333333335
3	24.0	2.5833333333333335
4	25.0	2.8
5	24.0	2.5833333333333335
16	24.0	1.0
24	21.0	1.0
21	20.0	1.0
22	20.0	1.0
20	21.0	1.0
25	20.0	1.0
23	17.0	1.0
0	25.0	2.64
