100

25
39
30
28
39
15
33
23
36
36
29
37
37
31
35
38
39
3
38
33
39
37
39
38
37
37
31
39
38
37
26
13
37
27
30
34
33
37
37
34
40
25
3
23
26
36
33
40
39
37
36
38
36
34
8
20
10
39
21
34
39
37
7
38
21
30
37
29
39
4
29
38
31
37
38
35
38
40
38
38
40
38
40
19
37
39
36
36
37
39
26
39
36
33
5
31
38
11
21
14

2	98.0	2.2755102040816326
3	97.0	2.268041237113402
4	93.0	2.3118279569892475
1	97.0	2.247422680412371
20	72.0	1.0
18	78.0	1.0
19	73.0	1.0
8	90.0	1.6666666666666667
6	88.0	1.6590909090909092
7	88.0	1.6590909090909092
12	79.0	1.0
16	70.0	1.0
14	76.0	1.0
11	72.0	1.0
22	76.0	1.0
13	75.0	1.0
10	74.0	1.0
9	89.0	1.7191011235955056
15	77.0	1.0
23	83.0	1.0
21	83.0	1.0
25	81.0	1.0
5	91.0	2.5494505494505493
17	77.0	1.0
24	72.0	1.0
0	91.0	2.4065934065934065
