250

9
9
9
10
4
8
9
9
8
7
10
9
9
10
5
9
9
3
6
9
8
10
10
7
6
10
3
10
10
10
9
8
8
10
10
8
10
7
6
9
7
10
10
7
10
10
10
10
10
3
9
9
10
8
10
10
8
8
8
10
7
9
2
10
7
7
7
10
8
10
6
7
9
9
10
10
9
3
10
9
10
6
8
9
5
10
10
8
9
7
5
10
6
8
10
10
6
5
9
7
9
10
5
4
7
7
10
9
10
4
9
5
6
10
7
8
5
9
8
9
5
10
10
5
10
8
6
8
7
5
2
9
6
7
6
10
10
8
8
10
8
9
8
4
10
10
4
5
3
10
10
10
9
8
9
10
5
7
7
10
9
10
5
9
9
9
10
10
4
9
9
10
4
7
9
5
7
10
10
7
7
10
8
10
4
3
8
5
7
5
9
4
10
10
10
3
9
10
2
10
8
8
10
6
7
8
9
8
9
6
9
10
7
6
10
10
7
9
10
9
8
7
3
9
7
10
8
6
10
7
7
2
9
6
9
2
8
9
7
8
10
3
2
9
6
9
10
10
2
9

4	145.0	1.0
1	143.0	1.0
2	152.0	1.0
3	157.0	1.0
7	179.0	1.0
8	160.0	1.00625
5	159.0	1.0
10	172.0	1.0
6	170.0	1.0
9	164.0	1.0
0	230.0	1.5782608695652174
