250

10
10
10
6
6
9
8
9
7
10
4
8
10
9
10
10
9
7
5
4
9
8
10
4
3
9
10
6
10
4
10
10
7
5
8
6
9
9
8
9
5
9
3
2
10
9
8
8
9
9
9
7
9
8
9
10
7
6
9
9
10
5
9
9
4
7
10
5
7
7
9
10
10
4
5
10
9
5
4
10
10
9
8
10
4
8
9
10
10
9
8
10
9
7
10
7
4
9
8
10
10
6
9
2
8
2
8
9
10
10
10
9
6
5
4
7
8
5
10
5
6
7
10
7
4
10
5
8
2
9
4
6
10
10
6
3
9
2
11
10
2
9
9
2
10
6
10
9
9
10
6
2
5
6
8
10
10
9
10
8
9
10
9
8
10
10
9
4
7
9
5
6
8
10
10
5
10
7
3
9
9
3
4
2
5
6
10
9
8
10
10
10
10
10
5
2
10
10
8
3
3
7
6
4
8
4
6
7
5
9
10
10
9
6
9
9
10
4
10
10
9
5
9
10
10
7
8
9
8
4
4
6
2
9
9
9
4
9
10
10
8
9
7
7
6
7
9
9
10
7

3	161.0	1.0
4	169.0	1.0059171597633136
1	160.0	1.0
2	157.0	1.0
10	153.0	1.0
8	160.0	1.0
9	138.0	1.0072463768115942
5	167.0	1.0
6	146.0	1.0
7	155.0	1.0064516129032257
0	221.0	1.48868778280543
