250

32
38
40
40
40
40
40
41
40
14
41
35
30
40
41
28
38
40
40
40
40
26
40
38
41
39
28
40
40
36
32
32
32
39
40
39
40
40
34
41
40
28
40
14
41
40
41
41
39
38
40
40
40
38
38
41
28
41
40
40
40
34
40
40
40
35
40
40
18
41
20
40
37
41
37
40
41
41
40
39
28
40
16
7
36
38
34
40
40
40
36
39
20
38
40
41
40
6
38
40
41
40
38
40
41
40
13
41
40
40
16
40
38
38
40
40
33
40
40
40
40
40
41
39
39
38
41
8
34
40
38
40
41
37
40
40
40
40
30
41
38
40
38
40
40
36
40
38
40
38
40
41
20
40
41
38
37
36
41
37
41
40
40
41
36
28
36
38
40
39
40
28
38
41
41
38
41
40
32
41
40
39
36
30
38
40
40
34
40
40
40
24
40
34
41
38
41
34
41
8
40
41
28
41
40
41
38
40
40
40
27
41
40
40
41
14
41
41
41
40
36
30
37
38
28
29
41
40
40
40
36
40
40
32
41
35
36
38
41
29
41
34
40
41
38
38
23
41
40
40

8	244.0	1.8442622950819672
4	248.0	2.649193548387097
11	214.0	1.0
2	247.0	2.6315789473684212
7	248.0	1.7419354838709677
9	244.0	1.7622950819672132
5	248.0	2.7016129032258065
1	249.0	2.6144578313253013
3	248.0	2.661290322580645
6	247.0	1.757085020242915
10	220.0	1.0
22	225.0	1.0
18	227.0	1.0
20	213.0	1.0
12	211.0	1.0
19	218.0	1.0
23	225.0	1.0
21	218.0	1.0
15	221.0	1.0
24	224.0	1.0
14	215.0	1.0
13	219.0	1.0
17	215.0	1.0
16	214.0	1.0
25	229.0	1.0
0	244.0	2.7131147540983607
