100

36
13
36
37
13
25
31
33
37
17
16
11
38
10
34
37
15
33
38
11
34
34
35
37
15
13
33
26
15
37
32
35
39
37
32
26
34
30
19
35
26
35
36
37
3
30
28
38
32
34
35
26
30
36
38
36
37
35
32
35
35
18
35
37
4
35
35
32
37
37
38
34
33
33
33
28
34
35
34
7
7
26
33
38
32
35
30
32
28
34
36
37
33
35
32
35
29
8
36
37

2	96.0	2.2708333333333335
4	95.0	2.2736842105263158
3	97.0	2.216494845360825
1	96.0	2.15625
5	92.0	2.1739130434782608
19	73.0	1.0
25	71.0	1.0
18	77.0	1.0
17	70.0	1.0
6	91.0	1.5934065934065933
20	74.0	1.0
12	73.0	1.0
15	63.0	1.0
24	70.0	1.0
11	69.0	1.0
23	69.0	1.0
9	85.0	1.576470588235294
8	92.0	1.608695652173913
21	68.0	1.0
10	68.0	1.0
22	73.0	1.0
14	74.0	1.0
16	69.0	1.0
13	78.0	1.0
7	88.0	1.6022727272727273
0	93.0	2.3870967741935485
