100

34
38
36
31
37
31
28
32
31
5
27
33
39
21
33
34
10
30
38
17
36
23
34
22
33
34
36
37
32
16
4
24
28
31
6
30
38
8
36
4
33
27
38
5
14
34
29
2
27
16
38
24
34
7
16
34
37
37
21
38
12
34
16
23
36
37
21
37
28
3
16
32
26
33
33
22
29
15
21
31
33
26
28
19
17
33
6
31
34
36
25
11
38
39
35
34
29
32
33
34

3	91.0	2.142857142857143
1	89.0	2.191011235955056
6	84.0	1.4880952380952381
2	91.0	2.1538461538461537
4	90.0	2.2333333333333334
5	90.0	2.1
23	65.0	1.0
13	64.0	1.0
12	63.0	1.0
19	58.0	1.0
8	78.0	1.5128205128205128
15	56.0	1.0
10	60.0	1.0
20	55.0	1.0
22	64.0	1.0
25	61.0	1.0
11	68.0	1.0
16	66.0	1.0
21	66.0	1.0
18	66.0	1.0
14	66.0	1.0
9	82.0	1.5121951219512195
7	81.0	1.654320987654321
24	71.0	1.0
17	69.0	1.0
0	89.0	2.146067415730337
