250

39
15
38
41
41
22
41
41
22
41
41
41
40
40
40
41
38
40
41
24
3
40
40
30
37
40
6
40
38
10
13
38
41
38
39
40
21
40
39
21
41
35
39
40
40
33
22
41
40
41
41
40
40
40
36
41
40
34
41
39
38
40
40
39
41
40
38
34
36
40
30
39
37
39
40
40
40
40
40
40
32
20
40
40
34
34
28
41
40
40
38
41
41
40
40
34
40
40
40
41
38
36
40
41
41
41
7
40
40
40
41
40
41
40
40
40
22
37
40
40
34
40
38
41
32
40
40
40
40
34
28
40
40
37
40
38
40
38
40
41
33
41
40
40
39
41
39
21
41
38
36
40
40
34
38
39
40
10
34
29
38
40
30
40
38
20
40
35
40
36
40
39
40
38
22
22
40
40
41
41
29
38
40
36
41
40
40
41
40
40
40
38
41
36
37
39
40
38
38
41
36
41
40
40
40
18
39
32
40
28
39
40
41
4
39
40
40
40
14
22
14
40
10
36
9
34
40
23
40
38
15
40
40
41
38
40
10
36
41
40
36
40
16
36
6
40
41
38
40
40

3	246.0	2.6016260162601625
9	241.0	1.7385892116182573
11	208.0	1.0
7	246.0	1.7276422764227641
15	215.0	1.0
12	215.0	1.0
8	243.0	1.7736625514403292
4	246.0	2.6219512195121952
2	246.0	2.6463414634146343
13	216.0	1.0
5	243.0	2.6296296296296298
10	224.0	1.0
6	239.0	1.7698744769874477
1	238.0	2.6596638655462184
14	216.0	1.0
24	210.0	1.0
25	205.0	1.0
22	216.0	1.0
19	213.0	1.0
17	213.0	1.0
23	202.0	1.0
16	211.0	1.0
20	209.0	1.0
18	215.0	1.0
21	214.0	1.0
0	244.0	2.6844262295081966
