250

8
10
10
10
10
10
10
6
7
6
8
8
10
10
6
9
10
10
6
6
10
8
2
9
9
5
4
10
2
9
3
10
10
10
8
10
8
9
8
4
9
6
3
10
6
9
8
9
7
9
10
5
10
10
9
8
5
10
4
8
5
2
6
10
6
10
3
10
9
8
10
9
6
9
6
10
9
10
6
10
4
6
9
10
9
9
8
6
9
9
5
9
8
10
10
7
9
10
10
6
9
5
6
7
8
9
10
9
9
10
6
6
6
8
6
9
8
10
6
5
10
9
10
10
10
5
9
6
9
5
2
10
9
9
9
10
9
10
7
2
9
8
5
9
7
8
9
10
4
4
3
5
8
7
3
9
10
8
8
6
7
10
10
5
8
8
10
9
7
9
8
10
10
10
7
10
8
9
8
9
10
9
10
5
10
10
5
9
9
2
10
10
8
9
9
2
10
9
7
8
4
6
10
10
4
10
8
6
7
3
10
9
8
4
10
7
5
5
8
10
10
6
9
8
9
9
6
2
7
10
6
7
10
10
6
9
10
8
9
10
10
9
8
10
7
7
10
8
8
8

5	166.0	1.0
2	166.0	1.0
4	172.0	1.0
3	162.0	1.0061728395061729
1	151.0	1.0066225165562914
6	177.0	1.0
8	157.0	1.0
7	164.0	1.0
10	153.0	1.0
9	164.0	1.0
0	214.0	1.5467289719626167
