100

30
28
37
23
14
32
29
24
12
34
32
19
37
37
31
33
3
27
4
34
31
20
4
16
23
35
32
19
20
26
10
28
37
33
31
24
29
13
3
30
29
13
28
39
29
35
32
12
32
32
36
7
34
31
3
16
6
30
36
36
10
32
38
29
4
6
36
12
34
4
34
15
24
33
18
32
28
34
32
11
34
36
26
13
27
35
7
36
20
32
28
26
37
37
35
31
29
26
35
37

8	86.0	1.4651162790697674
1	85.0	2.2470588235294118
7	86.0	1.5930232558139534
4	89.0	1.9438202247191012
2	87.0	1.9885057471264367
12	59.0	1.0
11	58.0	1.0
6	81.0	1.4074074074074074
9	87.0	1.3793103448275863
5	88.0	1.9886363636363635
10	61.0	1.0
3	90.0	2.011111111111111
25	63.0	1.0
14	63.0	1.0
20	67.0	1.0
13	66.0	1.0
24	50.0	1.0
18	58.0	1.0
16	54.0	1.0
22	51.0	1.0
23	60.0	1.0
19	56.0	1.0
17	68.0	1.0
21	65.0	1.0
15	61.0	1.0
0	92.0	2.2065217391304346
