250

37
36
29
21
36
35
38
11
25
35
38
36
38
9
39
35
37
39
39
12
13
36
39
35
37
28
37
29
37
23
26
38
34
38
31
38
39
40
38
39
37
33
39
34
27
27
38
38
36
35
35
40
29
39
33
39
28
14
39
39
18
37
23
38
37
30
26
37
35
27
23
38
36
39
39
35
30
37
24
37
28
18
36
40
39
32
35
7
37
24
36
39
32
37
38
5
26
39
34
35
39
23
39
38
38
38
35
38
26
35
34
38
30
38
38
37
27
39
31
37
36
39
26
36
37
22
36
30
31
35
27
16
33
38
39
24
36
26
37
40
33
37
38
31
36
38
40
32
34
26
35
34
32
10
36
35
35
38
34
32
38
8
32
34
26
36
34
39
34
26
38
38
36
21
34
39
10
36
7
38
38
11
34
35
20
30
37
5
35
23
39
37
38
38
38
36
39
27
35
27
37
39
33
40
28
36
32
26
37
38
39
38
31
37
32
15
35
3
30
39
38
39
34
39
38
11
37
5
14
33
38
35
39
6
39
34
26
35
36
39
36
38
36
39
36
8
39
32
36
32

18	202.0	1.0
16	193.0	1.0
6	212.0	1.8254716981132075
10	184.0	1.0
11	186.0	1.0
5	242.0	2.355371900826446
7	237.0	1.590717299578059
3	242.0	2.34297520661157
14	189.0	1.0
17	196.0	1.0
19	203.0	1.0
13	192.0	1.0
2	240.0	2.4291666666666667
9	220.0	1.8181818181818181
4	243.0	2.3786008230452675
1	243.0	2.316872427983539
8	240.0	1.6708333333333334
15	202.0	1.0
12	197.0	1.0
23	192.0	1.0
24	189.0	1.0
21	182.0	1.0
25	185.0	1.0
20	184.0	1.0
22	190.0	1.0
0	233.0	2.4721030042918457
