25

9
25
21
27
36
27
38
32
9
34
9
35
27
37
3
38
9
33
33
38
35
11
33
30
3

3	24.0	2.0416666666666665
2	24.0	1.9583333333333333
4	23.0	1.9130434782608696
1	22.0	2.090909090909091
12	17.0	1.0
23	18.0	1.0
17	15.0	1.0
5	22.0	1.9090909090909092
7	17.0	1.7058823529411764
24	17.0	1.0
21	18.0	1.0
10	18.0	1.0
15	13.0	1.0
14	13.0	1.0
13	12.0	1.0
6	17.0	1.588235294117647
22	13.0	1.0
25	15.0	1.0
8	17.0	1.6470588235294117
16	16.0	1.0
19	15.0	1.0
11	13.0	1.0
9	17.0	1.6470588235294117
20	15.0	1.0
18	16.0	1.0
0	20.0	2.4
