248

4
7
5
3
2
3
2
8
3
9
8
8
5
7
8
9
9
3
3
8
6
9
5
7
3
4
8
8
3
6
7
9
7
3
4
5
7
9
4
4
8
2
2
6
6
7
8
8
8
3
9
6
5
4
4
4
5
4
9
5
6
8
9
3
4
7
7
3
3
6
9
7
8
3
7
3
7
3
6
8
9
2
2
8
4
5
8
3
9
9
9
5
9
9
9
9
7
6
3
8
6
4
4
5
6
8
2
8
8
5
9
8
7
6
9
6
5
7
8
5
7
3
5
8
6
7
4
9
6
8
6
7
6
6
5
6
4
7
2
3
9
5
9
5
3
5
8
8
6
3
2
5
9
9
5
7
9
9
6
9
5
7
2
2
2
7
5
4
6
8
8
5
5
5
8
8
9
3
6
9
3
4
9
8
9
5
3
4
6
8
8
8
2
2
9
6
5
7
3
8
7
8
8
7
8
8
5
6
6
7
3
6
6
8
7
8
9
6
8
8
9
8
9
5
4
9
8
7
4
6
7
3
4
2
9
2
6
2
2
8
5
5
4
3
2
3
7
3

2	105.0	1.0
1	109.0	1.0091743119266054
6	115.0	1.008695652173913
5	131.0	1.0076335877862594
3	132.0	1.0
10	132.0	1.0
4	128.0	1.0078125
8	135.0	1.0074074074074073
7	120.0	1.0
9	109.0	1.0091743119266054
0	191.0	1.3664921465968587
