100

34
11
25
2
38
12
20
8
21
13
30
27
12
26
28
22
31
29
38
26
21
35
30
37
26
22
32
27
4
34
24
32
35
30
4
25
28
31
4
36
3
15
28
4
32
11
38
15
15
8
36
35
33
29
35
9
25
27
27
17
36
36
5
31
33
25
31
30
34
14
9
37
38
28
32
13
36
23
16
5
25
25
28
26
28
36
34
36
34
31
15
21
31
33
36
38
37
30
36
16

6	73.0	1.726027397260274
5	88.0	2.0454545454545454
16	63.0	1.0
7	80.0	1.6125
11	62.0	1.0
12	69.0	1.0
4	89.0	1.9550561797752808
10	60.0	1.0
8	79.0	1.5443037974683544
13	58.0	1.0
17	63.0	1.0
14	59.0	1.0
1	79.0	2.240506329113924
18	54.0	1.0
15	57.0	1.0
21	57.0	1.0
20	65.0	1.0
19	63.0	1.0
3	88.0	1.9204545454545454
9	74.0	1.6756756756756757
2	92.0	1.9565217391304348
22	51.0	1.0
24	54.0	1.0
23	57.0	1.0
25	54.0	1.0
0	85.0	2.2705882352941176
