245

7
3
6
4
8
9
8
9
8
9
8
5
4
6
7
6
8
5
3
9
5
5
8
9
7
9
4
7
5
9
8
6
7
9
9
8
7
2
2
9
6
6
9
7
6
8
7
6
7
4
5
6
2
8
2
4
4
9
4
4
8
7
7
9
5
3
7
4
2
5
9
2
6
2
7
8
6
6
3
8
8
8
8
9
8
7
4
2
3
9
4
4
7
6
9
5
4
8
5
9
6
7
8
9
8
8
9
4
2
3
9
9
2
9
3
3
3
5
9
6
7
2
9
7
7
4
6
6
9
3
8
6
4
5
5
2
9
2
7
8
4
7
3
4
7
7
9
8
9
8
4
8
6
9
4
4
2
9
4
8
2
2
2
7
6
6
6
3
5
9
4
3
8
4
8
8
7
8
6
8
6
5
9
9
7
2
9
9
7
9
5
3
7
7
8
6
6
6
4
2
6
7
9
5
9
8
2
4
9
9
5
2
6
2
9
7
9
3
9
8
4
8
7
3
9
2
7
8
6
5
2
6
3
7
9
6
9
5
9
8
5
9
7
9
7

3	123.0	1.016260162601626
2	116.0	1.0
1	112.0	1.0
9	116.0	1.0
7	126.0	1.0
4	122.0	1.0081967213114753
5	123.0	1.0
8	120.0	1.0083333333333333
6	138.0	1.0
10	139.0	1.0
0	189.0	1.433862433862434
