250

9
3
8
5
6
10
3
10
10
10
10
8
8
10
10
8
5
4
10
6
7
10
9
10
8
9
5
10
9
7
9
9
10
9
8
9
6
8
8
4
8
9
6
4
3
10
7
8
10
7
9
10
3
10
4
6
8
8
5
9
4
8
6
8
10
10
5
10
9
9
9
8
9
8
3
10
3
9
5
9
10
10
10
8
9
8
10
8
9
8
9
4
6
9
10
10
8
9
9
8
6
10
7
9
7
10
9
2
8
4
10
9
9
10
9
6
10
10
4
2
7
9
10
5
9
10
9
10
3
9
9
8
10
6
10
7
9
6
10
10
3
10
5
10
7
2
8
2
4
8
8
7
6
10
10
9
9
2
9
2
10
5
10
10
7
10
9
7
9
8
9
10
10
8
10
5
10
6
9
10
9
4
9
6
10
10
9
10
10
2
10
8
8
10
10
4
9
8
7
2
7
10
9
7
10
9
10
7
8
8
9
10
9
7
9
10
9
8
7
10
9
10
9
8
10
8
4
10
7
10
5
10
7
7
9
10
10
7
5
6
10
10
3
2
4
10
6
6
8
9

1	172.0	1.0
7	163.0	1.0
2	179.0	1.0
8	158.0	1.0
10	166.0	1.0
9	171.0	1.0
4	166.0	1.0
6	156.0	1.0
3	143.0	1.0
5	160.0	1.00625
0	227.0	1.4405286343612336
