248

6
9
5
9
8
3
8
5
5
5
7
4
8
8
3
8
9
3
3
5
5
7
8
5
4
3
9
2
8
2
5
9
8
6
8
3
7
7
3
8
4
2
9
4
8
6
5
6
8
5
4
9
4
8
7
4
8
3
6
4
2
4
9
5
9
2
7
7
7
9
6
5
8
5
9
8
9
5
8
4
2
8
9
8
8
7
5
6
5
3
6
7
9
9
6
7
8
9
5
8
3
5
6
5
8
5
3
8
7
5
5
5
7
4
8
7
7
4
2
7
7
9
5
9
3
8
5
6
3
2
4
7
6
8
7
8
8
3
2
7
3
4
7
6
7
6
5
3
3
2
3
7
6
2
4
9
7
7
4
6
9
9
4
7
5
7
8
5
8
7
9
7
9
5
9
5
5
7
8
4
3
9
4
9
7
4
8
4
9
9
7
7
8
2
8
9
6
7
2
5
6
9
3
9
6
5
4
2
9
8
7
3
9
6
3
4
7
9
8
5
8
6
3
7
3
2
6
9
2
6
9
9
4
8
9
6
8
5
5
7
4
7
4
6
8
7
7
7

5	130.0	1.0
2	118.0	1.0084745762711864
4	129.0	1.0
3	122.0	1.0
1	106.0	1.009433962264151
6	139.0	1.0
8	119.0	1.0
7	129.0	1.0
10	120.0	1.0
9	131.0	1.0
0	184.0	1.3967391304347827
