250

11
9
10
8
10
11
11
3
10
9
11
11
9
6
8
11
11
8
11
11
11
11
10
10
9
7
2
11
11
11
10
11
11
11
11
11
11
11
11
6
11
10
11
11
11
5
8
10
11
6
7
11
11
10
6
11
8
10
10
9
7
11
11
10
8
11
8
11
11
11
10
11
10
10
11
8
11
9
8
11
9
9
11
11
4
9
9
11
5
11
11
6
11
10
11
11
9
11
11
11
10
10
10
10
5
11
11
10
9
3
3
8
11
11
7
11
9
11
9
10
11
11
11
8
10
11
9
11
6
8
11
11
11
7
11
10
10
11
11
11
11
11
10
11
10
4
11
11
11
11
11
10
10
10
11
11
6
5
11
11
11
11
6
11
11
8
9
11
11
11
11
5
11
11
11
11
11
11
11
11
11
11
10
11
11
11
9
7
11
10
11
11
11
11
11
11
11
5
10
10
11
6
6
8
10
11
10
10
11
11
11
8
9
11
11
3
11
11
10
11
11
10
10
9
7
10
11
2
10
11
11
11
11
7
11
8
11
9
9
9
11
11
11
6
11
6
10
10
6
11

3	193.0	1.0
5	194.0	1.0
2	188.0	1.0
1	194.0	1.0
4	193.0	1.0
8	203.0	1.0
10	204.0	1.0
9	207.0	1.0
6	213.0	1.0
7	212.0	1.0
0	238.0	1.7478991596638656
