100

36
41
41
40
36
5
41
40
40
40
35
41
38
41
6
41
3
32
40
40
40
21
38
40
32
32
40
40
39
20
41
41
41
41
38
41
41
32
31
32
35
39
32
39
34
34
40
40
29
32
40
41
41
41
41
39
32
32
40
38
39
39
36
41
33
38
31
40
40
41
38
40
39
37
40
40
37
33
40
41
38
36
38
31
40
40
39
40
27
38
41
36
35
40
29
41
40
32
40
40

19	94.0	1.0
12	91.0	1.0
4	98.0	2.693877551020408
5	97.0	2.6907216494845363
9	96.0	1.8958333333333333
7	95.0	1.8526315789473684
17	92.0	1.0
18	89.0	1.0
10	87.0	1.0
11	86.0	1.0
6	99.0	1.797979797979798
20	87.0	1.0
8	92.0	1.858695652173913
3	99.0	2.5555555555555554
14	87.0	1.0
15	86.0	1.0
13	84.0	1.0
2	99.0	2.606060606060606
16	90.0	1.0
1	99.0	2.5353535353535355
24	83.0	1.0
22	82.0	1.0
23	82.0	1.0
21	80.0	1.0
25	85.0	1.0
0	97.0	2.7010309278350517
