250

35
37
8
38
23
36
33
5
30
37
33
32
26
37
31
35
31
30
36
28
37
35
6
37
21
35
35
32
21
10
33
38
30
36
35
36
30
37
36
35
24
12
30
17
35
6
35
29
18
25
27
36
32
30
8
8
38
37
38
32
37
35
30
33
10
36
20
22
26
27
37
37
38
34
36
31
22
37
23
32
27
7
39
37
20
31
37
29
35
34
35
37
35
30
35
34
36
31
30
13
4
33
35
38
37
33
36
20
29
16
27
10
36
10
27
31
32
35
14
24
3
35
32
36
37
31
16
32
37
30
34
22
29
5
27
20
3
10
35
32
8
24
38
34
37
30
21
38
23
33
34
12
33
30
21
3
37
23
16
27
37
32
36
30
3
35
38
34
5
31
36
31
23
34
5
29
17
35
37
37
35
21
22
29
39
18
12
23
37
25
33
14
24
34
37
32
30
28
35
34
30
36
33
33
36
29
20
34
38
27
23
35
30
14
28
29
36
34
38
35
37
24
36
37
37
30
22
19
31
33
31
38
30
33
36
27
30
25
30
36
29
38
29
12
33
29
36
30
4
29

4	234.0	2.1923076923076925
7	218.0	1.5229357798165137
8	216.0	1.5787037037037037
5	233.0	2.11587982832618
3	237.0	2.130801687763713
2	235.0	2.2
1	235.0	2.0553191489361704
6	222.0	1.481981981981982
15	172.0	1.0
24	172.0	1.0
23	177.0	1.0
18	171.0	1.0
20	188.0	1.0
9	203.0	1.645320197044335
11	166.0	1.0
25	163.0	1.0
10	171.0	1.0
19	170.0	1.0
21	165.0	1.0
13	169.0	1.0
22	169.0	1.0
17	161.0	1.0
14	172.0	1.0
16	164.0	1.0
12	186.0	1.0
0	231.0	2.406926406926407
