250

40
38
40
40
37
41
40
26
40
40
40
39
25
38
34
41
40
41
38
38
19
40
40
40
41
39
36
35
38
41
41
40
24
40
40
41
36
40
40
41
40
40
36
37
41
40
36
36
40
41
27
40
36
37
40
37
28
36
40
41
41
35
21
37
40
12
37
40
41
40
39
10
41
36
41
40
39
40
41
41
41
32
41
40
41
41
37
36
40
41
40
37
40
40
41
39
32
38
40
40
40
40
41
38
35
40
40
40
41
33
5
39
40
40
34
40
40
36
40
41
37
28
41
41
38
39
14
38
38
40
40
41
41
39
41
41
40
29
20
14
40
27
41
40
41
39
38
23
40
34
40
40
40
20
41
41
40
37
40
29
39
38
10
40
39
37
40
41
38
40
37
41
39
40
40
38
40
19
36
40
41
15
40
40
40
40
39
40
40
40
37
9
28
40
38
41
35
38
38
41
38
40
41
40
23
41
40
39
14
7
41
30
38
32
40
36
40
40
40
21
8
40
36
40
41
28
37
33
38
41
39
38
15
40
39
40
35
40
40
39
41
39
40
36
40
40
40
40
19
41

18	220.0	1.0
3	245.0	2.669387755102041
16	220.0	1.0
11	221.0	1.0
20	218.0	1.0
17	215.0	1.0
8	235.0	1.8808510638297873
2	243.0	2.765432098765432
19	223.0	1.0
1	247.0	2.668016194331984
12	219.0	1.0
15	216.0	1.0
6	242.0	1.8016528925619835
22	221.0	1.0
14	207.0	1.0
21	217.0	1.0
10	212.0	1.0
13	220.0	1.0
4	243.0	2.6090534979423867
7	246.0	1.7682926829268293
9	238.0	1.8277310924369747
5	246.0	2.6219512195121952
24	213.0	1.0
25	215.0	1.0
23	216.0	1.0
0	245.0	2.657142857142857
