249

21
13
29
26
35
37
37
20
4
28
34
35
34
35
38
16
29
23
14
15
36
3
32
34
18
20
11
38
23
20
21
30
18
37
33
24
11
34
23
16
37
37
33
37
21
32
36
36
32
34
22
25
32
35
34
33
22
29
33
32
28
37
21
24
34
31
25
34
37
36
32
33
8
30
26
28
15
19
34
36
38
34
33
25
33
21
36
37
36
34
12
35
27
35
34
30
22
23
26
8
35
37
12
37
33
18
35
18
6
33
37
4
29
37
36
35
38
30
37
33
37
29
34
36
33
32
6
34
25
32
30
13
30
16
32
38
28
32
33
19
35
24
28
25
34
34
34
35
37
14
33
33
33
15
10
31
32
34
31
35
30
21
37
29
37
24
33
28
37
33
27
33
30
30
33
3
27
36
35
27
34
31
3
29
37
30
36
27
8
8
31
30
32
4
35
33
36
31
12
28
30
35
28
30
33
36
34
34
32
36
35
24
36
29
3
39
33
24
36
36
32
4
37
30
36
17
34
36
37
34
34
32
20
3
38
31
37
35
37
12
35
6
22
30
35
34
28
35
29

12	179.0	1.0
8	221.0	1.4479638009049773
15	173.0	1.0
1	234.0	2.1965811965811968
6	225.0	1.528888888888889
7	225.0	1.5422222222222222
13	164.0	1.0
10	167.0	1.0
3	229.0	2.2489082969432315
4	235.0	2.1446808510638298
5	235.0	2.097872340425532
2	235.0	2.1702127659574466
14	168.0	1.0
11	164.0	1.0
9	218.0	1.5137614678899083
21	172.0	1.0
16	176.0	1.0
17	167.0	1.0
25	160.0	1.0
20	159.0	1.0
22	172.0	1.0
19	164.0	1.0
23	179.0	1.0
18	153.0	1.0
24	164.0	1.0
0	231.0	2.2510822510822512
