250

34
34
27
19
34
34
37
9
21
29
34
30
9
3
13
32
35
38
38
4
12
35
37
34
36
21
36
23
35
22
24
34
30
37
29
36
8
39
30
34
35
31
38
29
26
25
36
29
34
12
27
8
27
35
9
38
26
11
11
20
16
35
19
36
32
28
24
25
28
15
19
36
34
37
36
4
28
30
22
29
25
16
34
38
37
28
27
6
36
23
15
36
26
33
36
4
24
36
32
34
37
22
37
32
36
33
34
37
25
34
31
34
29
37
37
3
25
35
29
35
20
36
21
32
35
21
34
29
30
33
25
14
4
36
37
12
34
15
35
38
29
32
10
29
29
36
38
27
31
24
32
29
27
8
34
33
34
35
30
28
37
6
30
32
24
35
32
33
32
13
36
28
34
19
30
34
8
34
5
34
36
5
30
26
18
28
35
3
33
9
37
36
35
34
35
30
33
23
33
17
36
37
32
38
8
34
27
14
35
3
31
37
27
10
13
11
28
3
12
38
35
38
26
37
36
10
33
4
11
32
12
34
37
4
38
25
17
31
32
37
33
37
28
36
30
6
27
31
35
31

18	168.0	1.0
16	156.0	1.0
6	182.0	1.7582417582417582
10	146.0	1.0
11	144.0	1.0
5	231.0	2.090909090909091
7	215.0	1.4744186046511627
3	229.0	2.087336244541485
14	160.0	1.0
17	171.0	1.0
19	175.0	1.0
13	165.0	1.0
2	226.0	2.247787610619469
9	202.0	1.7079207920792079
4	228.0	2.1666666666666665
1	231.0	1.9956709956709957
8	221.0	1.5475113122171946
15	175.0	1.0
12	177.0	1.0
23	160.0	1.0
24	160.0	1.0
21	150.0	1.0
25	152.0	1.0
20	152.0	1.0
22	159.0	1.0
0	217.0	2.216589861751152
