250

11
11
11
11
11
7
10
11
11
11
11
8
9
11
11
10
11
11
8
6
11
10
8
11
10
7
11
3
11
11
9
11
11
11
11
11
10
9
11
11
11
11
10
11
11
11
9
11
11
11
11
11
8
10
11
11
7
9
11
10
10
10
11
11
10
5
11
11
10
11
10
8
11
11
8
11
5
11
11
7
9
8
11
10
10
11
11
11
8
11
11
11
8
8
11
10
11
11
10
6
11
10
11
11
11
11
11
7
9
11
11
11
11
9
8
11
10
11
11
10
11
10
11
10
11
11
10
9
10
11
11
10
9
7
9
11
9
11
11
8
11
11
9
10
9
10
10
8
11
11
10
10
11
11
9
9
11
11
11
11
10
3
11
11
11
11
11
6
11
7
2
11
11
11
11
11
4
9
11
11
9
11
10
11
9
11
7
11
4
6
11
11
7
9
8
8
11
11
11
11
11
11
10
11
11
11
11
11
11
8
9
11
7
11
9
11
6
11
10
11
11
11
10
11
11
9
9
11
7
7
11
5
11
5
9
11
11
6
11
10
10
10
11
11
11
11
10
11
11
10

1	193.0	1.0
3	187.0	1.0
4	203.0	1.0
2	212.0	1.0
9	205.0	1.0
5	200.0	1.0
7	192.0	1.0
6	210.0	1.0
8	219.0	1.0
10	218.0	1.0
0	243.0	1.7777777777777777
