250

7
10
10
10
8
7
8
10
10
6
5
6
2
5
9
8
7
9
9
8
10
10
6
8
8
8
3
9
8
8
9
7
10
7
10
2
2
7
8
5
3
8
10
7
8
4
9
7
3
8
10
10
8
10
2
10
8
10
3
8
7
6
7
10
9
10
5
10
10
10
10
7
4
10
7
9
2
8
5
7
8
9
7
9
9
10
2
6
9
10
7
10
5
10
8
10
5
7
6
7
8
8
8
8
5
3
7
3
6
10
7
9
4
10
10
10
9
10
7
10
8
9
5
7
5
10
8
9
10
8
9
9
4
3
9
10
10
8
10
8
9
7
9
9
9
7
8
3
9
10
9
4
6
10
7
8
9
10
10
6
10
5
10
6
10
3
5
4
8
8
6
5
6
8
8
9
5
6
2
10
9
10
9
10
10
5
8
10
5
10
9
7
10
10
10
7
9
10
7
7
6
5
10
7
6
7
9
8
3
6
8
10
10
6
10
10
8
9
8
8
8
6
8
8
8
10
5
6
8
10
10
10
9
2
9
6
10
8
7
10
10
10
10
8
10
2
8
3
10
10

4	156.0	1.0
5	159.0	1.0062893081761006
1	163.0	1.0
7	169.0	1.0
6	157.0	1.0
3	168.0	1.005952380952381
2	177.0	1.0
9	156.0	1.0
10	141.0	1.0
8	156.0	1.0
0	207.0	1.5314009661835748
