250

10
10
10
11
11
11
11
10
8
5
11
11
10
11
11
11
10
11
11
7
10
11
11
10
11
11
11
11
11
11
10
8
3
10
10
11
11
6
11
8
11
11
11
11
11
11
11
11
10
10
11
10
10
6
10
11
11
7
11
9
10
11
11
11
10
11
11
10
11
11
11
11
11
10
11
10
10
11
11
11
10
11
10
9
8
8
11
5
9
11
11
11
11
9
8
10
11
11
6
9
10
10
11
6
11
11
10
2
11
11
9
11
11
8
11
11
11
11
6
10
10
11
8
11
10
11
10
7
10
11
10
9
10
11
11
10
10
10
10
11
11
11
6
11
10
11
11
11
11
11
11
11
11
11
5
7
10
4
9
10
3
11
9
11
10
11
11
11
10
11
11
10
10
11
10
10
10
11
10
10
11
9
10
11
11
8
8
10
11
10
11
9
9
10
11
10
10
6
10
11
11
11
10
3
10
11
10
11
11
2
9
11
11
10
9
11
11
10
11
11
11
10
11
8
11
11
10
11
10
4
11
4
10
10
9
9
9
11
11
11
11
11
11
11
11
11
9
11
10
9

1	202.0	1.0
7	215.0	1.0
4	207.0	1.0
10	208.0	1.0
8	206.0	1.0
5	211.0	1.0
6	201.0	1.0
2	211.0	1.0
9	199.0	1.0
3	202.0	1.0
0	241.0	1.7261410788381744
