250

29
35
25
14
33
34
27
33
27
30
35
25
23
3
34
36
35
37
36
36
37
16
25
35
37
38
19
33
37
31
36
12
29
28
18
23
33
26
6
30
35
37
35
36
19
33
33
35
37
29
9
34
37
33
36
16
36
27
36
35
21
34
37
31
32
34
36
37
36
27
32
15
31
29
35
30
37
36
36
36
33
30
37
36
36
26
29
17
35
36
4
29
30
35
2
12
30
2
32
28
19
37
24
7
37
37
18
29
37
15
31
38
29
30
30
23
32
24
37
21
14
19
34
30
29
9
37
25
26
37
27
36
37
32
34
18
22
10
37
37
33
28
32
36
30
32
3
34
38
30
23
36
27
24
37
24
21
24
37
36
34
34
27
28
31
35
36
34
8
35
16
34
5
37
20
10
35
37
31
34
36
36
27
3
34
28
32
31
37
37
37
15
10
35
12
20
35
13
31
7
25
27
31
33
31
33
35
26
34
26
36
17
28
25
38
33
30
17
6
33
35
4
37
29
36
30
34
18
26
33
36
30
27
13
24
11
35
35
31
3
25
23
19
7
32
7
8
27
26
32

1	233.0	2.2017167381974247
13	168.0	1.0
14	170.0	1.0
18	177.0	1.0
12	174.0	1.0
10	170.0	1.0
4	228.0	2.162280701754386
20	163.0	1.0
17	152.0	1.0
6	204.0	1.6323529411764706
22	158.0	1.0
3	229.0	2.1528384279475983
16	169.0	1.0
5	232.0	2.1508620689655173
7	205.0	1.575609756097561
15	162.0	1.0
19	165.0	1.0
21	165.0	1.0
8	220.0	1.6136363636363635
2	227.0	2.2246696035242293
9	209.0	1.5933014354066986
11	167.0	1.0
23	155.0	1.0
24	153.0	1.0
25	170.0	1.0
0	235.0	2.1446808510638298
