25

37
17
34
35
36
36
33
39
10
7
6
21
18
35
28
7
24
35
19
35
36
7
37
35
37

19	13.0	1.0
18	18.0	1.0
10	17.0	1.0
2	21.0	2.0952380952380953
9	17.0	1.7058823529411764
8	21.0	1.619047619047619
14	18.0	1.0
4	22.0	2.409090909090909
16	15.0	1.0
17	16.0	1.0
15	15.0	1.0
6	22.0	1.5
5	21.0	2.142857142857143
3	21.0	2.142857142857143
12	16.0	1.0
11	18.0	1.0
13	15.0	1.0
7	21.0	1.380952380952381
1	22.0	2.272727272727273
21	15.0	1.0
23	15.0	1.0
25	14.0	1.0
22	16.0	1.0
20	16.0	1.0
24	15.0	1.0
0	21.0	2.380952380952381
