100

40
38
40
40
40
40
39
16
41
40
28
41
38
36
40
38
40
36
40
40
40
38
36
40
39
41
41
36
40
34
38
41
40
41
36
40
17
40
34
38
41
40
40
41
38
33
31
36
40
40
40
38
26
41
40
40
34
40
40
41
40
38
40
36
12
40
30
41
36
40
40
41
40
41
40
40
41
9
40
40
38
32
33
38
40
40
41
38
40
36
40
40
32
40
39
40
40
40
41
36

4	98.0	2.7755102040816326
2	100.0	2.71
5	100.0	2.68
6	99.0	1.8585858585858586
3	99.0	2.6565656565656566
10	88.0	1.0
1	100.0	2.67
8	100.0	1.82
9	100.0	1.77
7	99.0	1.8383838383838385
20	91.0	1.0
14	92.0	1.0
25	87.0	1.0
23	88.0	1.0
12	91.0	1.0
11	89.0	1.0
18	89.0	1.0
16	91.0	1.0
21	87.0	1.0
17	89.0	1.0
19	85.0	1.0
24	86.0	1.0
13	83.0	1.0
15	86.0	1.0
22	87.0	1.0
0	99.0	2.7777777777777777
