250

34
41
32
41
40
40
40
39
40
40
14
23
38
37
38
40
38
40
35
40
41
40
40
41
41
40
37
30
40
40
38
41
34
40
40
41
34
41
41
27
38
38
41
39
38
40
40
40
41
40
41
41
37
41
38
35
40
41
36
39
40
41
32
36
38
41
40
40
40
41
40
32
40
5
34
36
41
7
41
40
40
38
40
40
41
40
40
36
41
41
38
40
34
40
40
40
39
40
40
38
38
40
38
40
40
32
40
40
40
27
41
40
41
21
33
40
40
40
41
34
41
40
35
40
38
6
40
38
40
41
36
40
41
39
40
40
38
34
9
38
15
41
38
38
38
40
40
40
41
40
40
40
40
37
40
39
40
37
40
41
19
37
40
40
41
4
23
38
41
41
40
40
40
38
34
40
41
9
41
41
32
19
41
41
41
36
39
36
41
35
40
39
40
40
41
38
32
39
41
40
41
19
40
39
8
40
41
36
40
39
19
41
36
41
40
36
38
41
40
40
41
38
40
10
40
36
38
38
23
26
40
41
41
40
40
36
41
40
40
28
41
41
40
41
34
40
32
41
40
38

4	245.0	2.706122448979592
2	245.0	2.730612244897959
5	246.0	2.6951219512195124
9	245.0	1.8122448979591836
11	230.0	1.0
12	227.0	1.0
7	242.0	1.7933884297520661
3	246.0	2.7113821138211383
8	245.0	1.7836734693877552
1	248.0	2.693548387096774
13	230.0	1.0
14	219.0	1.0
10	221.0	1.0
6	244.0	1.7950819672131149
17	215.0	1.0
24	220.0	1.0
20	218.0	1.0
22	219.0	1.0
25	228.0	1.0
23	211.0	1.0
16	216.0	1.0
19	217.0	1.0
15	210.0	1.0
18	215.0	1.0
21	214.0	1.0
0	242.0	2.739669421487603
