250

11
11
11
11
11
2
11
10
9
10
11
10
11
11
9
11
10
10
11
7
11
11
9
11
10
10
11
11
11
11
7
10
11
10
7
11
8
8
6
10
11
11
11
10
9
11
8
11
8
4
11
11
11
10
11
10
9
11
11
8
10
8
10
11
11
8
10
8
11
11
7
7
9
11
8
10
10
10
10
11
11
11
11
10
11
11
11
11
11
4
10
7
10
11
11
11
11
11
4
5
11
9
11
9
10
10
9
8
11
11
8
11
11
11
11
2
11
3
11
9
11
11
9
10
7
11
10
11
10
10
11
10
9
9
10
7
11
11
11
11
9
11
11
10
10
10
10
10
11
11
11
11
11
7
11
11
11
11
11
11
9
11
8
4
11
11
3
9
11
8
11
7
11
11
11
10
11
11
11
11
9
8
10
9
11
11
11
11
11
10
11
11
8
11
11
8
10
10
11
10
11
10
11
11
11
11
9
9
10
11
7
9
10
11
11
10
11
11
11
11
11
11
11
11
11
10
10
11
9
11
7
11
11
11
6
11
11
11
8
11
9
11
11
9
11
11
11
11
8
11

6	210.0	1.0
8	210.0	1.0
4	211.0	1.0
7	212.0	1.0
3	211.0	1.0
5	207.0	1.0
1	204.0	1.0
2	206.0	1.0
9	200.0	1.0
10	199.0	1.0
0	227.0	1.7797356828193833
