99

5
28
26
35
27
28
36
31
19
33
6
31
37
39
35
24
11
23
36
24
30
35
33
32
35
17
27
26
28
36
24
31
37
37
34
36
15
36
38
8
10
31
36
31
23
35
33
37
37
38
6
31
31
33
37
28
36
28
12
37
21
24
5
23
31
30
36
22
10
22
13
32
37
36
35
33
29
37
36
4
29
35
16
27
11
36
34
31
4
35
37
37
31
31
29
21
19
34
35

18	76.0	1.0
2	93.0	2.247311827956989
16	74.0	1.0
5	87.0	2.1954022988505746
15	62.0	1.0
1	86.0	2.116279069767442
14	58.0	1.0
11	57.0	1.0
6	88.0	1.5
8	84.0	1.5833333333333333
7	81.0	1.6296296296296295
10	68.0	1.0
13	70.0	1.0
3	90.0	2.2555555555555555
19	64.0	1.0
12	65.0	1.0
20	57.0	1.0
17	67.0	1.0
21	67.0	1.0
9	81.0	1.7037037037037037
4	90.0	2.2
22	70.0	1.0
23	66.0	1.0
25	63.0	1.0
24	66.0	1.0
0	89.0	2.235955056179775
