249

35
36
24
31
33
39
32
30
28
30
34
5
7
32
22
37
39
32
32
26
28
30
29
33
35
32
33
37
6
26
22
34
28
12
28
26
32
33
28
37
23
4
26
30
29
33
3
31
13
32
30
6
28
25
11
20
24
21
10
17
34
37
32
24
19
29
21
35
36
34
32
34
4
31
24
25
36
38
18
34
35
38
37
37
33
26
31
36
6
37
15
27
29
28
32
8
27
12
12
37
30
36
37
28
34
11
26
30
39
37
7
36
37
12
31
32
2
36
16
34
37
18
25
37
10
27
25
37
31
27
26
36
30
5
32
6
25
37
28
32
35
28
34
26
14
32
34
27
38
27
37
36
37
38
38
11
19
8
30
15
19
8
27
27
35
34
38
34
36
36
22
31
33
35
30
19
25
26
33
36
12
31
36
25
5
35
36
8
37
38
33
36
6
3
24
8
20
36
34
15
16
28
24
14
37
36
39
37
35
20
35
23
13
35
33
17
37
36
34
18
10
18
35
37
36
37
36
15
14
7
37
34
23
33
36
30
36
22
27
20
28
28
3
37
31
36
25
34
37

8	220.0	1.4727272727272727
15	145.0	1.0
4	235.0	2.072340425531915
5	218.0	2.091743119266055
1	228.0	2.1447368421052633
9	220.0	1.5136363636363637
3	227.0	2.1233480176211454
11	166.0	1.0
10	154.0	1.0
6	215.0	1.427906976744186
7	220.0	1.4727272727272727
2	221.0	2.230769230769231
12	163.0	1.0
13	161.0	1.0
14	165.0	1.0
25	156.0	1.0
18	170.0	1.0
20	166.0	1.0
19	167.0	1.0
23	164.0	1.0
21	157.0	1.0
22	151.0	1.0
16	154.0	1.0
17	164.0	1.0
24	165.0	1.0
0	232.0	2.168103448275862
