100

34
40
41
40
40
34
3
40
41
35
40
16
28
26
6
40
41
41
40
41
8
36
38
40
38
37
40
40
36
40
36
41
10
40
38
36
41
39
41
41
34
38
40
41
4
40
40
40
40
40
34
39
41
41
41
40
41
38
8
30
28
41
36
32
41
40
30
40
40
36
40
37
40
41
41
41
40
40
39
38
40
40
37
36
35
38
38
41
40
40
40
36
12
39
40
41
40
41
40
35

1	97.0	2.649484536082474
7	96.0	1.8125
9	96.0	1.7916666666666667
3	96.0	2.6770833333333335
5	98.0	2.63265306122449
6	98.0	1.7653061224489797
2	96.0	2.6354166666666665
4	98.0	2.5714285714285716
8	97.0	1.8041237113402062
10	88.0	1.0
13	86.0	1.0
16	87.0	1.0
24	84.0	1.0
20	89.0	1.0
11	87.0	1.0
17	86.0	1.0
15	85.0	1.0
21	84.0	1.0
25	87.0	1.0
18	85.0	1.0
19	84.0	1.0
12	83.0	1.0
22	85.0	1.0
14	82.0	1.0
23	87.0	1.0
0	96.0	2.7395833333333335
