250

11
11
11
8
8
4
10
11
3
8
10
11
11
11
10
10
11
9
4
7
11
11
10
10
11
11
11
10
8
11
11
11
8
11
8
8
11
7
10
9
5
11
9
10
10
7
11
11
11
10
10
11
9
8
11
9
11
11
11
9
11
7
11
11
11
11
9
11
8
8
7
11
11
11
11
11
11
11
11
8
10
11
10
8
10
7
7
9
11
11
10
9
11
9
11
9
5
8
9
10
3
11
10
10
11
6
11
11
11
11
6
11
11
10
11
10
9
11
8
11
8
10
11
9
9
11
10
9
11
9
11
11
11
11
11
11
7
11
9
9
11
11
5
9
8
11
11
11
11
10
9
10
11
11
11
11
11
11
8
11
11
11
11
11
11
10
10
11
11
11
8
10
5
10
11
7
11
11
11
10
9
9
11
7
11
11
10
11
11
8
10
11
8
11
2
11
11
3
11
11
11
11
9
10
11
11
9
7
11
11
11
11
11
10
11
11
8
11
10
5
8
6
11
5
11
3
11
11
4
11
11
3
6
10
10
11
11
8
11
8
7
5
8
11
2
11
11
7
11
11

1	196.0	1.0
2	201.0	1.0
7	208.0	1.0
9	204.0	1.0
3	202.0	1.0
8	205.0	1.0
10	193.0	1.0
5	199.0	1.0
4	200.0	1.0
6	195.0	1.0
0	235.0	1.6680851063829787
