99

35
5
9
13
27
21
36
36
27
34
37
30
2
37
33
37
10
37
36
36
39
33
22
32
34
6
8
29
7
36
26
6
30
31
32
12
38
30
36
25
30
4
35
8
37
28
32
36
37
36
36
37
37
37
14
36
7
36
35
10
37
27
35
28
4
32
35
33
25
37
38
28
28
6
27
3
36
31
31
15
17
35
28
27
36
33
37
22
31
21
33
24
24
35
33
34
31
35
30

6	85.0	1.611764705882353
4	90.0	2.1333333333333333
1	95.0	2.1473684210526316
2	88.0	2.147727272727273
3	87.0	2.0689655172413794
5	90.0	2.2777777777777777
7	81.0	1.5432098765432098
9	81.0	1.6790123456790123
8	78.0	1.564102564102564
20	59.0	1.0
15	69.0	1.0
10	72.0	1.0
19	61.0	1.0
11	65.0	1.0
23	62.0	1.0
24	61.0	1.0
22	63.0	1.0
14	67.0	1.0
16	72.0	1.0
21	72.0	1.0
12	61.0	1.0
13	52.0	1.0
18	56.0	1.0
25	69.0	1.0
17	65.0	1.0
0	91.0	2.241758241758242
