100

40
11
38
34
40
40
40
40
22
40
36
40
41
39
40
30
41
28
40
41
41
31
40
40
41
40
37
40
40
40
41
40
40
15
40
41
40
40
40
39
32
40
38
40
27
41
40
39
40
41
39
5
40
40
40
41
29
41
40
40
17
38
41
41
37
41
39
20
40
16
40
41
27
39
41
40
36
36
41
38
38
39
41
34
34
40
39
40
41
38
41
12
36
40
40
38
40
37
41
38

12	89.0	1.0
10	86.0	1.0
1	100.0	2.59
14	88.0	1.0
2	99.0	2.696969696969697
11	88.0	1.0
15	90.0	1.0
9	97.0	1.8453608247422681
13	89.0	1.0
18	88.0	1.0
16	89.0	1.0
4	100.0	2.59
7	93.0	1.924731182795699
5	99.0	2.707070707070707
8	97.0	1.8144329896907216
17	89.0	1.0
3	98.0	2.663265306122449
6	97.0	1.8350515463917525
21	85.0	1.0
24	84.0	1.0
23	85.0	1.0
22	89.0	1.0
25	86.0	1.0
20	83.0	1.0
19	87.0	1.0
0	97.0	2.6288659793814433
