100

32
33
23
25
31
32
5
37
32
8
37
24
36
27
30
30
33
36
26
37
20
30
26
35
38
36
26
22
22
38
4
32
16
28
14
34
7
22
31
31
35
32
28
10
34
36
9
39
35
36
36
12
24
34
13
9
34
31
35
31
37
9
32
37
26
19
33
37
2
6
37
24
37
36
35
31
38
35
28
35
37
33
31
27
31
30
39
36
38
6
35
37
35
22
30
36
32
38
6
33

9	91.0	1.5494505494505495
1	97.0	2.0618556701030926
5	93.0	2.086021505376344
3	91.0	2.120879120879121
8	89.0	1.3932584269662922
2	94.0	2.1914893617021276
6	88.0	1.625
4	93.0	2.10752688172043
7	89.0	1.5617977528089888
16	75.0	1.0
14	65.0	1.0
21	64.0	1.0
19	68.0	1.0
12	75.0	1.0
10	65.0	1.0
23	68.0	1.0
22	70.0	1.0
17	71.0	1.0
25	65.0	1.0
24	63.0	1.0
15	68.0	1.0
11	68.0	1.0
13	62.0	1.0
20	70.0	1.0
18	66.0	1.0
0	90.0	2.2888888888888888
