250

11
11
10
9
10
11
9
8
11
10
11
11
11
11
8
11
7
10
11
11
10
9
11
5
11
11
11
11
11
11
9
7
11
11
11
10
10
11
9
11
11
11
11
11
11
11
6
11
9
11
11
5
10
10
10
9
8
10
11
7
11
9
8
11
11
11
11
11
11
11
11
11
10
11
11
11
10
11
10
10
11
11
3
11
8
11
11
10
11
11
11
11
6
7
10
11
11
8
11
11
11
10
7
10
11
11
10
10
11
8
11
10
11
10
11
11
10
10
11
11
6
8
11
8
10
9
8
11
11
11
9
11
10
11
11
11
10
8
11
11
8
10
11
7
10
9
11
11
9
10
10
9
11
10
11
8
11
10
10
6
11
10
11
11
9
10
10
11
11
11
11
10
11
11
8
11
9
11
11
9
10
9
11
11
9
11
8
11
10
10
11
10
11
11
11
4
11
3
11
10
11
11
11
10
11
11
11
11
11
8
8
8
11
11
10
11
10
11
11
8
11
11
10
11
5
7
11
11
11
9
10
11
9
11
11
10
11
4
11
10
10
10
11
7
7
11
10
6
11
7

1	201.0	1.0
2	200.0	1.0
3	203.0	1.0
8	215.0	1.0
10	208.0	1.0
6	219.0	1.0
5	203.0	1.0
7	215.0	1.0
9	212.0	1.0
4	204.0	1.0
0	242.0	1.677685950413223
