250

41
32
41
40
40
41
35
8
40
40
10
35
40
40
41
41
40
40
27
41
40
38
38
40
40
40
41
38
41
36
40
30
40
41
41
32
27
36
7
39
38
40
37
27
40
40
2
41
36
34
32
31
40
38
40
40
40
41
20
40
34
27
40
40
40
40
40
41
40
38
40
41
38
41
41
41
40
41
38
36
40
40
29
40
34
38
41
40
38
6
40
40
40
40
40
41
41
31
40
37
41
40
41
36
41
40
40
40
40
38
41
38
40
25
41
39
40
41
40
40
40
41
40
32
35
40
38
41
40
38
41
34
40
34
20
20
41
36
41
37
38
40
39
40
40
41
36
40
41
40
40
40
41
41
36
40
41
40
37
40
35
37
40
36
40
36
34
15
40
40
40
41
40
40
32
38
39
38
40
40
40
40
34
41
40
26
37
38
40
40
40
40
34
40
35
40
30
41
40
41
38
41
8
41
38
41
41
36
30
40
41
34
41
36
35
15
33
41
40
40
34
41
40
37
40
32
32
37
38
38
41
41
41
40
36
38
28
38
40
36
15
40
40
40
40
41
2
40
40
38

5	245.0	2.693877551020408
6	246.0	1.7967479674796747
1	246.0	2.613821138211382
2	249.0	2.6305220883534135
3	246.0	2.6422764227642275
4	246.0	2.678861788617886
22	220.0	1.0
25	218.0	1.0
13	217.0	1.0
9	245.0	1.816326530612245
7	245.0	1.8040816326530613
23	227.0	1.0
15	229.0	1.0
11	217.0	1.0
10	219.0	1.0
19	221.0	1.0
14	219.0	1.0
21	210.0	1.0
20	218.0	1.0
18	226.0	1.0
24	226.0	1.0
8	235.0	1.9191489361702128
16	226.0	1.0
17	220.0	1.0
12	222.0	1.0
0	244.0	2.7049180327868854
