250

34
37
38
12
36
33
38
24
21
38
38
36
23
33
9
21
36
17
37
37
10
35
38
38
39
33
30
33
36
38
37
27
20
37
35
28
5
39
38
39
35
39
34
36
39
38
27
9
34
33
26
39
32
34
36
9
26
29
39
38
37
34
20
36
39
6
33
37
40
38
37
7
39
34
39
39
37
36
39
40
38
31
38
34
39
18
36
11
37
37
39
35
38
38
31
30
28
36
39
33
38
35
37
32
33
38
36
39
39
18
4
29
39
39
32
38
29
34
38
39
33
27
40
35
36
30
12
35
36
39
39
30
40
37
40
28
37
27
19
13
39
25
39
16
34
37
30
22
12
32
22
39
38
18
34
35
31
36
38
27
38
37
9
39
33
9
39
33
29
31
31
22
37
34
38
36
38
12
32
22
37
12
36
39
37
38
38
38
38
39
35
8
26
37
36
39
34
34
31
40
36
39
32
39
22
13
36
34
10
5
37
28
27
30
38
35
39
30
38
8
6
26
34
28
38
26
30
3
36
33
38
7
9
38
37
38
33
38
36
38
38
36
39
34
38
36
38
39
17
40

18	196.0	1.0
3	234.0	2.376068376068376
16	195.0	1.0
11	195.0	1.0
20	191.0	1.0
17	183.0	1.0
8	218.0	1.8027522935779816
2	230.0	2.482608695652174
19	188.0	1.0
1	237.0	2.3966244725738397
12	185.0	1.0
15	185.0	1.0
6	227.0	1.669603524229075
22	193.0	1.0
14	181.0	1.0
21	181.0	1.0
10	180.0	1.0
13	182.0	1.0
4	232.0	2.3448275862068964
7	233.0	1.6351931330472103
9	222.0	1.6981981981981982
5	232.0	2.3879310344827585
24	182.0	1.0
25	181.0	1.0
23	183.0	1.0
0	241.0	2.3692946058091287
