250

35
37
36
24
37
36
34
36
28
32
37
29
25
5
36
40
36
38
38
37
39
18
29
38
39
40
21
39
38
35
40
29
33
39
20
33
36
36
23
37
38
39
39
38
38
34
37
38
39
31
16
36
39
34
39
38
40
30
39
37
25
39
39
35
34
39
38
38
40
39
38
39
33
33
36
34
39
40
37
39
36
32
38
38
38
28
30
27
37
38
6
31
31
39
2
13
31
5
36
38
20
38
26
13
38
39
28
32
39
18
33
39
36
37
39
39
39
29
38
24
15
21
38
38
37
34
38
35
28
39
32
38
40
34
39
20
26
28
40
39
35
29
33
38
31
34
3
36
39
36
38
38
31
25
38
25
28
26
39
38
38
38
29
36
38
36
39
36
40
36
22
37
11
39
21
12
36
39
33
39
37
38
36
3
36
38
34
36
39
39
39
37
30
39
23
23
39
37
33
39
37
34
32
37
33
38
37
36
38
32
38
19
35
27
39
35
36
18
8
35
36
39
38
31
38
33
36
20
34
34
39
38
31
18
31
39
37
37
35
20
26
36
19
31
34
39
23
31
27
37

1	240.0	2.495833333333333
13	192.0	1.0
14	196.0	1.0
18	200.0	1.0
12	197.0	1.0
10	200.0	1.0
4	242.0	2.4049586776859506
20	189.0	1.0
17	181.0	1.0
6	229.0	1.7510917030567685
22	195.0	1.0
3	238.0	2.4495798319327733
16	202.0	1.0
5	245.0	2.4285714285714284
7	224.0	1.7142857142857142
15	200.0	1.0
19	194.0	1.0
21	198.0	1.0
8	236.0	1.7076271186440677
2	243.0	2.42798353909465
9	228.0	1.706140350877193
11	199.0	1.0
23	189.0	1.0
24	187.0	1.0
25	197.0	1.0
0	244.0	2.4057377049180326
