250

25
38
38
38
37
39
23
31
32
38
38
39
35
40
40
25
32
38
26
31
28
39
37
36
38
7
33
27
34
38
27
38
31
38
40
28
25
36
30
38
37
35
39
36
35
37
38
34
38
28
31
35
29
37
17
37
22
25
33
38
39
40
34
37
17
26
38
38
10
37
35
36
12
36
38
40
39
40
38
32
38
32
38
15
32
34
14
20
14
32
38
29
27
34
3
37
36
35
39
37
36
40
39
21
15
36
39
36
39
19
36
37
37
39
22
39
36
36
39
35
23
39
8
38
40
32
35
33
37
5
39
39
39
39
10
25
32
23
39
35
28
38
37
37
35
36
39
35
37
13
38
38
12
37
34
9
38
39
26
16
17
5
4
34
36
34
40
38
38
36
38
38
21
38
36
18
19
29
40
34
36
37
20
39
37
37
13
31
40
35
38
23
37
38
32
37
33
39
18
40
39
37
39
37
34
37
10
36
3
39
38
24
37
37
39
39
38
35
39
38
36
36
38
39
36
40
39
38
34
2
3
31
37
38
35
40
38
20
38
38
39
38
32
40
34
30
32
39
28
36

12	187.0	1.0
6	231.0	1.6623376623376624
2	234.0	2.405982905982906
1	239.0	2.3723849372384938
13	197.0	1.0
4	241.0	2.4149377593360994
9	235.0	1.6978723404255318
11	174.0	1.0
8	234.0	1.6111111111111112
5	242.0	2.3512396694214877
7	236.0	1.6016949152542372
10	196.0	1.0
14	191.0	1.0
3	240.0	2.433333333333333
15	196.0	1.0
19	198.0	1.0
18	199.0	1.0
24	189.0	1.0
16	192.0	1.0
21	194.0	1.0
20	192.0	1.0
17	197.0	1.0
22	190.0	1.0
25	192.0	1.0
23	199.0	1.0
0	240.0	2.466666666666667
