250

36
38
36
36
30
28
33
34
32
21
21
28
33
38
32
3
2
36
32
34
22
32
37
26
30
13
27
25
36
32
35
36
37
31
37
3
36
29
32
26
25
29
30
34
33
26
31
36
34
38
36
34
37
4
12
7
9
34
19
35
24
27
17
37
21
34
25
36
21
36
36
39
19
8
23
21
23
4
26
11
12
37
23
29
30
33
26
34
13
6
30
15
35
32
35
32
26
13
36
33
29
32
31
36
36
22
34
28
30
31
37
37
36
36
31
36
28
12
33
30
34
37
25
13
34
36
35
31
38
37
15
37
31
38
34
6
38
35
4
33
5
3
32
20
22
28
33
38
35
29
36
15
9
11
36
31
24
23
16
32
37
22
30
9
31
34
37
32
16
33
33
25
37
20
36
18
7
11
33
31
39
35
28
36
32
21
33
31
29
38
32
34
30
28
31
36
35
37
36
19
38
11
23
37
34
35
34
4
34
25
37
37
33
37
37
2
27
32
37
9
27
26
23
26
33
11
18
25
35
31
8
30
38
37
37
21
32
12
23
36
36
24
21
37
17
34
5
14
37
37

2	234.0	2.1367521367521367
9	220.0	1.4954545454545454
18	164.0	1.0
8	206.0	1.6601941747572815
15	180.0	1.0
7	209.0	1.5885167464114833
10	178.0	1.0
3	230.0	2.2043478260869565
17	158.0	1.0
11	161.0	1.0
16	156.0	1.0
14	159.0	1.0
13	158.0	1.0
1	230.0	2.126086956521739
4	229.0	2.091703056768559
5	239.0	2.096234309623431
6	198.0	1.5757575757575757
12	173.0	1.0
20	168.0	1.0
23	173.0	1.0
21	160.0	1.0
25	159.0	1.0
22	154.0	1.0
19	165.0	1.0
24	160.0	1.0
0	224.0	2.361607142857143
