100

27
39
38
30
39
38
39
39
39
34
38
32
39
9
34
39
35
27
39
34
36
39
31
16
37
35
40
14
9
37
15
33
39
39
38
37
35
37
30
32
27
39
8
39
39
30
38
39
23
36
36
32
33
31
13
39
39
30
29
39
38
39
21
38
27
33
39
37
39
29
8
36
34
36
38
39
36
33
12
39
36
9
38
39
32
11
22
39
36
10
31
38
34
39
38
36
39
37
30
36

4	99.0	2.313131313131313
7	95.0	1.6210526315789473
8	92.0	1.565217391304348
5	98.0	2.438775510204082
2	96.0	2.4583333333333335
1	94.0	2.4574468085106385
6	94.0	1.6914893617021276
3	96.0	2.46875
18	67.0	1.0
15	77.0	1.0
14	72.0	1.0
11	73.0	1.0
23	76.0	1.0
21	77.0	1.0
9	93.0	1.6236559139784945
13	81.0	1.0
20	75.0	1.0
12	75.0	1.0
19	76.0	1.0
10	78.0	1.0
25	82.0	1.0
16	78.0	1.0
24	76.0	1.0
17	78.0	1.0
22	80.0	1.0
0	96.0	2.4583333333333335
