100

40
38
36
39
29
8
26
35
38
25
3
23
5
38
34
24
37
29
35
39
26
14
40
26
29
12
39
31
38
38
40
37
38
28
36
29
5
38
28
30
10
38
34
39
39
20
32
38
34
19
39
32
31
27
37
39
30
39
39
39
4
36
39
24
39
31
26
34
37
14
38
38
40
37
35
38
38
34
39
39
30
32
36
28
38
40
38
39
38
38
37
27
39
36
34
30
34
39
10
36

7	88.0	1.6477272727272727
3	95.0	2.3157894736842106
6	96.0	1.5833333333333333
8	90.0	1.6222222222222222
1	97.0	2.402061855670103
4	96.0	2.3333333333333335
10	77.0	1.0
5	94.0	2.4361702127659575
9	89.0	1.6404494382022472
2	96.0	2.375
13	73.0	1.0
18	73.0	1.0
25	71.0	1.0
20	77.0	1.0
19	69.0	1.0
17	71.0	1.0
22	79.0	1.0
21	79.0	1.0
16	79.0	1.0
14	81.0	1.0
23	75.0	1.0
15	82.0	1.0
24	74.0	1.0
12	78.0	1.0
11	79.0	1.0
0	95.0	2.4947368421052634
