100

35
35
39
37
38
37
38
30
11
38
38
3
31
25
36
9
38
38
6
39
6
38
38
38
14
39
36
37
27
25
7
34
13
31
36
37
40
34
31
39
40
34
28
37
38
35
39
36
34
5
36
38
29
32
22
28
25
38
38
19
37
9
39
11
31
36
27
25
14
35
38
4
21
39
39
17
24
6
40
39
34
36
8
32
39
37
36
38
39
39
35
38
33
27
32
39
36
39
35
38

1	94.0	2.3617021276595747
12	73.0	1.0
24	76.0	1.0
9	83.0	1.6746987951807228
11	69.0	1.0
14	70.0	1.0
17	68.0	1.0
21	72.0	1.0
8	88.0	1.7159090909090908
2	93.0	2.4301075268817205
5	91.0	2.4395604395604398
22	75.0	1.0
18	76.0	1.0
6	88.0	1.7159090909090908
7	81.0	1.691358024691358
4	91.0	2.3736263736263736
15	74.0	1.0
20	68.0	1.0
23	71.0	1.0
13	68.0	1.0
10	74.0	1.0
25	77.0	1.0
16	75.0	1.0
3	91.0	2.3516483516483517
19	68.0	1.0
0	93.0	2.3763440860215055
