250

34
41
40
9
38
39
41
41
38
40
40
36
40
32
38
38
32
36
36
36
41
40
40
41
41
41
40
38
32
41
36
40
36
38
40
41
40
40
38
40
38
40
40
40
38
39
38
38
41
41
41
38
40
4
40
22
16
40
20
40
41
10
40
32
40
40
40
40
41
28
40
41
41
6
40
39
40
40
41
40
26
35
41
40
40
40
41
40
41
41
40
32
8
40
40
40
40
40
40
38
41
41
32
40
36
41
40
38
40
41
24
41
41
41
40
38
41
38
41
20
40
41
38
40
38
40
41
40
32
38
40
40
32
41
5
40
40
32
6
32
26
40
38
41
41
36
30
40
40
40
38
40
32
26
40
40
40
38
39
40
40
40
40
38
40
38
41
40
40
32
40
39
40
40
41
40
36
40
40
40
40
40
40
40
38
40
40
39
40
40
40
40
9
38
38
41
20
41
38
12
10
34
40
39
41
41
41
34
41
40
40
38
40
32
6
34
27
36
40
6
30
40
28
40
40
40
40
40
41
40
40
22
38
37
10
36
40
41
40
16
41
38
40
38
26
40
41
38
40
40

2	245.0	2.7183673469387757
6	243.0	1.8271604938271604
7	246.0	1.7764227642276422
1	244.0	2.627049180327869
8	240.0	1.825
4	243.0	2.662551440329218
5	247.0	2.651821862348178
3	246.0	2.6097560975609757
9	245.0	1.8081632653061224
10	211.0	1.0
24	208.0	1.0
18	215.0	1.0
19	217.0	1.0
22	221.0	1.0
15	215.0	1.0
16	216.0	1.0
20	221.0	1.0
25	216.0	1.0
17	212.0	1.0
23	214.0	1.0
12	216.0	1.0
21	213.0	1.0
11	207.0	1.0
13	211.0	1.0
14	216.0	1.0
0	243.0	2.7160493827160495
