25

41
37
16
41
40
41
41
40
36
39
41
39
37
40
40
40
40
33
32
4
41
41
37
40
40

5	24.0	2.7083333333333335
9	23.0	1.7826086956521738
2	24.0	2.7083333333333335
14	20.0	1.0
12	24.0	1.0
6	24.0	2.0
15	22.0	1.0
10	22.0	1.0
18	23.0	1.0
13	24.0	1.0
1	24.0	2.7083333333333335
8	24.0	1.8333333333333333
17	23.0	1.0
11	23.0	1.0
20	23.0	1.0
16	24.0	1.0
19	20.0	1.0
3	25.0	2.68
7	24.0	1.7083333333333333
4	24.0	2.5416666666666665
21	21.0	1.0
24	21.0	1.0
23	22.0	1.0
25	21.0	1.0
22	20.0	1.0
0	23.0	2.9130434782608696
