250

10
9
9
9
9
8
4
10
7
8
8
10
4
6
3
8
10
6
6
8
10
10
10
4
7
8
4
4
10
3
9
8
7
10
9
2
7
3
5
8
10
10
8
3
4
5
4
7
8
8
6
9
10
9
10
8
10
3
5
6
9
10
8
8
9
8
6
10
8
10
9
8
9
8
6
8
9
6
10
9
3
10
10
10
6
4
8
6
10
10
9
10
10
8
6
10
5
10
10
10
10
10
5
10
10
9
10
5
4
9
7
5
3
7
6
4
9
9
4
10
9
5
10
9
9
10
9
9
10
10
6
6
9
6
8
10
9
9
8
7
10
10
10
3
7
8
6
4
7
8
4
10
10
10
9
8
6
7
9
7
4
10
10
10
6
7
10
9
10
9
9
7
7
10
9
5
10
8
8
7
4
5
10
10
6
9
8
6
10
10
10
9
4
6
7
9
8
8
10
8
2
6
7
4
2
10
10
10
7
10
5
5
9
10
7
8
8
5
10
10
7
10
9
9
8
8
10
6
9
10
3
10
5
5
2
7
8
7
7
9
8
8
8
2
8
7
9
4
9
5

5	174.0	1.0
4	173.0	1.0057803468208093
1	164.0	1.0
3	167.0	1.0
2	170.0	1.0
8	144.0	1.0
9	151.0	1.0
10	148.0	1.0
7	148.0	1.0
6	153.0	1.0
0	218.0	1.4862385321100917
