246

4
5
4
6
6
8
7
8
4
2
9
4
8
4
9
2
6
9
9
4
4
8
9
9
8
2
2
3
9
4
9
7
8
3
7
8
4
5
7
7
2
7
9
9
5
3
5
7
3
7
6
8
9
6
5
8
2
4
5
4
9
5
2
2
8
9
4
8
7
6
4
7
9
7
8
5
7
3
6
6
8
9
6
3
6
3
8
9
3
6
7
7
9
3
8
9
7
9
2
8
5
2
8
4
8
5
2
6
8
2
7
8
5
8
8
5
8
4
7
8
4
8
7
7
9
6
6
2
9
7
4
6
8
6
5
9
6
9
8
6
2
9
3
7
6
7
2
9
3
9
8
2
5
9
9
5
9
2
6
9
7
5
9
7
8
7
8
4
3
7
2
7
3
3
7
9
6
7
3
6
3
8
4
4
5
9
6
8
7
9
4
6
7
8
5
4
8
8
7
8
8
5
5
4
3
3
4
3
2
3
7
2
5
3
3
4
3
3
5
8
4
8
9
9
4
3
3
3
9
4
8
7
6
8
6
2
7
9
6
2
7
4
8
7
7
8

1	126.0	1.0
8	123.0	1.0
5	121.0	1.0
3	131.0	1.0
4	121.0	1.0082644628099173
6	139.0	1.0071942446043165
7	122.0	1.0
2	135.0	1.0
10	105.0	1.0
9	101.0	1.0
0	168.0	1.4226190476190477
