100

31
4
24
34
14
37
25
37
38
30
4
37
36
38
26
31
35
36
30
13
21
25
35
18
36
37
7
36
5
34
16
37
6
6
32
28
37
38
24
31
17
34
30
35
36
39
34
8
21
21
12
29
33
23
25
14
20
36
37
30
37
36
17
37
21
36
38
36
28
37
27
13
10
12
34
11
37
9
27
35
39
31
28
35
6
37
31
27
33
31
25
34
29
21
20
35
36
37
37
29

9	87.0	1.5747126436781609
3	92.0	2.0760869565217392
14	73.0	1.0
20	70.0	1.0
5	92.0	2.0434782608695654
6	89.0	1.5056179775280898
2	92.0	2.0760869565217392
10	69.0	1.0
13	62.0	1.0
7	74.0	1.662162162162162
16	67.0	1.0
12	66.0	1.0
19	65.0	1.0
4	93.0	2.21505376344086
1	85.0	2.2
15	59.0	1.0
18	65.0	1.0
8	77.0	1.6753246753246753
11	66.0	1.0
17	60.0	1.0
23	62.0	1.0
22	63.0	1.0
25	63.0	1.0
21	63.0	1.0
24	70.0	1.0
0	93.0	2.2903225806451615
