250

38
27
41
26
40
37
39
41
40
40
41
36
35
40
41
41
40
39
39
39
40
40
40
40
35
37
37
39
40
40
33
38
40
41
41
40
41
40
35
41
19
36
31
40
41
40
41
41
40
41
38
37
39
40
38
39
37
41
38
40
32
39
40
36
41
39
41
21
38
9
38
34
41
40
40
41
41
41
15
38
40
37
41
41
40
36
41
39
35
39
37
41
40
36
41
41
32
39
40
41
40
40
40
41
38
6
40
39
41
39
41
38
25
23
39
34
33
41
41
40
40
41
40
40
40
36
41
40
40
41
26
40
38
40
39
39
40
41
30
24
37
38
41
41
40
40
39
41
37
39
39
40
38
30
41
39
41
36
36
40
40
39
38
38
40
39
40
40
41
41
35
41
40
38
41
41
27
40
40
41
36
37
35
41
40
41
41
38
35
40
4
40
40
34
34
41
25
38
40
36
38
41
38
38
39
41
40
38
29
6
34
40
30
41
40
36
36
38
40
25
41
41
37
40
40
37
40
41
41
36
40
40
36
17
14
21
40
38
40
39
38
40
5
15
40
40
40
38
41
39

1	244.0	2.7295081967213113
14	222.0	1.0
17	228.0	1.0
15	219.0	1.0
10	222.0	1.0
7	244.0	1.8032786885245902
20	224.0	1.0
5	246.0	2.6463414634146343
11	218.0	1.0
9	241.0	1.8174273858921162
2	247.0	2.7125506072874495
13	224.0	1.0
4	246.0	2.6463414634146343
21	224.0	1.0
22	227.0	1.0
12	222.0	1.0
6	242.0	1.8140495867768596
8	239.0	1.8744769874476988
18	227.0	1.0
19	217.0	1.0
23	221.0	1.0
3	244.0	2.75
16	226.0	1.0
24	215.0	1.0
25	211.0	1.0
0	247.0	2.6842105263157894
