100

40
34
39
37
25
23
25
7
22
35
39
38
32
38
11
38
33
16
23
38
26
37
39
36
37
34
38
35
39
37
36
31
38
36
33
3
39
37
36
36
36
38
30
39
37
39
39
39
38
35
36
38
31
3
39
38
7
22
38
38
34
36
39
39
33
11
4
36
29
38
30
40
36
38
39
33
33
38
33
37
26
36
36
37
40
35
39
38
37
37
26
36
39
27
39
38
36
38
37
8

6	90.0	1.7555555555555555
13	73.0	1.0
16	75.0	1.0
7	93.0	1.6666666666666667
2	97.0	2.4536082474226806
3	94.0	2.351063829787234
17	77.0	1.0
14	77.0	1.0
18	79.0	1.0
8	90.0	1.7666666666666666
1	92.0	2.510869565217391
15	83.0	1.0
4	93.0	2.5591397849462365
11	75.0	1.0
10	82.0	1.0
9	93.0	1.6344086021505377
12	80.0	1.0
5	95.0	2.6315789473684212
25	76.0	1.0
23	79.0	1.0
21	76.0	1.0
22	78.0	1.0
19	74.0	1.0
20	75.0	1.0
24	77.0	1.0
0	94.0	2.5425531914893615
