250

2
6
10
9
8
10
10
2
10
9
4
10
10
10
9
10
10
10
10
10
10
9
10
10
4
9
10
8
8
7
9
9
7
6
4
6
9
9
10
5
3
8
7
8
8
8
4
10
3
8
10
4
6
10
9
6
8
10
4
8
10
8
5
9
5
8
10
9
9
7
7
10
10
10
8
5
10
10
10
6
9
10
9
10
9
5
10
10
10
9
8
8
6
10
8
9
8
3
6
9
10
7
7
6
5
8
4
10
9
8
9
7
10
7
6
9
10
8
8
7
2
9
9
9
9
9
7
10
4
8
4
10
9
10
2
10
9
8
7
8
10
10
10
6
10
3
6
2
10
9
9
9
7
10
10
7
5
10
7
10
7
4
4
10
6
9
3
9
2
9
10
8
10
9
10
5
6
9
7
7
6
10
2
4
10
6
5
10
5
9
10
3
9
6
9
8
9
10
9
7
6
10
9
7
8
5
6
6
10
4
9
8
4
7
10
10
2
10
7
7
9
10
10
8
10
9
10
10
10
10
10
10
8
10
3
6
2
6
5
10
7
8
10
9
9
10
10
7
10
8

2	182.0	1.0
5	160.0	1.0
3	154.0	1.0
7	132.0	1.0
4	161.0	1.0
1	173.0	1.0057803468208093
6	182.0	1.0
10	167.0	1.0
9	147.0	1.0
8	160.0	1.0
0	211.0	1.6161137440758293
