25

36
37
23
31
35
38
27
30
19
39
19
37
7
30
39
40
38
38
23
37
35
34
20
15
27

15	20.0	1.0
21	16.0	1.0
16	17.0	1.0
20	19.0	1.0
7	22.0	1.4545454545454546
11	20.0	1.0
14	16.0	1.0
13	17.0	1.0
18	18.0	1.0
5	22.0	2.4545454545454546
4	24.0	2.0833333333333335
2	24.0	2.3333333333333335
8	22.0	1.7272727272727273
12	20.0	1.0
9	22.0	1.6818181818181819
6	24.0	1.5833333333333333
10	22.0	1.0
1	24.0	2.125
19	18.0	1.0
3	24.0	2.2083333333333335
17	16.0	1.0
22	16.0	1.0
25	17.0	1.0
23	16.0	1.0
24	16.0	1.0
0	25.0	2.44
