100

26
36
40
21
32
37
38
39
11
39
13
35
35
35
38
38
33
38
34
37
29
36
10
38
38
38
38
38
29
26
39
39
37
27
39
38
22
36
18
37
38
26
26
37
35
34
39
30
33
39
2
36
39
37
39
30
24
27
39
36
5
29
38
37
39
18
32
40
32
36
38
34
38
34
31
27
37
25
38
37
35
35
21
12
37
39
38
35
24
19
36
38
28
38
38
34
29
37
39
39

3	97.0	2.381443298969072
13	76.0	1.0
4	96.0	2.2708333333333335
18	78.0	1.0
2	98.0	2.479591836734694
17	75.0	1.0
8	88.0	1.7613636363636365
6	92.0	1.684782608695652
15	72.0	1.0
14	73.0	1.0
10	77.0	1.0
16	80.0	1.0
9	94.0	1.5957446808510638
5	98.0	2.316326530612245
7	90.0	1.711111111111111
12	84.0	1.0
11	83.0	1.0
1	99.0	2.414141414141414
23	81.0	1.0
25	78.0	1.0
24	69.0	1.0
21	75.0	1.0
19	73.0	1.0
22	77.0	1.0
20	81.0	1.0
0	94.0	2.606382978723404
