25

37
34
11
39
40
38
37
30
37
38
39
37
8
38
32
32
22
27
26
33
30
39
37
18
36

4	24.0	2.4583333333333335
2	25.0	2.48
11	21.0	1.0
9	23.0	1.565217391304348
12	22.0	1.0
6	24.0	1.6666666666666667
8	23.0	1.7391304347826086
17	22.0	1.0
13	20.0	1.0
15	20.0	1.0
7	24.0	1.7916666666666667
3	23.0	2.347826086956522
5	23.0	2.347826086956522
20	20.0	1.0
16	17.0	1.0
19	17.0	1.0
14	18.0	1.0
10	17.0	1.0
1	24.0	2.2083333333333335
18	19.0	1.0
22	20.0	1.0
24	20.0	1.0
25	17.0	1.0
23	16.0	1.0
21	12.0	1.0
0	24.0	2.3333333333333335
