248

29
9
35
34
34
39
31
4
17
36
3
11
35
33
37
37
33
36
24
13
37
35
31
36
5
24
37
33
14
32
36
27
37
6
38
21
24
20
4
16
26
36
34
20
37
37
27
34
31
25
23
34
35
32
35
31
22
16
27
29
4
36
35
7
38
36
35
35
24
13
18
31
39
35
35
36
38
36
34
37
30
26
19
32
34
10
32
35
2
23
35
36
27
36
37
27
25
37
34
37
12
35
33
31
35
36
26
38
35
26
35
34
18
37
35
22
37
25
36
29
34
34
23
32
34
34
26
35
6
24
30
38
22
11
8
12
33
37
22
25
37
36
26
21
36
33
36
35
36
37
38
37
6
32
36
38
29
34
38
13
34
29
28
30
30
13
9
18
13
35
3
36
35
29
29
35
25
35
26
34
25
30
18
36
19
33
31
36
36
36
14
30
37
26
38
24
29
38
38
35
38
3
35
34
38
35
33
28
28
26
28
33
33
31
13
30
37
19
36
25
37
30
34
23
24
23
6
35
32
33
16
22
22
23
19
18
34
37
31
8
37
31
4
22
37
37
27
35

5	230.0	2.2217391304347824
6	219.0	1.5251141552511416
1	221.0	2.1538461538461537
2	231.0	2.0303030303030303
3	228.0	2.1491228070175437
4	232.0	2.1336206896551726
22	162.0	1.0
25	167.0	1.0
13	165.0	1.0
9	223.0	1.5201793721973094
7	219.0	1.5981735159817352
23	172.0	1.0
15	183.0	1.0
11	163.0	1.0
10	166.0	1.0
19	171.0	1.0
14	168.0	1.0
21	163.0	1.0
20	164.0	1.0
18	183.0	1.0
24	171.0	1.0
8	210.0	1.723809523809524
16	177.0	1.0
17	170.0	1.0
12	164.0	1.0
0	226.0	2.2079646017699117
