100

36
39
38
40
39
33
30
37
32
7
35
37
40
23
35
36
19
32
39
20
38
26
37
26
34
36
37
38
34
31
6
26
34
36
35
33
39
13
38
5
38
29
39
6
15
38
35
2
28
17
39
34
35
29
38
36
38
39
38
39
14
36
38
24
40
39
23
39
33
4
39
34
28
36
35
32
34
29
23
33
35
39
30
29
19
40
7
33
36
38
37
22
39
40
37
38
38
39
39
40

3	96.0	2.4375
1	95.0	2.3684210526315788
6	92.0	1.6304347826086956
2	95.0	2.3789473684210525
4	93.0	2.4623655913978495
5	93.0	2.3655913978494625
23	78.0	1.0
13	77.0	1.0
12	72.0	1.0
19	71.0	1.0
8	91.0	1.6153846153846154
15	68.0	1.0
10	72.0	1.0
20	69.0	1.0
22	73.0	1.0
25	70.0	1.0
11	77.0	1.0
16	77.0	1.0
21	76.0	1.0
18	76.0	1.0
14	77.0	1.0
9	93.0	1.6236559139784945
7	89.0	1.7078651685393258
24	79.0	1.0
17	77.0	1.0
0	92.0	2.4565217391304346
