100

41
38
31
40
38
40
40
30
41
40
20
38
40
34
40
40
15
36
41
38
38
38
36
40
40
41
40
41
40
37
24
34
40
11
39
39
38
41
31
41
41
40
41
34
41
40
41
40
40
40
41
38
27
38
41
40
40
40
40
15
28
41
41
35
40
36
38
30
40
18
36
41
41
41
38
41
41
40
40
40
40
39
39
40
9
39
39
40
27
34
41
41
36
41
40
40
40
33
38
36

10	88.0	1.0
11	86.0	1.0
8	99.0	1.7777777777777777
12	89.0	1.0
2	100.0	2.66
4	99.0	2.6161616161616164
6	99.0	1.7373737373737375
5	99.0	2.5757575757575757
7	96.0	1.7916666666666667
9	98.0	1.7653061224489797
3	98.0	2.683673469387755
1	100.0	2.69
18	91.0	1.0
17	87.0	1.0
16	88.0	1.0
19	89.0	1.0
24	87.0	1.0
21	94.0	1.0
14	86.0	1.0
20	89.0	1.0
23	88.0	1.0
15	81.0	1.0
22	92.0	1.0
13	89.0	1.0
25	91.0	1.0
0	100.0	2.66
