247

6
9
5
6
9
8
7
8
6
7
8
6
2
6
2
7
3
9
7
8
6
9
6
3
6
2
5
6
9
2
5
5
8
8
8
8
9
2
8
7
5
6
5
8
4
6
9
5
6
9
5
9
8
9
5
3
4
7
9
8
8
4
7
8
5
3
2
3
8
3
3
2
8
6
3
5
8
2
6
10
7
7
4
6
3
7
9
8
6
8
3
7
2
8
9
8
7
9
7
5
8
4
3
9
7
7
9
7
3
9
7
9
9
7
2
4
3
8
4
2
6
8
5
6
7
9
8
2
6
6
6
8
7
2
8
9
8
7
7
4
9
9
6
4
8
2
3
7
6
7
4
2
7
4
2
8
9
6
8
4
7
2
7
6
9
7
6
3
7
7
2
2
4
6
7
5
3
7
8
7
2
7
6
9
8
5
9
4
5
6
9
9
9
8
8
3
5
2
6
7
7
9
5
3
5
9
2
3
8
8
7
3
9
6
6
5
2
9
7
5
3
5
8
9
4
5
9
7
4
4
4
2
4
6
5
7
7
7
7
7
3
7
7
3
5
6
2

4	112.0	1.0089285714285714
1	115.0	1.008695652173913
3	106.0	1.0
2	118.0	1.0169491525423728
7	132.0	1.0075757575757576
10	122.0	1.0081967213114753
8	130.0	1.0
5	119.0	1.0
6	112.0	1.0
9	142.0	1.0140845070422535
0	195.0	1.3743589743589744
