250

40
40
29
26
40
40
39
40
40
37
40
40
33
39
40
37
40
40
7
26
37
41
41
34
26
29
40
38
40
40
41
40
18
40
9
41
38
40
26
40
41
38
40
38
41
40
15
40
40
36
38
38
32
41
38
40
40
40
40
40
40
41
40
5
40
38
32
34
41
36
41
23
41
38
2
41
40
35
41
41
8
34
15
40
37
38
40
40
38
40
41
40
40
34
21
41
41
29
40
41
40
34
30
33
40
40
34
36
36
41
40
40
36
7
40
40
41
38
25
40
41
40
14
41
41
41
40
40
38
41
41
40
40
40
41
40
7
40
40
37
34
40
39
39
40
38
40
40
41
37
41
40
11
22
37
40
40
31
40
40
6
40
39
40
40
40
40
37
34
36
40
38
36
41
41
40
39
40
40
40
40
38
38
40
40
34
40
34
38
41
38
40
36
38
36
40
40
34
40
40
41
38
38
40
38
40
41
32
41
39
21
23
40
40
40
40
40
37
39
40
40
40
40
41
40
40
37
41
41
40
23
32
41
40
40
41
17
24
41
41
40
40
41
38
41
31
40
41
38
40

3	248.0	2.653225806451613
2	245.0	2.6775510204081634
4	246.0	2.703252032520325
5	249.0	2.5582329317269075
1	246.0	2.686991869918699
8	243.0	1.794238683127572
7	242.0	1.7603305785123966
6	245.0	1.7877551020408162
25	212.0	1.0
9	235.0	1.8085106382978724
12	216.0	1.0
10	212.0	1.0
22	217.0	1.0
17	212.0	1.0
14	220.0	1.0
13	214.0	1.0
15	212.0	1.0
20	220.0	1.0
11	222.0	1.0
24	228.0	1.0
21	218.0	1.0
23	217.0	1.0
18	217.0	1.0
16	221.0	1.0
19	214.0	1.0
0	242.0	2.7107438016528924
