100

22
25
37
30
19
33
40
39
19
39
38
39
31
35
35
10
39
22
39
39
23
39
38
35
23
32
10
37
38
3
39
39
35
12
33
35
32
39
38
12
39
39
38
33
13
37
32
39
37
33
30
36
37
25
40
37
38
16
34
38
33
37
38
31
38
37
39
21
28
36
32
25
30
30
38
28
37
12
11
29
37
23
18
38
37
36
29
40
33
35
26
28
2
34
37
39
39
40
39
36

1	97.0	2.381443298969072
14	77.0	1.0
2	95.0	2.3473684210526318
9	94.0	1.5957446808510638
11	82.0	1.0
8	96.0	1.5833333333333333
17	83.0	1.0
3	95.0	2.2736842105263158
12	75.0	1.0
16	74.0	1.0
5	94.0	2.3617021276595747
4	94.0	2.382978723404255
15	79.0	1.0
10	82.0	1.0
6	90.0	1.711111111111111
7	92.0	1.7282608695652173
13	77.0	1.0
21	76.0	1.0
18	71.0	1.0
19	72.0	1.0
25	68.0	1.0
24	69.0	1.0
20	69.0	1.0
22	70.0	1.0
23	64.0	1.0
0	97.0	2.3711340206185567
