99

3
27
29
32
34
30
35
34
34
36
36
37
32
29
36
32
32
37
37
26
33
10
38
33
37
13
36
23
31
35
33
21
27
34
36
37
32
37
36
36
33
30
34
35
37
35
29
4
9
34
30
27
36
34
36
38
25
32
39
7
37
35
32
28
34
30
32
35
29
4
28
36
34
38
35
6
10
37
33
36
37
20
34
39
27
25
36
37
36
35
36
28
2
31
34
34
6
16
30

4	90.0	2.3666666666666667
2	91.0	2.4285714285714284
5	91.0	2.32967032967033
6	86.0	1.4767441860465116
3	92.0	2.119565217391304
10	65.0	1.0
1	95.0	2.2
8	92.0	1.5543478260869565
9	91.0	1.6043956043956045
7	92.0	1.5543478260869565
20	81.0	1.0
14	72.0	1.0
25	73.0	1.0
23	67.0	1.0
12	68.0	1.0
11	72.0	1.0
18	68.0	1.0
16	67.0	1.0
21	68.0	1.0
17	72.0	1.0
19	75.0	1.0
24	66.0	1.0
13	61.0	1.0
15	71.0	1.0
22	77.0	1.0
0	93.0	2.4731182795698925
