250

37
38
41
32
41
40
18
40
40
40
38
27
40
40
41
40
32
16
6
40
32
27
40
38
37
41
40
41
8
40
40
40
40
41
34
41
40
38
32
40
38
41
41
33
40
40
36
40
41
40
23
38
41
40
37
41
34
40
37
40
34
41
40
41
41
40
40
38
41
40
40
41
40
41
35
40
40
35
40
41
32
38
40
32
26
40
32
32
40
41
41
40
41
41
17
40
40
38
40
40
40
41
38
38
37
38
40
39
38
39
39
38
39
36
41
36
39
40
41
41
40
36
41
41
40
41
41
25
38
38
41
41
40
38
39
40
39
40
40
40
40
41
39
41
36
39
41
40
38
34
22
38
40
38
38
40
39
38
41
40
40
36
41
41
26
41
32
39
39
8
40
38
40
41
26
4
40
40
40
40
37
32
40
41
41
39
25
36
34
40
40
41
40
40
32
40
40
40
41
40
39
5
34
41
40
41
40
23
38
41
39
40
40
40
39
40
38
40
39
32
40
32
40
38
36
32
40
41
41
40
38
40
41
39
29
35
40
41
40
40
40
40
39
38
41
11
41
36
39
39

9	244.0	1.8360655737704918
3	245.0	2.7142857142857144
13	218.0	1.0
6	245.0	1.8285714285714285
7	242.0	1.8884297520661157
2	249.0	2.710843373493976
15	217.0	1.0
5	247.0	2.6801619433198383
8	246.0	1.7967479674796747
10	219.0	1.0
12	224.0	1.0
17	230.0	1.0
4	244.0	2.6762295081967213
1	244.0	2.692622950819672
11	222.0	1.0
14	223.0	1.0
16	222.0	1.0
22	222.0	1.0
18	221.0	1.0
23	228.0	1.0
19	222.0	1.0
24	217.0	1.0
25	224.0	1.0
21	220.0	1.0
20	221.0	1.0
0	247.0	2.7044534412955468
