100

39
40
41
40
41
37
40
40
28
40
40
41
40
41
39
37
41
40
40
30
40
40
40
40
38
40
38
41
41
40
40
33
37
35
40
40
38
41
41
40
41
26
38
37
17
37
37
41
38
27
37
35
41
39
40
40
40
40
38
35
40
41
41
40
36
35
40
23
40
37
13
19
40
41
20
41
40
41
12
16
40
40
40
38
40
37
40
39
36
40
34
38
28
38
40
40
40
41
36
39

2	100.0	2.68
4	100.0	2.69
3	99.0	2.6565656565656566
1	99.0	2.6565656565656566
5	100.0	2.67
19	90.0	1.0
25	93.0	1.0
18	88.0	1.0
17	87.0	1.0
6	97.0	1.7938144329896908
20	84.0	1.0
12	89.0	1.0
15	85.0	1.0
24	89.0	1.0
11	85.0	1.0
23	87.0	1.0
9	96.0	1.8333333333333333
8	98.0	1.816326530612245
21	88.0	1.0
10	87.0	1.0
22	90.0	1.0
14	87.0	1.0
16	88.0	1.0
13	85.0	1.0
7	97.0	1.8041237113402062
0	99.0	2.696969696969697
