250

10
4
9
8
10
8
7
9
9
10
8
6
9
10
10
9
5
8
9
8
8
8
10
7
9
9
10
3
9
9
2
4
9
7
9
9
10
6
10
8
4
6
10
4
10
9
2
7
8
10
10
9
2
8
10
8
4
10
10
10
8
10
9
9
7
6
10
10
9
8
10
4
9
8
10
6
4
10
6
10
10
8
10
10
10
9
8
6
8
8
3
6
5
9
9
8
8
10
7
5
10
8
10
10
8
9
10
9
6
9
9
5
10
6
10
8
7
2
3
10
10
7
8
5
9
5
10
8
7
10
8
9
10
10
9
9
9
10
9
8
8
5
8
10
3
9
7
9
9
6
10
7
9
7
8
10
9
7
2
9
6
2
10
9
9
8
8
9
10
10
2
8
10
10
7
10
8
9
4
8
4
10
8
6
7
10
9
4
10
10
3
10
7
10
2
9
10
8
8
10
7
8
9
9
8
5
8
3
8
10
10
7
7
6
4
10
6
8
9
7
10
10
10
6
10
9
10
7
6
8
2
8
10
10
8
9
7
4
7
10
9
10
5
10
5
9
10
8
6
7

7	168.0	1.0
1	159.0	1.0
8	162.0	1.0061728395061729
3	176.0	1.0
2	161.0	1.0062111801242235
5	163.0	1.0
4	158.0	1.0
6	163.0	1.0
10	162.0	1.0
9	161.0	1.0
0	207.0	1.642512077294686
