250

6
6
3
6
7
8
10
10
4
7
10
8
7
9
7
10
3
10
9
5
9
8
9
9
9
9
10
9
3
9
10
10
10
8
9
9
2
9
10
10
3
10
10
4
2
10
8
7
10
2
6
10
9
10
9
9
8
9
3
3
10
10
10
4
2
3
7
10
8
8
8
10
7
9
9
3
6
10
9
10
10
10
5
10
7
10
10
7
7
10
7
10
3
9
9
7
5
10
10
10
2
9
9
4
10
8
10
9
7
9
4
10
7
7
7
6
9
7
10
10
7
3
2
8
4
9
10
10
4
9
9
6
7
4
9
7
3
4
10
10
10
10
10
10
10
8
9
3
6
3
6
7
6
10
10
7
7
9
6
8
4
10
8
10
9
6
9
10
5
8
3
8
10
9
10
10
5
6
7
10
10
7
10
9
10
7
9
5
6
10
10
5
8
10
8
9
4
10
5
10
4
4
8
2
9
10
8
9
8
9
10
10
8
6
4
9
10
9
10
10
10
7
10
10
10
5
10
7
3
9
10
8
2
9
10
9
10
10
10
10
8
9
10
5
9
4
4
10
9
10

1	154.0	1.0
4	157.0	1.0
2	151.0	1.0
3	153.0	1.0
9	173.0	1.0
6	157.0	1.0
5	149.0	1.0
8	154.0	1.0
10	176.0	1.0
7	172.0	1.0
0	221.0	1.5746606334841629
