250

11
11
11
11
10
11
8
11
11
11
11
10
11
11
11
11
11
11
8
11
7
4
11
11
11
10
11
11
10
11
11
11
10
11
11
5
7
11
7
11
9
11
9
11
11
11
11
11
10
2
11
10
11
10
11
11
11
11
10
10
10
5
11
4
5
10
11
11
9
11
10
11
11
11
10
11
11
11
11
5
8
11
10
11
10
11
5
4
11
11
9
11
9
9
11
8
8
11
9
7
7
9
8
11
10
11
11
11
7
11
10
11
11
9
7
7
11
11
11
4
10
7
11
11
9
11
11
11
10
11
8
11
11
11
11
11
9
11
11
11
11
10
11
7
11
11
5
9
11
11
11
10
8
10
5
5
10
11
11
11
10
9
11
11
11
10
11
9
10
2
11
10
11
6
8
11
10
11
9
11
7
9
11
10
7
11
11
11
11
11
9
11
11
11
11
9
7
6
10
8
8
11
7
10
10
10
11
11
11
9
11
11
11
11
11
11
4
5
11
11
11
9
5
11
10
11
5
11
4
11
8
11
11
4
9
11
11
7
11
10
9
11
11
9
11
11
11
11
10
11

4	196.0	1.0
1	202.0	1.0
3	199.0	1.0
2	208.0	1.0
9	212.0	1.0
10	192.0	1.0
6	205.0	1.0
8	197.0	1.0
5	205.0	1.0
7	216.0	1.0
0	242.0	1.6363636363636365
