248

8
2
6
4
5
8
2
9
6
8
7
3
7
8
7
7
4
4
9
6
4
8
8
8
7
5
4
9
7
6
8
8
9
2
7
7
4
7
7
2
2
7
4
2
3
5
6
5
9
6
8
9
2
9
3
4
6
7
4
8
3
6
5
6
9
9
3
9
8
8
4
3
8
4
3
9
8
4
7
7
5
8
7
8
6
8
7
6
6
8
3
3
7
9
10
7
7
3
6
5
8
3
8
3
9
8
2
8
4
9
8
8
9
7
5
4
9
3
2
5
5
9
3
4
5
8
9
3
8
3
3
5
5
9
2
8
4
4
6
2
8
4
9
6
2
3
3
7
5
6
5
8
9
2
8
2
3
2
8
4
8
9
4
7
8
6
8
6
6
8
7
5
8
4
9
5
6
6
8
2
8
5
9
5
8
9
9
2
6
7
6
9
8
3
8
7
4
2
5
9
7
4
9
8
8
6
7
7
8
9
8
5
7
9
4
6
4
7
8
7
8
7
9
7
3
3
6
9
4
9
6
6
8
8
9
6
4
4
8
9
2
2
3
5
5
4
7
7

1	134.0	1.007462686567164
7	123.0	1.0
2	136.0	1.0
8	115.0	1.0
10	119.0	1.0084033613445378
9	125.0	1.008
4	134.0	1.0
6	128.0	1.0
3	112.0	1.0
5	128.0	1.0
0	190.0	1.3
