250

11
5
11
10
9
10
9
11
9
7
10
9
11
8
9
11
8
5
11
11
6
11
10
10
7
11
11
11
5
11
10
10
11
11
11
9
9
7
11
11
2
9
9
11
11
6
5
11
11
9
11
3
3
10
11
10
11
10
10
11
11
3
10
10
8
11
11
10
11
11
10
11
11
9
10
11
11
11
9
9
7
11
11
11
11
11
11
10
10
11
8
11
8
10
11
11
8
11
11
11
11
11
9
11
10
11
10
11
9
10
9
8
11
8
11
11
6
11
11
11
9
8
11
11
9
11
11
11
10
11
10
11
11
8
11
11
11
11
10
10
9
10
11
10
10
11
11
11
11
11
4
11
11
11
11
11
7
10
11
11
11
7
11
11
10
11
9
8
8
11
11
11
11
11
10
9
11
11
11
11
10
5
10
11
10
11
11
10
10
11
11
11
11
10
10
9
11
6
11
11
11
11
10
8
4
8
11
10
10
10
10
11
11
3
10
9
5
11
10
9
11
6
10
11
11
5
3
10
11
3
11
11
7
2
10
11
11
11
11
11
10
3
11
9
2
11
10
2
11
10

7	192.0	1.0
1	202.0	1.0
8	198.0	1.0
3	199.0	1.0
2	197.0	1.0
5	207.0	1.0
4	208.0	1.0
6	197.0	1.0
10	196.0	1.0
9	204.0	1.0
0	226.0	1.7920353982300885
