250

33
39
37
38
36
36
27
34
31
39
34
31
39
32
38
32
34
39
17
39
31
7
27
32
34
18
36
39
35
11
38
34
38
39
28
21
30
34
39
32
18
38
36
37
39
4
37
30
36
39
17
39
34
18
35
34
39
38
5
27
25
38
23
31
37
38
36
29
13
19
25
33
39
25
35
31
22
40
37
36
38
36
38
6
36
37
39
36
31
33
33
37
30
39
25
39
16
37
34
28
38
34
38
39
32
25
37
39
33
34
38
35
38
33
37
27
32
18
31
40
2
38
37
39
14
31
40
36
37
31
39
39
38
33
19
39
34
39
17
39
39
32
33
34
39
39
4
34
31
40
33
28
30
8
7
35
27
39
39
39
40
37
38
30
35
8
2
34
38
38
32
6
39
6
39
13
36
39
38
39
35
27
27
10
10
32
32
36
31
25
36
39
39
34
22
34
38
6
35
38
39
31
33
32
29
39
32
36
27
3
37
15
13
36
31
35
8
6
36
33
34
23
39
38
9
36
39
27
31
34
36
39
36
37
33
20
12
37
38
37
4
30
39
38
28
19
13
36
18
35

4	233.0	2.4163090128755367
7	225.0	1.6
5	237.0	2.29957805907173
8	224.0	1.5714285714285714
3	238.0	2.264705882352941
1	238.0	2.3781512605042017
2	239.0	2.3263598326359833
6	238.0	1.588235294117647
23	184.0	1.0
16	182.0	1.0
19	180.0	1.0
25	193.0	1.0
9	213.0	1.6807511737089202
17	174.0	1.0
11	177.0	1.0
24	181.0	1.0
14	189.0	1.0
13	176.0	1.0
12	177.0	1.0
20	180.0	1.0
18	174.0	1.0
15	178.0	1.0
10	178.0	1.0
22	191.0	1.0
21	202.0	1.0
0	229.0	2.458515283842795
