99

36
36
4
9
37
34
36
16
19
37
28
34
36
37
31
34
35
14
27
35
33
23
37
37
6
27
36
24
37
16
35
36
32
34
35
31
31
38
10
37
21
24
24
32
36
3
33
26
37
27
6
32
9
7
37
21
32
9
36
30
15
38
30
14
25
37
15
34
38
24
6
12
38
34
36
23
29
30
37
38
16
20
10
29
36
31
35
18
36
36
29
31
36
27
33
18
19
8
37

3	89.0	2.101123595505618
7	87.0	1.4367816091954022
1	91.0	2.131868131868132
9	87.0	1.5862068965517242
10	64.0	1.0
5	88.0	2.0454545454545454
4	90.0	2.188888888888889
11	64.0	1.0
2	92.0	2.108695652173913
14	63.0	1.0
12	70.0	1.0
6	86.0	1.5116279069767442
13	63.0	1.0
8	85.0	1.6
19	68.0	1.0
20	66.0	1.0
22	59.0	1.0
15	56.0	1.0
21	61.0	1.0
17	59.0	1.0
23	62.0	1.0
16	69.0	1.0
18	67.0	1.0
25	64.0	1.0
24	67.0	1.0
0	90.0	2.3
