25

38
28
31
40
35
37
14
35
3
31
38
35
39
23
28
36
35
39
39
20
38
4
39
25
30

16	19.0	1.0
10	22.0	1.0
17	18.0	1.0
15	20.0	1.0
18	19.0	1.0
4	24.0	2.125
7	22.0	1.5454545454545454
5	23.0	2.391304347826087
2	24.0	2.3333333333333335
13	16.0	1.0
14	19.0	1.0
6	21.0	1.7619047619047619
12	20.0	1.0
11	16.0	1.0
1	22.0	2.272727272727273
3	23.0	2.3043478260869565
9	22.0	1.5909090909090908
8	23.0	1.6521739130434783
19	18.0	1.0
23	18.0	1.0
21	18.0	1.0
20	15.0	1.0
25	18.0	1.0
22	20.0	1.0
24	19.0	1.0
0	23.0	2.4347826086956523
