250

36
38
38
41
25
35
41
38
40
31
40
40
38
39
36
12
34
40
40
36
41
21
38
24
40
41
40
40
41
40
39
41
41
29
39
38
13
40
41
40
35
41
41
29
19
4
41
40
41
34
12
34
41
41
39
40
40
11
40
37
40
40
41
40
11
31
38
40
17
40
41
38
40
40
41
40
41
40
41
40
40
4
40
40
40
40
38
36
23
41
41
40
41
40
40
38
38
40
41
39
40
40
33
40
39
41
40
40
41
40
41
22
29
40
41
36
41
40
40
28
35
27
38
40
38
40
40
38
40
41
36
40
40
41
41
38
40
38
40
38
40
41
40
40
38
35
37
40
41
38
40
38
39
39
40
40
40
41
40
38
41
38
40
37
15
34
40
41
40
40
40
41
40
41
37
40
38
39
30
40
38
36
38
39
40
27
40
40
40
5
32
41
38
40
35
40
40
31
40
39
41
41
40
41
36
36
40
26
17
38
40
41
41
40
41
40
38
40
40
4
38
40
36
40
40
40
36
40
40
29
38
38
40
38
35
38
38
33
40
40
40
40
41
40
40
40
40
38
40
40

3	245.0	2.673469387755102
2	247.0	2.6963562753036436
1	244.0	2.6557377049180326
15	227.0	1.0
20	228.0	1.0
10	219.0	1.0
25	214.0	1.0
12	227.0	1.0
11	210.0	1.0
13	221.0	1.0
19	223.0	1.0
21	221.0	1.0
24	224.0	1.0
17	222.0	1.0
22	227.0	1.0
18	223.0	1.0
23	220.0	1.0
9	242.0	1.8057851239669422
8	241.0	1.842323651452282
5	244.0	2.7049180327868854
6	229.0	1.8777292576419213
14	212.0	1.0
7	243.0	1.8189300411522633
16	213.0	1.0
4	241.0	2.7219917012448134
0	240.0	2.7916666666666665
