250

40
4
40
33
24
38
30
40
40
41
36
40
41
31
12
36
41
40
36
40
24
39
40
40
41
40
40
40
40
6
40
40
38
40
41
40
40
40
40
40
40
41
41
41
38
32
40
40
38
40
40
40
36
41
40
40
40
40
40
40
40
40
40
36
40
38
41
41
41
34
18
40
41
40
41
40
41
40
41
40
40
26
41
39
41
40
41
7
40
40
32
41
40
41
38
40
38
41
41
40
38
40
40
10
36
34
24
40
41
40
41
40
41
11
8
41
38
22
41
40
41
5
40
41
40
40
40
40
40
40
40
40
40
36
9
41
36
20
12
40
30
41
39
40
41
41
38
40
36
40
38
32
38
40
40
41
41
41
41
38
40
28
8
38
40
26
38
32
38
31
38
40
38
40
38
40
32
40
34
40
40
40
33
41
40
38
40
30
41
38
26
31
40
30
36
41
40
40
40
12
38
38
40
41
41
39
6
40
40
38
40
40
39
41
32
40
40
41
30
40
40
38
12
40
38
30
40
40
40
2
40
26
33
40
40
34
21
40
41
41
40
38
40
40
41
40
14
38
39
38

6	242.0	1.8181818181818181
3	244.0	2.6721311475409837
8	242.0	1.78099173553719
1	245.0	2.6653061224489796
4	245.0	2.636734693877551
7	245.0	1.779591836734694
2	247.0	2.659919028340081
9	243.0	1.7695473251028806
5	245.0	2.6530612244897958
10	226.0	1.0
20	207.0	1.0
17	209.0	1.0
25	207.0	1.0
11	209.0	1.0
14	205.0	1.0
19	204.0	1.0
18	209.0	1.0
12	216.0	1.0
16	217.0	1.0
13	211.0	1.0
22	219.0	1.0
23	218.0	1.0
21	216.0	1.0
24	216.0	1.0
15	222.0	1.0
0	245.0	2.6979591836734693
