25

19
29
40
33
37
25
35
39
4
38
38
36
40
37
39
32
39
36
23
35
39
26
36
38
34

15	20.0	1.0
1	24.0	2.4166666666666665
14	18.0	1.0
3	24.0	2.5
19	21.0	1.0
17	20.0	1.0
11	22.0	1.0
8	24.0	1.7083333333333333
12	21.0	1.0
2	24.0	2.5416666666666665
18	22.0	1.0
6	21.0	1.8095238095238095
7	23.0	1.7826086956521738
9	23.0	1.608695652173913
5	24.0	2.4583333333333335
13	20.0	1.0
20	16.0	1.0
4	25.0	2.24
16	20.0	1.0
10	20.0	1.0
24	21.0	1.0
22	21.0	1.0
23	19.0	1.0
21	19.0	1.0
25	20.0	1.0
0	23.0	2.4347826086956523
