250

9
10
10
9
10
10
7
10
9
8
8
8
2
4
6
10
9
10
7
9
2
10
8
10
10
8
10
3
9
8
10
4
10
5
9
5
7
10
7
10
10
8
10
5
3
10
10
3
8
10
7
10
10
6
4
3
7
10
10
4
6
10
7
10
4
8
10
4
10
9
2
10
10
9
10
10
9
6
7
3
8
10
9
10
9
4
10
10
10
5
6
9
10
10
5
8
3
8
7
7
8
6
5
10
6
7
9
6
8
10
4
9
10
8
10
8
9
9
10
10
7
10
9
6
4
9
10
8
9
10
10
9
3
8
7
10
7
8
6
9
10
9
10
9
10
10
9
7
5
9
9
7
8
7
7
10
4
9
4
10
10
4
10
3
10
7
8
3
8
10
10
9
10
6
5
10
10
5
9
9
8
9
9
10
9
10
10
9
5
9
10
9
6
5
7
10
2
8
6
6
5
10
7
9
2
4
9
10
10
8
8
9
8
9
7
10
8
9
10
10
4
7
10
8
8
8
2
10
9
10
9
10
10
7
10
10
7
6
10
8
9
10
5
4
10
5
10
4
10
8

3	161.0	1.0062111801242235
5	175.0	1.0
2	148.0	1.0
1	169.0	1.0
4	157.0	1.0
8	163.0	1.0
10	155.0	1.0
9	163.0	1.0
6	163.0	1.0
7	169.0	1.0
0	225.0	1.568888888888889
