25

16
39
33
33
37
38
4
15
38
27
8
39
36
16
38
36
36
31
11
39
30
39
22
33
34

4	21.0	2.3333333333333335
1	24.0	2.2083333333333335
2	20.0	2.2
5	21.0	2.1904761904761907
3	21.0	2.238095238095238
15	18.0	1.0
13	16.0	1.0
7	23.0	1.7391304347826086
23	18.0	1.0
25	15.0	1.0
22	16.0	1.0
24	18.0	1.0
8	22.0	1.7272727272727273
9	21.0	1.7619047619047619
18	19.0	1.0
19	19.0	1.0
12	13.0	1.0
16	14.0	1.0
11	20.0	1.0
10	21.0	1.0
20	20.0	1.0
14	17.0	1.0
6	21.0	1.4761904761904763
21	19.0	1.0
17	21.0	1.0
0	25.0	2.36
