100

39
41
39
34
41
37
41
40
41
40
39
40
32
39
38
13
41
32
41
40
40
40
40
39
40
34
41
41
40
34
40
41
37
14
39
39
40
40
40
13
40
41
40
40
40
38
40
41
41
34
39
37
40
32
41
41
39
19
40
40
37
38
40
33
40
38
40
36
32
38
40
37
40
41
40
40
41
41
14
40
40
35
31
40
41
38
40
41
40
39
38
36
3
39
40
41
40
41
41
40

1	99.0	2.717171717171717
14	90.0	1.0
2	96.0	2.7604166666666665
9	98.0	1.816326530612245
11	92.0	1.0
8	99.0	1.8080808080808082
17	94.0	1.0
3	98.0	2.663265306122449
12	88.0	1.0
16	85.0	1.0
5	97.0	2.711340206185567
4	98.0	2.7244897959183674
15	91.0	1.0
10	92.0	1.0
6	96.0	1.8125
7	98.0	1.8571428571428572
13	89.0	1.0
21	94.0	1.0
18	90.0	1.0
19	89.0	1.0
25	89.0	1.0
24	86.0	1.0
20	87.0	1.0
22	86.0	1.0
23	82.0	1.0
0	98.0	2.7653061224489797
