250

36
39
37
36
31
8
4
11
24
40
36
34
26
37
38
37
29
37
34
33
32
39
36
39
40
37
38
30
39
31
13
38
19
33
29
33
37
34
36
11
35
3
39
29
38
39
23
39
39
34
32
35
25
40
36
38
38
22
38
21
16
10
11
25
37
32
38
18
34
40
38
35
29
39
26
36
7
37
31
40
37
31
22
40
25
39
7
39
40
39
37
40
34
38
34
31
39
37
39
19
40
35
11
38
30
10
5
6
39
30
39
36
40
38
32
34
36
38
39
8
39
31
39
35
40
38
29
37
37
36
23
39
33
29
32
35
14
31
18
36
34
34
29
9
33
38
35
19
39
4
32
34
35
29
35
40
38
38
39
2
39
39
5
28
30
35
20
39
38
24
38
36
38
39
30
38
35
35
40
39
39
36
39
39
38
39
31
39
40
40
34
26
37
40
38
28
30
14
30
6
38
37
40
36
32
38
30
38
10
39
33
37
39
38
40
33
39
39
38
33
39
38
28
36
28
37
36
28
39
35
38
32
35
33
39
39
37
35
33
32
38
34
36
33
5
4
39
39
36
39

8	228.0	1.6491228070175439
15	193.0	1.0
12	187.0	1.0
21	186.0	1.0
13	182.0	1.0
10	185.0	1.0
6	231.0	1.70995670995671
18	193.0	1.0
19	191.0	1.0
16	195.0	1.0
20	196.0	1.0
3	235.0	2.3191489361702127
4	240.0	2.375
5	232.0	2.4310344827586206
11	204.0	1.0
17	198.0	1.0
22	194.0	1.0
7	226.0	1.7256637168141593
1	230.0	2.508695652173913
9	227.0	1.6828193832599119
2	236.0	2.4788135593220337
14	195.0	1.0
25	186.0	1.0
24	179.0	1.0
23	180.0	1.0
0	238.0	2.4285714285714284
