250

39
8
12
32
37
38
37
39
31
38
31
30
36
27
39
6
28
31
5
38
15
35
37
38
35
39
37
32
35
19
39
33
40
38
35
4
40
39
38
38
35
38
36
35
39
40
38
36
40
19
23
37
39
8
35
40
36
22
36
39
25
38
36
36
29
38
25
39
38
35
34
17
28
28
17
32
37
39
11
32
5
36
38
4
38
39
38
39
36
4
27
34
33
36
39
37
37
38
37
29
39
30
34
39
38
38
19
26
38
37
38
39
32
22
37
36
35
39
38
38
31
19
38
34
31
37
12
37
39
39
37
35
37
38
33
4
34
36
37
38
38
36
37
29
19
40
38
26
39
17
40
34
39
40
29
39
36
39
18
29
40
28
40
6
38
21
37
33
39
37
37
28
23
33
39
15
34
38
33
33
33
31
3
27
34
34
39
34
15
37
21
39
37
38
39
36
36
22
36
36
35
36
14
36
35
18
36
36
38
38
39
33
38
33
3
35
24
37
28
32
39
38
39
36
34
39
26
38
36
39
35
38
26
34
36
36
39
35
33
38
37
30
40
39
40
39
37
36
7
7

5	236.0	2.4788135593220337
3	241.0	2.3983402489626555
2	241.0	2.3568464730290457
1	241.0	2.3651452282157677
4	232.0	2.4267241379310347
25	196.0	1.0
23	199.0	1.0
10	200.0	1.0
7	228.0	1.6271929824561404
19	199.0	1.0
15	202.0	1.0
16	196.0	1.0
17	187.0	1.0
22	192.0	1.0
13	187.0	1.0
20	198.0	1.0
21	192.0	1.0
24	181.0	1.0
14	189.0	1.0
8	213.0	1.7652582159624413
18	189.0	1.0
9	233.0	1.6351931330472103
11	182.0	1.0
6	222.0	1.7837837837837838
12	186.0	1.0
0	243.0	2.4814814814814814
