250

5
4
6
6
4
2
2
8
10
8
2
10
5
9
9
9
8
10
5
10
9
2
7
10
3
8
10
10
10
9
9
4
10
10
9
7
10
8
10
10
10
9
3
8
2
6
10
9
10
9
9
10
10
10
8
10
2
2
10
9
9
9
10
6
7
7
3
10
9
6
9
6
9
7
7
7
10
6
10
10
6
7
8
8
10
10
10
10
9
9
8
10
7
8
10
9
5
8
10
10
9
5
6
10
9
7
2
10
9
9
9
7
9
10
6
8
8
10
10
10
10
9
8
7
9
10
7
9
10
7
10
9
10
9
9
9
9
5
9
10
6
4
10
10
8
10
10
8
10
10
9
7
10
10
5
7
9
4
10
10
10
10
10
7
8
10
8
5
6
2
10
9
9
10
8
9
9
9
9
8
10
8
7
8
8
10
6
5
9
9
10
3
10
10
9
8
5
3
8
10
10
6
9
2
10
9
10
9
10
9
10
10
8
5
10
8
8
8
8
9
10
9
10
8
2
8
8
9
7
10
7
5
10
8
8
10
7
10
9
10
3
6
6
10
10
9
3
10
10
8

1	167.0	1.0
2	164.0	1.0
3	169.0	1.0
8	162.0	1.0
10	168.0	1.0
6	179.0	1.0
5	160.0	1.0
7	176.0	1.0
9	174.0	1.0
4	172.0	1.0
0	221.0	1.4751131221719458
