100

18
39
40
40
32
30
20
40
33
39
40
41
37
40
39
40
40
41
41
41
31
40
35
41
36
39
40
39
38
40
40
21
36
39
39
40
38
40
27
34
38
22
40
39
35
39
38
25
40
40
40
41
41
38
28
40
38
40
39
40
40
34
40
34
38
38
18
40
41
39
41
38
39
4
40
41
39
41
37
41
39
41
40
40
40
40
41
41
25
41
41
41
41
38
40
40
38
41
40
40

3	99.0	2.727272727272727
1	98.0	2.7346938775510203
2	97.0	2.7731958762886597
9	97.0	1.7938144329896908
21	88.0	1.0
23	86.0	1.0
18	88.0	1.0
14	88.0	1.0
13	91.0	1.0
15	85.0	1.0
10	89.0	1.0
20	90.0	1.0
4	99.0	2.7373737373737375
22	88.0	1.0
12	88.0	1.0
5	99.0	2.6363636363636362
17	87.0	1.0
7	94.0	1.9148936170212767
25	86.0	1.0
16	86.0	1.0
11	86.0	1.0
8	98.0	1.7755102040816326
24	89.0	1.0
6	94.0	1.851063829787234
19	90.0	1.0
0	100.0	2.7
