244

9
9
9
5
2
8
5
8
6
9
3
6
8
8
9
7
7
6
3
3
7
6
9
3
2
7
8
5
9
3
2
4
5
4
3
3
7
8
3
8
4
7
3
9
8
7
7
8
8
8
6
8
6
8
9
6
5
5
7
9
4
8
4
3
6
9
4
5
6
7
9
9
4
4
9
8
5
2
9
9
7
6
9
3
4
8
9
7
8
7
9
8
6
5
4
3
7
6
9
9
4
9
2
7
7
7
9
9
2
8
4
4
3
6
7
3
9
3
5
2
9
3
2
9
4
7
2
8
3
5
9
9
5
3
7
10
9
7
8
2
9
5
9
7
8
9
5
4
5
6
8
3
7
3
7
8
7
8
5
9
8
8
3
6
3
2
5
7
4
8
4
9
6
2
8
7
2
3
4
4
9
8
7
9
7
5
9
9
4
2
7
5
7
3
2
6
4
3
7
3
5
6
5
8
8
9
5
5
5
7
9
3
7
9
7
4
3
8
9
5
7
8
7
3
2
5
2
8
8
8
3
8
8
8
7
8
6
6
5
6
7
8
8
6

3	126.0	1.0
4	127.0	1.0
1	117.0	1.0085470085470085
2	126.0	1.0
10	124.0	1.0
8	126.0	1.0238095238095237
9	103.0	1.0
5	136.0	1.0
6	114.0	1.0
7	119.0	1.0168067226890756
0	201.0	1.3383084577114428
