249

16
30
33
24
4
34
18
36
37
20
38
8
35
27
3
22
32
30
6
32
28
37
34
35
30
34
36
24
21
37
8
37
8
37
33
31
31
24
35
18
26
30
35
33
33
8
37
28
38
37
38
13
32
36
29
15
36
25
6
36
36
34
33
37
26
29
38
37
20
10
35
29
14
29
26
36
5
38
14
24
34
22
38
22
25
34
37
30
8
16
33
35
14
32
38
38
33
10
32
20
25
38
19
32
13
34
22
19
38
21
22
22
33
36
37
33
30
33
30
32
27
34
26
27
10
3
32
22
36
36
6
34
35
6
10
31
29
34
35
33
25
20
38
24
8
19
9
36
34
2
36
36
37
32
32
34
39
27
21
33
31
35
28
37
35
37
36
6
32
4
36
29
31
7
36
36
35
36
35
35
17
12
39
35
31
2
36
38
36
34
8
20
12
22
38
34
27
32
33
24
37
29
16
34
37
24
23
23
35
23
17
24
31
37
37
18
37
35
27
28
36
35
32
14
37
36
16
22
34
37
27
31
31
18
28
30
35
20
36
34
33
38
31
26
31
14
38
10
26

6	222.0	1.5135135135135136
4	227.0	2.1145374449339207
9	220.0	1.5454545454545454
8	210.0	1.4904761904761905
1	226.0	2.1283185840707963
5	231.0	2.1515151515151514
7	208.0	1.5096153846153846
2	228.0	2.1973684210526314
3	230.0	2.082608695652174
15	163.0	1.0
19	182.0	1.0
16	173.0	1.0
21	162.0	1.0
18	165.0	1.0
24	156.0	1.0
12	161.0	1.0
20	157.0	1.0
17	160.0	1.0
11	165.0	1.006060606060606
23	170.0	1.0
10	155.0	1.0
25	174.0	1.0
22	185.0	1.0
13	161.0	1.0
14	164.0	1.0
0	227.0	2.1674008810572687
