244

9
9
3
6
6
6
3
9
3
7
8
8
3
8
5
9
6
8
2
9
3
3
5
8
2
9
2
5
6
8
6
8
8
7
2
2
9
8
7
7
7
9
2
6
7
6
6
7
7
9
6
4
5
7
2
5
7
8
7
7
8
8
8
7
5
7
8
2
7
4
7
6
2
2
3
2
2
5
6
8
8
2
8
6
7
7
7
9
9
9
9
5
6
8
8
7
9
6
4
2
2
2
7
5
9
8
3
5
3
9
6
2
8
6
9
8
8
8
7
5
7
8
6
9
7
7
7
6
6
7
6
6
9
7
3
4
7
6
6
7
6
7
7
5
7
6
4
3
8
4
8
9
9
9
5
9
6
9
8
2
7
6
4
5
7
9
9
8
8
7
8
3
7
8
9
6
8
9
8
6
4
8
9
8
8
2
8
5
7
7
5
7
6
8
6
5
9
6
9
5
8
6
7
8
9
2
8
6
2
4
5
5
8
8
9
2
6
5
7
9
3
8
8
6
7
5
3
5
6
3
9
2
9
2
8
5
5
3
3
8
6
7
3
5

1	101.0	1.0
3	106.0	1.0
2	105.0	1.0
9	134.0	1.0
10	127.0	1.0
7	149.0	1.0067114093959733
8	121.0	1.0165289256198347
4	122.0	1.0
6	134.0	1.0
5	137.0	1.0072992700729928
0	197.0	1.4111675126903553
