249

38
38
32
35
10
21
32
26
36
24
19
26
34
30
22
34
35
34
11
23
34
36
5
34
16
29
38
38
22
33
35
34
37
31
24
17
7
33
37
32
14
24
37
33
23
26
34
34
10
37
38
37
36
35
35
15
32
36
26
34
9
24
27
31
35
16
2
32
12
4
4
30
38
23
31
21
37
26
26
28
35
38
33
35
38
28
29
19
37
37
25
38
35
38
28
21
9
34
36
38
36
31
34
28
34
12
26
36
32
10
5
4
36
33
36
24
10
30
37
28
35
24
33
16
20
7
36
25
36
30
9
33
35
12
33
35
37
34
33
35
36
33
36
35
38
28
38
38
36
34
10
26
12
37
15
39
32
30
20
34
33
20
30
5
26
30
27
28
16
20
27
24
30
23
31
31
24
37
35
28
20
34
37
6
38
38
32
18
38
37
36
34
33
28
23
30
34
37
36
8
30
30
30
13
8
37
31
24
37
33
36
37
23
30
34
37
19
37
29
38
34
8
32
16
27
15
7
28
30
13
34
34
25
34
38
35
28
8
13
38
34
33
14
38
37
24
16
32
36

2	234.0	2.0683760683760686
16	177.0	1.0
3	226.0	2.2123893805309733
13	171.0	1.0
9	217.0	1.5161290322580645
14	174.0	1.0
1	229.0	2.1528384279475983
17	190.0	1.0
10	167.0	1.0
4	232.0	2.2327586206896552
5	230.0	2.1130434782608694
18	163.0	1.0
6	209.0	1.5933014354066986
12	165.0	1.0
15	169.0	1.0
7	219.0	1.6210045662100456
8	211.0	1.5402843601895735
11	182.0	1.0
25	153.0	1.0
21	149.0	1.0
23	160.0	1.0
19	161.0	1.0
22	145.0	1.0
20	148.0	1.0
24	177.0	1.0
0	234.0	2.1538461538461537
