250

40
25
40
40
40
41
40
41
40
41
41
36
32
40
38
34
40
38
40
39
38
40
39
40
40
33
19
38
18
40
40
31
40
41
40
40
41
41
41
40
40
40
40
41
40
40
40
38
41
40
40
41
40
40
39
40
40
40
39
11
35
13
37
40
39
40
38
32
40
40
41
41
40
40
40
41
37
41
40
41
41
41
17
40
39
40
40
29
40
40
40
39
40
24
41
30
40
41
41
11
39
36
41
41
40
40
40
41
36
38
40
32
40
27
40
34
39
41
40
39
27
41
28
40
40
35
32
39
40
32
40
40
41
40
41
38
40
40
12
40
27
39
38
41
28
35
41
40
41
39
40
41
38
40
38
41
41
39
40
40
40
40
40
39
38
41
29
39
41
40
38
40
40
40
12
31
40
41
40
40
38
40
40
36
41
38
31
40
37
40
40
40
39
38
41
40
40
36
39
20
40
38
39
41
36
36
36
8
41
34
38
40
38
15
41
40
41
32
40
41
40
40
38
33
41
39
39
40
32
40
40
41
40
40
40
40
39
40
34
39
36
40
38
40
38
41
41
40
39
39

3	246.0	2.6910569105691056
2	250.0	2.644
1	245.0	2.726530612244898
17	228.0	1.0
9	245.0	1.8122448979591836
20	230.0	1.0
24	222.0	1.0
7	240.0	1.8791666666666667
8	243.0	1.8148148148148149
14	233.0	1.0
23	224.0	1.0
22	228.0	1.0
16	228.0	1.0
13	223.0	1.0
10	226.0	1.0
11	227.0	1.0
18	223.0	1.0
21	219.0	1.0
12	220.0	1.0
6	245.0	1.8122448979591836
5	240.0	2.775
4	248.0	2.6975806451612905
25	222.0	1.0
15	222.0	1.0
19	221.0	1.0
0	247.0	2.777327935222672
