25

35
40
39
40
41
4
38
39
19
33
40
27
30
41
40
40
41
6
41
40
32
41
40
39
41

1	24.0	2.7083333333333335
3	25.0	2.36
7	23.0	1.8695652173913044
5	23.0	2.6956521739130435
8	23.0	1.826086956521739
6	22.0	1.8636363636363635
4	24.0	2.4166666666666665
2	24.0	2.6666666666666665
22	21.0	1.0
23	21.0	1.0
19	19.0	1.0
10	21.0	1.0
14	21.0	1.0
18	21.0	1.0
17	22.0	1.0
25	21.0	1.0
16	20.0	1.0
11	20.0	1.0
15	21.0	1.0
20	21.0	1.0
24	18.0	1.0
9	22.0	1.7272727272727273
13	20.0	1.0
12	23.0	1.0
21	23.0	1.0
0	23.0	2.6956521739130435
