250

10
4
8
8
9
10
10
10
9
10
9
5
5
7
8
7
9
7
9
10
8
8
10
10
9
10
5
8
6
10
10
8
9
10
10
9
8
10
4
10
7
7
10
8
9
10
8
7
10
6
6
10
2
9
3
5
6
10
9
6
9
2
10
8
2
10
6
5
8
5
2
8
8
10
2
8
8
10
9
8
9
10
9
10
9
9
10
9
8
5
2
8
10
5
8
10
10
10
6
5
10
6
10
7
8
10
10
2
10
10
10
6
2
9
10
10
5
10
10
4
4
6
10
7
10
3
10
8
8
5
8
9
10
4
10
8
5
7
6
4
10
3
8
10
7
10
4
7
8
10
10
9
10
9
5
10
7
10
8
6
4
10
6
9
3
3
3
8
7
7
7
5
9
10
7
5
9
6
10
9
9
9
7
10
7
6
10
10
10
9
10
10
10
10
7
4
9
8
9
7
8
7
5
2
10
10
10
8
10
9
3
5
10
10
8
4
8
3
10
8
10
4
10
9
6
9
9
3
10
3
9
9
7
6
2
9
2
6
9
10
8
10
9
10
9
8
10
8
10
9

3	162.0	1.0
2	155.0	1.0
1	147.0	1.0136054421768708
9	154.0	1.0
7	165.0	1.0
4	155.0	1.0
5	159.0	1.0
8	161.0	1.0
6	169.0	1.0
10	163.0	1.0
0	213.0	1.6103286384976525
