100

36
38
40
38
40
37
7
41
41
41
40
28
2
38
29
41
40
38
40
33
40
36
40
37
39
41
39
41
38
39
40
40
40
41
40
39
40
41
40
41
40
40
38
40
37
40
40
38
41
36
38
36
40
41
40
41
40
40
32
37
40
37
41
34
40
40
40
40
40
38
41
41
41
40
41
41
41
35
31
40
35
40
41
31
41
40
41
15
40
32
40
40
41
38
40
40
38
37
17
38

3	98.0	2.663265306122449
4	99.0	2.696969696969697
6	99.0	1.8585858585858586
1	99.0	2.717171717171717
5	98.0	2.7244897959183674
2	99.0	2.676767676767677
8	96.0	1.875
11	89.0	1.0
22	88.0	1.0
14	91.0	1.0
15	93.0	1.0
23	91.0	1.0
17	87.0	1.0
16	94.0	1.0
7	97.0	1.7938144329896908
12	87.0	1.0
13	85.0	1.0
10	90.0	1.0
24	90.0	1.0
21	91.0	1.0
19	92.0	1.0
20	92.0	1.0
18	90.0	1.0
9	97.0	1.8762886597938144
25	87.0	1.0
0	99.0	2.787878787878788
