100

6
38
32
36
28
30
38
36
38
34
34
38
39
40
38
39
12
29
38
28
31
36
39
36
38
19
3
38
32
31
38
38
33
38
38
40
38
28
39
40
20
26
32
38
39
25
37
39
39
38
39
10
38
32
35
38
34
37
30
14
39
31
38
8
25
40
31
38
26
13
24
15
34
39
38
37
35
37
39
38
6
30
37
18
36
39
38
36
33
15
38
40
38
37
32
30
38
30
36
37

18	82.0	1.0
2	97.0	2.577319587628866
16	83.0	1.0
5	93.0	2.4086021505376345
15	74.0	1.0
1	93.0	2.3548387096774195
14	69.0	1.0
11	70.0	1.0
6	94.0	1.6170212765957446
8	90.0	1.6777777777777778
7	89.0	1.7303370786516854
10	77.0	1.0
13	79.0	1.0
3	96.0	2.4270833333333335
19	75.0	1.0
12	82.0	1.0
20	72.0	1.0
17	79.0	1.0
21	79.0	1.0
9	90.0	1.7777777777777777
4	93.0	2.4731182795698925
22	81.0	1.0
23	76.0	1.0
25	75.0	1.0
24	77.0	1.0
0	93.0	2.4731182795698925
