246

9
8
8
8
8
6
3
8
5
7
7
9
3
5
2
7
9
4
5
7
9
9
9
3
6
7
3
3
9
2
2
7
6
8
5
3
2
4
7
9
9
7
3
3
4
4
5
7
6
5
8
9
7
9
7
5
2
4
3
8
2
7
2
8
6
5
9
4
9
5
7
8
7
4
5
8
3
9
5
2
8
7
9
4
2
7
5
5
9
5
9
9
7
5
9
4
8
9
8
9
6
4
9
3
7
9
4
3
8
6
4
2
6
4
3
4
7
3
9
8
2
8
7
8
8
8
6
9
10
5
4
2
4
3
3
6
8
7
5
9
3
8
2
6
7
4
3
5
5
3
9
9
9
8
7
5
7
8
6
3
7
9
9
4
6
8
8
9
6
5
6
4
9
7
4
2
7
7
6
2
3
9
8
4
7
5
5
9
9
8
8
3
5
5
6
7
4
6
7
5
7
4
5
9
9
5
8
4
2
6
8
6
7
7
3
8
9
7
9
8
8
4
6
9
4
7
6
3
8
4
4
2
5
7
6
6
7
7
6
4
6
6
6
3
8
4

5	141.0	1.0
4	140.0	1.0
1	129.0	1.0
3	134.0	1.0
2	131.0	1.0
8	98.0	1.0
9	116.0	1.0
10	112.0	1.0
7	119.0	1.0084033613445378
6	113.0	1.0
0	182.0	1.3626373626373627
