248

9
7
3
2
8
3
6
5
9
6
5
8
5
6
8
5
6
8
8
9
3
6
4
7
3
2
9
5
3
5
7
2
2
7
9
8
8
7
6
8
2
2
8
6
5
8
4
5
8
9
8
5
2
6
4
7
4
7
8
9
9
4
2
4
7
8
8
5
8
7
4
2
5
8
5
8
4
6
7
5
8
9
4
5
7
9
8
9
4
7
7
4
5
3
8
5
9
2
7
5
5
8
5
8
5
4
8
9
8
9
2
6
7
7
6
6
8
4
5
4
9
6
9
7
2
9
8
2
7
9
8
7
9
8
8
8
4
6
5
8
7
7
9
5
2
4
5
7
9
8
4
6
7
4
2
8
4
3
8
9
8
7
8
6
2
7
9
2
4
9
8
6
7
7
9
8
6
9
3
8
2
6
9
8
4
9
3
7
4
4
8
5
9
4
5
7
4
9
6
2
7
7
6
7
3
6
5
9
5
9
5
7
8
5
6
6
6
5
9
5
8
9
4
7
6
7
4
8
3
6
6
6
8
3
8
8
8
8
8
7
9
5
9
4
4
8
5
2

2	129.0	1.0
3	123.0	1.0
1	126.0	1.0
4	112.0	1.0
8	132.0	1.0
7	127.0	1.015748031496063
6	138.0	1.0072463768115942
10	123.0	1.0
5	130.0	1.0
9	125.0	1.008
0	198.0	1.3080808080808082
