250

9
7
7
10
6
2
10
2
8
8
10
9
10
10
8
10
9
9
9
6
9
10
8
10
9
3
7
8
9
5
6
9
10
9
6
10
7
4
5
9
5
9
7
8
6
10
5
10
3
3
7
10
10
9
9
9
8
10
3
7
8
7
7
10
4
7
9
7
10
10
3
6
9
9
6
8
9
8
5
7
10
9
10
9
10
9
9
4
10
3
9
6
9
8
9
10
9
10
3
4
6
6
9
8
5
9
8
7
9
10
6
6
10
10
10
2
10
3
8
8
7
9
8
6
6
10
9
10
3
8
9
6
8
8
9
6
7
10
10
10
8
10
10
9
8
9
9
9
5
9
10
4
7
6
10
9
10
8
2
8
7
10
7
2
10
7
3
7
10
7
9
6
10
10
10
8
9
10
10
9
8
7
8
7
9
10
7
8
9
9
8
4
7
10
8
7
9
9
10
9
9
9
10
10
9
10
8
8
9
7
6
8
9
10
10
9
9
8
10
10
9
5
4
10
8
9
5
10
8
10
6
10
10
10
3
3
10
10
6
10
8
7
6
8
10
10
10
10
7
10

6	167.0	1.0
8	180.0	1.0
4	159.0	1.0
7	174.0	1.0
3	168.0	1.0
5	172.0	1.0116279069767442
1	172.0	1.0
2	171.0	1.0058479532163742
9	152.0	1.0
10	148.0	1.0
0	199.0	1.5879396984924623
