250

40
39
40
40
40
40
38
39
41
41
41
39
40
41
40
39
41
33
40
40
40
41
40
40
40
35
40
40
41
39
37
41
39
41
41
41
40
3
38
27
40
40
39
38
33
41
39
41
34
28
36
40
40
40
32
38
40
41
38
39
41
40
40
40
41
38
35
40
30
40
41
40
37
40
40
40
41
40
40
40
23
41
40
40
41
37
41
38
41
38
40
35
39
30
40
39
23
38
40
41
41
40
40
31
40
37
39
10
36
40
40
32
38
40
22
41
39
40
25
39
41
40
39
40
40
38
38
40
39
40
40
38
40
41
38
40
38
40
37
33
34
41
40
41
34
41
37
41
40
38
39
41
40
38
40
38
40
39
30
37
40
40
40
13
40
35
40
40
41
40
15
40
36
40
40
39
40
38
29
4
41
40
39
40
40
36
40
41
39
40
31
40
38
41
38
41
38
32
40
38
38
31
40
39
40
40
40
40
38
36
37
40
40
30
40
8
16
37
40
40
38
38
41
40
40
41
34
26
40
40
40
41
39
38
37
41
39
20
40
6
40
40
41
41
40
40
22
37
40
41

1	246.0	2.682926829268293
2	245.0	2.7510204081632654
3	245.0	2.763265306122449
9	243.0	1.8189300411522633
22	227.0	1.0
6	244.0	1.8524590163934427
13	227.0	1.0
20	231.0	1.0
8	244.0	1.8811475409836065
25	225.0	1.0
21	218.0	1.0
7	243.0	1.7818930041152263
4	244.0	2.709016393442623
11	220.0	1.0
16	221.0	1.0
14	214.0	1.0
18	232.0	1.0
5	243.0	2.769547325102881
12	217.0	1.0
23	222.0	1.0
24	220.0	1.0
17	215.0	1.0
15	221.0	1.0
19	218.0	1.0
10	216.0	1.0
0	246.0	2.7642276422764227
