250

7
10
3
11
11
11
11
8
9
11
10
9
11
9
11
9
11
9
10
11
10
9
10
10
11
11
2
11
11
11
5
10
11
11
10
4
9
11
11
9
11
10
11
10
11
7
9
11
11
11
10
10
11
11
11
8
11
9
6
11
11
11
10
11
9
8
7
10
11
11
10
7
11
11
11
11
9
9
9
10
11
10
9
9
5
9
11
11
11
9
11
10
11
10
9
11
11
11
11
7
11
9
5
11
11
11
11
11
10
11
11
7
11
10
11
11
11
10
11
11
11
10
11
11
11
9
10
11
11
11
11
9
11
11
11
10
10
11
8
11
11
11
11
11
11
10
10
3
11
11
10
9
8
11
11
7
11
11
11
9
7
11
11
11
9
11
11
10
11
11
11
11
9
11
11
10
9
11
11
8
2
8
11
11
11
9
11
9
10
9
9
11
11
11
11
11
11
10
11
11
11
10
11
11
10
11
6
10
6
11
8
11
11
7
11
7
4
11
8
11
9
10
7
11
11
11
11
11
4
4
10
7
11
11
9
10
11
5
11
11
10
11
11
8
10
11
11
7
11
10

2	218.0	1.0
3	215.0	1.0
8	211.0	1.0
1	218.0	1.0
5	205.0	1.0
6	197.0	1.0
4	201.0	1.0
7	205.0	1.0
9	186.0	1.0
10	196.0	1.0
0	230.0	1.7695652173913043
