250

29
40
36
38
34
38
34
37
38
36
28
36
37
38
38
39
37
18
39
37
39
34
36
32
12
38
38
36
33
4
40
39
39
25
23
28
37
32
28
40
36
38
37
34
30
36
11
37
35
38
36
39
40
35
30
39
39
36
34
39
34
38
27
32
30
27
40
39
29
39
38
39
31
5
8
38
37
34
13
39
37
33
29
35
22
39
36
39
28
36
39
37
34
35
37
36
36
36
34
35
30
3
36
34
39
38
36
39
4
37
39
25
35
35
39
39
36
18
38
2
33
35
18
30
28
34
39
38
38
38
38
38
39
34
36
36
39
35
34
36
38
34
26
40
39
10
34
27
24
39
33
39
16
38
34
36
7
24
30
31
40
36
8
37
39
29
35
39
38
40
31
38
24
39
38
33
39
39
34
39
39
36
37
34
33
33
16
13
39
13
35
27
39
39
34
36
38
32
7
39
34
38
39
6
37
35
37
38
39
28
39
37
25
34
38
10
26
40
39
24
34
38
37
37
38
37
30
35
29
37
36
28
37
39
39
32
24
36
39
6
39
38
38
40
38
22
6
30
29
38

7	229.0	1.7510917030567685
3	241.0	2.3443983402489628
6	230.0	1.7521739130434784
15	189.0	1.0
12	197.0	1.0
10	193.0	1.0
17	202.0	1.0
16	206.0	1.0
19	198.0	1.0
13	182.0	1.0
14	194.0	1.0
9	222.0	1.7252252252252251
1	240.0	2.408333333333333
11	203.0	1.0
8	216.0	1.7824074074074074
18	198.0	1.0
4	243.0	2.3868312757201644
2	239.0	2.4769874476987446
5	236.0	2.4703389830508473
23	198.0	1.0
20	197.0	1.0
25	192.0	1.0
21	187.0	1.0
24	190.0	1.0
22	189.0	1.0
0	233.0	2.592274678111588
