100

40
41
40
41
28
40
41
40
40
38
40
34
40
40
40
40
41
38
41
32
26
34
41
40
36
38
40
38
40
40
40
38
41
41
36
40
39
41
40
41
33
40
40
40
38
38
29
40
41
40
40
40
36
40
41
41
38
40
41
39
38
40
41
40
41
41
38
40
40
40
41
40
28
36
38
40
40
40
32
40
4
40
38
39
36
32
40
41
41
41
40
36
36
32
31
40
38
41
40
38

9	99.0	1.797979797979798
6	99.0	1.8080808080808082
8	99.0	1.8080808080808082
10	84.0	1.0
7	99.0	1.8282828282828283
1	99.0	2.7474747474747474
4	100.0	2.76
2	100.0	2.71
3	100.0	2.77
5	100.0	2.67
11	90.0	1.0
17	95.0	1.0
16	92.0	1.0
24	95.0	1.0
13	94.0	1.0
14	94.0	1.0
23	96.0	1.0
21	94.0	1.0
20	91.0	1.0
22	90.0	1.0
18	93.0	1.0
19	90.0	1.0
25	86.0	1.0
12	94.0	1.0
15	93.0	1.0
0	99.0	2.696969696969697
