250

37
39
37
38
35
38
35
38
36
36
23
34
35
39
36
3
5
38
39
37
26
39
39
28
35
27
36
26
38
34
37
38
39
37
39
4
38
31
33
39
38
34
34
38
38
28
32
38
36
40
38
36
39
4
14
10
10
36
28
36
29
28
27
38
32
36
27
38
36
38
38
40
21
10
24
33
36
17
28
28
14
40
26
40
36
35
39
35
21
40
38
17
37
34
37
39
35
15
37
36
30
39
32
38
37
29
35
40
32
36
38
39
39
38
37
38
36
13
34
34
36
39
26
15
36
38
37
39
39
38
22
38
36
40
36
8
39
37
6
37
7
4
38
27
30
39
34
40
36
39
38
17
37
13
38
33
25
25
18
34
39
23
34
11
34
36
39
33
36
35
34
27
38
21
37
31
11
13
39
33
40
38
29
38
33
33
35
33
31
40
35
35
32
34
33
40
39
39
39
20
39
13
25
39
37
39
38
5
35
38
39
38
34
38
39
2
29
38
39
10
35
30
25
39
34
14
38
29
37
35
38
34
39
38
39
37
38
14
30
38
37
26
25
39
38
38
7
26
39
39

2	241.0	2.3983402489626555
9	235.0	1.625531914893617
18	189.0	1.0
8	220.0	1.7363636363636363
15	192.0	1.0
7	219.0	1.7168949771689497
10	197.0	1.0
3	235.0	2.429787234042553
17	186.0	1.0
11	192.0	1.0
16	179.0	1.0
14	184.0	1.0
13	179.0	1.0
1	240.0	2.408333333333333
4	237.0	2.3333333333333335
5	244.0	2.3237704918032787
6	217.0	1.6866359447004609
12	194.0	1.0
20	191.0	1.0
23	195.0	1.0
21	194.0	1.0
25	192.0	1.0
22	192.0	1.0
19	197.0	1.0
24	184.0	1.0
0	231.0	2.554112554112554
