250

35
30
37
38
38
40
33
6
19
38
4
13
39
38
39
39
35
38
25
40
38
37
34
38
39
34
39
34
33
34
38
28
39
37
40
26
26
34
5
28
34
38
36
23
39
38
2
29
35
33
26
27
36
37
34
39
33
24
18
37
33
6
37
36
9
39
38
37
36
37
36
39
32
40
39
39
38
40
37
35
38
31
27
38
33
36
39
38
37
3
38
37
38
39
38
39
29
29
39
35
39
19
36
35
33
36
38
38
39
37
40
36
38
20
39
37
28
39
38
38
36
40
38
24
34
38
36
35
38
36
36
32
39
24
16
10
14
34
39
24
28
39
37
30
25
38
35
38
39
38
38
39
39
29
34
38
39
33
36
39
14
36
30
34
37
34
32
11
38
34
37
4
38
38
31
36
37
37
36
39
36
27
32
24
38
24
35
32
38
38
38
27
32
39
33
39
25
40
39
39
37
40
7
37
36
40
39
34
29
30
33
32
35
34
33
14
32
39
20
38
32
39
32
35
24
28
30
8
36
34
35
21
32
38
32
20
20
36
39
32
10
38
34
5
24
39
2
39
39
36

5	240.0	2.433333333333333
6	234.0	1.6538461538461537
1	239.0	2.297071129707113
2	244.0	2.30327868852459
3	238.0	2.4285714285714284
4	239.0	2.422594142259414
22	193.0	1.0
25	194.0	1.0
13	198.0	1.0
9	237.0	1.649789029535865
7	235.0	1.6936170212765957
23	201.0	1.0
15	204.0	1.0
11	186.0	1.0
10	186.0	1.0
19	195.0	1.0
14	193.0	1.0
21	181.0	1.0
20	189.0	1.0
18	203.0	1.0
24	200.0	1.0
8	222.0	1.837837837837838
16	199.0	1.0
17	195.0	1.0
12	191.0	1.0
0	238.0	2.4201680672268906
