250

10
11
11
11
10
9
3
11
10
9
11
9
10
11
11
11
10
10
11
10
9
10
10
11
11
8
11
5
11
9
11
11
11
9
11
9
11
11
11
11
11
11
11
5
11
11
11
11
10
9
8
11
10
11
11
5
10
11
11
10
10
5
11
8
11
11
7
11
11
11
8
11
6
11
7
11
11
11
11
9
7
11
10
11
9
10
7
8
5
10
8
11
6
2
10
11
7
11
11
11
11
6
11
11
9
5
10
10
7
11
11
5
11
11
7
7
5
11
11
10
11
11
11
11
9
5
11
11
11
11
6
10
11
11
11
6
10
9
11
10
11
11
7
7
10
10
10
11
11
8
9
11
9
11
11
6
11
11
10
10
11
11
8
7
9
11
10
3
10
11
7
9
11
4
5
7
11
10
11
11
11
11
11
10
11
11
7
11
11
11
10
10
11
9
11
11
10
11
11
10
11
7
11
11
10
11
7
6
11
11
5
11
10
11
11
9
11
7
9
11
11
10
10
9
9
9
10
11
10
11
11
11
9
9
10
10
11
11
11
5
11
8
11
11
10
8
10
8
9
11

5	209.0	1.0
4	217.0	1.0
2	207.0	1.0
1	204.0	1.0
3	199.0	1.0
6	205.0	1.0
8	182.0	1.0
9	183.0	1.0
10	197.0	1.0
7	191.0	1.0
0	237.0	1.759493670886076
