250

9
4
9
4
8
10
10
10
10
7
9
8
5
10
9
10
9
2
10
3
9
9
9
5
8
10
9
10
9
7
8
3
8
5
8
8
8
10
9
9
5
10
10
9
6
10
8
8
6
9
8
10
8
10
7
10
7
9
7
9
8
3
2
9
8
9
6
4
8
10
9
10
7
7
7
8
2
10
10
9
10
10
10
10
6
10
9
7
8
10
8
10
9
6
2
9
10
7
8
9
8
2
9
5
9
5
9
2
10
10
8
10
8
10
9
9
10
7
9
7
8
9
9
8
9
10
7
10
10
10
9
3
10
9
6
8
10
8
10
10
4
7
10
8
10
8
8
10
4
7
8
7
7
10
2
9
7
8
10
10
4
4
4
8
7
9
8
10
10
10
3
8
9
8
9
2
9
10
10
10
9
10
9
9
10
10
2
10
8
10
10
10
8
8
10
9
7
8
10
4
8
10
8
6
7
8
8
7
9
10
7
8
9
9
6
8
9
8
9
9
10
2
8
9
9
4
9
8
10
10
6
3
9
3
9
10
7
4
8
8
3
9
8
5
10
10
10
8
9
8

2	154.0	1.0129870129870129
1	157.0	1.0063694267515924
3	159.0	1.0
10	179.0	1.0
4	159.0	1.0
6	166.0	1.0
8	160.0	1.0
9	160.0	1.00625
5	165.0	1.0
7	161.0	1.0062111801242235
0	228.0	1.6096491228070176
