250

10
10
10
11
11
11
11
11
9
11
10
10
11
11
7
11
11
9
3
10
11
10
11
8
10
10
10
11
11
11
9
9
4
10
11
11
9
10
10
11
11
10
11
9
10
7
3
10
10
10
11
7
9
10
11
11
11
10
11
11
7
11
11
11
11
11
10
11
11
9
10
11
11
10
11
8
7
10
9
11
11
7
11
9
11
11
11
10
10
10
10
4
10
9
11
10
9
11
11
11
11
11
11
6
11
7
4
7
10
11
11
9
10
11
11
10
11
11
11
11
11
11
8
11
4
10
8
8
11
11
11
11
8
8
11
7
10
5
11
10
11
11
8
11
8
4
11
4
4
11
11
11
8
11
11
11
3
10
11
10
11
5
10
8
9
9
11
6
9
7
7
11
9
7
9
11
11
10
10
9
7
11
11
11
10
9
11
10
11
11
8
11
11
8
10
8
11
10
8
11
9
11
7
11
9
11
9
8
9
11
10
7
11
9
11
11
9
11
10
10
11
11
11
11
11
8
11
10
11
11
6
9
11
11
11
9
10
11
11
9
10
11
11
11
9
9
11
11
9
11

5	214.0	1.0
2	203.0	1.0
7	208.0	1.0
3	188.0	1.0
1	210.0	1.0
6	203.0	1.0
4	200.0	1.0
8	205.0	1.0
9	201.0	1.0
10	189.0	1.0
0	224.0	1.7991071428571428
