99

28
32
29
36
35
35
8
8
30
32
32
32
38
26
31
35
33
34
37
21
37
31
37
25
36
25
10
27
6
36
33
32
25
38
34
34
31
27
36
36
21
34
36
4
12
36
38
30
32
29
21
36
28
34
22
4
8
37
17
37
24
38
27
4
29
24
28
29
23
32
38
23
37
35
38
28
30
28
26
25
37
37
29
37
10
37
37
34
34
36
37
7
28
13
33
39
24
28
29

16	62.0	1.0
3	90.0	2.1333333333333333
8	88.0	1.5681818181818181
21	67.0	1.0
2	89.0	2.1235955056179776
7	86.0	1.5
11	62.0	1.0
9	89.0	1.5393258426966292
14	63.0	1.0
6	79.0	1.6075949367088607
1	89.0	2.3146067415730336
10	68.0	1.0
15	71.0	1.0
12	67.0	1.0
17	75.0	1.0
4	91.0	2.197802197802198
18	78.0	1.0
13	63.0	1.0
20	73.0	1.0
19	72.0	1.0
5	87.0	2.4367816091954024
25	68.0	1.0
23	68.0	1.0
24	72.0	1.0
22	65.0	1.0
0	93.0	2.2795698924731185
