100

5
32
37
36
27
25
32
24
25
33
2
35
10
28
6
21
34
3
34
29
17
33
36
27
27
31
25
36
35
33
36
34
37
31
35
37
19
28
13
34
35
38
36
25
32
8
23
29
4
36
20
32
34
12
34
34
37
37
37
36
5
37
37
31
36
32
6
37
19
32
25
24
6
6
35
31
38
38
34
30
31
10
34
33
9
31
8
26
37
35
36
28
35
37
31
33
33
31
31
35

4	89.0	2.2134831460674156
1	95.0	2.136842105263158
2	96.0	2.0833333333333335
7	90.0	1.5444444444444445
3	88.0	2.1931818181818183
5	94.0	2.106382978723404
6	88.0	1.4772727272727273
21	69.0	1.0
13	67.0	1.0
23	69.0	1.0
19	59.0	1.0
8	77.0	1.7142857142857142
18	64.0	1.0
14	64.0	1.0
24	63.0	1.0
12	64.0	1.0
10	62.0	1.0
11	66.0	1.0
17	74.0	1.0
25	66.0	1.0
16	62.0	1.0
22	73.0	1.0
9	83.0	1.5180722891566265
15	66.0	1.0
20	71.0	1.0
0	89.0	2.3258426966292136
