250

7
9
7
4
3
3
3
10
10
10
10
9
7
9
10
10
10
4
8
9
7
10
9
9
9
6
9
10
4
8
8
10
8
9
5
6
8
10
5
5
9
3
2
7
7
8
10
10
9
9
10
7
5
7
10
6
7
7
10
6
7
9
10
7
7
8
8
5
3
8
10
9
9
9
8
3
10
4
6
10
10
3
9
10
4
10
9
10
10
10
10
9
10
10
10
10
8
8
5
9
9
5
9
6
8
9
6
9
10
10
10
9
9
8
10
10
8
8
9
6
9
5
7
9
7
8
5
10
10
9
7
8
9
8
7
7
5
8
6
4
10
6
10
10
9
10
9
9
7
9
4
7
10
10
6
8
10
10
7
10
9
8
3
2
3
9
9
5
10
9
9
7
6
6
10
10
10
3
7
10
4
7
10
9
10
6
6
8
8
10
9
9
2
4
10
9
7
9
6
9
9
9
10
8
8
9
7
7
8
8
6
8
9
10
8
10
2
10
8
9
10
10
9
10
9
7
10
9
9
6
8
8
6
4
5
10
3
8
2
2
4
10
8
7
7
10
3
6
8
9

2	136.0	1.0
1	150.0	1.0
6	161.0	1.0
5	165.0	1.0
3	168.0	1.0
10	174.0	1.0
4	154.0	1.0064935064935066
8	173.0	1.0
7	170.0	1.0
9	154.0	1.0
0	225.0	1.5022222222222221
