249

33
33
35
17
28
27
32
29
24
35
34
18
16
32
36
15
36
28
28
29
29
4
28
30
34
34
33
32
18
17
35
12
37
31
26
36
36
35
32
14
2
3
30
34
37
37
34
15
34
33
35
31
37
32
35
7
34
34
19
30
28
20
37
35
38
38
35
34
37
6
36
32
29
31
36
29
26
35
36
34
37
23
12
35
33
32
21
35
7
20
31
19
29
38
37
36
30
36
32
33
38
36
39
29
23
24
35
30
20
22
39
15
20
37
27
38
34
7
21
37
33
28
16
30
32
31
37
30
38
25
33
33
34
22
33
37
14
29
26
38
34
34
29
31
36
36
34
37
38
29
37
16
10
31
36
39
7
33
31
28
34
35
36
35
29
35
12
38
29
27
33
9
30
27
24
35
14
26
35
32
35
28
30
36
6
36
22
35
37
17
36
36
17
30
35
21
32
17
32
37
21
34
37
8
32
13
36
21
19
38
39
20
36
36
32
25
32
32
35
38
24
14
34
23
29
34
13
36
37
36
29
35
34
27
38
30
35
31
31
18
27
15
6
24
16
23
20
34
11

1	228.0	2.3201754385964914
6	216.0	1.5185185185185186
24	176.0	1.0
10	178.0	1.0
17	179.0	1.0
11	173.0	1.0
21	165.0	1.0
9	219.0	1.5022831050228311
2	235.0	2.2085106382978723
14	164.0	1.0
22	178.0	1.0
8	213.0	1.619718309859155
5	220.0	2.3454545454545452
3	220.0	2.2409090909090907
12	172.0	1.0
7	222.0	1.563063063063063
23	161.0	1.0
4	234.0	2.1452991452991452
19	166.0	1.0
18	166.0	1.0
15	162.0	1.0
13	161.0	1.0
16	163.0	1.0
25	175.0	1.0
20	173.0	1.0
0	235.0	2.2680851063829786
