250

27
40
40
40
41
40
27
40
33
40
40
40
41
41
41
27
40
40
30
32
29
41
41
38
40
9
40
39
38
40
33
40
33
39
41
30
38
38
36
40
39
37
40
38
39
40
39
38
40
30
41
36
31
41
19
40
38
26
36
40
41
41
40
39
19
40
40
40
37
38
40
38
40
38
40
41
40
41
40
34
40
36
40
23
34
37
19
40
40
34
40
41
32
40
5
39
38
41
41
41
40
41
41
41
39
40
40
40
41
20
41
38
39
41
24
41
40
41
41
37
25
40
10
41
41
38
40
40
39
20
40
41
41
41
33
37
34
39
41
41
30
40
39
40
37
38
40
36
41
15
39
40
32
39
36
11
40
41
41
18
40
6
38
36
40
35
41
40
40
37
40
40
40
40
40
33
38
31
41
36
40
38
38
41
39
41
15
32
41
41
39
25
39
40
38
39
37
40
27
41
41
39
41
39
38
39
12
38
4
41
40
40
41
41
41
40
41
37
40
40
38
40
40
40
38
41
41
40
40
38
40
41
40
40
41
41
40
36
40
40
41
40
40
41
40
38
34
40
40
40

12	220.0	1.0
6	243.0	1.831275720164609
2	245.0	2.693877551020408
1	248.0	2.6088709677419355
13	227.0	1.0
4	249.0	2.642570281124498
9	244.0	1.8278688524590163
11	207.0	1.0
8	246.0	1.7398373983739837
5	246.0	2.658536585365854
7	245.0	1.7469387755102042
10	223.0	1.0
14	217.0	1.0
3	248.0	2.693548387096774
15	220.0	1.0
19	221.0	1.0
18	220.0	1.0
24	221.0	1.0
16	221.0	1.0
21	221.0	1.0
20	219.0	1.0
17	223.0	1.0
22	217.0	1.0
25	222.0	1.0
23	224.0	1.0
0	246.0	2.7154471544715446
