250

10
37
40
27
39
39
14
39
39
39
36
26
28
34
35
38
31
14
4
34
30
14
36
37
35
40
39
18
6
35
37
38
39
39
33
39
38
34
28
38
34
40
14
31
24
37
9
34
30
21
20
36
37
36
35
39
32
34
31
34
28
31
28
39
39
36
38
36
31
39
23
40
15
35
31
34
29
33
38
40
28
36
39
17
24
37
31
26
38
39
39
37
38
40
15
35
38
36
14
6
3
25
18
37
25
16
38
38
6
37
37
37
37
34
39
33
35
28
38
39
38
27
39
12
32
28
40
16
36
36
40
26
38
30
38
3
33
38
38
36
39
39
38
39
35
37
39
38
37
32
21
32
39
36
36
24
36
32
39
39
38
33
40
37
24
38
26
37
37
6
38
36
37
39
24
2
38
38
38
23
36
30
38
40
31
38
23
34
32
36
31
25
38
34
31
38
38
38
39
29
37
3
25
40
38
39
39
21
29
35
31
39
3
39
33
38
35
39
36
22
39
28
33
36
26
30
38
27
39
38
36
18
18
38
23
33
36
37
38
38
37
37
35
36
25
8
39
19
36
37

9	233.0	1.6351931330472103
3	232.0	2.435344827586207
13	182.0	1.0
6	234.0	1.641025641025641
7	218.0	1.775229357798165
2	242.0	2.3925619834710745
15	190.0	1.0
5	237.0	2.3797468354430378
8	229.0	1.6244541484716157
10	187.0	1.0
12	199.0	1.0
17	193.0	1.0
4	235.0	2.382978723404255
1	236.0	2.385593220338983
11	195.0	1.0
14	196.0	1.0
16	192.0	1.0
22	189.0	1.0
18	182.0	1.0
23	194.0	1.0
19	188.0	1.0
24	182.0	1.0
25	187.0	1.0
21	182.0	1.0
20	186.0	1.0
0	236.0	2.4533898305084745
