100

38
39
33
25
38
32
30
39
31
38
40
38
39
39
31
36
28
38
39
39
8
19
7
38
22
33
28
3
8
39
38
40
22
38
33
38
37
18
27
38
38
38
35
19
38
24
26
36
38
30
10
39
36
38
36
39
37
38
10
37
26
38
37
16
24
38
39
35
5
38
39
38
14
36
37
39
36
23
35
38
39
37
38
38
38
3
33
28
36
37
39
37
36
38
38
37
37
28
33
16

5	95.0	2.4947368421052634
8	88.0	1.6590909090909092
6	93.0	1.6451612903225807
4	94.0	2.351063829787234
2	94.0	2.478723404255319
9	92.0	1.6630434782608696
7	89.0	1.6179775280898876
3	97.0	2.288659793814433
1	95.0	2.357894736842105
11	71.0	1.0
10	76.0	1.0
22	82.0	1.0
12	76.0	1.0
20	80.0	1.0
25	81.0	1.0
19	78.0	1.0
13	76.0	1.0
15	77.0	1.0
18	71.0	1.0
17	73.0	1.0
24	72.0	1.0
23	74.0	1.0
14	72.0	1.0
16	73.0	1.0
21	78.0	1.0
0	94.0	2.5531914893617023
