100

38
37
24
16
13
37
38
23
32
21
11
36
16
38
38
24
8
35
38
38
39
38
35
37
39
38
20
34
17
38
38
27
25
32
25
31
37
19
6
20
32
38
36
38
40
39
31
29
29
22
22
40
17
28
40
12
38
34
24
28
39
38
28
38
36
38
36
26
34
38
3
37
36
39
39
36
36
9
35
38
39
39
22
40
36
24
38
7
3
34
37
34
36
38
32
39
38
38
12
33

2	95.0	2.221052631578947
1	95.0	2.2736842105263158
5	93.0	2.3870967741935485
7	90.0	1.6555555555555554
10	74.0	1.0
12	65.0	1.0
13	63.0	1.0
14	67.0	1.0
3	94.0	2.1808510638297873
8	89.0	1.6404494382022472
6	93.0	1.6021505376344085
4	94.0	2.1914893617021276
9	90.0	1.5666666666666667
11	70.0	1.0
25	77.0	1.0
22	79.0	1.0
19	76.0	1.0
20	78.0	1.0
17	74.0	1.0
24	76.0	1.0
16	75.0	1.0
23	73.0	1.0
21	74.0	1.0
15	77.0	1.0
18	75.0	1.0
0	97.0	2.402061855670103
