100

40
38
13
33
8
40
41
41
22
40
40
41
35
41
41
41
40
41
40
41
41
38
37
40
40
40
40
35
38
27
32
41
40
40
40
38
34
40
40
38
38
35
40
40
40
36
41
40
41
41
40
38
37
40
38
40
41
36
40
38
36
38
41
38
41
38
12
38
37
39
34
36
37
40
41
40
40
40
41
39
40
40
41
40
29
33
40
40
16
35
39
40
36
39
40
34
35
40
15
4

1	98.0	2.63265306122449
12	89.0	1.0
24	89.0	1.0
9	94.0	1.851063829787234
11	86.0	1.0
14	82.0	1.0
17	80.0	1.0
21	88.0	1.0
8	96.0	1.8854166666666667
2	96.0	2.71875
5	99.0	2.686868686868687
22	87.0	1.0
18	90.0	1.0
6	99.0	1.8686868686868687
7	95.0	1.8210526315789475
4	97.0	2.6804123711340204
15	89.0	1.0
20	84.0	1.0
23	87.0	1.0
13	90.0	1.0
10	84.0	1.0
25	91.0	1.0
16	95.0	1.0
3	96.0	2.7708333333333335
19	87.0	1.0
0	97.0	2.6391752577319587
