100

41
34
40
40
41
40
36
36
34
7
40
41
31
41
40
36
41
38
41
40
40
37
40
33
3
40
41
39
20
22
40
40
41
40
19
40
40
34
40
40
38
40
40
33
38
30
41
41
36
35
41
41
40
40
36
41
38
36
40
28
26
39
34
41
40
38
41
38
32
36
29
40
37
22
38
41
40
40
41
38
8
20
41
39
38
38
40
40
39
37
40
41
41
34
40
40
41
41
41
41

4	99.0	2.6363636363636362
5	98.0	2.5510204081632653
3	99.0	2.717171717171717
12	90.0	1.0
14	87.0	1.0
2	97.0	2.7010309278350517
11	88.0	1.0
9	97.0	1.7422680412371134
13	92.0	1.0
1	98.0	2.693877551020408
6	98.0	1.7959183673469388
10	93.0	1.0
8	99.0	1.7777777777777777
7	98.0	1.7959183673469388
18	84.0	1.0
22	86.0	1.0
20	83.0	1.0
24	83.0	1.0
21	89.0	1.0
16	85.0	1.0
19	86.0	1.0
17	86.0	1.0
15	78.0	1.0
25	82.0	1.0
23	86.0	1.0
0	98.0	2.7551020408163267
