100

41
39
40
41
24
36
34
41
40
41
36
32
40
41
38
39
30
40
36
40
32
23
40
36
38
40
31
36
5
38
40
40
40
37
40
38
40
33
34
40
40
41
40
19
21
36
38
40
41
37
40
39
40
36
39
40
41
40
36
38
4
41
24
40
40
33
38
41
39
39
35
40
38
40
40
39
41
40
38
40
40
40
36
36
20
40
40
41
28
40
39
26
39
40
24
18
18
38
38
40

15	88.0	1.0
3	99.0	2.6161616161616164
7	98.0	1.6938775510204083
12	82.0	1.0
2	99.0	2.5656565656565657
13	84.0	1.0
10	77.0	1.0
4	99.0	2.585858585858586
14	86.0	1.0
1	99.0	2.595959595959596
5	98.0	2.693877551020408
6	94.0	1.8617021276595744
11	90.0	1.0
8	98.0	1.7959183673469388
16	87.0	1.0
9	98.0	1.6428571428571428
23	90.0	1.0
19	78.0	1.0
21	83.0	1.0
17	83.0	1.0
20	91.0	1.0
22	90.0	1.0
24	88.0	1.0
18	88.0	1.0
25	89.0	1.0
0	99.0	2.6363636363636362
