250

11
10
8
10
4
11
11
10
10
11
9
11
11
11
11
11
11
11
11
11
10
9
11
11
7
11
10
11
11
11
4
10
11
4
10
10
11
11
10
8
10
11
9
11
11
10
11
6
11
11
10
10
8
11
6
9
11
10
8
11
11
10
5
3
11
8
11
11
11
6
11
11
11
11
11
11
11
11
11
7
9
7
9
5
11
11
11
11
9
3
11
10
5
11
11
10
11
10
11
4
11
11
11
11
11
4
9
11
7
11
10
11
11
10
11
10
11
11
8
11
11
11
10
10
11
7
10
11
11
11
11
11
11
11
10
11
11
10
11
5
11
4
11
11
11
11
7
9
11
9
11
10
11
9
11
11
11
8
10
11
11
11
11
11
5
11
11
11
11
10
10
11
11
11
10
7
8
9
11
10
11
10
10
11
11
10
11
11
4
11
4
11
11
3
11
11
11
11
2
10
11
11
11
11
11
8
8
11
6
3
11
8
10
11
11
11
8
11
10
10
11
11
11
11
8
11
11
11
11
11
9
10
11
7
9
11
11
11
10
11
5
11
11
11
11
4
10
11
11
7

4	190.0	1.0
1	194.0	1.0
2	187.0	1.0
3	194.0	1.0
7	221.0	1.0
8	209.0	1.0
5	205.0	1.0
10	216.0	1.0
6	208.0	1.0
9	202.0	1.0
0	239.0	1.7489539748953975
