250

10
11
8
9
6
5
4
11
11
11
11
10
10
11
11
11
11
5
10
11
9
11
10
10
11
7
11
11
9
11
9
11
9
11
7
9
11
11
11
10
11
6
11
8
10
9
11
11
11
10
11
10
8
11
11
11
10
8
11
9
9
10
11
9
8
9
9
8
11
10
11
11
10
11
9
11
11
5
10
11
11
9
10
11
11
11
11
11
11
11
11
10
11
11
11
11
11
9
6
10
11
8
11
9
10
10
7
11
11
11
11
11
11
10
11
11
9
9
10
7
11
11
9
10
8
11
6
11
11
10
11
9
10
9
9
10
6
11
10
10
11
10
11
11
11
11
11
11
7
11
5
11
11
11
7
9
11
11
9
11
11
11
4
11
4
10
11
11
11
10
11
11
9
11
11
11
11
6
9
11
11
10
11
11
11
8
10
10
10
11
10
11
3
5
11
11
8
11
11
10
10
11
11
9
10
10
9
11
9
9
11
9
11
11
9
11
3
11
9
11
11
11
10
11
10
11
11
10
11
9
11
11
7
10
11
11
11
11
2
3
11
11
9
10
11
11
4
11
10
10

2	186.0	1.0
1	186.0	1.0
6	205.0	1.0
5	207.0	1.0
3	205.0	1.0
10	209.0	1.0
4	214.0	1.0
8	212.0	1.0
7	211.0	1.0
9	206.0	1.0
0	243.0	1.699588477366255
