250

40
40
40
39
36
40
39
40
38
39
38
37
15
38
40
40
41
40
38
37
28
40
40
40
41
41
40
35
40
41
40
41
41
40
28
15
39
33
13
33
40
41
40
40
39
40
41
40
38
39
39
41
40
40
41
41
40
39
41
40
40
38
41
37
39
40
38
8
36
41
41
39
40
39
39
41
41
28
40
40
40
40
37
36
27
41
41
40
41
40
38
37
40
40
41
35
40
40
31
40
41
38
39
41
41
37
15
40
40
39
41
38
40
33
39
31
38
41
32
38
37
29
40
41
40
33
17
40
40
41
5
40
33
37
40
40
30
41
41
39
40
32
3
41
36
40
41
40
37
40
41
40
39
40
40
38
36
41
37
27
35
40
40
40
41
40
41
39
41
40
36
41
40
40
38
40
34
35
39
39
40
37
39
40
39
40
34
41
40
35
40
40
31
40
5
37
40
38
32
40
37
40
16
38
37
38
38
41
40
37
40
40
37
22
20
40
41
29
36
31
41
37
41
40
40
40
39
40
37
41
39
38
41
37
35
41
41
39
41
41
39
34
40
37
41
30
37
40
40
36

18	225.0	1.0
11	224.0	1.0
6	248.0	1.7983870967741935
21	219.0	1.0
14	220.0	1.0
7	229.0	1.8951965065502183
17	219.0	1.0
19	221.0	1.0
5	245.0	2.7183673469387757
3	244.0	2.6721311475409837
4	245.0	2.7020408163265306
9	248.0	1.8024193548387097
13	221.0	1.0
15	219.0	1.0
2	241.0	2.771784232365145
10	214.0	1.0
1	246.0	2.703252032520325
23	215.0	1.0
12	222.0	1.0
16	226.0	1.0
22	227.0	1.0
20	230.0	1.0
8	248.0	1.8266129032258065
24	227.0	1.0
25	227.0	1.0
0	242.0	2.7644628099173554
