25

37
35
34
17
31
38
37
39
31
36
37
21
33
27
39
6
38
37
37
25
34
36
18
34
11

5	24.0	2.3333333333333335
9	21.0	1.6666666666666667
2	23.0	2.260869565217391
14	21.0	1.0
12	16.0	1.0
6	24.0	1.5833333333333333
15	20.0	1.0
10	19.0	1.0
18	18.0	1.0
13	17.0	1.0
1	23.0	2.217391304347826
8	22.0	1.5909090909090908
17	17.0	1.0
11	17.0	1.0
20	20.0	1.0
16	22.0	1.0
19	17.0	1.0
3	23.0	2.3043478260869565
7	20.0	1.65
4	24.0	2.3333333333333335
21	18.0	1.0
24	20.0	1.0
23	21.0	1.0
25	17.0	1.0
22	18.0	1.0
0	25.0	2.44
