100

24
37
26
8
29
36
33
37
31
33
36
30
37
5
32
38
33
26
37
30
34
37
28
14
27
33
39
13
8
35
14
29
37
38
37
35
33
29
28
21
17
38
6
37
20
26
36
37
21
35
7
12
31
29
10
37
38
29
28
35
35
37
20
36
25
7
37
36
35
23
7
30
32
30
36
38
34
24
10
3
34
8
37
31
28
9
20
37
34
8
30
32
32
35
34
9
38
36
28
34

4	93.0	2.118279569892473
7	88.0	1.4886363636363635
8	86.0	1.441860465116279
5	92.0	2.2065217391304346
2	92.0	2.1956521739130435
1	88.0	2.215909090909091
6	88.0	1.5568181818181819
3	93.0	2.21505376344086
18	57.0	1.0
15	66.0	1.0
14	60.0	1.0
11	58.0	1.0
23	63.0	1.0
21	65.0	1.0
9	84.0	1.5595238095238095
13	73.0	1.0
20	66.0	1.0
12	66.0	1.0
19	69.0	1.0
10	69.0	1.0
25	69.0	1.0
16	67.0	1.0
24	68.0	1.0
17	68.0	1.0
22	67.0	1.0
0	93.0	2.236559139784946
