250

36
40
39
4
40
39
41
41
39
40
40
23
41
39
39
40
35
30
40
10
32
41
41
41
36
38
40
40
40
37
40
36
38
31
40
40
41
33
40
41
40
41
41
41
16
40
37
40
40
24
40
40
40
41
40
41
36
40
40
40
31
41
36
41
33
29
41
29
38
41
41
33
38
34
39
18
40
39
40
40
41
40
40
37
8
35
40
36
40
37
40
38
41
40
40
41
40
40
40
38
38
38
41
5
24
40
13
40
40
38
30
40
38
37
38
40
41
7
40
34
40
40
40
40
40
33
40
37
40
39
40
13
40
40
35
33
40
40
38
38
40
38
41
37
40
39
41
41
39
40
38
39
40
40
40
39
39
40
36
11
41
41
41
41
41
4
39
40
41
40
40
40
36
32
40
40
32
40
41
40
40
40
36
24
31
39
38
34
40
40
41
38
36
38
25
16
40
31
40
41
37
35
40
41
31
40
37
40
40
39
34
38
40
40
40
34
39
25
41
41
39
40
41
41
41
38
41
40
38
41
40
40
41
41
36
39
40
35
40
40
40
41
41
41
25
40
6
41
40
33

2	248.0	2.6653225806451615
1	245.0	2.6775510204081634
18	224.0	1.0
13	226.0	1.0
8	231.0	1.9393939393939394
15	219.0	1.0
16	220.0	1.0
3	245.0	2.706122448979592
12	222.0	1.0
21	218.0	1.0
14	218.0	1.0
25	212.0	1.0
22	218.0	1.0
11	215.0	1.0
5	244.0	2.6598360655737703
10	218.0	1.0
7	240.0	1.8208333333333333
23	215.0	1.0
9	240.0	1.8
24	219.0	1.0
4	241.0	2.7012448132780085
6	241.0	1.842323651452282
19	214.0	1.0
17	214.0	1.0
20	230.0	1.0
0	245.0	2.7224489795918365
