250

10
10
10
6
10
4
8
10
10
9
10
4
7
8
9
8
10
10
5
5
9
9
7
10
9
6
10
2
10
10
7
8
10
6
4
10
5
8
2
8
8
7
8
7
10
6
8
9
10
10
10
10
7
9
10
9
6
6
2
5
9
8
9
10
7
3
10
9
8
10
9
5
8
10
7
10
4
8
9
6
7
7
10
9
9
9
10
10
8
10
10
10
4
7
6
7
7
10
9
4
10
9
10
5
10
10
10
6
8
8
10
10
10
8
7
10
9
6
10
9
10
8
10
6
9
10
9
7
9
10
10
8
8
6
7
9
8
9
10
5
10
9
7
9
8
9
9
7
9
10
9
5
10
10
7
8
9
10
8
8
9
2
10
10
9
10
9
3
8
5
2
10
10
10
7
10
3
7
4
7
6
9
8
10
8
9
6
3
3
5
10
8
5
8
6
3
9
10
9
9
10
8
9
9
9
5
10
10
10
7
7
9
6
10
8
4
3
10
9
10
8
10
8
10
10
8
7
9
5
5
10
4
10
4
8
10
9
5
9
7
9
9
10
7
6
7
5
8
4
9

1	140.0	1.0
3	146.0	1.0
4	159.0	1.0
2	180.0	1.0
9	169.0	1.0
5	154.0	1.0
7	152.0	1.0
6	156.0	1.0
8	178.0	1.0
10	182.0	1.0
0	232.0	1.603448275862069
