250

30
23
34
22
37
37
37
37
34
38
38
22
29
33
32
27
34
28
36
34
34
37
20
34
37
24
16
32
5
23
36
8
37
21
31
4
35
34
32
31
32
38
31
35
32
36
35
32
14
31
38
36
36
34
24
24
37
36
36
6
31
5
10
32
32
19
25
28
20
31
33
35
28
36
4
21
33
38
35
35
38
37
11
6
37
32
38
18
38
31
33
31
32
21
38
27
37
37
39
6
37
33
33
12
37
36
36
38
29
36
35
25
36
8
37
29
30
31
36
35
22
35
25
33
36
23
28
35
31
24
36
29
24
33
21
33
24
37
9
32
22
35
23
9
25
31
24
30
38
31
19
31
35
38
34
12
10
24
32
35
37
35
37
36
31
38
25
20
15
31
21
35
37
32
4
26
37
30
28
27
32
15
31
33
38
33
26
32
34
14
34
37
36
33
31
26
37
33
31
16
36
6
36
4
30
28
30
4
37
31
34
23
30
11
35
33
36
28
26
11
4
6
30
30
38
34
13
35
28
28
6
21
34
34
10
35
36
34
30
36
30
20
33
35
34
38
31
2
36
36

3	227.0	2.1365638766519823
2	236.0	2.152542372881356
1	230.0	2.256521739130435
17	167.0	1.0
9	219.0	1.5799086757990868
20	187.0	1.0
24	167.0	1.0
7	202.0	1.613861386138614
8	211.0	1.5734597156398105
14	176.0	1.0
23	170.0	1.0
22	181.0	1.0
16	161.0	1.0
13	151.0	1.0
10	174.0	1.0
11	175.0	1.0
18	173.0	1.0
21	168.0	1.0
12	168.0	1.0
6	213.0	1.5492957746478873
5	217.0	2.4009216589861753
4	231.0	2.186147186147186
25	176.0	1.0
15	175.0	1.0
19	175.0	1.0
0	235.0	2.3191489361702127
