100

42
42
42
42
42
42
42
42
42
42
42
42
42
42
42
42
42
42
42
42
42
42
42
42
42
42
42
42
42
42
42
42
42
42
42
42
42
42
42
42
42
42
42
42
42
42
42
42
42
42
42
42
42
42
42
42
42
42
42
42
42
42
42
42
42
42
42
42
42
42
42
42
42
42
42
42
42
42
42
42
42
42
42
42
42
42
42
42
42
42
42
42
42
42
42
42
42
42
42
42

6	100.0	2.0
13	100.0	1.0
16	100.0	1.0
7	100.0	2.0
2	100.0	3.0
3	100.0	3.0
17	100.0	1.0
14	100.0	1.0
18	100.0	1.0
8	100.0	2.0
1	100.0	3.0
15	100.0	1.0
4	100.0	3.0
11	100.0	1.0
10	100.0	1.0
9	100.0	2.0
12	100.0	1.0
5	100.0	3.0
25	100.0	1.0
23	100.0	1.0
21	100.0	1.0
22	100.0	1.0
19	100.0	1.0
20	100.0	1.0
24	100.0	1.0
0	100.0	3.0
