248

11
14
36
34
39
33
34
27
26
4
18
2
4
18
33
10
22
18
4
36
18
30
24
38
37
31
27
24
22
35
16
10
36
34
9
6
35
28
37
17
8
29
29
14
36
18
37
20
33
28
35
21
32
24
35
13
17
35
33
16
34
37
38
27
36
36
31
35
26
38
35
32
37
7
37
22
8
28
35
15
32
38
35
21
36
37
34
14
18
19
37
23
30
36
37
10
32
35
34
32
29
36
35
35
37
15
29
27
28
38
34
35
27
28
32
35
36
33
38
37
19
36
21
33
24
29
35
34
14
31
14
18
22
14
34
19
33
3
35
34
30
28
29
36
27
5
36
34
32
36
29
9
32
29
37
33
13
38
37
37
33
18
33
34
4
16
36
36
30
26
33
17
15
39
29
35
37
9
35
34
38
3
5
29
37
38
32
37
11
37
37
35
11
9
31
26
32
37
36
38
29
31
36
19
26
14
31
32
35
29
30
21
27
33
4
32
33
33
30
37
36
31
33
6
37
19
14
30
22
35
6
14
14
32
36
18
11
38
24
21
5
37
37
17
13
32
30
28

13	160.0	1.0
9	206.0	1.5
7	214.0	1.4766355140186915
14	160.0	1.0
11	168.0	1.0
10	158.0	1.0
6	218.0	1.5504587155963303
5	221.0	2.180995475113122
4	229.0	2.1790393013100435
12	172.0	1.0
3	228.0	2.1271929824561404
2	226.0	2.0973451327433628
1	233.0	2.0686695278969958
8	213.0	1.460093896713615
16	167.0	1.0
17	157.0	1.0
19	152.0	1.0
23	155.0	1.0
25	154.0	1.0
22	149.0	1.0
18	155.0	1.0
15	158.0	1.0
24	164.0	1.0
20	149.0	1.0
21	151.0	1.0
0	230.0	2.121739130434783
