250

11
9
10
11
5
9
11
10
6
6
11
7
11
11
11
10
11
11
11
9
11
11
8
8
9
10
11
11
11
11
10
5
10
11
10
5
11
9
11
5
11
11
11
10
3
11
11
5
10
10
11
10
8
3
8
9
11
11
11
6
11
7
11
9
11
11
7
10
10
11
5
11
11
10
11
10
10
11
11
11
11
11
11
9
11
9
11
7
9
11
11
10
7
11
10
10
5
11
11
10
10
11
11
6
10
10
11
11
11
11
10
11
11
10
9
11
11
11
10
11
11
11
11
11
11
11
11
11
11
10
9
11
9
10
11
11
6
3
11
11
3
11
7
11
10
9
11
11
11
11
9
11
11
11
10
11
10
11
4
10
11
11
7
11
11
11
10
11
10
7
10
11
11
10
11
10
9
11
10
8
10
11
11
10
11
10
7
11
11
10
10
11
11
3
10
10
11
11
11
3
11
8
5
11
7
9
11
11
10
11
11
11
11
8
11
11
11
10
11
10
9
6
11
10
10
11
10
11
11
11
7
11
9
6
8
11
10
11
11
11
11
11
10
11
8
9
11
11
11
6

1	206.0	1.0
7	210.0	1.0
8	195.0	1.0
2	201.0	1.0
10	191.0	1.0
4	218.0	1.0
5	206.0	1.0
3	205.0	1.0
9	212.0	1.0
6	208.0	1.0
0	244.0	1.6024590163934427
