248

3
5
8
8
8
9
8
9
9
9
8
6
3
2
3
3
6
7
9
6
9
3
9
2
4
3
8
4
4
8
7
9
6
4
9
3
8
6
9
6
7
3
8
3
8
8
7
7
5
7
7
5
2
8
10
6
8
6
7
8
8
9
9
8
9
8
4
6
2
4
5
8
8
7
2
8
4
2
3
5
9
5
6
5
9
8
2
4
6
2
4
9
9
5
3
8
6
8
8
7
4
6
7
9
8
5
7
7
6
5
9
8
7
3
6
6
8
4
6
8
3
2
3
2
6
4
8
3
3
4
3
8
8
6
9
7
8
8
5
6
5
8
9
9
7
4
5
8
9
5
8
4
3
9
5
8
6
6
5
8
9
9
5
9
7
8
6
4
9
3
3
4
6
6
8
7
8
3
6
8
7
7
7
9
3
6
8
3
6
8
4
2
7
6
9
4
8
6
7
9
9
4
6
4
8
7
7
7
3
7
7
9
4
5
6
4
9
2
2
2
9
3
7
7
9
8
8
7
2
8
9
9
4
4
2
9
7
5
7
2
7
7
9
7
7
6
7
5

2	110.0	1.0
1	106.0	1.028301886792453
4	135.0	1.0074074074074073
3	138.0	1.0072463768115942
5	134.0	1.0
8	136.0	1.0073529411764706
6	120.0	1.0083333333333333
10	130.0	1.0
7	131.0	1.0
9	121.0	1.0082644628099173
0	189.0	1.4074074074074074
