100

36
9
11
14
29
22
40
38
28
36
39
32
3
38
34
39
12
39
38
38
40
35
24
36
35
8
10
35
11
37
28
28
31
37
35
16
40
32
38
27
34
32
36
34
38
40
38
40
38
38
38
38
38
38
35
38
9
40
36
11
38
39
39
33
34
34
37
35
26
38
39
32
30
30
39
34
38
3
33
33
20
23
37
30
28
38
39
38
23
33
23
35
28
26
36
35
39
39
37
38

6	92.0	1.673913043478261
4	97.0	2.3195876288659796
1	97.0	2.381443298969072
2	96.0	2.2708333333333335
3	96.0	2.2083333333333335
5	97.0	2.402061855670103
7	90.0	1.6222222222222222
9	89.0	1.7640449438202248
8	91.0	1.6593406593406594
20	73.0	1.0
15	81.0	1.0
10	80.0	1.0
19	71.0	1.0
11	77.0	1.0
23	73.0	1.0
24	74.0	1.0
22	76.0	1.0
14	75.0	1.0
16	78.0	1.0
21	78.0	1.0
12	68.0	1.0
13	65.0	1.0
18	72.0	1.0
25	78.0	1.0
17	75.0	1.0
0	95.0	2.473684210526316
