100

40
40
39
40
14
38
25
36
40
27
40
41
41
40
40
39
40
41
30
41
40
40
40
41
37
38
40
26
40
41
41
39
38
40
41
36
40
20
37
17
40
38
41
13
37
41
38
38
32
18
40
41
30
41
41
38
36
32
38
40
24
40
33
5
40
38
41
40
40
40
40
41
41
39
41
38
41
41
41
40
40
40
38
40
23
37
29
40
33
16
32
36
40
30
39
41
37
37
37
37

4	99.0	2.717171717171717
3	99.0	2.717171717171717
2	98.0	2.6122448979591835
1	98.0	2.63265306122449
16	84.0	1.0
25	92.0	1.0
23	87.0	1.0
15	91.0	1.0
7	95.0	1.7263157894736842
14	92.0	1.0
10	87.0	1.0
8	96.0	1.7916666666666667
9	95.0	1.768421052631579
5	99.0	2.717171717171717
24	88.0	1.0
13	91.0	1.0
17	76.0	1.0
12	78.0	1.0
19	82.0	1.0
6	94.0	1.7872340425531914
11	83.0	1.0
20	83.0	1.0
18	84.0	1.0
21	85.0	1.0
22	87.0	1.0
0	98.0	2.6530612244897958
