250

30
16
30
36
36
38
39
40
25
39
39
32
16
32
36
39
12
6
38
22
37
22
40
25
23
37
40
27
32
39
34
31
38
30
37
33
38
2
39
21
26
39
34
39
38
15
35
39
28
33
38
38
37
21
24
40
39
27
32
15
36
11
39
38
38
30
36
40
16
39
38
34
36
37
38
26
37
7
38
20
19
19
38
38
20
10
35
33
34
35
34
17
31
13
25
38
33
29
38
35
38
38
38
34
32
33
32
39
21
36
37
36
39
36
38
22
36
6
14
39
38
34
40
26
39
37
36
38
26
10
39
37
35
38
40
36
39
39
34
31
26
39
38
37
38
38
38
39
29
32
3
40
35
32
34
36
39
33
37
27
33
38
38
35
38
36
39
37
39
36
34
3
13
39
35
35
38
39
38
8
13
40
36
15
38
34
14
38
26
39
31
39
34
38
32
31
30
28
10
24
19
39
35
39
36
39
32
35
37
38
33
6
34
36
39
23
25
39
38
36
10
39
36
34
38
36
30
37
30
7
38
8
36
21
32
23
29
40
5
35
37
38
32
26
38
40
10
36
37
17

4	234.0	2.4145299145299144
2	237.0	2.4050632911392404
5	237.0	2.371308016877637
9	236.0	1.61864406779661
11	188.0	1.0
12	190.0	1.0
7	225.0	1.64
3	240.0	2.3125
8	228.0	1.6228070175438596
1	239.0	2.309623430962343
13	184.0	1.0
14	189.0	1.0
10	190.0	1.0
6	229.0	1.5807860262008733
17	184.0	1.0
24	190.0	1.0
20	183.0	1.0
22	188.0	1.0
25	193.0	1.0
23	188.0	1.0
16	179.0	1.0
19	193.0	1.0
15	182.0	1.0
18	189.0	1.0
21	179.0	1.0
0	235.0	2.4468085106382977
