247

5
3
4
9
8
5
5
7
2
5
2
3
9
7
6
8
9
8
7
9
5
6
9
8
7
4
7
6
9
9
6
5
6
3
8
5
3
7
6
4
9
8
2
6
7
5
5
7
2
2
3
7
9
6
7
7
9
4
5
3
7
8
6
2
9
4
9
6
8
8
9
4
3
9
9
5
7
4
6
5
7
7
4
9
3
9
6
9
3
5
6
4
6
7
8
4
8
4
7
9
9
2
7
8
8
3
5
8
6
6
6
3
4
3
6
9
7
7
2
4
6
5
7
5
5
6
9
8
8
2
6
8
5
3
8
9
5
7
6
8
4
9
6
8
4
5
9
7
6
6
5
7
9
4
7
7
7
3
8
5
6
9
4
2
2
5
8
3
7
9
9
10
7
7
3
7
4
2
6
5
9
5
9
3
4
8
8
6
7
7
9
7
8
8
9
4
3
9
8
6
4
5
8
6
9
3
2
3
7
5
9
8
3
5
4
3
9
7
8
7
7
2
2
9
8
7
9
3
8
7
4
6
2
6
7
9
5
8
6
6
9
4
9
9
5
4
7

2	112.0	1.0
3	113.0	1.0176991150442478
1	114.0	1.0
10	138.0	1.0
7	132.0	1.0075757575757576
8	128.0	1.0
4	116.0	1.0086206896551724
5	126.0	1.0
9	111.0	1.009009009009009
6	128.0	1.0
0	195.0	1.471794871794872
