25

37
40
35
40
41
37
33
40
8
36
40
38
40
21
40
35
34
39
40
36
38
3
40
19
38

1	23.0	2.5652173913043477
16	22.0	1.0
4	23.0	2.652173913043478
2	24.0	2.4583333333333335
8	21.0	1.7619047619047619
3	24.0	2.5416666666666665
18	20.0	1.0
23	22.0	1.0
19	19.0	1.0
21	22.0	1.0
15	21.0	1.0
5	24.0	2.5
24	22.0	1.0
22	20.0	1.0
17	19.0	1.0
12	20.0	1.0
9	23.0	1.7391304347826086
13	20.0	1.0
6	24.0	1.875
14	18.0	1.0
25	18.0	1.0
7	24.0	1.6666666666666667
11	18.0	1.0
10	21.0	1.0
20	22.0	1.0
0	22.0	2.8181818181818183
