250

27
36
20
39
39
39
39
33
38
36
38
40
6
39
38
31
39
39
38
34
39
37
38
36
39
38
24
37
24
28
39
35
37
40
36
30
36
32
37
30
37
34
39
38
33
27
36
38
36
31
2
3
6
40
36
39
16
38
36
40
35
39
39
39
38
39
9
33
39
39
38
25
39
39
26
14
7
3
28
39
38
38
40
38
35
39
32
39
37
33
30
38
37
39
6
37
39
39
9
39
38
29
34
33
37
38
36
28
38
36
39
35
39
35
38
28
30
38
36
38
39
25
36
35
26
18
30
37
38
38
34
38
38
10
39
34
6
36
14
39
39
28
37
39
35
9
33
34
37
37
35
10
38
38
22
37
3
39
35
36
25
34
35
31
36
37
36
39
37
30
34
8
38
37
31
38
38
39
34
39
39
34
8
35
39
2
34
38
37
36
37
39
19
19
9
14
39
37
40
30
7
26
39
36
36
30
34
37
40
31
34
39
27
28
24
36
37
22
36
39
39
37
34
20
34
37
32
33
8
34
32
35
37
22
40
33
38
26
10
35
38
37
33
38
39
38
38
38
29
35

2	237.0	2.4345991561181433
6	234.0	1.623931623931624
7	235.0	1.6212765957446809
1	239.0	2.3891213389121337
8	234.0	1.6367521367521367
4	238.0	2.399159663865546
5	242.0	2.371900826446281
3	238.0	2.365546218487395
9	234.0	1.6111111111111112
10	202.0	1.0
24	196.0	1.0
18	192.0	1.0
19	193.0	1.0
22	190.0	1.0
15	203.0	1.0
16	189.0	1.0
20	195.0	1.0
25	188.0	1.0
17	194.0	1.0
23	192.0	1.0
12	191.0	1.0
21	195.0	1.0
11	195.0	1.0
13	197.0	1.0
14	196.0	1.0
0	237.0	2.5358649789029535
