247

5
8
7
6
6
9
6
7
6
5
8
9
4
9
9
8
6
5
8
6
2
8
7
7
3
6
4
8
3
8
6
5
4
9
4
8
8
5
9
9
8
4
7
8
2
6
2
7
2
6
3
9
5
6
6
5
6
7
5
2
2
6
9
9
8
9
6
6
8
8
9
3
8
5
6
4
6
9
3
2
8
6
8
9
2
4
7
8
5
2
4
3
7
8
4
8
3
8
5
9
3
9
8
5
6
3
7
4
9
9
8
9
4
3
9
5
8
9
8
2
8
6
3
9
7
4
6
9
2
9
6
5
6
7
9
8
6
7
7
4
6
5
8
8
9
5
2
9
7
5
7
9
9
5
9
4
2
5
8
8
6
7
7
6
8
3
8
7
6
9
7
8
5
5
7
8
9
4
8
4
3
6
4
9
2
3
5
8
6
4
9
5
7
8
5
4
9
5
7
3
3
6
6
5
4
5
5
5
7
10
8
7
3
3
9
9
9
3
7
5
7
9
5
5
6
3
8
8
7
9
8
9
8
6
3
4
9
7
9
9
9
8
6
9
8
8
9

4	130.0	1.0153846153846153
1	123.0	1.008130081300813
3	108.0	1.0092592592592593
2	125.0	1.0
9	160.0	1.0
10	117.0	1.0
6	124.0	1.0
8	136.0	1.0
5	116.0	1.0
7	129.0	1.0077519379844961
0	199.0	1.4170854271356783
