100

22
25
27
19
30
34
37
27
10
38
11
33
33
32
15
36
31
35
32
35
24
32
6
10
36
36
36
24
27
25
24
35
35
25
24
36
15
14
12
33
36
23
12
25
33
32
24
26
31
38
2
35
37
10
37
9
21
25
24
32
3
27
5
35
37
16
29
31
31
34
37
33
31
30
30
24
35
24
35
31
33
23
20
11
34
22
32
33
23
17
34
28
27
37
36
26
27
7
38
37

3	92.0	2.0434782608695654
13	61.0	1.0
4	95.0	1.9473684210526316
18	68.0	1.0
2	94.0	2.095744680851064
17	65.0	1.0
8	80.0	1.6625
6	82.0	1.5
15	59.0	1.0
14	59.0	1.0
10	60.0	1.0
16	64.0	1.0
9	88.0	1.4090909090909092
5	93.0	1.956989247311828
7	80.0	1.625
12	71.0	1.0
11	71.0	1.0
1	94.0	2.1702127659574466
23	65.0	1.0
25	61.0	1.0
24	60.0	1.0
21	63.0	1.0
19	60.0	1.0
22	59.0	1.0
20	71.0	1.0
0	86.0	2.36046511627907
