100

34
36
34
36
35
32
39
38
39
35
36
38
32
10
26
25
26
35
22
20
35
28
38
38
37
38
33
23
36
39
36
37
40
21
38
31
37
38
38
37
36
39
20
38
37
37
34
22
30
29
35
36
32
4
38
31
32
36
38
25
36
38
36
38
36
9
19
36
26
29
38
33
37
37
38
40
39
36
39
34
39
36
36
5
34
31
32
38
39
35
30
26
37
39
37
33
39
30
39
37

17	75.0	1.0
4	97.0	2.4536082474226806
15	80.0	1.0
8	94.0	1.6808510638297873
6	93.0	1.5806451612903225
10	74.0	1.0
7	86.0	1.7790697674418605
3	95.0	2.526315789473684
16	77.0	1.0
18	80.0	1.0
12	78.0	1.0
9	95.0	1.7052631578947368
14	79.0	1.0
23	82.0	1.0
11	81.0	1.0
2	97.0	2.484536082474227
1	94.0	2.5106382978723403
5	100.0	2.42
21	75.0	1.0
22	81.0	1.0
13	80.0	1.0
20	78.0	1.0
19	83.0	1.0
24	76.0	1.0
25	80.0	1.0
0	97.0	2.3195876288659796
