250

10
11
8
11
11
10
11
10
11
10
8
11
11
9
11
10
11
11
11
10
4
11
11
11
11
11
11
11
11
11
11
10
11
11
10
8
11
11
9
11
11
11
4
11
11
10
11
11
10
10
7
6
10
11
7
9
8
11
11
11
11
11
11
11
10
10
7
9
10
11
5
8
11
11
10
8
7
11
10
11
11
11
9
9
11
11
11
11
11
10
11
6
11
10
11
10
8
11
10
10
11
11
8
11
11
11
11
11
10
11
8
8
11
6
11
3
11
11
11
7
11
11
11
7
11
11
11
11
10
11
11
10
9
9
10
11
11
11
10
11
5
11
10
11
5
11
11
11
11
9
5
11
3
8
9
11
11
10
8
8
8
11
11
11
10
6
11
11
10
11
11
11
11
11
9
5
10
11
11
11
11
11
7
10
6
11
11
11
11
9
11
11
6
10
11
9
11
11
11
10
9
10
6
9
11
10
9
11
11
4
10
11
11
11
10
11
10
7
9
8
9
5
11
11
11
6
6
8
11
3
10
11
11
10
9
9
9
8
9
11
9
10
10
9
11
10
7
11
11
10

3	208.0	1.0
2	209.0	1.0
1	202.0	1.0
8	207.0	1.0
9	201.0	1.0
10	191.0	1.0
5	194.0	1.0
4	199.0	1.0
6	210.0	1.0
7	216.0	1.0
0	245.0	1.6571428571428573
