250

37
32
37
38
36
37
39
30
39
38
15
40
34
18
23
38
10
17
38
35
38
39
38
34
40
32
27
37
39
37
14
38
6
39
40
38
40
39
23
39
40
19
23
13
36
39
29
37
39
36
30
39
36
32
38
32
36
28
33
37
38
37
40
38
37
21
18
32
39
39
29
38
5
10
36
37
36
38
39
39
39
23
39
38
38
35
39
37
22
38
25
26
38
38
35
24
32
36
38
36
24
38
37
35
23
20
23
38
30
32
38
35
38
23
39
38
31
35
37
28
38
36
19
39
37
29
27
39
30
20
36
34
36
30
39
16
35
32
4
29
39
25
30
34
39
20
36
39
24
37
17
37
39
28
35
15
35
37
16
38
39
39
16
28
38
22
39
39
39
37
36
27
34
34
37
19
30
26
32
37
40
39
38
34
39
36
38
34
37
37
4
38
39
38
38
30
40
34
39
38
25
37
30
38
35
38
26
39
37
37
38
39
39
37
37
39
38
10
29
38
32
37
23
27
10
34
37
27
35
39
35
36
33
20
34
26
40
36
25
23
33
27
39
37
34
31
36
16
17
40

16	182.0	1.0
6	210.0	1.7952380952380953
13	206.0	1.0
4	243.0	2.325102880658436
14	182.0	1.0
2	240.0	2.3333333333333335
12	178.0	1.0
15	197.0	1.0
3	244.0	2.430327868852459
7	241.0	1.6016597510373445
11	194.0	1.0
1	240.0	2.4208333333333334
10	192.0	1.0
8	239.0	1.6401673640167365
5	239.0	2.4560669456066946
9	241.0	1.7053941908713692
18	203.0	1.0
25	191.0	1.0
23	189.0	1.0
19	192.0	1.0
24	189.0	1.0
17	199.0	1.0
20	187.0	1.0
22	189.0	1.0
21	197.0	1.0
0	240.0	2.470833333333333
