250

36
34
35
26
32
38
23
28
38
36
21
26
37
35
30
9
39
37
36
11
36
21
30
38
27
32
35
38
37
29
34
36
19
38
29
32
35
6
26
33
21
15
36
38
17
35
17
29
34
37
32
15
3
12
37
37
13
37
26
36
36
31
21
34
28
34
37
19
31
37
27
10
31
21
34
10
35
26
38
22
36
19
21
20
35
34
26
37
37
8
35
20
36
38
33
32
37
35
29
36
18
37
32
25
24
27
35
36
2
31
34
28
14
36
38
32
28
4
26
4
37
26
21
33
33
15
5
27
31
34
32
26
36
34
21
8
37
5
35
36
19
35
26
25
24
29
14
31
31
2
36
35
3
34
16
36
26
16
33
3
28
17
29
35
28
16
26
28
37
27
31
22
22
33
14
14
17
38
33
24
36
37
36
15
17
29
35
33
26
27
24
31
37
36
36
35
37
3
14
37
14
19
33
34
37
38
24
31
31
36
26
4
25
36
6
31
5
33
25
34
33
35
33
35
27
34
31
25
8
20
35
15
34
17
27
11
35
37
34
26
37
37
36
26
20
32
3
35
34
27

5	229.0	2.1965065502183405
4	228.0	2.18859649122807
13	169.0	1.0
7	222.0	1.509009009009009
10	153.0	1.0
9	222.0	1.5045045045045045
2	225.0	2.0533333333333332
15	154.0	1.0
16	154.0	1.0
12	156.0	1.0
6	200.0	1.575
3	232.0	2.103448275862069
11	165.0	1.0
14	164.0	1.0
8	217.0	1.5207373271889402
1	225.0	2.1466666666666665
20	161.0	1.0
18	161.0	1.0
23	161.0	1.0
22	160.0	1.0
21	158.0	1.0
17	183.0	1.0
19	179.0	1.0
25	179.0	1.0
24	174.0	1.0
0	232.0	2.1939655172413794
