100

41
40
40
38
40
41
40
38
40
23
38
40
41
29
38
40
41
38
40
40
37
40
40
41
40
37
26
41
38
40
40
38
38
39
40
40
41
41
25
34
41
37
41
40
40
38
41
39
35
34
41
37
37
38
41
33
19
41
40
39
17
23
7
34
26
38
41
31
40
41
40
27
22
40
36
38
30
41
40
40
41
35
38
40
38
18
40
41
40
37
35
33
40
41
17
37
37
40
40
39

2	100.0	2.55
3	99.0	2.676767676767677
4	99.0	2.595959595959596
1	98.0	2.704081632653061
20	84.0	1.0
18	83.0	1.0
19	84.0	1.0
8	99.0	1.7676767676767677
6	95.0	1.8736842105263158
7	95.0	1.8
12	85.0	1.0
16	89.0	1.0
14	88.0	1.0
11	91.0	1.0
22	88.0	1.0
13	88.0	1.0
10	89.0	1.0
9	94.0	1.8085106382978724
15	92.0	1.0
23	95.0	1.0
21	89.0	1.0
25	85.0	1.0
5	99.0	2.6464646464646466
17	85.0	1.0
24	84.0	1.0
0	97.0	2.6391752577319587
