250

36
34
31
23
25
20
30
20
3
34
36
29
16
32
34
22
35
37
30
11
36
24
22
18
30
37
35
33
37
31
21
32
33
9
35
34
36
36
38
31
24
34
34
31
14
5
37
34
34
3
30
17
37
37
37
36
22
20
33
35
32
35
34
17
34
37
18
39
34
18
33
33
32
37
32
28
38
37
38
33
37
32
26
13
28
32
23
38
38
36
33
31
27
23
25
36
35
31
6
14
36
9
37
24
35
35
34
36
38
7
35
37
21
27
35
35
37
29
17
3
30
35
36
13
37
26
35
36
22
37
28
2
28
20
29
25
35
26
37
37
35
25
12
36
37
11
23
37
31
10
36
25
35
17
21
32
36
27
35
29
8
26
29
19
33
38
4
34
35
35
38
37
27
21
36
29
37
19
9
30
33
33
36
28
29
34
24
36
24
35
36
33
4
36
36
11
37
34
31
35
29
19
34
22
18
17
6
20
28
5
34
33
18
8
32
19
11
35
35
29
38
34
21
20
33
37
28
35
32
17
12
30
38
5
35
35
26
33
14
37
35
38
20
36
35
31
34
35
32
33

3	227.0	2.101321585903084
4	226.0	2.309734513274336
2	224.0	2.1339285714285716
1	233.0	2.1545064377682404
19	175.0	1.0
14	184.0	1.0
11	172.0	1.0
5	227.0	2.2599118942731278
15	173.0	1.0
18	180.0	1.0
8	214.0	1.574766355140187
13	161.0	1.0
12	171.0	1.0
21	160.0	1.0
22	156.0	1.0
16	162.0	1.0
17	161.0	1.0
25	166.0	1.0
10	163.0	1.0
23	161.0	1.0
6	206.0	1.6019417475728155
24	180.0	1.0
7	216.0	1.5601851851851851
20	181.0	1.0
9	217.0	1.6129032258064515
0	238.0	2.235294117647059
