249

7
6
6
2
9
2
5
4
8
2
6
4
4
9
7
3
8
7
5
9
9
6
6
8
8
9
8
7
8
6
9
9
8
3
9
9
8
8
7
9
5
8
6
8
8
4
6
4
8
6
9
3
7
5
7
4
6
2
9
8
9
4
4
7
7
7
8
3
8
8
5
9
8
2
5
3
8
2
8
4
8
8
9
6
3
6
3
9
6
2
7
7
3
6
6
7
9
9
8
9
9
4
4
6
2
6
8
6
8
7
8
9
4
9
8
8
8
7
5
7
9
2
5
5
5
9
8
3
8
9
4
6
5
6
4
7
6
9
9
9
8
8
6
7
6
2
4
3
3
7
2
4
9
7
9
4
2
8
8
6
8
2
6
2
6
2
9
7
8
8
8
6
3
9
8
7
7
2
4
2
7
5
2
7
6
7
2
7
9
8
6
8
3
9
4
4
8
3
2
8
9
8
3
8
4
8
6
8
5
9
8
7
8
6
7
7
7
6
4
3
7
8
6
4
2
8
9
6
4
7
3
6
9
4
7
6
6
9
8
8
6
8
5
3
8
7
7
8
2

2	106.0	1.0
1	109.0	1.0
7	147.0	1.0
8	123.0	1.008130081300813
9	121.0	1.0082644628099173
10	123.0	1.0
3	119.0	1.0
4	140.0	1.0071428571428571
6	149.0	1.0067114093959733
5	154.0	1.0
0	192.0	1.3541666666666667
