248

7
4
9
9
8
5
8
7
3
2
9
3
8
7
2
8
6
7
3
3
7
9
7
7
9
3
5
8
5
6
7
4
6
9
2
9
7
6
9
7
6
4
2
2
3
2
9
7
8
8
9
8
8
6
6
4
9
8
5
6
9
2
4
2
6
9
7
9
8
6
7
5
9
3
7
4
7
5
9
5
3
8
3
9
7
5
8
9
8
6
3
3
8
6
3
8
4
2
6
4
8
4
8
5
6
4
9
6
7
9
8
9
6
8
8
5
7
8
7
9
4
5
7
7
8
4
7
2
5
7
7
9
8
8
6
3
6
2
9
4
9
7
8
3
3
6
2
8
7
7
2
5
5
8
6
9
4
8
4
6
5
9
7
3
5
9
9
6
7
4
7
5
3
9
8
9
8
5
7
3
9
8
8
7
6
6
6
8
8
5
8
6
4
7
5
8
8
8
8
2
9
7
9
5
8
8
8
6
6
7
9
9
7
8
4
6
6
7
7
2
9
4
5
9
5
8
9
5
5
8
4
3
6
8
6
4
3
9
4
4
7
3
9
6
7
3
9
2

7	133.0	1.0
1	135.0	1.0
8	149.0	1.0
5	130.0	1.0
4	134.0	1.0223880597014925
6	121.0	1.0
3	132.0	1.0227272727272727
2	136.0	1.0073529411764706
9	109.0	1.0
10	110.0	1.0
0	177.0	1.4180790960451977
