250

36
39
36
33
36
38
39
37
38
37
33
34
26
39
38
39
28
40
38
9
34
32
27
35
39
2
34
32
31
39
34
35
28
39
6
37
39
19
39
19
38
37
33
39
35
10
36
27
39
5
14
33
34
34
38
6
38
40
38
30
9
34
37
32
36
37
39
39
32
37
35
29
38
16
37
39
34
38
36
35
38
28
38
38
37
39
32
38
7
5
39
38
38
39
13
37
32
31
39
26
36
36
18
31
34
39
39
32
39
34
25
37
39
35
3
37
39
39
31
5
24
38
39
20
36
32
24
31
37
35
38
38
4
40
34
37
34
39
39
34
39
39
30
39
36
33
36
4
34
38
39
25
33
21
33
30
32
37
37
37
39
35
38
32
35
19
34
33
36
29
27
40
16
36
31
37
37
24
35
39
37
39
38
39
29
39
37
35
39
40
40
17
6
40
38
39
39
15
38
30
38
38
38
26
38
28
38
39
5
38
37
37
38
38
36
38
34
39
38
17
35
29
17
31
28
29
20
36
37
39
37
37
33
39
34
39
37
20
35
35
29
6
37
34
31
35
32
39
3
38

18	201.0	1.0
21	184.0	1.0
12	190.0	1.0
4	238.0	2.3445378151260505
16	201.0	1.0
2	236.0	2.3771186440677967
8	224.0	1.7321428571428572
9	231.0	1.6926406926406927
15	192.0	1.0
10	188.0	1.0
13	186.0	1.0
14	177.0	1.0
22	185.0	1.0
17	186.0	1.0
5	240.0	2.425
11	207.0	1.0
20	206.0	1.0
7	231.0	1.6666666666666667
1	238.0	2.4453781512605044
6	229.0	1.720524017467249
3	234.0	2.4358974358974357
19	197.0	1.0
25	183.0	1.0
23	188.0	1.0
24	189.0	1.0
0	239.0	2.489539748953975
