99

20
32
20
38
35
22
7
24
32
20
32
24
7
33
35
31
36
22
33
35
38
36
35
16
17
6
35
31
33
33
36
26
12
37
12
31
36
35
36
30
36
34
32
36
36
37
36
35
27
13
32
19
32
34
20
32
3
5
8
35
34
32
12
10
21
35
31
35
38
31
37
12
24
34
31
37
4
35
37
34
18
36
27
34
31
37
38
14
37
37
3
30
34
32
29
32
9
35
38

7	86.0	1.5930232558139534
6	89.0	1.4943820224719102
1	90.0	2.1666666666666665
2	92.0	2.097826086956522
5	90.0	2.1444444444444444
4	90.0	2.033333333333333
3	90.0	2.1666666666666665
21	69.0	1.0
12	67.0	1.0
10	64.0	1.0
19	71.0	1.0
8	78.0	1.6025641025641026
13	65.0	1.0
17	73.0	1.0
20	71.0	1.0
18	62.0	1.0
14	67.0	1.0
11	61.0	1.0
9	84.0	1.5952380952380953
16	69.0	1.0
15	69.0	1.0
24	58.0	1.0
22	70.0	1.0
23	66.0	1.0
25	67.0	1.0
0	92.0	2.2717391304347827
