250

11
11
7
11
10
11
8
11
11
11
6
11
9
11
11
11
9
11
11
11
4
10
9
11
11
11
11
7
11
11
11
11
11
11
11
6
11
11
11
11
11
5
11
11
7
11
10
8
11
11
11
8
11
11
11
11
11
11
11
11
10
7
10
11
10
11
10
7
11
11
5
2
8
10
11
11
11
11
6
11
11
10
11
10
11
9
11
11
11
11
11
11
11
11
7
4
11
8
11
11
11
10
10
9
10
11
11
11
11
11
11
10
10
11
9
10
11
11
10
9
11
5
11
11
7
8
10
11
10
11
9
6
11
10
11
7
11
11
11
6
9
10
11
11
11
7
8
4
11
11
11
11
10
11
10
11
10
11
9
11
11
7
11
11
11
11
11
6
10
10
8
8
2
11
11
11
9
11
11
11
11
8
11
11
10
8
11
9
9
11
11
11
11
11
4
7
10
7
11
10
11
11
11
11
11
11
11
11
10
11
8
9
9
11
11
7
11
6
11
11
9
7
9
11
7
11
6
11
10
10
10
9
8
11
11
11
11
4
11
11
10
10
11
11
10
11
10
11
8
9

1	213.0	1.0
4	220.0	1.0
2	204.0	1.0
7	204.0	1.0
6	207.0	1.0
3	200.0	1.0
5	202.0	1.0
10	202.0	1.0
9	198.0	1.0
8	197.0	1.0
0	228.0	1.8201754385964912
