250

41
40
36
38
38
38
37
40
34
41
40
41
40
41
38
40
41
37
38
28
40
41
40
38
40
31
38
41
40
40
40
41
41
40
40
15
25
41
40
38
34
24
40
19
40
18
38
33
32
41
40
38
40
16
40
41
38
40
25
24
40
31
40
41
8
41
35
40
41
41
40
40
38
41
40
41
39
22
39
41
38
36
41
40
41
41
38
40
39
12
40
40
41
38
28
30
40
41
40
18
16
38
40
40
40
39
41
41
41
40
40
16
40
40
4
40
40
41
39
36
41
39
40
38
39
39
40
40
40
41
22
40
40
41
38
41
39
40
40
40
41
40
38
38
5
41
28
5
40
22
40
18
40
30
40
38
41
41
41
40
41
40
32
40
37
9
35
41
40
40
40
41
8
25
25
37
40
39
40
40
40
26
38
40
41
41
38
41
40
41
40
36
38
41
38
40
20
12
20
40
41
30
40
30
40
22
40
13
40
40
36
41
41
38
40
41
39
32
38
40
41
38
30
6
26
40
41
40
34
41
40
40
36
40
40
41
40
40
40
41
41
40
17
39
35
40
38
41
18
41

2	243.0	2.5925925925925926
12	206.0	1.0
13	204.0	1.0
1	246.0	2.6097560975609757
11	215.0	1.0
3	244.0	2.5860655737704916
4	244.0	2.6352459016393444
10	220.0	1.0
9	242.0	1.7396694214876034
5	245.0	2.657142857142857
8	241.0	1.7344398340248963
7	245.0	1.7714285714285714
6	242.0	1.8016528925619835
23	216.0	1.0
24	215.0	1.0
20	215.0	1.0
15	224.0	1.0
22	223.0	1.0
19	207.0	1.0
14	216.0	1.0
18	207.0	1.0
17	222.0	1.0
21	215.0	1.0
25	215.0	1.0
16	218.0	1.0
0	245.0	2.693877551020408
