248

4
9
2
6
5
8
9
6
7
6
8
3
8
4
5
7
6
7
3
8
8
9
8
8
9
3
7
9
8
7
8
4
9
8
5
3
8
4
8
5
7
8
8
5
8
8
2
3
4
7
8
6
8
8
6
6
2
5
5
4
9
7
2
3
4
8
5
6
9
7
7
5
4
3
5
5
5
3
8
8
3
7
6
9
5
4
6
9
9
4
3
9
8
2
4
8
6
7
2
6
5
8
7
4
9
5
8
5
2
6
8
4
7
8
6
2
5
5
6
9
4
8
5
4
4
9
6
5
8
5
6
8
5
8
8
8
8
8
9
4
5
9
8
8
4
7
3
6
3
7
4
7
7
3
4
6
6
4
8
5
8
9
8
3
7
8
8
5
9
3
6
7
3
8
4
3
2
5
7
4
9
2
8
5
8
9
7
9
5
6
5
9
5
4
8
8
6
6
7
3
8
2
2
6
8
6
8
5
7
7
2
6
9
8
8
7
5
5
2
7
9
8
8
2
7
2
8
7
6
8
2
2
2
3
4
6
7
6
4
5
9
8
7
2
3
4
3
8

1	131.0	1.0
3	135.0	1.0
5	120.0	1.0083333333333333
2	124.0	1.0161290322580645
4	111.0	1.009009009009009
6	142.0	1.0070422535211268
10	92.0	1.0
9	119.0	1.0
7	129.0	1.0077519379844961
8	131.0	1.0076335877862594
0	187.0	1.2994652406417113
