250

36
35
39
36
37
12
15
39
40
38
38
30
29
34
30
16
38
38
37
37
24
32
37
35
39
32
36
38
37
37
39
39
31
40
24
8
37
33
38
5
37
35
34
38
39
38
14
40
39
34
37
32
34
33
40
38
38
35
39
36
35
39
37
38
38
30
32
36
36
38
28
28
39
35
39
38
6
29
6
39
30
34
38
37
40
36
17
38
39
4
37
37
39
35
35
39
36
37
14
39
39
37
39
7
30
34
37
38
36
38
17
25
29
39
38
30
32
38
28
39
21
33
28
32
35
35
19
30
38
35
35
31
40
38
27
38
32
40
39
36
26
34
37
39
30
40
31
6
36
35
37
24
38
4
6
30
39
36
38
38
33
36
39
36
39
38
25
39
36
36
39
38
38
4
37
38
37
39
35
32
37
15
4
37
33
39
31
32
39
33
34
38
39
38
8
34
8
38
32
21
14
33
10
14
26
9
35
39
39
36
38
5
30
38
22
39
39
28
35
39
39
35
38
9
4
32
36
38
38
37
38
32
25
33
32
38
34
35
22
39
39
38
37
8
39
38
35
37
36
31

22	187.0	1.0
15	187.0	1.0
14	192.0	1.0
21	195.0	1.0
20	183.0	1.0
4	236.0	2.4661016949152543
11	202.0	1.0
7	230.0	1.6869565217391305
18	197.0	1.0
19	180.0	1.0
6	220.0	1.6863636363636363
1	235.0	2.451063829787234
2	234.0	2.4358974358974357
8	223.0	1.748878923766816
23	189.0	1.0
16	190.0	1.0
13	197.0	1.0
17	198.0	1.0
5	232.0	2.4267241379310347
10	197.0	1.0
24	189.0	1.0
3	241.0	2.4356846473029043
9	232.0	1.6336206896551724
12	197.0	1.0
25	193.0	1.0
0	234.0	2.448717948717949
