250

10
10
9
10
7
10
9
5
7
2
6
10
9
10
10
8
9
5
10
3
4
8
6
2
10
4
8
8
2
7
7
8
11
9
8
10
9
9
6
5
9
9
8
9
9
8
10
10
6
5
10
10
8
8
7
4
10
7
10
8
10
9
10
10
4
4
6
9
6
8
8
7
8
5
7
10
9
9
8
10
7
5
9
9
7
10
9
10
10
5
8
9
10
9
10
9
10
5
10
9
5
10
8
7
9
5
9
6
4
10
9
8
10
10
8
10
8
8
10
7
10
10
10
10
7
6
9
7
8
2
10
9
10
10
9
8
4
10
7
9
10
4
10
10
9
9
10
9
10
9
4
10
5
7
9
6
9
9
6
6
8
9
9
6
10
8
4
3
7
10
9
10
9
10
2
7
9
10
4
5
10
4
10
5
7
9
9
5
5
7
7
2
9
9
9
9
8
10
8
5
9
9
10
5
5
9
8
10
9
9
9
5
10
10
6
10
8
10
5
10
10
9
5
9
10
10
9
10
8
10
8
5
10
5
9
9
6
8
7
8
10
10
9
9
10
7
9
9
9
5

1	184.0	1.0054347826086956
7	173.0	1.0
4	163.0	1.0
10	160.0	1.0
8	180.0	1.0
5	172.0	1.0
6	162.0	1.0
2	152.0	1.0
9	157.0	1.0063694267515924
3	154.0	1.0
0	224.0	1.4910714285714286
