250

39
40
41
38
38
38
32
41
40
40
12
40
41
40
40
25
23
40
41
28
40
31
39
19
34
41
40
40
39
40
41
40
41
40
39
40
39
40
34
39
40
41
41
41
40
40
40
40
39
3
36
30
29
40
38
40
41
40
32
41
40
31
39
40
23
40
40
40
40
40
40
11
36
35
40
41
37
40
40
41
38
41
40
40
38
40
40
40
34
40
39
41
41
24
40
40
40
38
41
40
40
40
41
17
40
11
38
33
26
39
41
38
40
37
40
38
40
41
36
40
41
41
40
39
39
40
40
41
39
41
37
40
40
31
40
41
40
39
40
41
40
39
41
39
13
40
40
36
36
40
40
33
40
39
25
40
38
41
38
38
38
34
37
41
37
41
41
41
40
6
40
37
41
40
39
40
41
40
38
40
36
41
40
40
40
29
40
38
39
40
40
40
40
41
41
41
39
40
38
41
41
41
40
36
41
40
38
40
38
38
40
40
33
40
40
40
41
41
40
39
40
36
41
37
38
38
40
36
32
39
40
41
41
41
40
30
41
30
39
41
32
34
40
36
40
41
38
40
40
40

6	237.0	1.8649789029535866
7	245.0	1.8081632653061224
16	225.0	1.0
9	244.0	1.848360655737705
14	229.0	1.0
8	247.0	1.8218623481781377
15	225.0	1.0
12	227.0	1.0
2	249.0	2.7068273092369477
10	222.0	1.0
1	248.0	2.6774193548387095
13	229.0	1.0
4	246.0	2.747967479674797
11	226.0	1.0
3	249.0	2.7228915662650603
5	247.0	2.7327935222672064
25	221.0	1.0
19	227.0	1.0
18	227.0	1.0
22	214.0	1.0
21	218.0	1.0
17	221.0	1.0
23	222.0	1.0
20	226.0	1.0
24	229.0	1.0
0	247.0	2.7530364372469633
