250

11
11
7
9
11
8
6
8
11
11
7
11
11
11
11
10
11
9
10
11
11
11
11
9
5
11
11
9
11
11
11
10
11
8
11
11
8
6
11
11
11
10
11
11
11
11
11
9
11
11
8
7
9
11
8
11
4
10
9
8
11
11
11
8
8
11
10
11
11
7
10
11
9
11
10
11
8
9
11
11
11
8
11
9
11
11
11
11
11
11
11
10
10
11
8
5
11
10
11
10
11
11
8
11
11
10
11
9
10
10
11
10
11
10
10
11
11
11
11
10
10
4
11
11
10
11
7
10
11
11
10
11
11
11
11
10
5
10
8
4
10
10
11
10
11
11
9
8
11
10
11
10
11
10
11
10
8
10
10
11
11
9
10
8
11
11
7
9
10
8
11
9
11
4
11
11
11
11
10
11
10
11
10
11
11
11
11
11
11
10
11
3
11
10
11
10
10
6
11
11
11
11
5
10
11
10
8
10
11
9
11
11
10
9
9
7
11
10
8
11
11
11
11
8
10
11
11
11
11
10
11
8
10
11
11
9
10
11
9
9
11
11
11
10
9
11
7
11
10
11

2	200.0	1.0
3	197.0	1.0
1	203.0	1.0
10	212.0	1.0
7	218.0	1.0
8	206.0	1.0
4	201.0	1.0
5	194.0	1.0
9	214.0	1.0
6	214.0	1.0
0	248.0	1.6935483870967742
