250

35
40
8
32
41
27
39
40
38
41
17
41
41
41
39
40
41
25
22
31
38
40
26
40
39
17
40
40
40
41
38
40
41
27
41
37
40
34
37
40
40
40
32
40
39
41
38
29
36
40
40
32
36
37
39
41
41
40
38
40
37
37
40
33
41
41
41
41
38
40
40
41
41
40
41
39
40
39
41
40
40
40
38
38
40
40
24
41
41
32
30
41
39
41
13
41
14
41
40
40
41
36
40
40
40
40
40
39
41
37
40
38
21
40
25
39
40
40
32
41
41
28
41
40
40
41
40
39
37
36
40
3
12
39
33
36
40
41
12
41
39
40
40
25
40
38
40
40
31
41
40
31
41
40
31
40
41
22
41
38
40
41
40
38
7
41
40
41
36
38
40
41
41
8
34
40
41
40
40
41
39
30
38
40
41
41
39
38
40
40
40
28
33
40
37
37
39
40
40
40
41
41
40
40
40
41
40
38
39
40
41
40
41
39
40
40
38
16
38
33
38
41
41
41
39
38
39
40
40
39
40
40
40
37
37
41
39
40
40
33
40
31
40
32
38
39
38
35
41
40

18	231.0	1.0
2	248.0	2.693548387096774
15	221.0	1.0
16	221.0	1.0
10	230.0	1.0
21	225.0	1.0
11	226.0	1.0
17	227.0	1.0
19	220.0	1.0
3	247.0	2.5789473684210527
14	203.0	1.0
7	242.0	1.8264462809917354
1	244.0	2.7295081967213113
4	247.0	2.582995951417004
6	243.0	1.7901234567901234
12	219.0	1.0
8	245.0	1.8081632653061224
9	240.0	1.8375
13	204.0	1.0
20	222.0	1.0
5	247.0	2.7044534412955468
23	224.0	1.0
25	226.0	1.0
24	226.0	1.0
22	223.0	1.0
0	244.0	2.7581967213114753
