250

40
38
41
40
40
40
40
40
38
36
40
41
40
25
41
40
40
41
19
40
40
41
40
19
41
40
40
36
36
40
17
38
39
40
40
38
4
41
40
38
41
38
8
40
40
40
40
40
35
41
41
40
36
34
40
40
26
40
36
40
33
40
40
41
40
38
38
38
40
22
40
40
41
39
32
39
38
41
38
40
36
40
40
34
41
20
40
41
40
40
38
34
41
40
40
41
36
40
41
8
40
40
17
40
39
41
34
38
40
40
41
37
40
40
40
40
40
34
38
25
40
38
38
34
40
23
38
40
38
34
41
40
35
36
40
41
41
39
40
40
40
39
40
38
41
41
40
40
38
40
41
39
41
41
41
36
40
40
40
41
40
41
41
41
34
41
40
40
40
30
38
41
38
41
40
41
36
41
39
41
41
32
40
41
40
41
41
38
37
40
40
38
36
39
41
38
36
36
41
41
34
40
11
29
41
40
33
40
40
34
40
40
41
34
41
38
40
41
40
17
40
36
34
4
40
41
37
17
39
40
36
38
40
41
41
33
40
40
39
39
38
38
40
40
41
40
38
40
41
34

4	248.0	2.681451612903226
7	247.0	1.8178137651821862
8	242.0	1.8264462809917354
5	246.0	2.7235772357723578
3	247.0	2.639676113360324
2	248.0	2.6975806451612905
1	248.0	2.6653225806451615
6	244.0	1.8278688524590163
15	226.0	1.0
24	226.0	1.0
23	221.0	1.0
18	221.0	1.0
20	227.0	1.0
9	242.0	1.8677685950413223
11	222.0	1.0
25	222.0	1.0
10	224.0	1.0
19	222.0	1.0
21	226.0	1.0
13	216.0	1.0
22	226.0	1.0
17	227.0	1.0
14	226.0	1.0
16	225.0	1.0
12	224.0	1.0
0	245.0	2.7877551020408164
