100

39
6
40
38
39
38
10
19
21
9
37
34
35
35
38
37
32
34
35
37
38
32
34
14
6
12
39
39
27
16
36
26
38
3
38
37
34
23
14
38
34
36
38
35
40
37
39
36
13
33
31
40
26
26
37
33
35
30
37
27
39
26
36
27
7
37
17
34
38
31
39
38
25
39
38
6
38
25
31
36
33
20
37
40
32
37
27
16
24
34
25
39
28
35
38
18
26
16
39
35

12	66.0	1.0
10	79.0	1.0
1	98.0	2.173469387755102
14	80.0	1.0
2	97.0	2.154639175257732
11	70.0	1.0
15	74.0	1.0
9	89.0	1.6179775280898876
13	78.0	1.0
18	75.0	1.0
16	78.0	1.0
4	96.0	2.2291666666666665
7	88.0	1.6931818181818181
5	94.0	2.3191489361702127
8	86.0	1.7209302325581395
17	77.0	1.0
3	92.0	2.4347826086956523
6	90.0	1.6666666666666667
21	67.0	1.0
24	62.0	1.0
23	67.0	1.0
22	66.0	1.0
25	67.0	1.0
20	63.0	1.0
19	69.0	1.0
0	94.0	2.3297872340425534
