25

30
30
29
34
14
29
23
36
31
34
37
33
28
33
35
4
33
15
19
29
11
36
24
36
37

1	20.0	2.3
5	24.0	2.1666666666666665
7	21.0	1.5714285714285714
4	24.0	2.0
2	23.0	2.0434782608695654
3	24.0	1.9583333333333333
6	22.0	1.4090909090909092
17	19.0	1.0
16	19.0	1.0
15	16.0	1.0
21	17.0	1.0
11	15.0	1.0
18	15.0	1.0
24	18.0	1.0
10	16.0	1.0
20	19.0	1.0
8	22.0	1.5909090909090908
25	18.0	1.0
13	17.0	1.0
23	17.0	1.0
9	19.0	1.7894736842105263
12	15.0	1.0
19	16.0	1.0
14	16.0	1.0
22	18.0	1.0
0	24.0	2.3333333333333335
