100

37
38
7
28
19
38
14
18
32
25
38
39
39
36
34
23
38
30
34
40
28
32
38
34
38
36
34
31
20
36
32
39
39
39
38
40
38
39
39
35
38
30
38
34
39
38
16
38
38
39
39
40
21
39
38
36
38
38
25
37
31
33
38
39
39
27
38
33
18
26
40
28
39
36
37
38
39
34
18
38
33
28
12
36
39
39
34
37
40
36
38
35
34
33
39
39
39
29
32
37

7	99.0	1.707070707070707
1	99.0	2.505050505050505
2	100.0	2.42
5	97.0	2.381443298969072
3	97.0	2.3608247422680413
8	99.0	1.7171717171717171
4	98.0	2.377551020408163
6	96.0	1.6770833333333333
9	99.0	1.6464646464646464
23	79.0	1.0
22	82.0	1.0
20	76.0	1.0
14	81.0	1.0
13	74.0	1.0
21	78.0	1.0
16	76.0	1.0
11	87.0	1.0
24	71.0	1.0
15	74.0	1.0
19	83.0	1.0
10	78.0	1.0
12	86.0	1.0
25	82.0	1.0
18	88.0	1.0
17	85.0	1.0
0	99.0	2.4545454545454546
