250

35
33
30
28
35
11
14
38
39
31
37
28
26
31
29
15
33
35
34
35
22
8
33
33
37
23
35
35
35
34
35
29
30
15
23
5
29
31
36
4
36
29
33
36
22
19
13
35
37
33
35
30
25
31
39
33
32
34
9
34
34
33
35
34
37
28
17
33
12
37
26
24
38
33
36
37
4
28
4
37
26
32
34
35
38
34
13
37
12
3
33
35
32
21
33
29
33
36
11
33
37
36
27
5
29
33
35
35
32
24
16
23
27
36
36
27
31
36
26
33
16
31
4
31
27
33
17
24
37
31
32
30
38
30
25
36
30
37
36
33
25
33
35
38
22
28
29
2
10
34
34
22
37
3
4
25
27
35
32
36
30
34
37
35
37
35
23
9
34
33
37
37
34
3
35
36
19
37
34
25
35
11
3
35
32
37
29
30
37
32
32
34
38
37
6
32
3
36
7
17
13
32
9
12
22
8
32
37
37
35
36
5
21
29
19
38
37
20
34
32
38
17
36
5
3
30
15
37
36
36
36
31
22
19
30
25
31
31
16
38
38
36
35
6
37
36
34
35
34
27

22	169.0	1.0
15	166.0	1.0
14	167.0	1.0
21	170.0	1.0
20	165.0	1.0
4	230.0	2.1826086956521737
11	177.0	1.0
7	215.0	1.5627906976744186
18	172.0	1.0
19	146.0	1.0
6	201.0	1.5621890547263682
1	223.0	2.233183856502242
2	226.0	2.2610619469026547
8	214.0	1.6168224299065421
23	164.0	1.0
16	166.0	1.0
13	171.0	1.0
17	171.0	1.0
5	220.0	2.2636363636363637
10	164.0	1.0
24	160.0	1.0
3	224.0	2.2544642857142856
9	213.0	1.4788732394366197
12	175.0	1.0
25	176.0	1.0
0	227.0	2.2246696035242293
