250

6
4
10
8
7
8
3
8
6
10
10
4
6
10
10
10
8
10
8
7
9
9
9
10
6
9
4
5
10
8
6
5
7
8
10
9
9
9
4
8
8
5
2
4
7
9
7
6
10
10
5
10
8
3
6
10
9
8
4
9
10
10
5
5
9
8
10
9
9
9
9
2
6
9
10
2
7
8
9
10
9
10
8
4
10
5
10
8
10
5
9
5
7
2
10
8
10
8
9
10
5
6
9
9
8
9
5
4
6
9
4
5
4
3
10
8
5
8
10
5
10
3
2
10
10
8
9
8
5
9
6
10
7
9
10
9
9
10
8
8
2
9
9
10
10
8
8
10
10
8
10
9
10
3
11
6
6
9
10
10
10
3
4
9
9
10
6
8
9
10
9
10
8
10
2
2
9
2
10
7
6
7
8
8
3
10
6
6
4
3
8
8
9
7
7
4
10
10
10
8
7
10
9
3
10
9
9
10
9
7
10
3
7
9
9
8
10
10
9
9
10
7
5
9
2
10
9
10
10
5
10
6
5
10
10
5
10
10
9
4
4
9
8
8
5
5
10
10
8
2

2	158.0	1.0
4	159.0	1.0062893081761006
5	142.0	1.0
6	154.0	1.0064935064935066
1	160.0	1.0
3	153.0	1.0
7	153.0	1.0
8	156.0	1.0
9	165.0	1.0
10	160.0	1.0
0	219.0	1.547945205479452
