250

6
2
5
8
9
4
4
9
6
4
5
3
6
8
3
6
3
7
6
9
8
2
6
6
8
7
6
8
3
4
8
6
8
9
9
7
4
7
9
7
6
6
8
5
7
3
6
9
3
3
7
2
9
9
9
6
5
2
2
2
7
4
7
3
2
5
6
7
7
3
7
2
7
3
3
9
7
7
3
9
9
7
3
2
7
3
2
7
6
9
7
9
7
2
3
2
5
8
5
4
8
6
8
5
8
9
7
6
6
6
9
5
7
8
6
2
9
9
7
2
9
5
4
4
9
6
3
9
7
2
9
4
2
9
8
8
8
5
6
6
7
8
6
8
5
7
3
8
6
8
3
4
3
6
6
6
9
2
3
9
5
8
7
7
6
5
7
4
8
6
3
8
9
9
6
9
7
9
9
7
7
4
4
6
8
2
8
5
2
3
9
6
5
2
6
2
4
3
7
4
7
7
3
6
2
8
5
2
9
7
4
2
4
4
8
8
2
2
3
9
8
8
7
7
2
7
3
6
7
3
8
5
9
8
8
9
5
8
5
2
4
4
5
6
7
7
2
7
4
9

2	139.0	1.0071942446043165
7	125.0	1.0
1	126.0	1.0158730158730158
6	140.0	1.0
5	109.0	1.0
4	112.0	1.0
3	124.0	1.0161290322580645
8	122.0	1.0
9	113.0	1.0
10	110.0	1.0
0	165.0	1.4242424242424243
