250

33
18
38
36
40
35
38
33
28
6
38
4
5
21
37
22
25
24
6
37
19
32
26
39
39
34
29
29
23
37
17
12
38
36
11
32
39
32
38
39
38
39
31
18
38
20
38
22
36
36
37
23
34
25
39
18
19
36
39
19
35
39
39
3
28
38
40
33
38
27
40
37
36
39
38
39
23
21
38
36
35
33
39
39
27
38
38
36
15
20
20
38
29
36
38
39
38
34
36
36
36
38
37
36
39
40
16
30
33
30
39
38
38
29
29
34
39
38
39
39
39
37
38
39
34
27
39
38
38
36
35
23
20
30
16
36
31
35
4
38
35
33
3
33
31
38
35
39
38
35
34
38
31
12
38
37
39
37
38
39
39
39
38
19
35
38
6
20
37
37
34
27
35
18
17
40
30
37
39
12
37
38
39
5
6
30
39
39
35
38
39
39
39
39
39
16
32
27
35
38
37
39
31
34
38
21
28
28
35
36
37
39
37
22
28
36
37
38
37
38
36
38
39
37
37
36
39
21
15
36
28
36
8
28
37
39
39
30
12
39
26
38
7
39
39
18
17
36
38
39

13	190.0	1.0
9	227.0	1.6255506607929515
7	227.0	1.6079295154185023
14	181.0	1.0
11	199.0	1.0
10	182.0	1.0
6	236.0	1.6864406779661016
5	238.0	2.3949579831932772
4	242.0	2.334710743801653
12	192.0	1.0
3	241.0	2.3817427385892116
2	239.0	2.3556485355648538
1	244.0	2.377049180327869
8	233.0	1.5836909871244635
16	193.0	1.0
17	183.0	1.0
19	184.0	1.0
23	188.0	1.0
25	185.0	1.0
22	184.0	1.0
18	180.0	1.0
15	187.0	1.0
24	189.0	1.0
20	180.0	1.0
21	182.0	1.0
0	239.0	2.3891213389121337
