250

11
5
10
9
11
11
7
8
11
11
11
6
11
11
11
11
10
7
7
11
3
8
11
8
11
10
11
10
11
11
9
5
11
11
5
11
11
2
11
11
11
10
11
11
7
11
11
10
11
10
10
10
10
9
10
10
11
10
10
9
10
10
11
11
8
11
11
11
11
11
10
10
10
11
11
10
11
9
11
11
10
11
11
11
11
8
8
10
11
9
8
11
11
3
11
9
11
9
11
9
11
11
11
11
10
9
11
11
10
10
11
11
8
11
9
11
11
10
5
9
5
11
9
10
8
10
11
9
10
10
11
11
11
11
9
11
11
11
10
11
3
8
10
11
9
11
11
9
9
11
9
11
11
11
11
10
10
5
3
11
11
11
11
9
11
11
11
11
11
9
10
11
11
10
11
11
10
11
8
10
11
11
10
11
11
10
9
10
8
9
11
4
11
4
8
9
11
11
11
11
11
9
9
11
11
11
11
10
10
10
11
11
11
11
10
9
11
10
11
11
11
7
9
9
11
7
5
8
4
11
9
8
10
9
9
11
5
11
11
11
11
10
9
9
11
11
4
11
9
11

1	210.0	1.0
8	205.0	1.0
5	209.0	1.0
3	204.0	1.0
4	204.0	1.0
6	206.0	1.0
7	207.0	1.0
2	209.0	1.0
10	188.0	1.0
9	192.0	1.0
0	230.0	1.7695652173913043
