250

41
40
40
10
33
36
41
38
36
34
40
6
40
40
40
40
40
41
40
36
37
41
41
40
34
32
34
40
38
40
41
40
33
12
40
10
10
38
40
40
36
38
32
27
28
40
40
40
41
22
12
34
40
40
41
33
40
40
40
41
40
41
40
40
40
40
40
6
40
7
40
41
40
41
30
14
38
40
20
40
38
38
38
35
33
13
36
41
40
40
40
40
34
34
40
40
41
38
41
38
19
41
34
40
23
39
38
40
40
41
27
40
28
40
41
41
41
40
37
40
40
37
29
40
23
40
40
36
8
40
40
38
40
41
36
36
40
40
41
23
33
40
38
23
41
24
41
40
4
34
41
40
32
41
41
39
41
41
40
41
13
39
40
40
41
41
8
40
21
40
40
38
39
27
40
41
40
40
39
40
37
41
32
40
40
37
41
41
40
34
39
40
41
38
40
39
41
38
33
23
15
4
40
40
40
30
38
41
40
32
40
40
21
33
40
40
40
32
40
40
41
40
41
40
41
35
41
40
41
41
40
40
40
40
40
4
41
40
36
40
40
15
40
40
40
40
40
41
40
41

6	241.0	1.7634854771784232
2	245.0	2.6285714285714286
1	242.0	2.603305785123967
7	241.0	1.7676348547717842
8	240.0	1.7416666666666667
4	247.0	2.639676113360324
3	244.0	2.6147540983606556
5	241.0	2.6265560165975104
22	208.0	1.0
21	206.0	1.0
23	210.0	1.0
18	205.0	1.0
15	209.0	1.0
10	207.0	1.0
16	211.0	1.0
24	213.0	1.0
9	222.0	1.90990990990991
19	213.0	1.0
20	220.0	1.0
25	218.0	1.0
13	223.0	1.0
11	213.0	1.0
17	215.0	1.0
12	222.0	1.0
14	225.0	1.0
0	240.0	2.691666666666667
