250

34
37
36
40
24
33
39
36
36
21
38
36
36
31
26
8
17
31
38
30
40
20
30
21
33
37
38
39
39
38
33
40
37
25
33
32
11
36
39
38
33
39
37
27
17
3
39
38
38
30
10
32
39
39
31
39
34
10
38
36
38
39
40
38
9
30
21
38
15
36
34
34
39
19
39
38
29
36
39
38
36
3
36
21
36
38
36
28
19
39
39
38
39
38
39
36
36
38
39
36
30
39
27
38
38
39
38
27
26
38
21
20
27
39
39
14
32
36
38
26
30
21
36
36
31
38
39
37
38
38
35
36
36
39
40
36
39
31
38
36
39
16
34
30
34
34
35
38
40
37
36
37
35
35
39
36
3
39
39
18
39
37
38
33
12
32
38
40
36
38
34
40
38
26
17
38
37
29
25
20
37
35
29
35
27
25
34
34
35
5
30
37
31
38
33
38
38
25
36
26
28
39
38
39
33
34
37
24
15
11
38
20
34
30
39
38
36
38
38
3
34
32
34
38
38
34
34
38
36
21
34
34
36
28
34
34
37
31
35
38
38
38
35
32
38
35
38
36
10
39

3	242.0	2.371900826446281
2	242.0	2.37603305785124
1	236.0	2.3559322033898304
15	205.0	1.0
20	204.0	1.0
10	201.0	1.0
25	194.0	1.0
12	194.0	1.0
11	175.0	1.0
13	192.0	1.0
19	192.0	1.0
21	189.0	1.0
24	190.0	1.0
17	187.0	1.0
22	195.0	1.0
18	188.0	1.0
23	195.0	1.0
9	228.0	1.6754385964912282
8	228.0	1.6666666666666667
5	239.0	2.4602510460251046
6	220.0	1.8
14	193.0	1.0
7	232.0	1.6637931034482758
16	193.0	1.0
4	237.0	2.4556962025316458
0	236.0	2.5847457627118646
