100

37
37
33
37
32
23
32
11
39
35
37
34
39
39
10
39
38
9
11
4
26
37
38
34
34
34
37
39
38
4
39
33
36
35
28
36
35
32
22
34
29
34
36
23
40
38
33
7
22
37
26
37
22
13
32
29
38
38
29
32
37
11
38
39
38
39
35
39
39
39
8
37
6
26
31
39
32
13
34
38
9
40
35
36
36
34
39
12
38
26
40
22
32
11
39
7
31
36
38
32

1	93.0	2.3333333333333335
12	73.0	1.0
7	89.0	1.7078651685393258
2	85.0	2.552941176470588
23	74.0	1.0
22	71.0	1.0
14	70.0	1.0
18	65.0	1.0
8	80.0	1.7125
4	86.0	2.5232558139534884
17	81.0	1.0
10	74.0	1.0
13	69.0	1.0
3	93.0	2.3225806451612905
21	64.0	1.0
16	67.0	1.0
19	76.0	1.0
25	76.0	1.0
11	80.0	1.0
6	85.0	1.6588235294117648
5	93.0	2.3440860215053765
20	74.0	1.0
15	70.0	1.0
24	69.0	1.0
9	89.0	1.6067415730337078
0	95.0	2.336842105263158
