250

11
37
38
32
35
31
25
39
20
36
40
19
34
35
33
32
38
37
24
36
2
39
11
6
37
40
37
39
35
20
37
36
15
30
38
20
40
6
38
38
16
32
37
38
37
18
37
5
6
36
33
31
39
39
39
35
30
39
39
34
37
31
40
39
35
6
37
35
38
36
38
37
38
39
39
22
38
38
39
39
14
39
38
37
8
39
39
37
34
39
40
38
38
38
35
28
9
35
31
39
18
39
40
39
36
38
36
38
37
30
38
7
14
36
7
36
20
39
8
12
10
22
3
35
37
31
39
36
38
30
33
38
38
35
29
37
37
32
38
18
11
38
34
39
36
36
25
39
18
38
39
38
25
4
39
39
35
39
26
35
28
39
39
24
8
39
39
36
38
33
11
39
39
39
10
27
10
37
36
36
38
27
4
24
40
28
11
36
16
21
39
18
10
38
38
34
34
36
39
39
34
39
39
36
26
20
11
38
38
31
36
36
7
37
36
12
39
26
30
32
6
36
36
29
6
40
32
29
39
28
34
40
20
15
30
39
34
39
35
32
39
34
38
40
38
35
37
8
20
14

8	239.0	1.6150627615062763
4	223.0	2.515695067264574
7	236.0	1.61864406779661
10	200.0	1.0
2	233.0	2.347639484978541
9	235.0	1.553191489361702
5	239.0	2.2301255230125525
1	237.0	2.3164556962025316
3	238.0	2.2563025210084033
6	229.0	1.6200873362445414
22	190.0	1.0
11	181.0	1.0
24	179.0	1.0
14	188.0	1.0
25	166.0	1.0
13	174.0	1.0
16	174.0	1.0
21	179.0	1.0
12	168.0	1.0
20	177.0	1.0
17	180.0	1.0
15	175.0	1.0
23	173.0	1.0
18	178.0	1.0
19	178.0	1.0
0	238.0	2.436974789915966
