250

11
11
11
10
11
9
11
8
9
11
11
11
11
9
8
11
11
11
10
7
11
11
11
11
11
11
9
7
11
11
7
11
9
11
11
11
11
11
11
9
11
11
11
9
10
10
10
11
11
11
6
9
11
7
11
9
11
11
7
11
9
7
7
8
10
11
11
11
10
6
10
10
5
10
11
9
11
11
8
10
11
10
11
9
11
11
10
11
11
11
10
11
11
10
9
10
10
10
11
11
11
11
11
11
2
11
9
11
6
6
11
11
5
10
10
11
11
11
11
11
11
11
7
6
11
11
9
2
10
10
11
11
11
7
11
11
11
9
9
9
11
11
11
11
7
11
11
11
10
11
6
11
10
11
8
10
8
5
9
9
11
11
9
10
11
11
2
11
10
10
11
11
11
8
9
9
9
11
11
4
11
10
11
8
11
11
7
11
11
11
11
8
11
11
11
9
11
11
9
11
11
10
7
9
11
11
2
10
11
11
3
9
11
9
11
10
8
9
11
11
10
10
10
11
5
11
9
5
9
9
11
11
11
11
11
9
11
4
11
11
11
11
10
11
9
11
11
11
6
11

1	208.0	1.0
8	205.0	1.0
4	203.0	1.0
3	205.0	1.0
5	197.0	1.0
6	192.0	1.0
9	191.0	1.0
7	209.0	1.0
2	204.0	1.0
10	207.0	1.0
0	242.0	1.743801652892562
