100

27
39
35
26
12
30
19
37
5
20
34
3
28
34
33
35
21
33
36
6
39
32
27
35
23
30
4
37
35
32
37
11
33
9
19
28
21
36
32
6
37
32
34
36
29
36
20
28
22
34
38
37
37
32
5
5
32
5
38
8
35
37
30
34
31
32
5
29
33
25
33
37
20
35
31
35
38
34
14
14
6
37
31
29
31
12
5
32
35
16
25
33
18
34
16
35
35
30
2
39

9	81.0	1.5679012345679013
6	82.0	1.5853658536585367
8	81.0	1.5555555555555556
10	56.0	1.0
7	88.0	1.5227272727272727
1	89.0	1.9550561797752808
4	92.0	2.0760869565217392
2	88.0	2.147727272727273
3	91.0	2.087912087912088
5	87.0	2.160919540229885
11	55.0	1.0
17	72.0	1.0
16	72.0	1.0
24	69.0	1.0
13	67.0	1.0
14	60.0	1.0
23	63.0	1.0
21	59.0	1.0
20	66.0	1.0
22	68.0	1.0
18	62.0	1.0
19	63.0	1.0
25	62.0	1.0
12	64.0	1.0
15	69.0	1.0
0	86.0	2.2209302325581395
