250

40
41
40
40
37
41
38
40
38
38
28
36
40
40
40
4
40
40
41
39
40
41
41
36
38
28
37
41
40
38
41
40
41
39
40
6
40
38
34
40
40
38
40
40
40
38
40
40
38
41
40
40
41
40
41
36
40
38
30
38
33
30
40
40
34
38
34
40
38
40
40
41
40
29
41
35
40
40
38
32
16
41
27
41
38
37
40
36
41
41
40
18
38
40
39
41
37
16
38
38
41
40
40
40
41
37
36
41
35
38
40
40
41
40
38
40
40
19
40
35
38
40
28
36
40
40
41
40
41
40
41
40
38
41
38
37
41
39
40
39
10
40
40
32
40
40
38
41
37
41
40
40
38
15
39
37
31
26
20
40
40
38
36
26
39
41
41
34
40
41
40
28
41
41
38
40
36
15
41
34
41
41
30
40
35
35
38
39
40
41
37
40
36
36
35
41
41
40
41
22
40
15
27
41
41
41
40
6
40
40
40
39
40
40
41
5
41
40
40
14
41
40
40
40
38
17
40
41
39
41
40
40
41
40
41
39
40
37
31
39
38
28
28
40
40
39
8
28
40
40

2	245.0	2.6775510204081634
9	246.0	1.7601626016260163
18	215.0	1.0
8	241.0	1.8174273858921162
15	224.0	1.0
7	237.0	1.8354430379746836
10	224.0	1.0
3	245.0	2.6653061224489796
17	214.0	1.0
11	215.0	1.0
16	216.0	1.0
14	218.0	1.0
13	213.0	1.0
1	247.0	2.6477732793522266
4	245.0	2.6612244897959183
5	248.0	2.653225806451613
6	238.0	1.8361344537815125
12	216.0	1.0
20	218.0	1.0
23	224.0	1.0
21	217.0	1.0
25	216.0	1.0
22	223.0	1.0
19	220.0	1.0
24	216.0	1.0
0	243.0	2.753086419753086
