248

3
8
2
10
3
8
7
7
7
8
8
7
7
7
8
8
8
8
8
9
2
7
9
4
3
6
9
3
3
7
6
7
7
5
7
9
8
7
8
5
5
2
3
9
7
6
5
3
8
3
5
5
7
7
3
5
8
8
6
7
9
6
4
7
6
5
3
3
4
7
3
6
7
6
4
8
7
7
4
5
4
3
5
7
8
7
8
8
3
6
6
6
6
5
6
3
6
9
3
5
3
9
6
7
7
6
7
7
8
8
8
9
7
9
4
3
9
8
2
7
5
9
8
3
6
9
8
6
6
6
7
6
6
9
8
8
9
8
9
8
6
3
6
2
6
3
8
8
4
6
9
8
5
6
4
9
8
9
9
6
9
8
2
4
9
9
2
8
5
6
9
4
8
4
9
9
2
8
7
4
3
8
6
9
3
7
4
3
3
8
8
7
9
9
9
5
8
8
8
7
4
8
9
8
4
9
8
3
9
7
3
7
8
7
9
3
8
7
6
6
6
6
8
3
7
8
7
8
6
5
3
8
9
4
9
4
9
8
7
3
9
6
4
2
8
9
8
7

2	143.0	1.006993006993007
3	128.0	1.0
8	119.0	1.0
1	124.0	1.0
5	144.0	1.0069444444444444
6	130.0	1.0
4	137.0	1.0
7	137.0	1.0
9	116.0	1.0
10	122.0	1.0
0	185.0	1.4756756756756757
