250

11
11
11
6
11
11
11
8
11
11
10
10
8
11
11
10
5
7
10
11
10
10
11
11
7
10
10
9
7
11
5
6
11
11
11
9
10
6
10
11
10
11
11
4
11
10
11
11
10
10
11
7
8
11
9
5
11
11
11
11
7
11
11
6
11
5
11
11
10
9
7
9
5
7
9
8
11
11
4
8
11
10
8
10
11
11
11
5
9
11
11
11
7
11
11
11
11
5
11
11
11
11
11
9
10
11
11
11
9
11
11
9
11
11
10
11
10
8
11
10
9
9
11
5
11
11
5
11
11
8
9
2
11
11
10
11
11
11
11
7
11
11
11
11
11
11
7
11
9
3
8
11
11
11
10
7
11
11
11
10
11
11
7
11
11
11
11
11
11
11
9
11
8
11
11
10
11
11
9
5
2
11
11
10
9
11
11
10
11
8
8
10
9
11
11
11
11
11
2
11
11
7
11
11
6
6
8
11
11
11
8
11
11
10
6
11
9
11
11
11
11
10
5
11
4
10
10
11
7
11
11
11
11
10
10
11
11
5
6
11
9
11
3
10
9
11
10
11
11
9

5	214.0	1.0
6	205.0	1.0
4	202.0	1.0
2	202.0	1.0
3	206.0	1.0
1	202.0	1.0
7	189.0	1.0
10	192.0	1.0
8	201.0	1.0
9	187.0	1.0
0	227.0	1.7444933920704846
