250

4
6
10
8
9
9
3
8
6
9
9
4
9
7
7
9
8
6
2
10
4
8
3
9
6
10
9
8
10
10
9
10
10
7
9
10
10
4
8
10
10
8
9
9
10
7
10
7
10
9
9
9
7
9
9
9
6
9
7
7
9
6
3
10
10
10
10
4
7
9
9
8
10
4
9
9
3
8
8
8
10
7
2
9
7
10
7
8
8
9
10
9
7
5
10
10
9
9
5
10
6
6
10
10
8
10
10
9
6
9
4
9
9
2
2
8
9
9
10
3
5
7
7
7
9
9
2
6
2
8
6
4
9
10
10
9
9
7
10
10
10
9
9
7
10
10
8
7
10
10
10
10
10
10
10
4
10
7
9
4
8
2
10
9
9
9
9
8
10
10
5
6
5
2
7
8
6
7
9
10
5
10
8
10
8
8
8
8
8
10
8
7
9
10
10
9
8
9
7
10
9
8
7
10
8
9
10
7
3
10
10
10
10
10
9
9
9
7
10
10
8
8
10
8
10
2
6
10
2
6
10
2
8
10
10
3
2
10
2
9
10
6
8
3
8
10
9
10
4
5

7	171.0	1.0058479532163742
4	166.0	1.0
6	160.0	1.00625
3	161.0	1.0
2	150.0	1.0
1	149.0	1.0
5	169.0	1.0
8	174.0	1.0057471264367817
9	158.0	1.0
10	161.0	1.0
0	204.0	1.6764705882352942
