100

35
35
32
32
39
34
7
34
19
20
39
28
39
23
32
31
37
39
18
39
36
32
8
39
32
39
12
31
36
40
39
37
22
34
40
4
34
36
40
34
38
38
6
32
35
39
38
38
37
37
35
37
22
38
32
32
32
31
39
31
30
22
38
22
37
38
38
36
37
32
30
33
30
38
38
32
11
19
38
39
32
26
40
39
38
34
36
36
20
33
35
16
38
37
3
37
34
37
24
36

4	98.0	2.316326530612245
7	91.0	1.6593406593406594
6	92.0	1.641304347826087
5	95.0	2.3473684210526318
8	90.0	1.6111111111111112
3	93.0	2.3655913978494625
1	99.0	2.272727272727273
2	96.0	2.3541666666666665
9	95.0	1.6210526315789473
11	76.0	1.0
13	74.0	1.0
14	71.0	1.0
22	75.0	1.0
19	83.0	1.0
20	81.0	1.0
16	78.0	1.0
24	82.0	1.0
25	74.0	1.0
18	74.0	1.0
15	74.0	1.0
23	75.0	1.0
21	73.0	1.0
17	74.0	1.0
12	75.0	1.0
10	77.0	1.0
0	98.0	2.3979591836734695
