100

37
40
40
41
38
40
40
40
41
24
33
41
3
36
40
18
26
41
5
40
40
40
38
41
40
41
39
40
40
38
40
38
40
41
40
40
40
40
39
41
29
41
41
34
40
41
41
37
41
37
41
41
41
41
40
41
41
36
41
15
35
38
17
40
41
41
40
41
40
40
40
12
40
40
38
39
29
40
37
40
34
41
35
41
39
40
41
41
41
40
41
38
35
36
40
41
41
40
40
31

2	98.0	2.6530612244897958
3	98.0	2.7448979591836733
1	98.0	2.7755102040816326
5	98.0	2.673469387755102
24	88.0	1.0
23	87.0	1.0
19	88.0	1.0
6	97.0	1.8453608247422681
17	85.0	1.0
25	84.0	1.0
14	87.0	1.0
9	95.0	1.8
7	92.0	1.8369565217391304
10	86.0	1.0
22	81.0	1.0
15	91.0	1.0
13	92.0	1.0
4	98.0	2.704081632653061
20	92.0	1.0
16	96.0	1.0
21	87.0	1.0
12	90.0	1.0
18	95.0	1.0
8	96.0	1.9479166666666667
11	93.0	1.0
0	98.0	2.7346938775510203
