250

38
11
22
40
38
41
39
41
41
40
38
23
40
40
40
40
19
40
40
39
36
35
40
38
40
40
38
40
40
41
41
39
33
41
31
21
41
37
35
38
31
41
40
29
40
40
20
35
41
41
36
40
41
40
41
38
40
28
32
29
41
33
39
8
37
38
38
35
40
41
41
38
40
40
40
41
40
41
40
38
40
40
40
36
41
32
41
40
41
41
40
40
38
40
41
10
37
41
40
40
19
36
40
40
32
38
34
35
40
39
38
41
40
39
41
40
40
40
34
40
37
40
38
36
39
39
24
41
40
33
40
40
41
37
40
4
5
39
40
40
41
41
30
38
14
41
38
40
34
40
40
17
28
30
41
20
34
40
40
31
40
41
33
41
40
41
40
41
41
41
41
40
38
40
40
40
40
40
40
41
40
38
38
40
40
33
32
26
40
26
40
40
40
35
41
40
38
40
40
40
40
41
39
40
39
41
40
40
33
38
41
40
40
40
41
41
38
41
33
38
40
40
40
40
40
25
18
40
40
40
34
40
39
41
40
40
34
36
41
41
41
37
40
26
37
4
33
38
38
36

8	245.0	1.8122448979591836
15	218.0	1.0
12	217.0	1.0
21	212.0	1.0
13	219.0	1.0
10	216.0	1.0
6	232.0	1.853448275862069
18	218.0	1.0
19	218.0	1.0
16	211.0	1.0
20	214.0	1.0
3	245.0	2.6816326530612247
4	247.0	2.6477732793522266
5	245.0	2.730612244897959
11	229.0	1.0
17	220.0	1.0
22	214.0	1.0
7	245.0	1.8122448979591836
1	245.0	2.7346938775510203
9	245.0	1.8081632653061224
2	245.0	2.6775510204081634
14	227.0	1.0
25	226.0	1.0
24	215.0	1.0
23	218.0	1.0
0	246.0	2.654471544715447
