250

36
22
32
30
37
4
37
29
28
29
36
31
17
35
37
24
2
26
25
31
18
37
31
34
2
36
3
27
34
3
20
37
27
18
27
36
38
29
24
32
16
34
36
33
37
37
31
37
12
31
33
30
35
37
33
34
36
31
34
34
34
7
34
38
35
35
37
39
28
2
22
33
35
30
21
22
21
20
17
22
22
24
8
27
4
28
32
14
35
30
28
34
36
37
38
2
37
5
30
37
31
30
33
34
20
20
27
30
38
7
10
37
20
28
38
3
28
29
37
26
31
34
19
35
34
31
35
37
20
20
34
31
35
15
35
31
34
36
33
35
34
14
37
16
23
29
35
4
36
3
36
3
37
22
18
32
9
37
38
38
37
36
37
31
36
34
12
34
30
32
37
34
37
35
10
26
21
36
35
36
34
34
34
36
27
36
30
4
37
9
37
32
35
11
26
35
33
39
28
32
20
34
33
37
3
15
34
6
25
35
34
35
36
30
4
13
24
21
31
26
35
23
20
5
19
38
6
36
5
32
37
37
34
36
6
38
34
37
35
19
15
11
36
17
30
35
38
36
36
15

2	227.0	2.198237885462555
3	231.0	2.0952380952380953
1	225.0	2.3244444444444445
4	216.0	2.2083333333333335
15	160.0	1.0
13	164.0	1.0
5	210.0	2.3047619047619046
16	158.0	1.0
25	167.0	1.0
6	207.0	1.5845410628019323
12	163.0	1.0
22	167.0	1.0
9	213.0	1.5258215962441315
18	154.0	1.0
17	164.0	1.0
20	169.0	1.0
23	151.0	1.0
24	155.0	1.0
14	166.0	1.0
10	168.0	1.0
21	180.0	1.0
8	206.0	1.5388349514563107
19	166.0	1.0
7	206.0	1.5436893203883495
11	166.0	1.0
0	222.0	2.355855855855856
