248

36
35
22
18
22
11
30
37
12
31
32
31
27
29
16
35
36
32
3
22
33
38
28
25
23
9
36
30
33
34
28
37
14
36
7
33
32
14
23
37
33
32
25
34
35
37
8
36
36
33
3
31
7
33
27
36
37
29
10
34
37
25
34
3
28
29
23
31
38
26
38
19
6
34
17
29
33
26
31
4
13
8
34
12
35
35
26
32
37
36
32
16
19
16
36
35
23
34
38
32
31
23
27
33
37
26
30
33
27
34
33
31
4
36
38
37
3
19
35
36
20
10
35
39
8
37
7
33
29
31
33
33
35
36
35
34
36
22
15
37
34
24
35
27
6
27
29
35
31
22
5
9
18
30
37
17
34
13
3
25
35
29
36
36
28
31
31
26
37
35
31
38
37
32
19
20
32
28
7
36
7
29
34
30
35
23
23
38
34
10
33
32
28
11
29
19
35
36
7
20
33
34
19
38
37
29
37
15
17
20
13
30
28
35
36
31
29
34
36
22
35
31
37
37
19
34
35
34
20
22
37
4
36
3
12
7
6
37
36
36
18
33
39
28
34
37
35
36

3	223.0	2.179372197309417
2	228.0	2.1403508771929824
4	231.0	2.186147186147186
5	229.0	1.9868995633187774
1	227.0	2.158590308370044
8	209.0	1.4880382775119618
7	216.0	1.4351851851851851
6	202.0	1.5198019801980198
25	151.0	1.0
9	202.0	1.6435643564356435
12	152.0	1.0
10	152.0	1.0
22	165.0	1.0
17	158.0	1.0
14	169.0	1.0
13	155.0	1.0
15	150.0	1.0
20	162.0	1.0
11	159.0	1.0
24	178.0	1.0
21	169.0	1.0
23	162.0	1.0
18	158.0	1.0
16	163.0	1.0
19	168.0	1.0
0	228.0	2.1710526315789473
