250

38
37
39
38
39
33
36
37
39
7
40
37
38
40
33
37
39
14
39
39
36
40
36
38
34
26
22
38
31
37
31
39
37
32
39
40
38
3
36
25
35
38
28
37
29
37
37
35
32
26
27
38
38
35
30
37
38
40
36
36
19
38
37
36
39
35
33
38
16
38
40
36
26
36
35
38
40
18
36
38
20
27
36
38
31
17
38
36
40
34
39
33
37
29
38
37
22
37
38
40
39
39
38
27
38
35
37
7
21
39
36
28
34
34
16
39
33
38
24
30
31
38
36
33
36
33
36
39
34
38
26
36
39
35
23
38
30
39
35
29
32
39
38
39
28
39
37
39
38
36
35
37
36
36
38
2
36
20
21
24
36
36
15
11
39
33
38
24
31
35
11
8
35
38
37
36
39
13
23
3
25
39
37
28
37
35
38
33
37
38
30
38
37
38
37
40
37
30
39
36
32
29
20
37
38
34
35
36
36
30
33
6
38
29
34
6
14
32
38
38
37
36
38
33
28
39
29
24
15
38
36
39
37
34
36
34
37
19
36
5
37
36
37
37
30
38
21
34
39
37

1	240.0	2.379166666666667
2	242.0	2.458677685950413
3	240.0	2.4291666666666667
9	234.0	1.6965811965811965
22	204.0	1.0
6	234.0	1.688034188034188
13	198.0	1.0
20	207.0	1.0
8	234.0	1.7435897435897436
25	189.0	1.0
21	194.0	1.0
7	229.0	1.6593886462882097
4	237.0	2.4177215189873418
11	188.0	1.0
16	193.0	1.0
14	187.0	1.0
18	206.0	1.0
5	232.0	2.543103448275862
12	190.0	1.0
23	190.0	1.0
24	188.0	1.0
17	184.0	1.0
15	193.0	1.0
19	194.0	1.0
10	182.0	1.0
0	240.0	2.470833333333333
