244

6
8
7
6
3
6
7
6
9
2
3
8
8
2
4
9
9
7
9
2
6
5
6
8
6
7
9
8
9
5
6
4
9
6
9
6
4
6
4
2
9
6
3
4
5
7
9
3
8
6
6
6
9
7
6
5
9
6
6
9
7
5
2
4
2
8
7
7
8
6
9
5
3
2
2
9
9
8
7
8
3
8
8
4
6
7
7
9
7
4
8
5
3
8
9
6
3
2
5
6
6
9
2
9
6
5
7
8
8
6
9
5
6
9
8
7
8
9
5
8
3
8
7
9
5
8
8
7
6
3
6
4
3
8
9
6
8
6
9
8
9
5
6
5
8
9
3
8
8
7
9
8
5
7
8
3
9
2
8
7
9
4
5
5
6
7
7
9
7
8
7
2
8
5
7
6
3
7
6
8
2
8
7
9
8
8
6
2
7
8
4
3
8
7
9
8
7
3
3
3
9
9
6
5
7
9
9
7
8
8
5
5
7
6
4
6
8
8
4
8
8
6
2
9
8
6
7
2
6
6
4
7
7
6
9
7
6
7
5
7
8
8
6
3

4	128.0	1.0
1	108.0	1.0
2	105.0	1.0
3	118.0	1.0
6	140.0	1.0
9	123.0	1.016260162601626
7	122.0	1.0081967213114753
5	135.0	1.0
10	132.0	1.0
8	152.0	1.006578947368421
0	200.0	1.415
