250

10
11
11
10
11
7
10
11
11
11
10
4
9
6
10
10
11
10
11
11
11
10
11
10
10
10
11
10
11
11
9
11
11
11
10
8
10
10
6
10
8
9
7
11
11
11
5
9
11
9
11
11
11
11
11
11
11
8
10
9
11
11
9
11
11
7
7
11
8
5
10
11
11
11
11
9
9
10
6
6
11
11
9
11
10
6
10
4
10
8
10
11
10
10
9
11
11
8
11
11
11
8
11
3
11
11
10
11
4
11
11
11
11
2
8
11
11
11
9
11
8
11
10
9
11
11
10
11
7
10
2
10
10
10
2
11
11
11
9
9
4
11
11
11
11
11
11
10
11
9
8
11
11
11
11
11
10
10
11
9
6
7
10
11
11
7
11
10
11
11
10
11
7
11
11
8
10
11
10
10
11
9
11
11
10
10
10
7
11
11
10
8
11
11
8
6
11
11
11
10
11
5
11
11
10
4
11
10
11
8
11
10
11
11
6
11
9
10
10
8
11
11
10
7
10
9
5
10
10
11
6
7
11
3
10
11
11
11
7
11
10
11
11
10
11
11
11
10
11
11

1	204.0	1.0
7	199.0	1.0
8	197.0	1.0
6	197.0	1.0
9	199.0	1.0
4	201.0	1.0
3	201.0	1.0
2	204.0	1.0
10	201.0	1.0
5	208.0	1.0
0	233.0	1.7167381974248928
