250

21
26
14
17
29
35
37
31
36
35
36
38
4
35
37
29
37
37
32
32
37
33
36
35
10
36
16
23
23
26
37
34
17
36
34
29
7
30
36
29
35
32
37
36
31
22
30
36
34
23
2
2
4
32
32
37
14
37
34
38
33
37
38
37
35
37
8
29
37
35
36
23
37
37
25
12
6
2
24
37
10
36
38
37
7
37
30
37
33
31
28
30
35
33
5
33
34
37
7
37
36
28
32
31
20
34
34
27
36
35
16
33
36
34
37
24
29
34
16
20
37
23
34
23
25
10
21
32
36
36
32
30
37
8
37
33
5
35
12
38
19
26
28
37
33
4
31
32
33
35
31
9
36
37
20
35
2
37
34
35
23
24
32
29
34
36
34
38
36
28
32
6
28
4
21
24
12
37
33
35
30
32
4
34
37
2
31
37
33
34
33
35
15
17
8
6
37
35
34
24
6
22
38
34
30
28
32
33
34
30
33
37
6
26
20
34
27
20
26
37
37
33
33
9
31
31
24
29
8
26
31
27
35
20
14
31
36
3
5
27
26
36
31
36
23
34
36
36
15
11

2	220.0	2.190909090909091
6	217.0	1.5069124423963134
7	222.0	1.481981981981982
1	229.0	2.1790393013100435
8	217.0	1.5253456221198156
4	229.0	2.1615720524017465
5	230.0	2.1
3	229.0	2.1048034934497815
9	222.0	1.472972972972973
10	170.0	1.0
24	169.0	1.0
18	168.0	1.0
19	170.0	1.0
22	158.0	1.0
15	171.0	1.0
16	163.0	1.0
20	162.0	1.0
25	156.0	1.0064102564102564
17	172.0	1.0
23	163.0	1.0
12	157.0	1.0
21	166.0	1.0
11	178.0	1.0
13	168.0	1.0
14	173.0	1.0
0	222.0	2.3018018018018016
