100

25
35
33
36
30
16
39
35
6
25
33
15
32
33
25
24
35
36
39
37
34
32
39
39
40
11
17
27
39
40
40
36
37
32
38
38
39
29
38
40
36
38
33
4
39
38
26
39
14
35
12
13
38
39
25
32
33
38
36
36
29
37
39
35
32
36
33
38
31
30
3
35
35
31
28
40
32
39
40
38
38
36
36
4
37
37
38
38
36
8
34
36
36
20
34
37
35
38
18
38

5	97.0	2.3195876288659796
3	93.0	2.3118279569892475
1	97.0	2.3195876288659796
2	95.0	2.431578947368421
4	95.0	2.431578947368421
11	83.0	1.0
18	79.0	1.0
10	80.0	1.0
12	80.0	1.0
23	70.0	1.0
15	77.0	1.0
17	72.0	1.0
21	71.0	1.0
16	75.0	1.0
13	72.0	1.0
19	71.0	1.0
6	84.0	1.8214285714285714
7	90.0	1.6333333333333333
8	92.0	1.6630434782608696
20	76.0	1.0
9	93.0	1.5591397849462365
22	76.0	1.0
14	73.0	1.0
24	81.0	1.0
25	77.0	1.0
0	95.0	2.473684210526316
