250

7
10
7
8
10
9
9
10
7
8
10
7
2
7
3
9
3
10
9
9
10
10
7
4
8
3
7
7
10
3
6
6
10
9
10
9
10
4
9
8
6
7
10
10
7
9
10
10
7
10
6
10
8
10
9
4
5
8
10
10
9
8
8
10
7
6
3
6
9
5
4
2
9
7
3
6
9
2
10
10
8
10
10
10
7
10
10
9
8
9
8
8
2
10
10
9
10
10
8
9
2
9
6
4
10
8
8
10
10
5
10
9
10
10
9
6
5
3
9
7
3
9
10
6
9
9
10
9
2
7
7
8
9
10
3
10
10
9
8
8
7
10
10
8
7
10
2
5
8
7
8
9
2
8
10
3
9
10
7
9
10
8
3
8
7
10
8
8
6
8
9
3
2
4
8
10
9
6
8
8
10
10
2
9
8
10
9
7
10
5
7
9
10
10
10
9
10
4
9
3
8
9
9
10
8
9
9
10
4
7
2
10
9
8
4
10
8
7
6
4
10
8
7
6
10
10
10
9
5
10
8
3
6
5
3
5
10
7
9
9
9
8
10
4
8
8
4
8
9
3

4	150.0	1.0
1	154.0	1.0
3	147.0	1.0
2	152.0	1.006578947368421
7	165.0	1.0
10	165.0	1.0
8	159.0	1.0
5	155.0	1.0
6	142.0	1.0
9	180.0	1.0
0	223.0	1.5201793721973094
