250

9
5
10
10
10
7
10
9
9
5
10
4
9
10
8
9
6
9
10
6
8
10
8
8
10
9
6
9
9
8
8
10
7
10
10
10
10
7
10
8
7
7
2
7
6
2
10
8
9
9
10
9
10
7
9
10
10
10
6
8
10
2
6
3
10
10
8
10
9
8
10
10
10
7
9
10
10
8
10
6
4
9
4
10
10
8
10
9
9
8
6
4
9
7
4
9
9
10
9
10
10
7
9
7
9
5
10
7
8
10
9
10
7
10
10
10
10
10
8
10
9
7
8
8
10
6
8
6
9
8
8
10
9
9
7
4
7
2
10
7
10
8
10
10
4
7
3
9
8
9
3
8
8
10
10
10
7
9
6
7
7
10
9
6
6
10
10
8
9
10
8
8
3
10
9
10
9
9
9
5
10
2
9
9
8
8
7
8
8
9
9
9
9
5
9
10
9
9
10
11
3
10
9
10
6
10
9
10
8
7
8
10
10
8
9
8
7
10
9
9
2
10
10
10
10
10
9
10
7
6
10
7
8
9
9
7
10
7
10
2
5
8
8
4
10
8
8
3
10
10

7	171.0	1.0
1	182.0	1.0
8	180.0	1.0
5	172.0	1.0
4	178.0	1.0056179775280898
6	161.0	1.0062111801242235
3	173.0	1.0
2	166.0	1.0
9	159.0	1.0
10	161.0	1.0
0	209.0	1.6220095693779903
