25

39
39
40
35
37
38
6
7
36
18
36
8
32
38
28
11
38
3
36
37
23
35
25
37
16

3	22.0	2.4545454545454546
6	24.0	1.5416666666666667
9	21.0	1.7619047619047619
7	21.0	1.380952380952381
5	22.0	2.272727272727273
4	21.0	2.1904761904761907
2	23.0	2.0869565217391304
8	20.0	1.6
10	16.0	1.0
1	23.0	2.217391304347826
19	17.0	1.0
18	18.0	1.0
23	17.0	1.0
20	18.0	1.0
13	16.0	1.0
21	18.0	1.0
14	14.0	1.0
12	14.0	1.0
25	15.0	1.0
17	12.0	1.0
22	16.0	1.0
24	16.0	1.0
16	19.0	1.0
11	19.0	1.0
15	17.0	1.0
0	24.0	2.1666666666666665
