25

36
39
30
13
37
7
39
37
37
30
33
35
31
28
38
36
17
10
27
36
37
37
34
37
37

18	17.0	1.0
9	21.0	1.619047619047619
4	24.0	2.2916666666666665
11	19.0	1.0
13	18.0	1.0
5	23.0	2.5217391304347827
16	21.0	1.0
3	24.0	2.3333333333333335
14	19.0	1.0
12	17.0	1.0
15	18.0	1.0
2	22.0	2.409090909090909
22	18.0	1.0
19	17.0	1.0
21	16.0	1.0
10	21.0	1.0
17	20.0	1.0
1	25.0	2.16
6	23.0	1.7391304347826086
23	19.0	1.0
20	17.0	1.0
7	21.0	1.9523809523809523
8	20.0	1.75
24	18.0	1.0
25	19.0	1.0
0	24.0	2.4166666666666665
