100

37
40
40
38
40
34
28
40
36
40
40
40
38
11
40
40
40
38
17
40
41
41
40
41
35
27
40
40
39
36
40
33
32
41
40
40
40
40
14
41
41
40
40
40
40
40
40
40
38
36
40
38
36
40
36
10
41
38
40
40
41
40
41
40
40
10
41
40
40
41
35
40
38
39
40
41
30
40
40
36
38
41
41
38
40
40
40
35
40
38
40
40
40
14
38
24
38
40
36
40

7	98.0	1.8265306122448979
6	98.0	1.8265306122448979
1	99.0	2.757575757575758
2	98.0	2.6122448979591835
5	98.0	2.663265306122449
4	99.0	2.6262626262626263
3	100.0	2.67
21	91.0	1.0
12	82.0	1.0
10	89.0	1.0
19	88.0	1.0
8	97.0	1.8350515463917525
13	90.0	1.0
17	90.0	1.0
20	87.0	1.0
18	85.0	1.0
14	88.0	1.0
11	90.0	1.0
9	95.0	1.8631578947368421
16	88.0	1.0
15	81.0	1.0
24	86.0	1.0
22	89.0	1.0
23	93.0	1.0
25	90.0	1.0
0	99.0	2.717171717171717
