250

8
8
9
8
8
9
6
3
8
5
7
7
2
3
5
9
8
7
7
8
2
5
7
8
9
7
9
2
8
6
9
3
9
4
8
4
4
9
6
9
9
7
9
3
2
9
9
2
3
9
6
9
7
3
3
2
6
7
8
3
5
4
6
9
3
7
9
3
9
8
2
8
9
3
9
9
7
4
6
2
7
6
8
9
8
4
8
9
9
4
5
8
2
9
4
5
2
6
6
6
7
6
2
9
5
6
8
4
7
9
3
4
8
7
7
7
8
7
9
3
5
6
8
5
4
8
8
3
8
9
9
8
2
7
4
9
6
4
5
7
7
6
7
8
9
9
7
6
4
8
8
6
6
6
6
6
3
4
4
9
9
3
7
2
8
4
6
2
6
9
8
8
7
5
4
8
9
2
8
7
5
8
6
9
8
9
9
8
3
8
7
9
3
3
2
9
2
7
2
5
3
8
4
8
2
3
4
9
8
7
7
7
7
5
6
9
7
8
9
9
2
6
7
4
5
7
2
8
8
9
8
3
5
3
9
9
2
5
9
7
8
7
4
3
7
4
8
3
7
5

3	128.0	1.015625
5	121.0	1.0
2	115.0	1.008695652173913
1	129.0	1.0
4	120.0	1.0
8	129.0	1.0077519379844961
10	130.0	1.0
9	134.0	1.0
6	122.0	1.0
7	133.0	1.0075187969924813
0	201.0	1.4328358208955223
