247

19
37
27
31
34
37
37
35
36
23
32
33
25
37
36
35
22
5
24
4
31
30
26
34
33
19
30
30
37
32
33
18
37
4
36
37
17
37
17
36
35
17
21
33
8
34
25
38
3
13
26
30
30
23
4
36
38
37
22
8
32
30
31
30
36
35
30
26
34
33
19
37
15
35
37
31
26
34
26
37
26
36
36
35
35
26
24
6
3
32
36
5
38
12
32
6
23
37
19
34
35
16
30
32
35
36
31
38
32
22
35
35
34
35
38
27
29
4
9
34
37
17
35
28
21
28
36
33
32
36
2
39
30
32
24
35
37
32
33
34
18
37
31
32
35
3
32
33
38
23
31
19
11
29
25
35
36
33
37
28
34
30
28
8
32
32
34
27
25
8
13
34
29
35
35
19
27
37
36
38
22
38
28
38
36
9
37
39
37
13
5
38
31
16
37
14
34
29
37
37
37
24
7
26
30
37
4
36
35
33
34
35
30
23
32
37
37
10
34
22
16
26
27
28
18
34
30
35
36
35
28
38
33
37
36
18
28
33
28
4
35
33
12
34
31
7
37

18	179.0	1.0
21	157.0	1.0
12	162.0	1.0
4	223.0	2.125560538116592
16	171.0	1.0
2	225.0	2.137777777777778
8	209.0	1.5980861244019138
9	215.0	1.5627906976744186
15	161.0	1.0
10	155.0	1.0
13	161.0	1.0
14	144.0	1.0
22	157.0	1.0
17	153.0	1.0
5	227.0	2.251101321585903
11	189.0	1.0
20	182.0	1.0
7	216.0	1.5277777777777777
1	226.0	2.256637168141593
6	214.0	1.588785046728972
3	223.0	2.1838565022421523
19	169.0	1.0
25	162.0	1.0
23	162.0	1.0
24	165.0	1.0
0	227.0	2.2775330396475773
