248

34
30
31
37
34
31
11
29
34
20
36
38
25
18
33
35
35
37
9
26
35
6
37
9
30
36
37
4
34
34
38
32
36
12
32
32
38
4
28
35
36
36
22
33
39
8
30
27
32
25
3
27
22
37
34
35
37
19
8
16
24
36
38
32
33
34
29
36
36
32
3
22
27
8
32
16
36
23
33
25
37
11
30
24
14
24
36
35
35
31
33
23
25
33
37
36
35
34
32
35
8
26
30
7
34
31
37
35
17
12
25
14
12
36
33
34
33
32
38
37
23
29
24
36
2
37
4
31
3
24
30
4
9
37
3
36
37
35
21
20
32
27
31
34
23
34
36
37
38
36
35
32
34
8
35
35
15
35
35
36
37
8
31
34
14
34
37
35
33
38
27
37
23
34
38
14
32
26
19
29
24
35
9
28
32
28
9
38
36
35
32
9
2
31
2
38
33
35
9
26
31
36
20
26
6
38
35
19
36
34
37
27
35
22
20
36
31
5
12
22
38
31
25
7
33
34
25
35
10
26
33
24
30
29
10
34
28
30
35
32
28
34
6
34
35
35
32
8

6	220.0	1.5136363636363637
3	219.0	2.1552511415525113
8	210.0	1.519047619047619
1	226.0	2.1238938053097347
4	230.0	2.0739130434782607
7	213.0	1.4647887323943662
2	227.0	2.13215859030837
9	212.0	1.5
5	226.0	2.146017699115044
10	152.0	1.0
20	158.0	1.0
17	170.0	1.0
25	168.0	1.0
11	171.0	1.0
14	171.0	1.0
19	162.0	1.0
18	159.0	1.0
12	171.0	1.0
16	167.0	1.0
13	158.0	1.0
22	160.0	1.0
23	157.0	1.0
21	158.0	1.0
24	156.0	1.0
15	163.0	1.0
0	228.0	2.175438596491228
