100

32
36
32
26
30
35
8
2
17
28
28
16
37
22
9
38
21
31
21
8
25
34
8
23
7
37
37
27
23
24
34
30
19
32
35
36
28
36
22
6
29
39
38
21
31
30
20
13
34
37
14
34
33
16
36
10
34
33
37
36
37
28
25
20
34
7
37
33
35
28
26
36
25
37
33
25
34
27
37
31
36
33
30
26
5
35
32
34
36
37
36
13
22
34
26
36
36
27
35
30

15	65.0	1.0
14	69.0	1.0
1	93.0	2.075268817204301
3	93.0	2.118279569892473
5	96.0	2.0
9	90.0	1.6111111111111112
8	91.0	1.4505494505494505
2	96.0	2.0625
7	82.0	1.5
4	92.0	2.141304347826087
6	78.0	1.641025641025641
17	59.0	1.0
13	66.0	1.0
16	68.0	1.0
12	70.0	1.0
10	69.0	1.0
11	64.0	1.0
24	64.0	1.0
21	63.0	1.0
18	68.0	1.0
25	64.0	1.0
19	71.0	1.0
23	70.0	1.0
20	63.0	1.0
22	64.0	1.0
0	91.0	2.2747252747252746
