100

15
39
39
35
38
37
33
36
37
24
39
32
38
35
36
36
39
36
23
39
38
38
35
29
33
34
25
38
5
21
36
6
38
33
35
37
36
37
19
36
27
34
34
37
34
39
39
37
29
39
22
34
39
36
36
37
8
32
6
39
35
25
33
28
38
38
39
39
38
5
38
38
28
39
39
24
35
32
38
8
40
34
37
2
32
19
38
3
38
8
37
38
39
35
36
39
37
17
40
6

3	91.0	2.4835164835164836
4	94.0	2.4680851063829787
1	92.0	2.4239130434782608
2	93.0	2.4516129032258065
11	75.0	1.0
6	82.0	1.8658536585365855
16	77.0	1.0
13	74.0	1.0
15	83.0	1.0
14	84.0	1.0
22	77.0	1.0
12	75.0	1.0
10	74.0	1.0
18	68.0	1.0
8	79.0	1.7215189873417722
24	72.0	1.0
7	87.0	1.7011494252873562
17	79.0	1.0
21	73.0	1.0
25	67.0	1.0
19	75.0	1.0
5	91.0	2.4175824175824174
9	89.0	1.696629213483146
20	73.0	1.0
23	74.0	1.0
0	91.0	2.5054945054945055
