100

36
38
32
24
37
12
26
38
29
13
36
36
35
35
29
12
27
36
38
37
6
13
6
37
17
31
27
2
6
36
36
38
20
36
29
32
31
14
15
36
36
34
33
18
36
23
12
34
32
29
8
37
7
34
34
37
36
37
6
35
12
36
34
14
22
36
38
34
4
36
38
32
13
35
35
35
30
21
33
36
37
35
26
37
4
2
27
27
26
35
5
35
34
37
37
34
35
26
31
14

5	91.0	2.197802197802198
8	81.0	1.5802469135802468
6	85.0	1.5529411764705883
4	90.0	2.111111111111111
2	90.0	2.2
9	89.0	1.5280898876404494
7	83.0	1.5542168674698795
3	88.0	2.1704545454545454
1	91.0	2.21978021978022
11	67.0	1.0
10	69.0	1.0
22	71.0	1.0
12	62.0	1.0
20	61.0	1.0
25	64.0	1.0
19	66.0	1.0
13	65.0	1.0
15	68.0	1.0
18	64.0	1.0
17	65.0	1.0
24	64.0	1.0
23	60.0	1.0
14	60.0	1.0
16	64.0	1.0
21	69.0	1.0
0	90.0	2.2777777777777777
