100

40
32
39
36
34
37
34
34
32
6
34
39
29
40
38
34
40
37
37
38
29
35
39
6
2
38
39
37
8
19
32
38
39
33
18
20
39
33
39
36
36
38
38
29
37
28
33
37
34
34
33
39
38
38
32
38
36
24
38
27
24
33
32
33
14
36
39
37
29
30
27
35
35
20
36
36
39
39
40
36
4
17
39
38
36
37
39
39
38
7
38
40
31
32
38
38
33
39
39
39

4	97.0	2.4123711340206184
5	93.0	2.3333333333333335
3	98.0	2.5408163265306123
12	85.0	1.0
14	76.0	1.0
2	96.0	2.46875
11	76.0	1.0
9	94.0	1.5851063829787233
13	85.0	1.0
1	98.0	2.357142857142857
6	94.0	1.702127659574468
10	81.0	1.0
8	95.0	1.6210526315789473
7	93.0	1.6559139784946237
18	75.0	1.0
22	79.0	1.0
20	77.0	1.0
24	76.0	1.0
21	77.0	1.0
16	76.0	1.0
19	77.0	1.0
17	77.0	1.0
15	68.0	1.0
25	72.0	1.0
23	81.0	1.0
0	96.0	2.5416666666666665
