250

36
40
38
38
34
40
41
31
7
41
39
41
40
40
38
36
40
41
41
38
4
29
38
40
37
41
40
40
40
40
40
39
41
40
41
41
36
41
18
36
35
40
41
40
41
20
41
29
40
40
25
40
8
40
16
19
41
41
31
38
41
41
8
40
39
41
27
39
41
41
40
40
41
37
39
40
37
40
40
40
38
41
39
21
41
41
37
41
40
38
40
40
38
41
40
27
20
34
40
39
40
11
30
37
40
40
27
41
40
40
22
41
38
36
40
22
40
40
38
22
33
40
37
39
13
40
40
29
40
40
38
40
40
36
41
39
38
38
40
41
29
39
20
40
41
41
40
38
41
38
40
40
34
40
40
41
24
29
41
41
35
39
40
40
36
41
41
41
35
40
37
41
16
41
38
41
40
38
41
37
40
41
40
41
36
39
39
39
41
40
35
40
39
24
38
40
41
40
41
40
41
41
40
14
41
41
13
39
41
34
41
40
41
40
41
39
40
41
40
38
34
28
40
40
39
39
41
41
41
39
36
39
23
40
37
41
41
40
33
38
40
41
39
40
38
41
40
38
35
40

18	229.0	1.0
21	219.0	1.0
12	224.0	1.0
4	247.0	2.688259109311741
16	223.0	1.0
2	245.0	2.6448979591836737
8	239.0	1.8493723849372385
9	243.0	1.8065843621399178
15	215.0	1.0
10	211.0	1.0
13	211.0	1.0
14	218.0	1.0
22	212.0	1.0
17	213.0	1.0
5	248.0	2.6693548387096775
11	218.0	1.0
20	215.0	1.0
7	243.0	1.7777777777777777
1	246.0	2.682926829268293
6	244.0	1.778688524590164
3	245.0	2.7020408163265306
19	230.0	1.0
25	223.0	1.0
23	225.0	1.0
24	226.0	1.0
0	245.0	2.63265306122449
