100

31
34
38
36
39
31
38
4
40
4
35
39
34
3
10
39
35
36
33
38
39
34
34
35
27
32
36
33
6
39
5
40
39
36
27
38
38
39
4
31
34
39
37
38
39
38
24
16
23
31
36
31
40
5
24
38
5
38
33
24
40
37
6
6
31
24
3
38
38
16
19
32
36
34
39
27
34
38
37
35
20
39
32
38
38
34
38
35
34
32
36
32
35
39
38
8
36
20
39
38

2	89.0	2.449438202247191
3	91.0	2.340659340659341
4	96.0	2.2916666666666665
1	96.0	2.2604166666666665
7	87.0	1.6781609195402298
5	91.0	2.340659340659341
6	92.0	1.608695652173913
13	67.0	1.0
23	71.0	1.0
9	86.0	1.6046511627906976
20	71.0	1.0
18	71.0	1.0
11	71.0	1.0
17	71.0	1.0
15	68.0	1.0
24	69.0	1.0
8	81.0	1.7654320987654322
12	70.0	1.0
21	73.0	1.0
19	73.0	1.0
10	77.0	1.0
16	73.0	1.0
25	73.0	1.0
22	76.0	1.0
14	77.0	1.0
0	91.0	2.4835164835164836
