100

8
28
39
34
38
32
37
36
39
38
38
39
33
31
38
38
38
38
39
36
39
12
39
35
39
15
38
27
35
37
39
23
29
39
38
39
36
39
38
37
35
39
36
3
37
38
37
39
6
14
37
32
35
38
36
38
40
39
36
40
31
39
37
34
34
37
31
33
37
31
38
29
37
36
39
36
8
11
39
34
38
39
22
36
40
31
29
38
38
39
36
37
33
5
32
36
35
8
20
33

4	94.0	2.5531914893617023
2	96.0	2.4791666666666665
5	97.0	2.422680412371134
6	93.0	1.6236559139784945
3	96.0	2.3541666666666665
10	80.0	1.0
1	98.0	2.357142857142857
8	95.0	1.6842105263157894
9	93.0	1.6989247311827957
7	95.0	1.694736842105263
20	88.0	1.0
14	86.0	1.0
25	82.0	1.0
23	75.0	1.0
12	75.0	1.0
11	77.0	1.0
18	77.0	1.0
16	76.0	1.0
21	76.0	1.0
17	80.0	1.0
19	80.0	1.0
24	70.0	1.0
13	69.0	1.0
15	75.0	1.0
22	81.0	1.0
0	94.0	2.702127659574468
