100

30
41
40
32
40
40
40
41
40
36
41
36
40
11
40
41
36
40
41
40
38
41
33
40
38
36
41
15
12
38
40
34
40
41
40
38
36
40
32
34
31
41
27
40
41
40
39
40
38
40
38
36
38
40
22
41
40
38
41
41
40
41
22
40
34
41
41
41
40
36
26
38
40
41
40
40
38
41
20
41
40
34
40
41
40
13
38
40
38
14
36
40
38
40
40
38
40
39
35
40

4	99.0	2.6464646464646466
7	99.0	1.7373737373737375
8	96.0	1.7395833333333333
5	99.0	2.717171717171717
2	99.0	2.686868686868687
1	98.0	2.683673469387755
6	98.0	1.7857142857142858
3	98.0	2.663265306122449
18	84.0	1.0
15	91.0	1.0
14	86.0	1.0
11	89.0	1.0
23	86.0	1.0
21	84.0	1.0
9	99.0	1.7777777777777777
13	89.0	1.0
20	87.0	1.0
12	86.0	1.0
19	83.0	1.0
10	89.0	1.0
25	90.0	1.0
16	87.0	1.0
24	85.0	1.0
17	86.0	1.0
22	88.0	1.0
0	99.0	2.717171717171717
