250

40
40
40
40
38
34
33
39
40
40
41
36
41
41
8
41
40
37
39
30
40
41
41
41
34
40
38
41
10
23
39
41
7
36
40
35
38
40
40
40
40
39
40
37
40
36
40
41
23
40
40
41
38
41
41
26
40
38
40
40
41
19
39
40
41
40
38
41
34
17
36
40
41
41
40
39
30
38
40
39
40
41
38
40
35
41
40
39
40
40
40
41
41
37
23
41
40
40
38
40
37
40
24
40
40
30
18
33
34
41
41
40
41
41
26
40
20
39
38
41
27
39
38
40
41
41
40
41
34
7
41
40
24
41
39
36
41
37
8
38
41
41
40
41
37
41
40
40
41
36
40
41
41
40
23
40
37
41
41
41
41
39
34
36
40
40
39
39
34
40
37
41
34
39
40
37
40
39
39
39
34
40
40
40
41
41
40
40
30
18
41
41
41
41
41
40
41
40
32
40
40
41
39
38
41
40
40
40
41
39
40
41
36
41
41
41
36
40
31
40
40
40
40
35
27
35
38
41
10
36
12
41
40
40
40
41
40
38
40
40
38
36
39
39
39
40
40
4
41
41

16	227.0	1.0
6	237.0	1.9071729957805907
13	228.0	1.0
4	245.0	2.7020408163265306
14	225.0	1.0
2	246.0	2.6422764227642275
12	222.0	1.0
15	221.0	1.0
3	247.0	2.6801619433198383
7	243.0	1.7654320987654322
11	215.0	1.0
1	247.0	2.6558704453441297
10	224.0	1.0
8	246.0	1.8048780487804879
5	245.0	2.7183673469387757
9	243.0	1.8806584362139918
18	226.0	1.0
25	212.0	1.0
23	219.0	1.0
19	224.0	1.0
24	215.0	1.0
17	216.0	1.0
20	220.0	1.0
22	216.0	1.0
21	221.0	1.0
0	245.0	2.7346938775510203
