100

37
38
6
39
37
28
4
33
37
38
36
30
39
30
39
32
37
38
39
23
31
39
36
30
21
32
30
31
9
38
38
8
7
38
28
17
39
32
2
38
39
39
38
8
3
18
32
33
38
37
28
35
39
39
36
32
34
38
37
34
38
22
32
37
38
40
39
38
38
20
23
33
38
38
38
39
24
39
36
39
13
39
39
6
24
31
35
36
38
39
38
34
37
38
35
11
40
35
6
38

1	97.0	2.3402061855670104
7	91.0	1.5714285714285714
9	92.0	1.6521739130434783
3	95.0	2.3789473684210525
5	97.0	2.3608247422680413
6	92.0	1.6304347826086956
2	94.0	2.4680851063829787
4	93.0	2.204301075268817
8	92.0	1.6630434782608696
10	71.0	1.0
13	73.0	1.0
16	76.0	1.0
24	65.0	1.0
20	71.0	1.0
11	70.0	1.0
17	70.0	1.0
15	73.0	1.0
21	75.0	1.0
25	78.0	1.0
18	82.0	1.0
19	76.0	1.0
12	77.0	1.0
22	79.0	1.0
14	70.0	1.0
23	75.0	1.0
0	90.0	2.488888888888889
