250

11
11
11
11
11
8
11
11
2
11
9
11
9
9
11
11
10
10
10
11
10
11
11
6
11
11
11
11
11
11
11
9
10
11
11
6
11
9
9
10
11
11
11
11
5
7
11
11
10
11
11
9
9
11
10
11
11
11
8
2
11
10
10
11
11
4
10
11
9
11
10
11
9
2
11
11
11
11
10
11
10
11
11
10
11
10
11
11
11
11
10
11
10
10
10
10
11
6
10
10
11
11
10
9
10
10
10
10
11
10
10
11
7
11
10
11
11
11
10
11
11
10
11
7
10
10
10
11
10
11
11
11
11
11
11
11
11
11
11
11
11
11
11
11
11
7
11
11
7
9
11
11
5
8
11
11
11
8
5
11
9
11
11
7
11
11
11
11
10
6
11
11
11
11
11
10
11
11
11
10
10
9
10
11
11
11
11
6
10
11
9
11
10
11
11
11
10
11
11
11
11
11
11
11
2
10
11
11
10
11
11
11
11
11
10
11
10
10
11
8
11
8
11
11
11
11
11
9
10
11
11
11
11
8
10
11
10
11
11
10
8
11
5
11
10
5
11
11
11
11

1	203.0	1.0
2	211.0	1.0
5	214.0	1.0
10	211.0	1.0
9	212.0	1.0
6	195.0	1.0
8	203.0	1.0
7	210.0	1.0
3	225.0	1.0
4	214.0	1.0
0	245.0	1.7102040816326531
