100

38
38
40
39
12
32
37
29
21
4
29
39
36
27
34
3
36
34
36
24
34
23
39
37
38
38
39
31
38
40
39
40
36
35
37
26
33
39
37
14
24
25
38
6
22
38
38
25
36
26
15
39
39
31
15
39
21
39
33
23
35
39
39
8
34
39
37
37
22
29
5
39
38
6
32
37
22
27
37
38
37
25
38
39
39
30
37
35
39
38
38
38
37
39
29
22
38
37
37
39

15	76.0	1.0
3	94.0	2.3085106382978724
7	93.0	1.5698924731182795
12	71.0	1.0
2	94.0	2.372340425531915
13	70.0	1.0
10	76.0	1.0
4	91.0	2.4395604395604398
14	75.0	1.0
1	96.0	2.2916666666666665
5	97.0	2.3608247422680413
6	89.0	1.8651685393258426
11	76.0	1.0
8	96.0	1.625
16	82.0	1.0
9	91.0	1.5934065934065933
23	76.0	1.0
19	71.0	1.0
21	74.0	1.0
17	73.0	1.0
20	77.0	1.0
22	74.0	1.0
24	75.0	1.0
18	81.0	1.0
25	78.0	1.0
0	94.0	2.5
