250

40
40
41
36
32
41
40
40
40
38
38
40
34
40
22
12
34
40
40
30
41
40
40
12
40
38
41
38
40
40
24
38
20
39
40
36
40
38
40
28
34
28
36
14
34
38
40
41
40
40
34
34
40
40
40
40
34
40
7
40
37
41
36
41
40
40
40
38
40
40
40
31
36
23
41
40
40
40
40
38
40
34
41
40
40
41
37
32
41
39
40
41
31
37
40
36
34
41
40
35
41
11
41
40
40
40
34
40
40
30
40
40
22
40
40
38
40
38
40
41
41
40
34
34
38
40
20
41
40
39
38
40
36
41
40
41
38
41
41
40
22
38
41
40
41
40
38
40
41
38
37
36
40
41
36
40
41
38
38
40
36
38
40
41
38
34
36
40
40
40
38
41
40
41
40
7
40
31
41
40
41
40
38
31
41
32
41
24
31
41
29
41
40
36
41
39
6
40
41
34
40
38
36
36
41
38
38
38
32
40
34
33
40
36
40
40
40
36
38
40
40
30
40
40
40
38
32
40
38
40
40
39
40
38
41
40
32
34
38
38
40
34
41
32
40
12
34
36
11
32

8	248.0	1.814516129032258
4	247.0	2.6801619433198383
7	249.0	1.7710843373493976
10	217.0	1.0
2	248.0	2.6129032258064515
9	250.0	1.752
5	250.0	2.608
1	249.0	2.57429718875502
3	249.0	2.6546184738955825
6	249.0	1.7389558232931728
22	222.0	1.0
11	215.0	1.0
24	222.0	1.0
14	219.0	1.0
25	209.0	1.0
13	216.0	1.0
16	210.0	1.0
21	215.0	1.0
12	211.0	1.0
20	218.0	1.0
17	218.0	1.0
15	226.0	1.0
23	225.0	1.0
18	222.0	1.0
19	222.0	1.0
0	248.0	2.7096774193548385
