250

11
8
9
8
10
11
11
11
11
11
10
9
11
9
11
11
11
11
11
4
7
11
11
10
11
11
11
11
11
11
10
11
11
11
9
10
10
11
11
11
9
11
11
11
11
11
7
8
11
11
8
11
11
10
11
11
11
10
10
11
11
11
10
6
11
11
11
11
11
11
11
9
11
11
11
9
10
10
10
10
11
10
10
9
9
11
11
10
3
10
10
11
11
11
11
11
4
10
8
8
11
11
11
11
11
2
9
11
11
9
11
11
11
8
11
9
11
10
9
11
11
7
11
10
4
10
5
6
10
11
11
11
10
11
11
11
8
10
11
10
11
11
9
11
10
11
11
11
10
11
10
9
10
10
11
10
11
9
11
5
11
11
9
3
10
8
11
10
8
11
10
11
11
11
11
10
10
10
11
10
9
11
11
11
11
9
10
10
11
11
11
11
6
11
10
11
11
11
11
11
11
11
11
8
10
7
9
10
11
11
10
11
3
11
10
11
11
11
9
11
11
11
9
11
8
8
11
11
11
11
11
11
10
11
10
10
9
10
11
10
8
9
10
10
8
11
10
11
3
11

2	195.0	1.0
1	195.0	1.0
3	201.0	1.0
9	205.0	1.0
4	212.0	1.0
5	213.0	1.0
6	213.0	1.0
7	217.0	1.0
8	209.0	1.0
10	211.0	1.0
0	243.0	1.7530864197530864
