241

5
3
2
4
8
8
5
8
4
9
8
3
8
8
8
9
8
8
4
8
9
6
9
7
9
7
2
7
7
2
8
9
8
9
3
8
8
9
5
7
6
5
7
6
8
9
2
5
7
2
7
9
8
6
2
3
7
9
5
2
3
8
5
3
9
7
7
9
7
7
6
8
6
7
5
7
4
3
6
9
5
4
2
9
6
6
9
5
3
5
5
8
5
7
5
2
5
9
7
6
5
6
9
8
5
7
4
9
2
7
6
3
9
6
4
9
8
7
4
5
3
3
8
5
9
8
8
7
9
8
6
8
6
2
2
4
9
6
2
3
6
5
8
2
5
7
7
7
7
8
5
9
3
4
9
9
8
9
3
9
6
8
8
7
9
5
5
5
7
4
8
3
7
3
8
8
7
9
6
8
9
7
7
6
9
9
2
7
4
7
3
4
2
9
9
9
9
9
9
6
7
7
6
6
9
7
3
7
5
5
8
5
8
9
8
4
7
9
6
8
8
9
2
6
6
8
8
5
9
7
2
7
5
9
5
9
7
9
2
8
5

5	140.0	1.0
6	117.0	1.0085470085470085
4	124.0	1.0
2	134.0	1.0
3	140.0	1.0
1	135.0	1.0074074074074073
7	143.0	1.0
10	112.0	1.0
8	113.0	1.0
9	105.0	1.0
0	180.0	1.4555555555555555
