250

40
40
41
40
34
4
40
40
40
7
36
40
36
41
2
39
40
41
24
15
7
40
40
40
39
40
40
40
33
38
40
36
40
38
40
41
40
22
38
40
40
26
40
40
40
18
41
40
38
10
40
39
40
34
36
40
40
36
40
35
30
41
41
38
40
40
34
8
35
41
16
32
41
41
34
40
32
41
38
16
25
41
41
40
36
38
41
39
40
41
41
39
31
41
38
39
40
38
19
38
39
20
39
40
41
40
40
38
40
40
40
40
36
38
41
40
40
38
38
41
40
41
24
6
35
36
40
40
34
41
40
39
24
38
40
40
41
40
39
40
40
38
41
39
41
40
30
40
17
38
40
28
34
41
40
40
38
41
41
37
41
24
34
40
35
8
38
37
39
34
40
25
40
36
40
26
40
41
40
40
38
41
40
40
36
41
41
35
40
40
32
34
40
38
40
19
40
28
41
40
40
40
36
40
38
14
40
40
38
6
41
33
39
40
27
40
40
6
38
24
40
41
40
41
40
37
39
40
38
40
41
40
39
39
39
35
41
40
34
40
39
40
41
40
40
41
6
41
38
41

8	240.0	1.8125
1	240.0	2.7083333333333335
10	212.0	1.0
11	217.0	1.0
6	241.0	1.7344398340248963
5	244.0	2.6557377049180326
12	210.0	1.0
7	236.0	1.86864406779661
13	206.0	1.0
2	245.0	2.6285714285714286
3	239.0	2.6569037656903767
4	246.0	2.5772357723577235
9	246.0	1.7317073170731707
23	218.0	1.0
17	222.0	1.0
14	221.0	1.0
15	220.0	1.0
20	207.0	1.0
19	211.0	1.0
16	208.0	1.0
18	220.0	1.0
24	204.0	1.0
25	213.0	1.0
22	218.0	1.0
21	216.0	1.0
0	240.0	2.6666666666666665
