100

35
33
31
36
23
17
30
8
38
31
36
31
27
37
8
34
36
7
5
3
25
32
35
30
32
29
31
37
34
3
38
8
34
33
27
34
31
31
13
32
26
30
25
17
38
19
7
5
21
31
24
31
15
3
30
28
36
35
27
29
36
10
37
37
37
38
32
37
31
21
5
33
4
25
29
37
27
7
32
33
7
37
33
34
34
33
37
11
35
22
6
21
6
10
35
3
27
35
37
30

1	87.0	2.206896551724138
12	66.0	1.0
7	83.0	1.5903614457831325
2	79.0	2.4177215189873418
23	59.0	1.0
22	61.0	1.0
14	55.0	1.0
18	55.0	1.0
8	70.0	1.6714285714285715
4	82.0	2.292682926829268
17	69.0	1.0
10	59.0	1.0
13	56.0	1.0
3	86.0	2.046511627906977
21	57.0	1.0
16	54.0	1.0
19	66.0	1.0
25	68.0	1.0
11	67.0	1.0
6	79.0	1.4556962025316456
5	89.0	2.101123595505618
20	63.0	1.0
15	63.0	1.0
24	60.0	1.0
9	83.0	1.5180722891566265
0	90.0	2.1222222222222222
