250

10
11
8
7
10
10
11
11
8
10
10
11
11
10
11
11
11
11
11
11
11
11
11
4
9
7
10
10
11
10
11
3
11
10
10
11
11
10
11
11
10
10
10
11
8
9
10
11
11
11
11
11
11
10
10
11
8
7
11
11
7
10
11
10
9
10
11
11
9
11
7
11
11
11
10
11
10
11
11
10
11
10
11
11
4
11
11
11
8
4
2
9
11
11
10
11
11
4
10
10
7
11
11
11
11
9
10
11
11
11
10
11
11
11
11
9
6
11
11
11
11
11
10
6
8
11
9
10
7
3
11
9
8
11
11
11
10
11
11
10
10
10
11
11
7
5
7
11
11
11
11
11
11
11
9
10
11
11
11
11
7
11
11
10
11
10
11
11
10
11
10
11
11
10
10
6
10
11
8
10
11
10
11
10
11
10
9
4
11
11
9
11
11
11
11
11
7
10
11
8
11
7
11
8
11
9
10
11
10
11
10
8
11
11
11
10
11
11
9
8
11
10
11
11
11
10
10
9
8
11
6
11
10
11
6
11
6
9
10
11
11
11
10
11
11
8
10
10
11
11

2	189.0	1.0
1	193.0	1.0
7	215.0	1.0
8	210.0	1.0
9	198.0	1.0
10	202.0	1.0
3	204.0	1.0
4	219.0	1.0
6	216.0	1.0
5	214.0	1.0
0	244.0	1.6844262295081966
