25

35
39
34
19
39
35
32
38
3
34
25
26
38
20
38
3
32
37
35
29
37
3
16
16
36

1	22.0	2.272727272727273
16	19.0	1.0
4	22.0	2.5454545454545454
2	23.0	2.0434782608695654
8	19.0	1.6842105263157894
3	23.0	2.0434782608695654
18	17.0	1.0
23	17.0	1.0
19	14.0	1.0
21	18.0	1.0
15	16.0	1.0
5	21.0	2.3333333333333335
24	20.0	1.0
22	16.0	1.0
17	14.0	1.0
12	16.0	1.0
9	16.0	1.75
13	15.0	1.0
6	23.0	1.6956521739130435
14	18.0	1.0
25	17.0	1.0
7	22.0	1.5454545454545454
11	17.0	1.0
10	17.0	1.0
20	17.0	1.0
0	20.0	2.45
