100

37
34
30
40
39
40
41
9
38
37
40
38
40
40
40
40
37
41
41
40
41
40
29
41
39
40
34
39
41
41
40
20
41
31
40
41
35
39
41
36
41
39
39
40
40
36
38
40
36
40
41
41
41
41
41
40
38
40
28
41
20
41
41
40
41
36
36
40
41
41
40
40
40
40
40
40
41
38
38
23
41
40
40
36
40
36
38
41
39
40
34
41
23
38
41
41
19
41
40
40

13	95.0	1.0
1	100.0	2.77
6	100.0	1.8
5	100.0	2.73
2	100.0	2.73
3	100.0	2.75
7	99.0	1.7777777777777777
10	87.0	1.0
4	100.0	2.64
9	99.0	1.797979797979798
8	99.0	1.8181818181818181
14	87.0	1.0
11	92.0	1.0
12	89.0	1.0
21	93.0	1.0
18	92.0	1.0
23	87.0	1.0
22	90.0	1.0
15	88.0	1.0
24	89.0	1.0
17	86.0	1.0
16	87.0	1.0
19	89.0	1.0
20	90.0	1.0
25	91.0	1.0
0	99.0	2.727272727272727
