250

3
7
10
9
9
10
9
10
10
10
9
9
4
2
4
5
8
10
10
10
10
4
10
4
10
3
10
5
5
9
10
10
7
9
10
10
10
8
10
10
8
4
10
4
9
9
8
8
8
8
9
5
2
9
10
7
10
9
9
10
10
10
10
9
10
10
10
8
6
5
10
10
9
10
10
9
5
4
4
8
10
6
8
6
10
9
3
6
7
4
5
10
10
6
5
9
9
9
9
8
6
10
8
10
9
8
8
9
8
6
10
9
9
3
7
8
10
5
8
9
7
3
5
3
9
8
9
10
4
5
10
9
10
7
10
9
9
10
8
8
8
10
10
10
10
5
6
9
10
6
9
5
4
10
7
10
7
7
7
9
10
10
10
10
8
9
7
5
10
5
9
5
7
9
9
8
9
8
7
9
8
8
8
10
5
8
10
7
7
9
8
2
9
8
10
10
10
7
9
10
10
6
7
2
10
9
10
8
9
5
2
10
8
10
5
9
8
4
10
3
3
6
10
4
10
8
10
9
9
8
2
9
10
10
4
7
3
10
10
8
8
9
8
9
10
8
8
7
9
10

2	151.0	1.0
1	145.0	1.013793103448276
4	172.0	1.0
3	166.0	1.0
5	172.0	1.0
8	166.0	1.0
6	159.0	1.0
10	168.0	1.0
7	172.0	1.0
9	167.0	1.0
0	223.0	1.4977578475336324
