243

3
7
5
5
3
8
7
7
2
8
9
3
9
5
9
9
6
9
8
4
8
7
9
9
7
5
7
8
7
8
4
8
9
7
4
8
5
7
6
7
7
9
7
2
3
6
7
4
6
8
7
9
5
9
6
6
7
7
8
2
8
6
3
3
8
9
7
4
8
6
6
3
7
6
3
5
5
6
5
2
4
4
7
5
9
8
8
4
5
5
9
9
7
7
6
9
9
9
7
5
6
7
5
8
9
9
8
9
7
5
4
7
6
8
7
5
5
2
4
7
3
7
8
7
9
8
3
8
2
9
9
4
8
7
5
8
9
5
9
3
3
5
4
7
8
8
9
6
4
9
2
7
9
7
5
9
9
5
4
9
3
8
2
7
7
9
7
7
9
4
8
9
5
3
7
5
7
7
2
5
6
7
6
8
9
8
7
7
7
8
7
4
7
4
7
6
8
3
8
6
7
9
6
7
7
6
4
2
4
8
8
4
6
8
5
7
9
6
6
9
9
8
6
7
6
8
4
6
8
7
2
7
7
8
5
9
5
7
4
8
2
8
4

2	143.0	1.006993006993007
1	130.0	1.0
3	139.0	1.0
5	136.0	1.0073529411764706
4	142.0	1.0
6	112.0	1.0
9	133.0	1.0
10	114.0	1.0
8	120.0	1.0
7	120.0	1.0083333333333333
0	187.0	1.3903743315508021
