99

34
33
35
36
36
33
36
29
9
15
34
29
24
34
3
36
36
4
37
3
34
37
37
12
37
19
36
26
23
5
32
9
29
30
35
39
32
29
38
39
26
14
21
36
26
36
35
31
4
29
36
9
28
20
6
24
36
34
18
35
5
37
9
29
35
17
23
13
32
34
3
20
31
35
15
15
4
38
37
27
30
4
31
37
35
35
36
37
6
26
13
32
26
31
37
34
31
33
36

1	87.0	2.1724137931034484
12	67.0	1.0
24	67.0	1.0
9	73.0	1.63013698630137
11	59.0	1.0
14	59.0	1.0
17	52.0	1.0
21	58.0	1.0
8	82.0	1.6219512195121952
2	89.0	2.247191011235955
5	88.0	2.147727272727273
22	66.0	1.0
18	66.0	1.0
6	83.0	1.5783132530120483
7	73.0	1.5616438356164384
4	83.0	2.289156626506024
15	64.0	1.0
20	55.0	1.0
23	58.0	1.0
13	61.0	1.0
10	66.0	1.0
25	66.0	1.0
16	64.0	1.0
3	85.0	2.1882352941176473
19	58.0	1.0
0	87.0	2.1839080459770117
