249

37
6
10
30
35
36
36
30
30
36
27
15
34
26
37
4
26
30
4
36
13
32
33
34
33
32
36
31
22
17
37
20
38
36
23
4
38
38
33
32
33
37
32
30
35
33
34
34
38
18
21
36
38
4
33
23
33
18
11
37
23
37
34
31
28
36
21
34
37
34
23
16
26
24
15
30
33
37
10
29
4
35
15
3
36
37
35
34
34
4
21
33
21
34
33
31
35
36
33
25
37
24
32
37
37
36
15
24
37
36
30
19
30
17
35
35
28
38
35
29
26
18
33
32
28
35
10
33
29
37
35
34
14
36
11
3
32
20
34
36
36
29
33
26
18
24
29
7
37
14
36
33
37
38
27
35
34
35
11
27
33
26
28
5
36
16
35
25
37
35
5
27
19
31
20
10
31
36
28
31
27
28
2
26
6
32
38
26
11
35
17
33
33
36
36
34
35
20
15
35
33
32
12
31
33
12
34
6
36
36
37
30
37
31
18
22
33
21
30
37
35
36
34
32
37
25
37
23
37
31
33
22
33
34
34
33
27
32
37
35
29
39
33
38
38
31
32
5
6

5	223.0	2.282511210762332
3	227.0	2.1365638766519823
2	228.0	2.0921052631578947
1	223.0	2.1614349775784754
4	222.0	2.184684684684685
25	176.0	1.0
23	171.0	1.0
10	166.0	1.0
7	210.0	1.5523809523809524
19	167.0	1.0
15	178.0	1.0
16	175.0	1.0
17	171.0	1.0
22	164.0	1.0
13	164.0	1.0
20	177.0	1.0
21	165.0	1.0
24	159.0	1.0
14	170.0	1.0
8	200.0	1.62
18	159.0	1.0
9	222.0	1.5
11	160.0	1.0
6	212.0	1.6745283018867925
12	170.0	1.0
0	236.0	2.2245762711864407
