100

33
38
36
36
33
37
10
33
40
34
30
39
39
39
10
39
29
32
25
36
39
39
12
32
9
39
39
39
39
38
38
38
34
38
37
38
30
39
24
8
30
40
39
24
38
31
22
38
36
38
16
35
37
40
38
16
36
34
39
39
39
36
32
22
38
23
39
37
36
32
28
40
31
39
34
29
38
29
38
33
38
35
36
38
7
37
38
35
38
38
38
35
24
38
28
37
38
37
40
36

15	78.0	1.0
14	80.0	1.0
1	99.0	2.3636363636363638
3	97.0	2.402061855670103
5	98.0	2.3877551020408165
9	94.0	1.8085106382978724
8	97.0	1.7010309278350515
2	99.0	2.404040404040404
7	90.0	1.6222222222222222
4	94.0	2.4893617021276597
6	87.0	1.7586206896551724
17	69.0	1.0
13	78.0	1.0
16	80.0	1.0
12	84.0	1.0
10	79.0	1.0
11	81.0	1.0
24	80.0	1.0
21	79.0	1.0
18	86.0	1.0
25	78.0	1.0
19	86.0	1.0
23	79.0	1.0
20	81.0	1.0
22	79.0	1.0
0	96.0	2.53125
