250

11
11
7
11
11
11
10
11
9
9
11
11
10
11
10
11
5
9
8
11
10
11
8
10
11
9
10
11
11
11
11
11
10
11
11
11
8
9
11
9
8
10
10
10
9
11
10
11
7
11
11
3
11
11
11
10
8
11
11
11
10
7
9
7
5
7
8
11
11
8
11
5
11
8
7
10
11
11
11
11
11
9
11
10
9
7
5
11
11
11
11
11
11
11
11
9
9
11
11
6
11
8
9
10
11
11
9
11
8
11
11
10
11
11
11
8
11
11
10
7
11
11
11
9
11
8
5
11
10
11
10
11
11
11
10
11
11
7
11
10
9
11
11
11
7
11
8
11
11
11
11
8
11
11
10
11
11
10
8
11
9
10
11
11
11
9
11
10
11
11
10
11
11
11
11
11
11
11
11
11
9
11
11
11
11
11
11
8
4
11
11
11
9
8
11
5
6
10
11
11
11
9
10
9
6
11
7
3
11
9
9
7
11
6
11
11
11
10
11
11
11
10
9
11
10
11
8
11
11
8
11
8
11
11
10
11
7
11
11
8
6
10
7
9
11
10
11
11
7
11

2	218.0	1.0
7	207.0	1.0
1	203.0	1.0
6	214.0	1.0
5	207.0	1.0
4	208.0	1.0
3	208.0	1.0
8	205.0	1.0
9	192.0	1.0
10	196.0	1.0
0	219.0	1.817351598173516
