248

31
36
34
4
29
15
38
32
21
30
29
4
32
34
35
34
33
10
36
31
26
36
9
34
29
4
8
32
20
35
37
25
8
35
6
6
35
7
21
30
33
28
24
26
37
33
27
37
20
4
25
36
33
36
26
29
31
37
39
37
35
28
35
38
27
37
4
33
3
35
27
29
32
24
8
34
37
16
31
26
34
34
31
30
9
26
3
6
37
34
34
32
20
33
32
37
21
28
35
15
8
32
29
11
35
35
29
37
26
19
12
22
4
38
36
37
20
21
12
34
31
26
35
21
22
25
26
6
36
35
35
35
27
33
23
37
37
38
8
24
9
32
4
5
17
38
38
2
26
38
22
29
36
37
35
33
34
37
35
8
15
36
26
33
37
6
31
16
37
35
35
33
8
35
27
26
38
25
36
33
39
28
37
25
23
37
35
8
15
26
33
38
33
36
33
35
33
19
6
11
30
35
35
28
32
37
37
26
35
36
17
26
36
37
35
3
21
38
32
37
37
33
4
23
27
37
39
36
38
38
32
23
35
2
33
15
27
33
35
9
32
26
27
26
35
34
28
33

6	211.0	1.5213270142180095
2	227.0	2.145374449339207
1	225.0	2.1066666666666665
7	212.0	1.5141509433962264
8	206.0	1.470873786407767
4	228.0	2.1315789473684212
3	227.0	2.048458149779736
5	225.0	2.1644444444444444
22	164.0	1.0
21	150.0	1.0
23	145.0	1.0
18	151.0	1.0
15	154.0	1.0
10	153.0	1.0
16	165.0	1.0
24	162.0	1.0
9	182.0	1.7087912087912087
19	155.0	1.0
20	169.0	1.0
25	177.0	1.0
13	171.0	1.0
11	168.0	1.0
17	177.0	1.0
12	171.0	1.0
14	175.0	1.0
0	222.0	2.2387387387387387
