25

18
40
40
36
40
40
6
25
40
28
41
40
38
20
40
38
38
39
12
40
40
40
23
38
40

4	25.0	2.4
1	24.0	2.5416666666666665
2	22.0	2.409090909090909
5	23.0	2.4347826086956523
3	24.0	2.4583333333333335
15	22.0	1.0
13	19.0	1.0
7	24.0	1.8333333333333333
23	22.0	1.0
25	16.0	1.0
22	17.0	1.0
24	20.0	1.0
8	22.0	1.7727272727272727
9	22.0	1.7727272727272727
18	20.0	1.0
19	19.0	1.0
12	18.0	1.0
16	20.0	1.0
11	22.0	1.0
10	22.0	1.0
20	22.0	1.0
14	21.0	1.0
6	23.0	1.7826086956521738
21	21.0	1.0
17	23.0	1.0
0	25.0	2.56
