25

38
36
8
38
20
37
36
30
37
29
32
16
24
30
23
32
26
37
34
36
20
38
33
5
37

6	23.0	1.608695652173913
13	20.0	1.0
5	24.0	2.2916666666666665
11	17.0	1.0
8	21.0	1.6666666666666667
4	24.0	2.125
10	16.0	1.0
1	24.0	2.2083333333333335
3	23.0	2.3043478260869565
15	19.0	1.0
2	24.0	2.125
12	18.0	1.0
14	18.0	1.0
9	23.0	1.5217391304347827
7	21.0	1.6666666666666667
25	16.0	1.0
24	16.0	1.0
19	17.0	1.0
18	18.0	1.0
20	16.0	1.0
22	16.0	1.0
21	19.0	1.0
23	15.0	1.0
17	18.0	1.0
16	17.0	1.0
0	23.0	2.217391304347826
