250

39
35
39
30
34
39
24
30
39
38
23
28
38
37
32
12
40
39
38
36
38
26
36
39
37
36
37
40
39
31
36
37
20
39
31
34
36
8
27
35
37
34
38
40
19
37
21
38
38
38
38
17
15
16
39
39
28
38
38
40
39
34
23
40
30
36
39
37
35
38
30
31
37
31
37
22
39
34
40
24
38
34
32
22
37
38
28
38
38
38
36
22
38
39
36
34
39
37
32
38
32
40
33
39
28
35
39
39
3
33
36
36
16
38
39
34
30
39
28
10
39
38
38
36
34
19
8
32
35
36
37
32
37
35
23
10
38
10
39
38
21
39
36
29
30
37
16
38
38
35
38
36
7
38
18
39
38
38
34
7
36
33
31
36
29
17
28
30
40
29
37
24
36
39
22
16
21
39
37
27
38
38
38
30
32
39
39
35
32
28
33
33
39
39
38
37
38
35
23
39
33
23
35
35
39
40
30
38
35
38
36
8
27
38
8
37
8
36
27
36
35
38
37
37
29
36
33
26
10
22
37
17
38
19
39
21
38
40
36
28
39
38
40
28
38
40
4
36
40
34

5	242.0	2.43801652892562
4	239.0	2.430962343096234
13	196.0	1.0
7	235.0	1.6340425531914893
10	189.0	1.0
9	235.0	1.6680851063829787
2	245.0	2.257142857142857
15	190.0	1.0
16	185.0	1.0
12	178.0	1.0
6	221.0	1.6787330316742082
3	242.0	2.3512396694214877
11	184.0	1.0
14	188.0	1.0
8	235.0	1.646808510638298
1	238.0	2.357142857142857
20	194.0	1.0
18	198.0	1.0
23	192.0	1.0
22	194.0	1.0
21	192.0	1.0
17	206.0	1.0
19	202.0	1.0
25	202.0	1.0
24	201.0	1.0
0	243.0	2.4444444444444446
