250

10
9
10
11
11
11
11
9
11
11
2
8
11
11
11
11
11
11
11
11
8
11
6
11
11
8
10
3
8
5
6
10
11
11
11
11
8
10
11
11
10
11
11
10
7
9
11
11
10
11
9
10
7
7
11
11
11
11
10
10
9
11
10
10
9
9
11
9
10
11
11
9
11
10
6
11
9
9
10
11
9
10
10
11
11
10
10
4
11
11
5
9
10
10
11
4
9
9
11
10
9
10
10
6
11
10
10
10
11
10
11
10
9
11
11
5
5
11
10
9
11
10
11
11
10
10
9
11
11
6
10
11
11
11
7
9
10
9
6
11
9
11
11
11
11
10
10
11
10
11
11
11
7
11
9
8
11
10
11
3
10
10
11
11
11
11
9
5
11
7
11
9
11
11
8
11
11
4
10
11
11
11
4
11
6
11
9
10
8
10
11
11
11
7
10
10
11
11
11
9
2
11
8
10
11
11
11
11
11
10
10
11
3
9
10
11
10
10
10
2
10
10
10
9
10
11
11
10
11
9
11
11
9
11
11
11
11
11
11
10
10
10
10
11
11
11
11
11
10
7

2	210.0	1.0
1	197.0	1.0
3	201.0	1.0
10	208.0	1.0
4	200.0	1.0
6	193.0	1.0
8	202.0	1.0
9	197.0	1.0
5	201.0	1.0
7	190.0	1.0
0	237.0	1.780590717299578
