98

30
32
25
24
27
22
37
3
36
4
33
37
11
9
25
34
33
31
37
37
32
32
33
25
30
34
29
5
32
4
39
38
34
4
37
36
27
3
24
8
37
35
36
37
36
6
8
21
30
34
30
34
4
22
34
2
16
27
23
35
36
5
4
27
8
36
35
7
12
24
34
32
34
23
29
34
20
33
18
37
29
36
28
10
36
33
31
18
30
30
6
33
37
6
12
16
38
34

2	83.0	2.1204819277108435
3	80.0	2.2125
4	84.0	2.0238095238095237
1	89.0	1.9662921348314606
7	78.0	1.5384615384615385
5	86.0	2.0930232558139537
6	80.0	1.525
13	58.0	1.0
23	58.0	1.0
9	79.0	1.4683544303797469
20	58.0	1.0
18	61.0	1.0
11	62.0	1.0
17	56.0	1.0
15	54.0	1.0
24	53.0	1.0
8	71.0	1.6901408450704225
12	58.0	1.0
21	53.0	1.0
19	59.0	1.0
10	65.0	1.0
16	62.0	1.0
25	65.0	1.0
22	62.0	1.0
14	60.0	1.0
0	86.0	2.2209302325581395
