250

39
38
33
39
38
35
38
35
23
35
39
28
36
32
38
39
38
39
35
40
3
39
36
39
36
28
35
37
36
37
38
33
34
40
30
31
34
38
38
38
30
38
28
26
38
40
3
12
33
6
36
37
36
35
39
5
37
29
38
33
4
12
36
36
25
6
38
37
31
36
35
39
40
34
40
25
39
38
28
3
39
30
31
35
24
28
32
39
39
14
38
3
40
37
38
38
39
7
40
33
30
39
25
39
15
39
38
2
3
39
39
39
37
35
40
35
37
16
32
38
35
34
36
19
38
40
36
39
34
40
39
39
39
37
17
6
39
31
15
28
36
35
26
19
39
35
6
13
16
40
36
35
38
17
39
30
38
36
16
38
33
40
38
39
32
36
17
40
34
36
34
38
38
12
7
4
27
38
29
37
22
36
36
9
36
26
31
40
30
37
39
36
39
25
34
35
31
25
30
14
35
32
14
31
40
31
34
39
37
37
22
39
39
28
38
2
34
31
40
38
34
35
37
30
40
34
39
39
33
37
40
29
22
39
39
34
40
10
39
26
38
39
36
33
38
36
17
38
8
34

8	232.0	1.581896551724138
1	233.0	2.467811158798283
10	191.0	1.0
11	195.0	1.0
6	229.0	1.6157205240174672
5	234.0	2.423076923076923
12	199.0	1.0
7	232.0	1.6810344827586208
13	186.0	1.0
2	238.0	2.436974789915966
3	237.0	2.413502109704641
4	238.0	2.3529411764705883
9	230.0	1.5782608695652174
23	195.0	1.0
17	187.0	1.0
14	195.0	1.0
15	185.0	1.0
20	182.0	1.0
19	170.0	1.0
16	176.0	1.0
18	178.0	1.0
24	173.0	1.0
25	183.0	1.0
22	189.0	1.0
21	186.0	1.0
0	233.0	2.4377682403433476
