250

29
31
34
34
34
9
20
38
11
36
36
17
33
25
26
19
30
33
3
37
35
35
18
35
37
36
37
29
7
37
37
25
36
35
24
34
34
37
7
10
10
22
26
36
14
34
18
31
15
19
34
17
31
37
18
31
18
25
36
36
29
35
16
14
20
36
12
11
34
31
19
37
25
27
32
36
29
36
25
30
33
29
14
21
12
36
34
31
29
37
37
4
27
8
28
36
24
2
28
35
37
26
37
37
7
27
25
28
37
37
14
20
27
36
23
33
39
33
36
35
22
38
26
35
33
37
10
34
33
37
18
15
36
31
37
37
37
25
32
30
22
32
37
32
29
35
28
5
23
11
28
22
36
21
20
20
14
26
36
37
35
34
3
22
20
27
36
37
35
34
23
19
31
21
31
36
10
33
36
11
13
32
32
33
22
13
16
21
30
37
4
12
31
33
36
37
24
23
35
37
36
34
39
31
19
10
37
37
36
27
34
31
35
37
14
8
33
3
2
9
38
35
35
16
11
37
33
36
37
25
35
31
10
6
15
17
30
38
11
14
34
31
16
27
21
4
35
2
26
13

4	220.0	2.131818181818182
3	227.0	2.066079295154185
2	227.0	2.039647577092511
1	222.0	2.0765765765765765
25	170.0	1.0
7	198.0	1.5909090909090908
20	157.0	1.0
11	157.0	1.0
15	166.0	1.0
9	213.0	1.5352112676056338
23	166.0	1.0
18	162.0	1.0
12	167.0	1.0
17	157.0	1.0
10	162.0	1.0
21	153.0	1.0
8	200.0	1.595
6	203.0	1.5665024630541873
24	155.0	1.0
19	151.0	1.0
13	151.0	1.0
14	158.0	1.0
5	227.0	2.1762114537444934
22	156.0	1.0
16	165.0	1.0
0	218.0	2.18348623853211
