250

39
2
32
34
32
39
31
15
40
4
4
35
38
37
4
40
39
37
38
38
31
23
33
21
37
38
39
34
35
37
39
34
39
28
16
18
34
39
39
40
33
40
38
32
29
35
6
34
39
39
35
34
38
38
36
40
38
38
38
36
39
30
16
39
27
35
33
38
17
34
20
30
29
37
29
37
35
27
37
24
38
24
35
37
37
36
39
35
39
33
38
36
38
39
17
40
39
39
16
39
39
38
34
38
37
36
40
16
37
38
34
25
32
35
37
37
31
10
33
27
39
38
36
34
26
25
33
18
22
18
39
39
39
39
12
38
39
36
37
40
39
38
37
39
38
10
39
38
4
36
13
35
38
32
38
37
33
8
40
36
39
4
39
33
23
36
37
30
34
39
36
34
32
39
32
37
34
26
3
38
39
33
37
38
35
36
35
35
36
28
32
8
40
29
38
17
36
38
36
39
36
26
23
36
33
10
32
39
39
39
39
33
39
24
38
39
37
38
39
13
39
39
22
36
39
12
37
36
22
34
36
38
37
39
15
37
4
37
6
20
33
35
39
36
38
36
36
38
34
39

2	230.0	2.4521739130434783
12	188.0	1.0
13	184.0	1.0
1	238.0	2.399159663865546
11	189.0	1.0
3	238.0	2.4285714285714284
4	241.0	2.3692946058091287
10	194.0	1.0
9	229.0	1.668122270742358
5	241.0	2.4149377593360994
8	230.0	1.626086956521739
7	233.0	1.6652360515021458
6	230.0	1.6217391304347826
23	208.0	1.0
24	205.0	1.0
20	192.0	1.0
15	193.0	1.0
22	189.0	1.0
19	193.0	1.0
14	180.0	1.0
18	190.0	1.0
17	198.0	1.0
21	193.0	1.0
25	192.0	1.0
16	189.0	1.0
0	237.0	2.5105485232067513
