248

16
15
9
6
34
36
37
28
23
37
36
30
14
31
11
23
10
4
37
20
35
18
30
24
7
36
36
25
29
18
33
29
33
4
19
31
18
2
35
20
22
30
32
35
32
13
24
35
26
29
36
37
33
19
6
38
9
26
31
14
32
9
37
36
37
28
29
38
14
33
37
33
20
36
37
22
33
5
21
19
15
18
23
36
18
6
30
32
32
29
23
15
29
12
18
33
26
25
36
18
36
36
37
32
23
8
28
23
15
34
23
14
37
32
36
20
34
5
12
33
34
27
34
20
38
30
31
37
24
9
35
32
29
37
38
30
37
38
31
29
24
37
33
32
36
36
36
38
25
2
39
6
31
31
35
38
32
19
19
31
32
36
29
30
35
37
21
38
31
32
12
37
33
33
6
10
33
4
9
38
8
13
36
20
12
34
25
29
10
35
33
37
15
30
29
27
9
23
18
38
34
38
34
35
30
27
36
32
31
4
33
34
38
20
23
31
36
31
9
37
32
33
37
35
9
35
28
5
6
6
35
18
26
21
26
38
3
34
35
19
28
24
36
38
7
16
35
16

4	225.0	2.048888888888889
2	222.0	2.0945945945945947
5	218.0	2.123853211009174
9	216.0	1.4305555555555556
11	154.0	1.0
12	162.0	1.0
7	210.0	1.4333333333333333
3	224.0	2.1294642857142856
8	202.0	1.50990099009901
1	231.0	2.012987012987013
13	163.0	1.0
14	157.0	1.0
10	161.0	1.0
6	205.0	1.4585365853658536
17	148.0	1.0
24	153.0	1.0
20	147.0	1.0
22	157.0	1.0
25	165.0	1.0
23	157.0	1.0
16	146.0	1.0
19	157.0	1.0
15	144.0	1.0
18	154.0	1.0
21	151.0	1.0
0	215.0	2.2511627906976743
