250

4
7
11
11
9
11
11
2
11
10
9
11
11
11
10
11
11
11
11
11
11
10
11
11
11
11
11
11
11
11
11
11
11
11
11
7
11
11
11
9
8
9
8
9
11
9
5
11
4
9
11
11
7
11
11
11
9
11
5
9
11
11
6
10
10
9
11
11
10
11
8
11
11
11
11
11
11
11
11
7
11
11
11
11
11
5
11
11
11
11
11
9
7
11
9
11
9
8
8
11
11
11
8
11
10
9
5
11
11
9
10
11
11
8
10
11
11
9
10
8
10
10
10
11
11
10
10
11
11
10
9
11
11
11
5
11
11
9
11
9
11
11
11
9
11
11
11
2
11
10
10
10
8
11
11
8
6
11
9
11
8
11
5
11
8
10
5
11
5
10
11
11
11
11
11
11
11
11
10
9
11
11
9
11
11
11
7
11
11
10
11
7
11
11
11
10
11
11
11
9
8
11
10
10
9
9
7
8
11
10
11
11
11
8
11
11
3
11
9
8
11
11
11
10
11
10
11
11
11
11
11
11
9
11
5
7
2
10
10
11
10
11
11
11
10
11
11
11
11
10

2	215.0	1.0
5	200.0	1.0
3	201.0	1.0
7	180.0	1.0
4	202.0	1.0
1	214.0	1.0
6	212.0	1.0
10	203.0	1.0
9	197.0	1.0
8	214.0	1.0
0	235.0	1.8085106382978724
