100

38
2
38
37
36
34
8
17
20
8
23
32
29
33
37
35
31
30
33
36
33
28
18
12
5
10
36
37
26
14
18
24
14
3
29
35
30
21
8
36
14
34
36
29
26
35
37
34
10
32
29
38
25
25
35
20
30
28
35
25
33
24
32
25
5
35
15
33
36
24
19
32
19
38
37
4
36
24
30
35
31
19
36
38
30
35
25
14
23
32
24
37
26
8
36
16
25
13
10
33

12	54.0	1.0
10	69.0	1.0
1	93.0	1.956989247311828
14	69.0	1.0
2	95.0	1.8842105263157896
11	62.0	1.0
15	65.0	1.0
9	84.0	1.5
13	64.0	1.0
18	64.0	1.0
16	65.0	1.0
4	90.0	2.066666666666667
7	83.0	1.6144578313253013
5	89.0	2.146067415730337
8	83.0	1.5301204819277108
17	71.0	1.0
3	89.0	2.202247191011236
6	82.0	1.5975609756097562
21	58.0	1.0
24	54.0	1.0
23	58.0	1.0
22	57.0	1.0
25	59.0	1.0
20	50.0	1.0
19	60.0	1.0
0	91.0	2.0549450549450547
