250

40
40
38
41
30
41
39
33
41
40
38
34
40
41
41
38
41
32
24
40
40
41
40
40
23
33
29
36
38
40
11
38
41
38
40
38
37
39
40
40
38
40
40
41
21
39
40
39
40
40
41
40
40
41
41
30
41
29
40
41
40
41
41
39
41
29
40
41
41
38
40
35
40
41
32
40
40
38
41
41
41
38
41
41
40
38
5
41
40
40
41
40
40
41
41
40
38
32
35
32
40
41
41
40
41
40
40
41
41
40
38
32
38
24
39
41
28
40
40
41
40
36
38
40
36
40
24
32
38
40
41
40
40
33
41
40
24
39
40
33
39
38
40
41
36
40
20
40
40
41
36
40
40
40
30
40
40
28
40
41
38
38
29
40
40
41
37
40
30
39
40
40
40
41
40
40
40
40
41
38
40
40
41
38
24
19
41
41
41
41
38
34
41
38
41
38
41
40
41
32
40
41
40
18
38
31
38
27
40
40
41
30
36
41
41
41
10
40
24
39
40
40
39
40
41
40
40
41
38
40
41
41
35
7
40
41
40
40
40
35
40
38
41
41
39
40
36
41
40
41

12	227.0	1.0
11	229.0	1.0
15	217.0	1.0
4	248.0	2.6451612903225805
14	219.0	1.0
8	249.0	1.823293172690763
3	248.0	2.717741935483871
10	224.0	1.0
6	242.0	1.8553719008264462
2	248.0	2.7379032258064515
5	247.0	2.720647773279352
1	250.0	2.704
16	222.0	1.0
9	247.0	1.8299595141700404
13	223.0	1.0
7	248.0	1.7620967741935485
19	226.0	1.0
24	214.0	1.0
17	215.0	1.0
21	218.0	1.0
20	219.0	1.0
22	222.0	1.0
25	227.0	1.0
18	229.0	1.0
23	227.0	1.0
0	247.0	2.7449392712550607
