100

40
32
11
36
38
19
38
39
38
34
19
34
40
16
35
39
35
10
25
40
39
18
39
15
38
38
35
17
38
10
8
38
35
28
14
7
34
18
40
19
38
23
36
23
38
15
28
32
39
37
38
30
8
38
11
29
39
39
38
39
24
33
26
40
36
34
39
40
37
38
38
17
36
32
39
34
37
30
35
36
27
36
26
38
39
38
24
3
37
29
39
38
38
40
40
34
19
34
6
38

13	77.0	1.0
1	91.0	2.4285714285714284
6	93.0	1.6236559139784945
5	93.0	2.3118279569892475
2	98.0	2.2755102040816326
3	93.0	2.3870967741935485
7	94.0	1.574468085106383
10	76.0	1.0
4	94.0	2.351063829787234
9	91.0	1.5714285714285714
8	92.0	1.576086956521739
14	77.0	1.0
11	72.0	1.0
12	77.0	1.0
21	75.0	1.0
18	70.0	1.0
23	66.0	1.0
22	70.0	1.0
15	70.0	1.0
24	69.0	1.0
17	74.0	1.0
16	72.0	1.0
19	68.0	1.0
20	68.0	1.0
25	71.0	1.0
0	95.0	2.389473684210526
