25

37
33
28
35
32
39
6
11
24
34
27
15
7
35
29
10
37
30
38
21
37
37
8
8
38

2	22.0	2.272727272727273
8	20.0	1.45
10	14.0	1.0
6	21.0	1.380952380952381
4	22.0	2.272727272727273
1	24.0	2.2083333333333335
3	24.0	2.0416666666666665
5	23.0	2.0869565217391304
7	23.0	1.391304347826087
12	18.0	1.0
9	23.0	1.4782608695652173
11	20.0	1.0
18	14.0	1.0
21	16.0	1.0
15	14.0	1.0
25	15.0	1.0
22	16.0	1.0
13	16.0	1.0
14	15.0	1.0
24	16.0	1.0
16	13.0	1.0
17	14.0	1.0
20	12.0	1.0
19	16.0	1.0
23	15.0	1.0
0	22.0	1.7272727272727273
