247

5
3
8
7
6
5
3
6
3
7
8
3
5
8
8
9
6
9
6
6
8
4
7
9
5
6
3
4
9
7
5
4
4
6
8
8
8
5
2
6
7
3
2
4
8
6
3
8
6
2
9
7
2
4
9
8
6
3
5
9
9
4
4
8
7
9
7
8
8
7
2
5
7
9
2
6
7
5
8
8
9
6
2
8
3
7
7
6
4
6
4
6
9
7
9
7
6
7
3
5
8
6
7
5
4
4
5
8
2
4
3
2
7
7
4
7
7
4
9
2
2
9
9
5
8
7
4
8
5
9
4
8
9
6
3
9
6
3
2
6
4
6
9
6
7
8
8
7
6
7
2
3
7
5
5
6
9
7
5
2
3
7
5
6
5
7
8
5
6
9
3
9
2
8
2
2
5
4
6
6
7
2
4
4
5
3
3
6
4
8
3
6
2
8
7
9
7
6
8
8
3
8
7
8
7
8
5
9
3
5
7
6
4
5
7
8
7
8
4
4
8
2
9
8
6
9
4
8
5
4
9
7
4
9
9
6
3
2
5
7
6
4
3
9
8
6
2

2	116.0	1.0
4	109.0	1.0091743119266054
5	111.0	1.0
6	115.0	1.008695652173913
1	127.0	1.0
3	117.0	1.0
7	114.0	1.0
8	128.0	1.0
9	132.0	1.0
10	117.0	1.0
0	196.0	1.336734693877551
