100

22
39
26
39
38
23
15
25
36
22
39
27
9
39
39
40
38
23
36
38
40
38
37
18
22
7
39
37
35
34
38
27
37
38
13
37
40
39
38
32
38
35
35
37
38
38
37
36
30
35
33
21
35
36
22
34
4
7
34
37
36
36
18
12
22
37
37
3
36
40
39
39
14
26
36
39
39
6
39
39
35
38
38
31
36
37
39
39
18
39
38
7
39
38
36
31
36
8
36
39

7	91.0	1.7142857142857142
6	96.0	1.59375
1	95.0	2.357894736842105
2	96.0	2.34375
5	95.0	2.4
4	94.0	2.25531914893617
3	92.0	2.4347826086956523
21	76.0	1.0
12	74.0	1.0
10	71.0	1.0
19	76.0	1.0
8	83.0	1.6746987951807228
13	73.0	1.0
17	78.0	1.0
20	75.0	1.0
18	71.0	1.0
14	73.0	1.0
11	74.0	1.0
9	86.0	1.7209302325581395
16	75.0	1.0
15	76.0	1.0
24	70.0	1.0
22	79.0	1.0
23	75.0	1.0
25	79.0	1.0
0	95.0	2.4
