250

36
38
28
35
39
40
34
34
30
32
39
7
8
39
26
38
40
34
34
27
32
32
36
38
36
36
37
38
8
36
28
38
36
14
38
34
38
34
36
39
37
6
27
32
31
36
37
37
36
34
32
14
36
38
13
34
26
23
12
23
36
38
34
26
21
38
27
38
38
36
36
36
8
36
26
29
37
40
19
36
37
40
38
38
35
28
32
38
36
39
35
29
33
32
38
10
30
38
14
39
32
38
38
34
36
39
28
36
40
39
37
38
38
13
32
33
3
38
20
36
39
34
32
39
14
29
31
39
33
28
28
38
32
11
38
14
26
39
36
33
36
34
36
28
16
33
36
29
4
39
31
39
38
39
39
40
12
21
38
32
17
39
9
31
29
37
39
39
38
40
38
26
32
37
37
32
38
35
38
35
38
36
33
38
39
32
37
38
10
39
40
37
38
7
36
28
9
21
38
38
19
18
32
25
16
39
37
40
39
39
22
37
27
20
37
35
20
38
38
36
19
38
19
37
38
37
39
38
38
28
33
39
38
24
35
38
34
38
24
31
38
29
30
4
39
33
37
27
38
39

8	233.0	1.613733905579399
15	178.0	1.0
4	242.0	2.3388429752066116
5	233.0	2.313304721030043
1	245.0	2.3714285714285714
9	233.0	1.6394849785407726
3	241.0	2.336099585062241
11	190.0	1.0
10	180.0	1.0
6	237.0	1.5527426160337552
7	236.0	1.6483050847457628
2	233.0	2.459227467811159
12	193.0	1.0
13	188.0	1.0
14	193.0	1.0
25	184.0	1.0
18	192.0	1.0
20	190.0	1.0
19	188.0	1.0
23	194.0	1.0
21	197.0	1.0
22	179.0	1.0
16	182.0	1.0
17	197.0	1.0
24	192.0	1.0
0	239.0	2.418410041841004
