250

31
37
38
39
36
39
39
37
36
2
38
31
28
38
33
26
36
13
38
38
35
6
30
34
33
29
26
36
39
35
24
30
28
38
38
37
32
34
33
39
34
24
39
13
39
36
39
38
37
36
36
34
38
36
4
39
26
37
38
38
39
32
38
39
37
33
20
38
16
33
17
36
33
40
35
27
39
39
28
36
25
36
14
6
35
35
32
38
3
39
34
37
18
18
38
39
30
5
36
38
40
38
36
39
40
39
10
39
37
38
14
34
36
37
39
39
31
36
38
38
38
39
8
37
37
35
40
7
13
24
36
36
40
36
39
38
38
10
24
39
36
32
36
38
38
33
37
4
38
28
28
40
18
39
39
32
32
32
40
35
40
32
39
40
35
26
35
37
36
35
34
27
36
39
39
37
4
37
30
37
34
37
34
24
36
38
37
30
38
12
36
22
36
28
40
37
27
13
39
4
39
29
14
39
38
39
34
38
38
38
24
39
38
34
37
12
25
39
31
39
34
20
35
35
26
27
36
18
38
32
10
38
11
30
15
31
34
36
39
15
40
32
38
40
36
36
21
40
36
34

8	236.0	1.6991525423728813
4	244.0	2.3647540983606556
11	192.0	1.0
2	239.0	2.3723849372384938
7	237.0	1.5864978902953586
9	232.0	1.6508620689655173
5	237.0	2.4261603375527425
1	239.0	2.3765690376569037
3	239.0	2.3556485355648538
6	230.0	1.626086956521739
10	190.0	1.0
22	198.0	1.0
18	201.0	1.0
20	181.0	1.0
12	183.0	1.0
19	188.0	1.0
23	194.0	1.0
21	183.0	1.0
15	187.0	1.0
24	193.0	1.0
14	187.0	1.0
13	186.0	1.0
17	179.0	1.0
16	180.0	1.0
25	196.0	1.0
0	235.0	2.4680851063829787
