248

30
37
38
33
7
30
22
37
22
10
31
30
31
26
32
27
16
33
9
28
29
25
33
37
23
18
25
22
25
24
30
26
37
10
37
36
33
21
28
38
35
6
34
3
30
31
30
33
18
5
35
18
4
26
37
31
31
24
37
29
25
30
35
38
34
29
25
16
31
37
23
26
14
38
35
35
29
4
34
38
38
32
34
6
35
33
29
29
15
25
27
37
30
34
37
20
29
35
34
35
36
37
13
36
29
23
36
36
15
33
13
11
32
32
38
35
23
16
36
33
31
12
26
37
29
33
29
36
7
35
33
32
26
6
11
30
37
34
32
26
14
39
31
38
34
27
38
34
38
37
33
15
36
23
9
32
6
3
15
36
37
13
28
2
38
35
10
28
37
19
36
26
38
3
18
28
34
31
20
26
36
31
3
29
38
33
35
23
35
37
21
38
18
8
16
34
27
33
32
38
38
37
36
35
35
5
15
30
5
38
19
35
36
36
32
4
33
37
31
37
35
17
31
12
36
35
35
23
39
11
36
5
37
3
27
34
36
10
30
34
38
38
14
35
33
34
10
38

1	227.0	2.1629955947136565
14	161.0	1.0
17	156.0	1.0
15	164.0	1.0
10	159.0	1.0
7	211.0	1.5308056872037914
20	166.0	1.0
5	223.0	2.188340807174888
11	159.0	1.0
9	209.0	1.4976076555023923
2	213.0	2.183098591549296
13	165.0	1.0
4	223.0	2.1614349775784754
21	161.0	1.0
22	160.0	1.0
12	155.0	1.0
6	215.0	1.5395348837209302
8	187.0	1.7058823529411764
18	155.0	1.0
19	163.0	1.0
23	158.0	1.0
3	226.0	2.2123893805309733
16	177.0	1.0
24	169.0	1.0
25	165.0	1.0
0	224.0	2.2455357142857144
