100

38
31
15
34
38
37
6
32
34
32
39
36
39
40
36
36
18
10
38
24
35
39
22
34
3
40
38
38
17
34
5
37
37
34
31
19
38
39
29
26
38
39
8
36
36
8
25
35
5
39
38
16
12
38
31
13
35
30
39
36
37
15
38
4
34
40
18
28
38
37
30
13
38
25
38
38
37
38
35
39
31
36
39
40
38
40
32
35
33
24
36
39
27
38
37
7
35
30
33
23

12	76.0	1.0
1	93.0	2.3870967741935485
5	94.0	2.25531914893617
6	88.0	1.7045454545454546
2	92.0	2.369565217391304
9	87.0	1.5747126436781609
11	78.0	1.0
3	95.0	2.263157894736842
18	76.0	1.0
10	79.0	1.0
15	76.0	1.0
17	78.0	1.0
14	71.0	1.0
8	84.0	1.75
4	90.0	2.3555555555555556
13	76.0	1.0
7	92.0	1.6956521739130435
16	77.0	1.0
22	73.0	1.0
24	69.0	1.0
20	65.0	1.0
21	70.0	1.0
19	60.0	1.0
25	64.0	1.0
23	65.0	1.0
0	93.0	2.3225806451612905
