250

10
33
36
28
33
29
23
17
19
35
36
18
28
34
32
31
36
35
22
31
2
37
10
5
25
30
35
38
33
18
31
35
13
16
32
10
28
5
10
36
14
24
33
5
36
14
36
4
5
34
32
27
33
8
36
29
28
35
37
32
35
29
37
37
25
3
33
29
34
35
36
33
37
35
37
20
36
36
37
37
12
34
36
6
3
38
17
33
33
20
22
34
37
36
34
20
8
33
29
37
14
23
3
33
35
34
35
36
36
26
28
6
12
34
2
35
19
11
6
11
6
12
2
33
30
27
37
34
36
28
29
36
8
33
28
35
33
10
36
16
10
37
31
2
34
27
19
33
16
37
37
36
24
4
38
38
15
28
20
33
24
25
37
22
6
38
35
28
36
29
6
38
37
35
9
25
9
35
34
26
36
15
3
23
38
24
10
34
14
20
33
17
6
37
36
33
30
12
36
37
33
38
37
32
24
9
8
34
37
29
35
34
5
25
10
8
37
22
29
30
5
35
35
27
5
39
16
26
37
24
28
26
18
7
26
8
28
38
31
26
37
26
26
36
37
33
28
7
14
10

8	219.0	1.4931506849315068
4	209.0	2.229665071770335
7	212.0	1.5235849056603774
10	172.0	1.0
2	226.0	2.0530973451327434
9	213.0	1.4178403755868545
5	225.0	2.0
1	222.0	2.0045045045045047
3	224.0	1.9955357142857142
6	213.0	1.4647887323943662
22	162.0	1.0
11	144.0	1.0
24	146.0	1.0
14	158.0	1.0
25	148.0	1.0
13	149.0	1.0
16	146.0	1.0
21	149.0	1.0
12	140.0	1.0
20	148.0	1.0
17	154.0	1.0
15	145.0	1.0
23	142.0	1.0
18	148.0	1.0
19	148.0	1.0
0	229.0	2.1615720524017465
