99

30
35
25
32
28
30
32
12
37
31
16
32
13
27
36
11
5
32
35
32
32
35
34
37
31
37
36
35
31
32
20
4
27
8
35
31
15
35
17
37
29
17
31
13
38
35
29
32
22
3
39
35
23
35
6
33
37
13
36
8
25
38
15
29
12
27
34
26
35
10
22
15
35
37
36
30
4
36
37
34
33
35
35
30
27
34
35
19
31
11
21
3
36
13
37
35
29
25
31

10	66.0	1.0
11	62.0	1.0
8	85.0	1.5176470588235293
12	63.0	1.0
2	90.0	2.077777777777778
4	90.0	2.066666666666667
6	88.0	1.4318181818181819
5	89.0	2.044943820224719
7	86.0	1.5116279069767442
9	85.0	1.4823529411764707
3	92.0	2.0543478260869565
1	91.0	2.1758241758241756
18	69.0	1.0
17	67.0	1.0
16	63.0	1.0
19	63.0	1.0
24	62.0	1.0
21	68.0	1.0
14	61.0	1.0
20	61.0	1.0
23	63.0	1.0
15	60.0	1.0
22	62.0	1.0
13	59.0	1.0
25	65.0	1.0
0	89.0	2.292134831460674
