250

11
11
10
11
11
11
11
11
10
11
11
7
11
11
11
11
11
8
11
11
10
10
11
10
11
11
10
11
10
11
11
9
11
10
11
6
11
6
10
11
2
9
7
9
5
11
10
11
10
11
11
11
11
11
9
9
11
10
9
11
11
11
9
11
9
10
10
8
10
10
11
7
11
11
11
11
10
11
11
11
11
11
9
11
11
10
11
8
6
10
11
10
11
11
11
8
11
8
11
10
10
11
11
11
11
11
9
10
10
10
11
11
9
11
11
11
9
11
11
11
9
10
8
9
6
11
7
11
11
11
10
11
10
11
11
5
11
11
11
7
7
10
11
11
9
10
11
11
11
11
9
11
11
9
11
11
11
11
11
11
11
11
5
11
11
5
7
10
10
11
6
11
11
10
10
6
11
11
10
11
9
11
11
10
11
11
10
11
11
8
11
4
11
11
10
11
9
11
11
11
10
11
11
10
10
10
11
11
11
11
5
11
11
11
7
11
8
11
11
11
10
11
11
10
10
11
10
10
10
11
11
11
11
7
11
10
10
11
11
11
11
11
9
11
11
7
11
11
11
11

3	218.0	1.0
5	214.0	1.0
1	211.0	1.0
2	206.0	1.0
4	206.0	1.0
10	214.0	1.0
7	209.0	1.0
8	202.0	1.0
6	205.0	1.0
9	202.0	1.0
0	241.0	1.7966804979253113
