250

38
35
36
27
26
40
33
21
3
36
37
39
21
33
35
26
38
39
32
15
39
37
24
19
33
39
37
35
38
33
24
38
38
10
37
36
38
38
39
39
25
37
37
33
16
6
39
36
36
38
37
36
38
38
38
37
23
35
39
37
36
36
37
19
36
40
19
40
39
20
37
39
33
39
34
29
40
38
40
35
39
34
28
15
36
33
39
39
39
38
35
36
32
28
27
39
38
32
13
21
38
11
39
30
36
36
35
38
39
8
39
39
26
36
37
36
40
31
19
5
37
39
38
15
39
30
36
37
34
39
30
3
30
38
33
27
39
39
38
38
38
30
14
37
40
30
25
40
34
13
38
38
37
21
37
33
39
38
37
31
23
28
30
21
38
39
5
36
37
37
39
38
35
23
38
38
39
21
39
38
36
35
38
30
35
37
26
38
26
37
38
34
5
39
38
14
39
36
35
37
38
20
36
25
20
38
12
31
30
13
37
34
21
12
36
20
25
36
39
32
39
39
23
32
35
39
29
37
34
19
14
32
39
7
39
36
28
34
16
38
39
40
37
37
38
33
38
37
33
39

3	240.0	2.3041666666666667
4	237.0	2.5147679324894514
2	235.0	2.3404255319148937
1	240.0	2.375
19	198.0	1.0
14	204.0	1.0
11	190.0	1.0
5	231.0	2.45021645021645
15	196.0	1.0
18	202.0	1.0
8	231.0	1.645021645021645
13	190.0	1.0
12	195.0	1.0
21	185.0	1.0
22	177.0	1.0
16	187.0	1.0
17	182.0	1.0
25	180.0	1.0
10	184.0	1.0
23	181.0	1.0
6	220.0	1.709090909090909
24	206.0	1.0
7	230.0	1.691304347826087
20	203.0	1.0
9	228.0	1.719298245614035
0	245.0	2.4244897959183676
