250

5
35
38
21
37
37
2
38
38
37
34
22
27
32
33
37
29
8
3
32
28
12
30
35
3
39
38
17
3
33
35
36
37
38
31
37
32
30
26
27
30
34
12
29
12
34
6
32
19
19
19
26
35
35
34
33
28
23
18
31
22
29
26
37
37
30
35
34
28
37
19
38
13
32
29
33
27
31
37
39
3
33
37
16
22
34
29
25
37
36
36
35
36
38
11
31
36
35
10
4
2
23
16
33
23
14
24
37
4
36
9
13
35
33
38
30
33
25
36
37
37
20
35
10
18
19
37
14
32
34
39
25
33
29
34
2
32
13
36
17
27
37
36
25
21
34
38
36
35
31
19
28
23
28
34
20
9
28
36
35
36
31
36
33
22
34
24
33
36
4
36
35
32
26
23
2
37
37
34
21
30
29
34
38
30
32
19
33
31
35
30
23
36
32
26
10
34
36
38
28
36
3
23
36
36
37
33
13
25
31
27
35
2
37
27
34
22
32
35
20
37
26
31
30
22
28
34
25
33
36
34
14
16
30
17
32
34
34
37
32
31
34
31
31
23
7
37
17
35
11

9	215.0	1.558139534883721
3	220.0	2.25
13	160.0	1.0
6	219.0	1.5707762557077625
7	201.0	1.681592039800995
2	231.0	2.1991341991341993
15	162.0	1.0
5	227.0	2.145374449339207
8	209.0	1.5167464114832536
10	161.0	1.0
12	170.0	1.0
17	167.0	1.0
4	226.0	2.1548672566371683
1	228.0	2.1052631578947367
11	162.0	1.0
14	172.0	1.0
16	171.0	1.0
22	172.0	1.0
18	156.0	1.0
23	169.0	1.0
19	169.0	1.0
24	158.0	1.0
25	161.0	1.0
21	157.0	1.0
20	163.0	1.0
0	226.0	2.269911504424779
