250

31
39
32
29
32
33
12
38
25
38
35
39
34
40
33
38
37
28
37
40
27
19
27
39
33
38
29
35
30
32
36
6
33
38
34
16
6
40
39
39
15
37
28
32
31
33
35
31
23
11
39
37
30
36
38
37
13
32
38
27
37
7
32
38
38
37
35
39
39
25
31
11
36
31
38
38
20
34
38
40
28
39
36
39
39
31
24
36
39
38
37
25
37
39
38
40
39
38
35
39
38
29
34
40
39
5
38
39
40
27
35
32
31
36
28
37
30
29
33
37
35
38
29
15
39
22
40
19
37
10
36
35
37
40
40
27
3
37
39
23
35
39
39
37
39
26
10
31
34
28
38
16
10
38
27
37
39
30
37
31
39
20
19
9
7
40
39
21
38
31
36
29
11
39
29
37
3
34
35
22
30
30
39
34
38
38
30
37
38
9
3
31
23
15
39
27
38
37
32
40
30
22
39
24
35
38
13
23
36
38
31
32
33
35
40
26
39
38
37
34
31
39
39
27
39
3
39
38
4
27
36
36
36
39
27
38
6
39
14
16
37
39
39
6
27
38
38
8
36
36

18	195.0	1.0
2	237.0	2.278481012658228
15	177.0	1.0
16	180.0	1.0
10	194.0	1.0
21	200.0	1.0
11	198.0	1.0
17	200.0	1.0
19	192.0	1.0
3	234.0	2.3376068376068377
14	186.0	1.0
7	231.0	1.6883116883116882
1	237.0	2.4345991561181433
4	237.0	2.261603375527426
6	230.0	1.5782608695652174
12	183.0	1.0
8	224.0	1.6830357142857142
9	217.0	1.7142857142857142
13	189.0	1.0
20	186.0	1.0
5	236.0	2.25
23	171.0	1.0
25	174.0	1.0
24	175.0	1.0
22	175.0	1.0
0	231.0	2.45021645021645
