99

17
22
35
28
17
31
34
38
17
38
34
28
29
33
33
8
37
19
6
33
22
37
35
32
20
20
8
35
35
3
37
37
34
10
32
32
27
33
36
9
38
13
36
31
8
20
29
33
31
31
28
34
34
23
36
29
36
14
33
36
31
12
37
28
33
35
37
20
26
32
27
17
28
29
36
27
30
9
10
27
34
22
16
35
36
24
8
38
31
33
24
25
32
25
24
27
31
37
23

1	93.0	2.043010752688172
14	67.0	1.0
2	90.0	2.1444444444444444
9	88.0	1.4545454545454546
11	66.0	1.0
8	85.0	1.5529411764705883
17	71.0	1.0
3	92.0	2.032608695652174
12	69.0	1.0
16	62.0	1.0
5	91.0	2.131868131868132
4	91.0	2.1538461538461537
15	73.0	1.0
10	74.0	1.0
6	84.0	1.5357142857142858
7	87.0	1.6091954022988506
13	69.0	1.0
21	65.0	1.0
18	60.0	1.0
19	59.0	1.0
25	54.0	1.0
24	57.0	1.0
20	56.0	1.0
22	60.0	1.0
23	49.0	1.0
0	93.0	2.150537634408602
