250

37
40
40
37
39
40
41
40
38
41
24
41
39
40
40
41
41
40
40
40
31
40
41
38
41
38
41
37
5
14
38
39
41
40
40
40
40
41
40
40
32
40
39
28
40
28
41
40
30
40
33
39
40
38
38
38
40
39
38
40
39
40
40
39
41
16
41
40
41
39
41
40
37
41
41
40
37
37
37
40
40
40
7
35
41
33
40
40
41
40
25
35
38
40
18
40
34
31
40
38
41
41
37
40
9
37
5
40
40
36
40
40
41
38
32
35
38
40
30
40
38
32
36
39
41
41
40
38
7
35
39
40
40
41
40
40
41
38
40
31
40
38
40
37
36
40
40
37
40
40
40
40
41
40
41
40
40
41
40
40
24
41
40
32
29
40
35
40
40
41
37
39
40
41
31
39
40
40
35
23
40
40
21
41
41
13
39
40
39
29
41
33
40
41
15
40
30
40
40
40
40
36
39
40
38
10
34
41
21
35
33
40
38
41
40
35
34
40
40
38
40
40
40
33
41
37
40
40
40
41
40
40
10
40
34
40
40
34
38
40
34
40
41
41
41
41
33
23
40
40

4	245.0	2.6897959183673468
3	246.0	2.6666666666666665
2	246.0	2.6504065040650406
1	243.0	2.707818930041152
25	216.0	1.0
7	239.0	1.8242677824267783
20	218.0	1.0
11	225.0	1.0
15	228.0	1.0
9	242.0	1.8264462809917354
23	224.0	1.0
18	217.0	1.0
12	227.0	1.0
17	217.0	1.0
10	223.0	1.0
21	215.0	1.0
8	240.0	1.8125
6	236.0	1.805084745762712
24	222.0	1.0
19	219.0	1.0
13	212.0	1.0
14	218.0	1.0
5	246.0	2.6910569105691056
22	213.0	1.0
16	218.0	1.0
0	245.0	2.706122448979592
