25

40
15
40
40
30
40
35
37
32
40
41
39
40
41
41
6
34
40
8
40
41
40
41
21
41

3	25.0	2.6
4	24.0	2.5416666666666665
18	20.0	1.0
7	22.0	1.6818181818181819
17	20.0	1.0
6	22.0	1.7272727272727273
10	18.0	1.0
8	21.0	1.8095238095238095
16	21.0	1.0
13	22.0	1.0
1	24.0	2.625
12	22.0	1.0
9	23.0	1.826086956521739
15	20.0	1.0
5	24.0	2.5833333333333335
14	20.0	1.0
11	20.0	1.0
2	24.0	2.6666666666666665
20	21.0	1.0
21	22.0	1.0
19	20.0	1.0
25	22.0	1.0
23	22.0	1.0
24	21.0	1.0
22	21.0	1.0
0	22.0	2.772727272727273
