100

36
34
6
26
18
34
3
17
28
21
37
38
37
34
32
19
36
28
30
38
27
28
34
24
37
35
33
27
18
20
30
38
37
37
34
38
37
28
38
34
31
28
29
32
37
32
14
36
32
37
33
39
20
37
37
28
30
32
21
35
27
13
34
35
32
21
24
32
16
24
24
26
37
33
3
37
38
32
16
37
31
22
8
8
37
37
32
36
38
34
34
33
25
31
37
33
37
27
21
33

7	95.0	1.5578947368421052
1	94.0	2.297872340425532
2	99.0	2.1818181818181817
5	94.0	2.095744680851064
3	94.0	2.117021276595745
8	89.0	1.5393258426966292
4	92.0	2.239130434782609
6	92.0	1.4673913043478262
9	90.0	1.5
23	71.0	1.0
22	76.0	1.0
20	68.0	1.0
14	74.0	1.0
13	64.0	1.0
21	70.0	1.0
16	66.0	1.0
11	76.0	1.0
24	65.0	1.0
15	64.0	1.0
19	72.0	1.0
10	68.0	1.0
12	79.0	1.0
25	71.0	1.0
18	74.0	1.0
17	77.0	1.0
0	95.0	2.2842105263157895
