100

9
37
15
33
35
35
30
35
32
20
37
30
36
33
34
34
38
35
10
36
31
34
32
27
31
32
14
37
5
20
30
4
36
20
34
33
35
35
17
33
26
33
32
27
29
37
38
35
25
37
20
28
16
32
18
32
6
30
5
38
34
23
14
25
5
35
36
37
37
2
34
36
25
35
34
23
7
27
36
6
38
32
30
3
31
13
36
2
2
3
33
37
27
20
20
34
35
16
39
4

3	87.0	2.103448275862069
4	87.0	2.1954022988505746
1	87.0	2.0919540229885056
2	86.0	2.1511627906976742
11	62.0	1.0
6	71.0	1.7464788732394365
16	59.0	1.0
13	63.0	1.0
15	75.0	1.0
14	73.0	1.0
22	62.0	1.0
12	62.0	1.0
10	64.0	1.0
18	60.0	1.0
8	71.0	1.6901408450704225
24	58.0	1.0
7	77.0	1.6493506493506493
17	67.0	1.0
21	63.0	1.0
25	59.0	1.0
19	66.0	1.0
5	89.0	2.146067415730337
9	84.0	1.630952380952381
20	65.0	1.0
23	60.0	1.0
0	89.0	2.202247191011236
