100

7
27
36
24
31
36
28
22
33
38
17
35
35
36
5
37
35
11
34
34
32
19
5
35
32
37
9
39
36
13
30
11
32
5
37
34
37
34
33
32
6
35
21
24
38
35
29
31
24
6
35
6
36
34
36
37
36
14
32
36
36
12
36
20
23
32
26
21
38
7
19
31
36
31
31
34
35
29
26
22
34
37
19
20
33
36
27
31
32
13
37
32
29
22
33
35
25
38
9
33

18	63.0	1.0
2	89.0	2.269662921348315
23	66.0	1.0
4	90.0	2.1
8	77.0	1.6103896103896105
24	60.0	1.0
1	89.0	2.146067415730337
7	89.0	1.4943820224719102
10	68.0	1.0
5	89.0	2.191011235955056
17	62.0	1.0
9	86.0	1.569767441860465
11	61.0	1.0
15	60.0	1.0
14	66.0	1.0
13	62.0	1.0
12	68.0	1.0
19	68.0	1.0147058823529411
3	91.0	2.142857142857143
21	64.0	1.0
6	87.0	1.6551724137931034
20	73.0	1.0
22	71.0	1.0
16	74.0	1.0
25	71.0	1.0
0	93.0	2.236559139784946
