25

30
27
40
39
27
39
39
35
34
30
37
34
12
4
40
38
36
39
38
27
39
38
28
40
32

8	22.0	1.8636363636363635
9	24.0	1.7916666666666667
13	23.0	1.0
12	20.0	1.0
6	24.0	1.9166666666666667
18	20.0	1.0
7	23.0	1.7826086956521738
11	19.0	1.0
2	23.0	2.391304347826087
19	21.0	1.0
17	21.0	1.0
14	24.0	1.0
15	20.0	1.0
10	22.0	1.0
1	23.0	2.391304347826087
3	24.0	2.2916666666666665
4	25.0	2.52
5	23.0	2.4347826086956523
16	24.0	1.0
24	17.0	1.0
21	17.0	1.0
22	15.0	1.0
20	16.0	1.0
25	17.0	1.0
23	12.0	1.0
0	25.0	2.36
