100

32
33
40
28
41
38
38
40
40
40
40
37
41
41
40
30
39
40
40
39
38
41
40
39
39
41
38
40
38
40
40
38
38
41
41
40
41
40
41
40
37
32
40
35
35
40
41
41
40
41
41
40
40
34
40
39
41
40
40
40
40
40
7
39
27
15
27
38
28
40
40
41
40
41
31
38
40
37
22
40
38
38
39
40
37
25
39
40
40
40
41
40
40
40
38
32
38
22
40
41

3	100.0	2.75
4	100.0	2.64
18	92.0	1.0
7	96.0	1.90625
17	93.0	1.0
6	96.0	1.8541666666666667
10	82.0	1.0
8	97.0	1.8453608247422681
16	90.0	1.0
13	92.0	1.0
1	100.0	2.72
12	91.0	1.0
9	99.0	1.8282828282828283
15	88.0	1.0
5	99.0	2.6464646464646466
14	83.0	1.0
11	90.0	1.0
2	99.0	2.686868686868687
20	88.0	1.0
21	89.0	1.0
19	93.0	1.0
25	88.0	1.0
23	88.0	1.0
24	88.0	1.0
22	87.0	1.0
0	99.0	2.676767676767677
