25

31
28
17
2
36
29
10
39
33
4
36
36
34
36
36
34
34
37
36
22
33
5
36
30
33

7	22.0	1.5
2	21.0	2.2857142857142856
6	23.0	1.565217391304348
4	23.0	2.391304347826087
1	23.0	2.1739130434782608
5	21.0	2.1904761904761907
3	24.0	2.0416666666666665
20	17.0	1.0
15	15.0	1.0
13	18.0	1.0
25	14.0	1.0
18	15.0	1.0
21	16.0	1.0
17	15.0	1.0
9	21.0	1.4761904761904763
16	18.0	1.0
11	18.0	1.0
22	16.0	1.0
24	18.0	1.0
14	20.0	1.0
12	19.0	1.0
19	19.0	1.0
10	17.0	1.0
8	22.0	1.5454545454545454
23	18.0	1.0
0	21.0	2.4761904761904763
