250

36
39
39
37
35
31
24
38
26
15
33
33
37
28
34
40
25
34
11
30
30
27
34
38
31
37
26
26
34
26
38
32
39
13
38
38
40
28
29
39
37
8
37
4
39
33
38
35
19
29
37
20
33
28
39
33
32
30
38
36
32
32
38
39
35
37
31
18
33
39
25
28
17
40
37
37
40
38
36
40
39
35
37
8
39
36
31
30
39
26
29
39
32
35
39
35
34
37
36
37
38
38
17
38
31
24
38
38
25
40
14
39
39
35
39
37
25
38
37
37
33
14
36
39
38
38
31
38
32
39
3
35
37
38
7
13
38
39
36
34
30
29
40
33
40
38
32
39
36
40
38
35
34
39
39
27
34
11
5
18
37
38
30
30
4
39
37
36
30
39
24
38
27
39
36
20
30
35
36
25
37
38
37
4
38
39
37
37
39
36
39
23
40
37
9
18
36
32
35
33
39
39
38
38
37
39
34
17
32
6
39
21
37
38
37
34
6
38
39
33
38
39
25
33
17
38
37
37
39
40
15
39
3
5
40
6
31
37
38
36
38
36
39
40
20
36
35
36
38
40

1	239.0	2.426778242677824
14	194.0	1.0
17	185.0	1.0
15	189.0	1.0
10	187.0	1.0
7	224.0	1.6696428571428572
20	189.0	1.0
5	235.0	2.421276595744681
11	191.0	1.0
9	230.0	1.6478260869565218
2	236.0	2.360169491525424
13	185.0	1.0
4	238.0	2.4159663865546217
21	190.0	1.0
22	192.0	1.0
12	184.0	1.0
6	232.0	1.706896551724138
8	210.0	1.7666666666666666
18	182.0	1.0
19	196.0	1.0
23	185.0	1.0
3	238.0	2.403361344537815
16	211.0	1.0
24	201.0	1.0
25	194.0	1.0
0	234.0	2.47008547008547
