100

40
40
39
40
35
38
40
40
38
38
40
38
40
41
40
40
37
40
40
36
26
40
15
41
38
41
40
40
36
28
41
40
40
38
40
31
38
37
40
40
37
28
40
41
38
41
37
29
38
41
40
35
40
41
41
38
40
40
36
41
40
40
33
36
37
37
38
33
41
31
36
41
40
40
40
41
38
40
39
23
40
25
40
36
41
37
37
36
40
41
39
28
41
40
40
41
41
31
40
40

4	99.0	2.7676767676767677
6	98.0	1.9387755102040816
16	95.0	1.0
17	92.0	1.0
21	92.0	1.0
20	93.0	1.0
18	88.0	1.0
2	100.0	2.68
23	87.0	1.0
14	95.0	1.0
1	100.0	2.66
10	90.0	1.0
22	88.0	1.0
7	99.0	1.8484848484848484
19	88.0	1.0
13	87.0	1.0
15	83.0	1.0
11	84.0	1.0
5	100.0	2.67
3	100.0	2.6
9	99.0	1.7676767676767677
8	96.0	1.8541666666666667
12	87.0	1.0
24	85.0	1.0
25	96.0	1.0
0	100.0	2.79
