250

40
40
40
41
37
40
37
40
37
40
40
41
40
27
36
39
33
41
37
40
41
40
41
40
40
40
39
13
41
40
34
40
40
41
41
4
36
38
40
40
41
39
36
35
37
40
40
30
40
41
33
40
36
37
40
36
41
41
38
25
31
13
35
40
41
27
19
38
41
40
39
36
33
39
36
41
41
38
36
18
37
36
39
41
38
10
39
41
40
41
39
35
41
41
41
41
40
38
24
38
41
40
40
40
41
40
41
41
40
33
39
39
32
36
40
36
30
40
41
39
40
38
40
5
38
32
38
39
41
40
40
40
38
41
27
40
35
38
40
40
41
40
32
41
37
40
41
40
41
41
40
37
30
39
40
40
40
40
36
41
35
40
41
41
40
40
41
40
40
13
40
19
41
34
40
40
13
40
14
39
28
40
38
41
41
41
41
26
41
39
40
41
29
34
40
41
38
40
37
40
35
38
41
41
40
39
41
39
38
39
39
40
40
28
40
41
38
37
41
36
35
41
25
40
36
41
33
24
41
40
36
39
28
40
38
38
40
41
39
15
40
39
40
41
38
41
41
40
40
41

4	245.0	2.6448979591836737
1	248.0	2.629032258064516
7	244.0	1.7622950819672132
24	218.0	1.0
22	226.0	1.0
2	245.0	2.6816326530612247
12	216.0	1.0
15	220.0	1.0
8	238.0	1.8277310924369747
11	221.0	1.0
19	218.0	1.0
5	243.0	2.7325102880658436
6	247.0	1.7894736842105263
18	222.0	1.0
3	250.0	2.664
17	220.0	1.0
20	224.0	1.0
21	222.0	1.0
10	227.0	1.0
13	229.0	1.0
9	246.0	1.7926829268292683
14	221.0	1.0
23	222.0	1.0
16	224.0	1.0
25	226.0	1.0
0	244.0	2.7745901639344264
