249

14
38
37
13
37
27
29
32
36
37
21
8
20
3
29
28
31
36
19
14
7
28
38
22
31
33
9
34
38
13
32
37
38
13
31
30
28
28
23
34
28
4
34
32
36
16
35
18
32
27
33
11
26
38
36
35
9
36
27
17
17
4
8
36
36
39
2
32
18
37
34
10
37
14
29
3
19
25
36
31
4
37
28
28
14
36
8
19
35
33
35
37
38
3
34
25
6
31
31
19
32
38
23
38
33
34
12
28
21
26
33
26
35
5
36
33
33
24
3
22
37
34
30
36
27
9
26
4
7
19
37
36
26
17
33
3
28
36
23
26
35
30
19
30
3
28
7
23
27
35
2
34
6
35
35
14
32
36
35
31
38
35
37
22
15
33
36
30
14
34
31
38
33
16
22
37
37
12
36
13
21
4
31
13
34
35
34
35
38
20
29
33
31
25
36
4
14
26
33
29
8
16
32
37
34
33
23
34
34
34
37
35
28
38
22
31
34
36
32
8
37
36
16
35
6
21
28
15
29
38
35
36
28
32
35
32
37
35
19
3
23
36
30
35
26
31
33
8
30

6	178.0	1.6797752808988764
7	200.0	1.465
16	154.0	1.0
9	210.0	1.5476190476190477
14	150.0	1.0
8	214.0	1.5093457943925233
15	153.0	1.0
12	167.0	1.0
2	219.0	2.1552511415525113
10	151.0	1.0
1	222.0	2.0045045045045047
13	140.0	1.0
4	225.0	2.066666666666667
11	143.0	1.0
3	222.0	2.0675675675675675
5	220.0	2.1954545454545453
25	162.0	1.0
19	164.0	1.0
18	163.0	1.0
22	155.0	1.0
21	151.0	1.0
17	157.0	1.0
23	161.0	1.0
20	167.0	1.0
24	170.0	1.0
0	219.0	2.2511415525114153
