100

33
39
39
38
38
39
39
35
33
5
18
39
39
25
37
15
39
33
38
34
32
28
38
38
38
37
35
40
5
38
39
39
37
21
38
40
36
34
39
34
8
37
14
39
39
34
24
30
34
33
8
39
28
37
39
40
36
37
39
37
25
38
24
33
30
32
36
30
39
36
39
37
37
35
31
31
39
31
35
29
37
35
14
20
12
32
36
33
38
38
34
39
31
37
39
17
38
4
36
34

19	82.0	1.0
12	80.0	1.0
4	93.0	2.3978494623655915
5	93.0	2.4086021505376345
9	94.0	1.6808510638297873
7	86.0	1.813953488372093
17	81.0	1.0
18	83.0	1.0
10	78.0	1.0
11	82.0	1.0
6	95.0	1.6736842105263159
20	83.0	1.0
8	92.0	1.684782608695652
3	95.0	2.3684210526315788
14	71.0	1.0
15	70.0	1.0
13	75.0	1.0
2	95.0	2.431578947368421
16	75.0	1.0
1	99.0	2.3636363636363638
24	76.0	1.0
22	75.0	1.0
23	75.0	1.0
21	72.0	1.0
25	77.0	1.0
0	95.0	2.568421052631579
