250

7
36
22
38
39
10
31
39
39
7
36
36
33
38
5
29
27
31
39
33
38
38
35
4
39
36
40
29
36
35
38
26
16
31
38
38
39
29
39
37
35
31
32
31
30
34
37
36
34
27
21
37
7
39
24
3
39
29
39
40
37
34
39
3
27
15
37
22
38
39
38
37
39
37
32
37
37
37
21
39
32
35
40
31
36
39
33
10
40
39
39
10
38
39
39
5
35
39
38
31
38
40
33
34
30
31
28
36
36
33
39
36
35
40
39
37
33
32
25
36
33
24
37
37
30
39
35
4
24
32
36
35
22
38
34
24
17
39
40
13
28
36
15
35
38
39
34
37
36
26
36
38
17
38
35
37
37
36
39
23
36
33
40
39
31
38
10
39
39
6
33
36
15
37
40
38
38
10
39
36
40
38
36
26
39
6
38
38
37
35
38
23
35
38
14
38
38
29
30
39
34
39
11
38
38
31
25
34
35
37
24
37
35
19
38
39
39
31
37
18
36
40
36
3
10
39
38
5
38
3
19
27
32
16
38
39
38
34
39
38
33
32
37
37
37
38
26
39
31
38

1	233.0	2.424892703862661
3	231.0	2.3896103896103895
2	233.0	2.4163090128755367
24	188.0	1.0
16	183.0	1.0
15	180.0	1.0
17	178.0	1.0
25	192.0	1.0
22	184.0	1.0
19	193.0	1.0
23	182.0	1.0
8	232.0	1.6206896551724137
10	191.0	1.0
13	188.0	1.0
4	231.0	2.5108225108225106
21	192.0	1.0
14	203.0	1.0
20	194.0	1.0
18	191.0	1.0
11	190.0	1.0
12	199.0	1.0
5	231.0	2.432900432900433
6	227.0	1.6475770925110131
9	224.0	1.7053571428571428
7	224.0	1.6294642857142858
0	230.0	2.4956521739130433
