247

8
9
5
5
7
3
5
9
6
8
8
2
6
7
8
4
9
8
4
4
8
8
6
9
7
5
8
9
8
3
7
3
5
3
9
3
7
5
7
4
7
5
8
5
3
8
9
2
6
9
5
8
8
7
3
5
2
3
8
6
8
4
6
2
9
8
7
9
8
4
5
9
6
9
4
7
8
5
6
3
9
8
6
8
9
9
7
7
9
9
2
6
5
5
6
10
8
3
8
4
9
3
9
4
4
5
6
7
9
8
9
6
6
9
8
5
9
8
7
6
8
2
8
9
8
5
8
9
9
7
7
5
6
5
7
8
9
3
8
3
6
8
6
7
8
6
8
6
7
3
9
8
5
7
7
9
7
6
8
2
6
7
7
9
8
2
7
4
9
9
8
6
9
2
6
3
5
4
8
7
9
6
8
5
3
3
2
9
4
2
7
5
2
8
9
8
8
8
3
8
6
8
4
4
8
8
4
3
8
4
9
6
2
2
6
8
9
7
10
7
9
9
7
5
8
4
3
9
2
9
2
7
8
8
4
7
6
8
8
3
2
5
6
4
7
3
8

1	112.0	1.0089285714285714
3	113.0	1.0
4	128.0	1.0
2	150.0	1.0
9	134.0	1.0
5	115.0	1.0
7	121.0	1.0082644628099173
6	121.0	1.0082644628099173
8	122.0	1.0
10	141.0	1.0
0	205.0	1.473170731707317
