248

6
2
8
7
7
2
4
7
8
2
8
4
7
8
8
5
8
9
7
8
9
9
8
9
7
2
7
7
7
5
6
7
4
6
6
3
6
9
8
8
7
9
6
8
7
5
3
8
7
6
4
6
2
3
3
9
6
8
8
4
8
3
7
8
9
6
7
3
6
2
3
6
9
8
9
5
6
4
9
7
8
8
9
3
8
8
9
8
8
8
3
7
8
6
4
7
8
7
6
5
7
8
6
4
7
9
8
9
8
8
4
9
8
6
5
8
8
8
5
2
6
4
6
9
8
4
3
4
7
6
4
3
8
5
7
5
7
4
7
2
3
3
9
9
4
6
2
3
7
3
8
4
3
9
9
4
5
3
6
7
6
6
6
5
8
7
9
9
6
7
5
9
2
7
4
9
5
8
8
9
3
9
5
8
6
9
6
5
9
6
6
9
7
5
5
7
6
5
8
6
3
5
5
4
8
7
6
2
9
7
8
7
6
4
8
9
7
5
9
8
5
8
10
6
9
6
5
8
6
6
8
3
8
7
3
4
6
2
2
5
3
5
3
3
9
8
7
8

5	132.0	1.0
4	137.0	1.0
2	130.0	1.0
1	132.0	1.0
3	140.0	1.0
6	128.0	1.0078125
8	105.0	1.0285714285714285
9	106.0	1.0
10	126.0	1.0
7	125.0	1.008
0	195.0	1.4461538461538461
