100

13
36
28
39
37
37
5
38
39
37
34
36
36
30
34
34
38
38
36
36
40
28
39
37
21
34
32
32
35
40
38
39
39
34
36
35
38
36
38
38
18
39
31
39
40
23
32
33
33
39
6
38
35
9
39
31
39
36
39
21
26
38
40
39
37
36
3
36
40
33
37
29
39
34
27
32
24
40
33
37
39
38
25
25
38
37
30
39
37
35
37
38
38
32
33
38
39
38
38
33

2	97.0	2.556701030927835
7	94.0	1.6914893617021276
3	98.0	2.4489795918367347
6	96.0	1.6979166666666667
1	97.0	2.3917525773195876
5	100.0	2.4
8	94.0	1.6595744680851063
4	98.0	2.438775510204082
15	81.0	1.0
16	79.0	1.0
13	83.0	1.0
18	74.0	1.0
23	75.0	1.0
25	81.0	1.0
10	80.0	1.0
24	80.0	1.0
14	81.0	1.0
17	81.0	1.0
20	78.0	1.0
12	91.0	1.0
9	92.0	1.6956521739130435
21	76.0	1.0
19	79.0	1.0
11	83.0	1.0
22	77.0	1.0
0	97.0	2.5257731958762886
