244

8
7
8
9
3
7
8
8
7
6
9
7
8
8
4
7
4
3
3
8
7
9
9
6
2
9
3
2
6
9
7
7
6
9
8
7
9
5
5
8
6
4
9
6
9
9
7
8
9
2
7
8
9
7
9
9
7
7
5
9
6
8
9
6
6
6
4
7
9
3
4
8
8
4
6
7
9
7
9
2
6
4
4
9
4
4
8
5
3
7
5
7
8
9
2
4
7
5
8
9
4
2
3
5
9
3
8
3
7
4
5
8
6
2
4
8
3
8
2
8
9
4
9
7
4
6
6
4
2
7
5
4
5
9
7
5
7
5
7
8
6
2
9
9
4
4
2
9
3
9
8
5
8
9
4
6
6
8
8
9
3
6
7
8
9
9
3
8
8
8
2
5
8
3
6
6
9
6
7
9
7
7
3
3
7
4
6
3
8
2
9
9
8
2
5
6
8
4
7
9
2
5
7
8
6
8
3
8
9
5
5
8
6
6
7
7
8
4
5
3
8
6
9
4
5
9
6
7
6
5
8
2
7
8
6
4
9
3
8
4
7
7
8
3

4	112.0	1.0
1	97.0	1.0206185567010309
2	108.0	1.0092592592592593
3	116.0	1.0
7	133.0	1.0075187969924813
8	125.0	1.008
5	130.0	1.0
10	134.0	1.0
6	135.0	1.0148148148148148
9	139.0	1.0
0	199.0	1.4422110552763818
