246

3
3
5
5
3
2
7
7
7
2
9
4
6
8
8
7
9
3
9
6
2
5
9
2
5
9
9
9
7
8
3
8
8
8
6
9
6
9
7
8
7
3
5
2
3
9
8
7
8
4
9
5
8
7
9
2
9
8
8
8
9
2
6
6
3
7
7
5
8
5
6
6
3
6
9
5
5
9
4
6
4
5
8
8
9
9
8
8
7
8
6
7
8
8
4
7
9
8
8
4
5
8
8
6
2
8
8
7
6
8
6
4
7
6
9
9
7
9
4
7
6
8
9
6
7
8
4
9
8
7
6
6
5
7
3
7
7
5
2
6
5
6
9
8
5
9
9
7
6
9
9
2
6
8
3
8
9
9
9
9
6
7
4
7
3
5
9
8
8
5
7
8
7
8
8
7
9
7
6
6
7
6
4
4
8
8
9
2
9
9
8
7
3
2
7
9
7
4
6
2
9
3
7
8
9
8
9
9
6
4
8
7
7
7
7
8
9
8
9
6
2
7
7
3
5
9
3
4
9
7
7
9
3
9
7
9
2
5
4
8
9
5
2
9
8
7

1	140.0	1.0071428571428571
2	117.0	1.0085470085470085
3	130.0	1.0
8	125.0	1.0
10	137.0	1.0
6	141.0	1.0070921985815602
5	121.0	1.0
7	144.0	1.0
9	140.0	1.0
4	138.0	1.0
0	195.0	1.3897435897435897
