244

6
4
2
6
9
9
4
4
4
8
6
6
9
6
2
7
2
3
9
3
4
9
9
3
6
6
4
7
7
4
4
8
9
4
9
8
8
5
9
8
8
2
4
3
3
8
7
5
7
9
8
8
9
3
8
5
7
2
9
8
8
6
4
7
6
7
2
6
6
8
2
7
4
8
8
2
5
8
5
6
8
2
8
9
8
2
8
4
8
8
5
3
9
6
7
3
5
3
6
7
2
8
5
3
3
9
8
9
5
2
7
4
8
9
6
7
6
6
7
4
8
6
9
6
2
5
5
6
7
8
9
7
7
8
4
8
5
8
9
4
8
4
9
6
9
7
3
5
5
9
4
6
8
3
6
7
8
9
8
3
7
3
6
9
5
3
7
7
9
3
7
5
8
5
8
5
8
2
6
7
2
6
6
4
4
4
8
8
5
7
8
2
9
8
7
3
4
3
3
6
6
4
2
7
9
7
7
4
7
5
6
7
7
7
8
8
8
2
5
8
9
7
6
7
7
6
2
7
8
7
3
2
3
7
3
5
7
8
5
3
9
9
7
7

1	134.0	1.007462686567164
8	121.0	1.0082644628099173
4	123.0	1.008130081300813
3	129.0	1.0
5	125.0	1.0
6	121.0	1.0165289256198347
9	117.0	1.0
7	123.0	1.0
2	113.0	1.0176991150442478
10	114.0	1.0
0	181.0	1.3314917127071824
