100

41
40
41
40
40
10
38
38
40
38
9
24
12
40
38
36
38
31
38
40
28
40
41
36
41
41
40
41
40
40
41
39
40
40
40
30
7
40
40
38
40
40
36
41
41
34
34
40
36
39
40
38
39
28
38
40
38
41
40
40
8
38
41
40
41
38
34
38
41
38
40
40
41
41
37
40
40
40
40
41
34
38
38
30
40
41
40
41
40
40
41
31
40
40
40
36
40
40
16
40

7	98.0	1.7653061224489797
3	97.0	2.7216494845360826
6	99.0	1.7676767676767677
8	99.0	1.7474747474747474
1	98.0	2.642857142857143
4	99.0	2.6262626262626263
10	92.0	1.0
5	99.0	2.686868686868687
9	97.0	1.824742268041237
2	98.0	2.693877551020408
13	86.0	1.0
18	87.0	1.0
25	85.0	1.0
20	88.0	1.0
19	86.0	1.0
17	84.0	1.0
22	86.0	1.0
21	86.0	1.0
16	88.0	1.0
14	87.0	1.0
23	89.0	1.0
15	90.0	1.0
24	87.0	1.0
12	89.0	1.0
11	86.0	1.0
0	98.0	2.795918367346939
