24

32
32
30
26
39
34
32
9
27
36
24
27
37
37
21
36
4
32
34
27
39
34
35
37

1	24.0	2.3333333333333335
3	22.0	2.090909090909091
7	22.0	1.7272727272727273
5	23.0	2.260869565217391
8	22.0	1.6818181818181819
6	22.0	1.4545454545454546
4	22.0	2.1818181818181817
2	23.0	2.391304347826087
22	18.0	1.0
23	17.0	1.0
19	13.0	1.0
10	17.0	1.0
14	18.0	1.0
18	20.0	1.0
17	20.0	1.0
25	17.0	1.0
16	15.0	1.0
11	15.0	1.0
15	18.0	1.0
20	15.0	1.0
24	15.0	1.0
9	20.0	1.45
13	16.0	1.0
12	21.0	1.0
21	22.0	1.0
0	23.0	2.217391304347826
