247

32
31
35
38
23
31
37
35
23
20
34
34
30
30
24
6
15
21
36
29
38
16
24
15
32
17
36
38
38
27
29
39
36
23
31
29
9
34
38
36
31
37
35
25
6
25
36
36
28
8
16
24
38
29
37
33
9
34
34
36
36
26
30
8
29
17
37
13
31
32
17
35
15
37
36
4
34
9
36
33
32
16
26
36
34
26
15
37
37
30
31
37
37
35
10
31
35
30
29
37
25
37
36
37
37
23
17
32
19
18
25
38
29
12
30
33
36
24
28
19
19
35
29
37
37
35
36
35
33
34
34
26
39
28
38
26
36
35
32
14
32
28
32
29
33
37
37
35
31
33
33
34
35
34
4
34
33
16
35
35
36
22
11
14
30
38
34
32
32
38
36
24
5
34
9
28
23
15
33
31
25
31
24
20
21
32
16
4
29
36
30
36
31
32
9
19
35
24
27
38
32
38
32
21
35
22
5
9
34
18
24
28
37
36
34
36
34
24
28
33
28
35
23
32
36
32
20
28
30
34
27
32
30
35
11
32
37
36
20
32
30
34
34
36
35
8
25

3	236.0	2.080508474576271
2	235.0	2.106382978723404
1	228.0	2.1140350877192984
15	185.0	1.0
20	180.0	1.0
10	172.0	1.0
25	173.0	1.0
12	166.0	1.0
11	151.0	1.0
13	170.0	1.0
19	159.0	1.0
21	161.0	1.0
24	166.0	1.0
17	155.0	1.0
22	163.0	1.0
18	152.0	1.0
23	156.0	1.0
9	209.0	1.5645933014354068
8	208.0	1.5480769230769231
5	231.0	2.272727272727273
6	212.0	1.6933962264150944
14	173.0	1.0
7	216.0	1.5416666666666667
16	170.0	1.0
4	226.0	2.256637168141593
0	226.0	2.3672566371681416
