100

36
40
21
40
40
41
33
41
38
39
38
39
35
40
40
33
14
40
39
37
40
40
34
34
35
41
40
40
10
41
16
40
40
40
30
36
32
39
40
37
33
34
35
10
40
40
29
40
34
40
38
40
38
39
38
40
40
40
41
40
36
33
38
39
36
41
40
40
40
41
41
41
41
41
39
41
41
15
37
41
40
41
40
40
41
40
39
41
40
40
28
41
41
40
35
40
38
13
37
40

16	84.0	1.0
3	96.0	2.6770833333333335
8	95.0	1.831578947368421
21	93.0	1.0
2	99.0	2.6161616161616164
7	99.0	1.8080808080808082
11	92.0	1.0
9	99.0	1.7878787878787878
14	89.0	1.0
6	96.0	1.8020833333333333
1	99.0	2.757575757575758
10	88.0	1.0
15	91.0	1.0
12	90.0	1.0
17	92.0	1.0
4	98.0	2.642857142857143
18	90.0	1.0
13	88.0	1.0
20	93.0	1.0
19	88.0	1.0
5	97.0	2.6597938144329896
25	80.0	1.0
23	82.0	1.0
24	80.0	1.0
22	79.0	1.0
0	98.0	2.7244897959183674
