100

40
39
39
41
39
39
38
5
40
41
41
41
40
40
37
40
40
39
41
29
22
25
35
12
40
33
41
40
33
36
38
41
40
40
36
41
20
37
39
40
40
40
40
29
7
38
40
35
38
40
40
40
18
38
40
39
40
40
40
36
41
40
40
28
38
39
41
40
10
40
39
39
39
36
41
40
41
41
40
38
40
7
26
39
40
36
40
36
40
38
40
39
39
40
41
40
40
40
40
40

6	97.0	1.7938144329896908
2	97.0	2.7010309278350517
4	98.0	2.642857142857143
21	92.0	1.0
1	97.0	2.7216494845360826
13	90.0	1.0
16	91.0	1.0
18	87.0	1.0
5	97.0	2.6597938144329896
10	88.0	1.0
12	88.0	1.0
14	84.0	1.0
8	96.0	1.8125
23	87.0	1.0
15	84.0	1.0
24	86.0	1.0
19	87.0	1.0
7	97.0	1.8041237113402062
3	96.0	2.7291666666666665
20	88.0	1.0
22	86.0	1.0
17	86.0	1.0
11	80.0	1.0
9	95.0	1.8105263157894738
25	86.0	1.0
0	94.0	2.74468085106383
