250

42
42
42
42
42
42
42
42
42
42
42
42
42
42
42
42
42
42
42
42
42
42
42
42
42
42
42
42
42
42
42
42
42
42
42
42
42
42
42
42
42
42
42
42
42
42
42
42
42
42
42
42
42
42
42
42
42
42
42
42
42
42
42
42
42
42
42
42
42
42
42
42
42
42
42
42
42
42
42
42
42
42
42
42
42
42
42
42
42
42
42
42
42
42
42
42
42
42
42
42
42
42
42
42
42
42
42
42
42
42
42
42
42
42
42
42
42
42
42
42
42
42
42
42
42
42
42
42
42
42
42
42
42
42
42
42
42
42
42
42
42
42
42
42
42
42
42
42
42
42
42
42
42
42
42
42
42
42
42
42
42
42
42
42
42
42
42
42
42
42
42
42
42
42
42
42
42
42
42
42
42
42
42
42
42
42
42
42
42
42
42
42
42
42
42
42
42
42
42
42
42
42
42
42
42
42
42
42
42
42
42
42
42
42
42
42
42
42
42
42
42
42
42
42
42
42
42
42
42
42
42
42
42
42
42
42
42
42
42
42
42
42
42
42
42
42
42
42
42
42

5	250.0	3.0
4	250.0	3.0
13	250.0	1.0
7	250.0	2.0
10	250.0	1.0
9	250.0	2.0
2	250.0	3.0
15	250.0	1.0
16	250.0	1.0
12	250.0	1.0
6	250.0	2.0
3	250.0	3.0
11	250.0	1.0
14	250.0	1.0
8	250.0	2.0
1	250.0	3.0
20	250.0	1.0
18	250.0	1.0
23	250.0	1.0
22	250.0	1.0
21	250.0	1.0
17	250.0	1.0
19	250.0	1.0
25	250.0	1.0
24	250.0	1.0
0	250.0	3.0
