250

37
3
30
4
30
37
27
5
26
3
3
33
34
35
4
39
37
35
37
34
5
22
31
16
34
34
35
32
33
35
37
33
38
26
15
13
32
38
16
38
31
32
26
30
27
33
4
28
35
35
31
33
37
37
34
38
22
37
37
14
38
28
14
38
22
31
32
16
16
33
18
27
27
35
23
22
34
3
35
22
36
23
32
35
36
35
16
21
35
31
37
34
3
38
16
11
33
37
14
17
37
34
32
36
36
28
28
15
35
32
12
18
31
32
34
31
27
9
29
26
37
36
32
32
24
23
31
12
20
17
35
8
37
37
9
32
37
34
17
38
38
15
18
35
22
4
37
35
4
35
11
33
37
29
36
35
31
6
34
34
33
3
31
32
22
35
35
21
33
37
34
32
31
37
30
36
32
14
2
35
22
31
35
36
32
33
30
15
34
22
30
6
35
25
36
16
31
35
10
38
26
24
19
34
25
8
31
33
17
38
24
31
38
23
36
23
25
28
18
11
37
33
20
30
37
10
29
34
6
32
33
10
36
38
14
33
3
32
4
18
32
34
37
34
37
35
35
37
24
38

2	216.0	2.25
12	164.0	1.0
13	153.0	1.0
1	230.0	2.1608695652173915
11	167.0	1.0
3	224.0	2.1473214285714284
4	229.0	2.1048034934497815
10	160.0	1.0
9	210.0	1.5238095238095237
5	227.0	2.1629955947136565
8	213.0	1.4413145539906103
7	216.0	1.5046296296296295
6	214.0	1.4766355140186915
23	177.0	1.0
24	170.0	1.0
20	162.0	1.0
15	162.0	1.0
22	160.0	1.0
19	157.0	1.0
14	155.0	1.0
18	153.0	1.0
17	165.0	1.0
21	167.0	1.0
25	168.0	1.0
16	164.0	1.0
0	226.0	2.2212389380530975
