100

39
40
36
28
20
31
32
38
18
22
36
4
30
35
38
36
22
38
38
7
40
34
29
37
27
34
39
38
36
36
39
13
35
10
27
30
39
38
38
36
38
36
35
38
35
38
36
30
35
35
39
38
38
34
39
34
35
7
40
9
38
40
32
38
34
34
7
31
38
27
34
38
24
37
34
37
39
36
16
39
39
39
32
31
36
13
8
36
36
18
29
35
28
36
18
38
36
32
3
40

9	91.0	1.7032967032967032
6	94.0	1.6170212765957446
8	95.0	1.6210526315789473
10	69.0	1.0
7	96.0	1.6458333333333333
1	93.0	2.247311827956989
4	98.0	2.2857142857142856
2	95.0	2.3684210526315788
3	93.0	2.3548387096774195
5	93.0	2.3655913978494625
11	70.0	1.0
17	81.0	1.0
16	81.0	1.0
24	81.0	1.0
13	74.0	1.0
14	72.0	1.0
23	73.0	1.0
21	68.0	1.0
20	77.0	1.0
22	78.0	1.0
18	77.0	1.0
19	80.0	1.0
25	75.0	1.0
12	74.0	1.0
15	77.0	1.0
0	95.0	2.3684210526315788
