100

16
38
38
38
31
28
18
35
26
35
38
34
34
37
36
12
36
39
39
40
29
38
33
39
34
35
36
37
34
37
38
19
35
21
38
39
7
36
25
20
36
16
38
38
31
38
37
24
38
38
19
40
37
36
24
38
36
39
37
39
36
33
33
32
36
11
12
38
39
28
39
33
35
3
34
39
38
38
35
40
37
39
38
36
39
38
36
40
24
39
39
40
39
36
37
38
35
40
39
9

3	99.0	2.4444444444444446
1	97.0	2.4536082474226806
2	95.0	2.610526315789474
9	95.0	1.6526315789473685
21	80.0	1.0
23	77.0	1.0
18	79.0	1.0
14	80.0	1.0
13	82.0	1.0
15	78.0	1.0
10	81.0	1.0
20	78.0	1.0
4	96.0	2.4895833333333335
22	82.0	1.0
12	81.0	1.0
5	93.0	2.4516129032258065
17	77.0	1.0
7	90.0	1.8
25	71.0	1.0
16	73.0	1.0
11	74.0	1.0
8	94.0	1.6382978723404256
24	77.0	1.0
6	87.0	1.7241379310344827
19	78.0	1.0
0	96.0	2.5104166666666665
