250

11
11
7
8
8
10
11
11
7
8
11
11
8
10
8
11
4
11
11
11
10
10
10
10
11
10
11
11
5
10
11
11
11
11
11
10
2
11
11
11
4
11
11
5
2
11
10
11
11
3
8
11
10
11
10
11
9
11
11
10
11
11
11
5
4
6
11
11
11
10
11
11
11
11
10
11
11
11
11
11
11
11
10
11
8
11
11
11
8
11
11
11
4
10
11
8
11
11
11
11
11
10
11
5
11
9
11
10
11
11
6
11
9
8
9
7
10
11
11
11
11
4
5
10
7
10
11
11
5
11
10
7
11
5
11
11
4
8
11
11
11
11
11
11
11
9
11
10
7
4
11
11
8
11
11
9
11
10
10
9
5
11
9
11
11
7
11
11
11
11
11
9
11
11
11
11
6
7
8
11
11
9
11
10
11
11
11
9
7
11
11
11
10
11
11
10
5
11
7
11
6
11
9
2
10
11
10
10
11
11
11
11
11
7
10
11
11
11
11
11
11
8
11
11
11
11
11
11
8
10
11
9
2
10
11
10
11
11
11
11
11
11
11
7
10
6
11
11
10
11

1	184.0	1.0
4	198.0	1.0
2	193.0	1.0
3	197.0	1.0
9	207.0	1.0
6	202.0	1.0
5	197.0	1.0
8	208.0	1.0
10	211.0	1.0
7	209.0	1.0
0	236.0	1.7584745762711864
