250

9
11
10
10
10
11
11
11
10
10
9
11
10
8
11
8
11
11
11
11
11
11
9
10
8
10
11
8
11
11
11
11
10
9
10
11
11
11
11
11
6
11
11
11
10
10
4
3
11
11
11
10
10
11
9
11
11
11
8
11
7
11
8
10
11
11
9
11
11
6
9
6
11
11
10
11
11
8
11
7
9
8
10
6
11
6
11
11
11
9
11
10
10
2
6
11
11
7
11
11
6
11
11
11
11
11
9
9
5
7
11
11
11
10
6
7
8
6
11
11
8
7
6
8
9
11
11
11
11
10
11
11
9
11
11
10
11
10
10
11
9
11
11
11
11
9
10
10
11
11
8
11
7
11
11
11
5
9
10
11
8
11
7
9
11
10
4
11
9
10
10
11
8
11
11
11
11
11
10
9
10
10
6
6
10
5
11
11
6
11
11
11
6
11
11
11
8
7
11
10
11
8
11
11
11
8
8
11
11
9
11
10
6
8
11
8
9
11
9
10
11
11
11
11
11
10
11
11
11
10
8
5
11
11
5
11
5
11
5
11
8
10
10
11
9
11
11
8
8
9

1	203.0	1.0
3	204.0	1.0
5	199.0	1.0
2	194.0	1.0
4	196.0	1.0
6	205.0	1.0
10	189.0	1.0
9	200.0	1.0
7	208.0	1.0
8	199.0	1.0
0	237.0	1.7215189873417722
