250

23
14
30
29
39
38
39
31
5
29
36
37
35
37
40
24
38
24
34
36
38
4
34
38
39
34
13
39
39
24
23
34
20
39
34
26
13
36
25
21
39
39
34
39
30
33
38
38
34
36
29
28
33
36
38
36
40
35
34
39
30
39
39
26
36
35
33
37
39
38
34
37
27
34
38
34
19
21
36
39
39
38
34
29
36
38
39
39
38
38
15
36
29
37
38
31
38
25
27
28
37
38
15
39
34
20
39
39
8
34
39
40
35
39
38
36
40
37
39
35
38
33
37
38
37
34
16
36
28
38
34
15
32
39
38
39
38
36
36
21
37
34
34
30
36
38
36
39
39
15
38
37
37
22
14
32
34
38
37
36
32
36
39
31
40
26
39
30
38
39
35
35
39
35
35
4
33
40
37
28
36
33
36
33
38
32
38
28
10
19
37
3
38
33
33
36
37
39
33
13
38
34
40
29
34
37
37
35
40
33
37
36
26
38
31
5
40
37
25
39
38
38
5
38
32
38
18
36
38
38
39
36
33
26
6
39
33
39
37
39
16
39
19
32
32
39
36
30
36
30

12	201.0	1.0
8	235.0	1.6553191489361703
15	193.0	1.0
1	243.0	2.4238683127572016
6	238.0	1.6428571428571428
7	238.0	1.6554621848739495
13	191.0	1.0
10	191.0	1.0
3	237.0	2.459915611814346
4	246.0	2.3739837398373984
5	243.0	2.345679012345679
2	242.0	2.4049586776859506
14	194.0	1.0
11	194.0	1.0
9	234.0	1.6324786324786325
21	195.0	1.0
16	200.0	1.0
17	193.0	1.0
25	187.0	1.0
20	188.0	1.0
22	193.0	1.0
19	188.0	1.0
23	198.0	1.0
18	194.0	1.0
24	194.0	1.0
0	239.0	2.481171548117155
