247

8
9
8
8
6
3
5
6
3
8
4
3
7
5
7
7
5
9
8
9
6
6
5
4
9
3
7
9
6
2
8
2
7
9
9
6
8
8
7
6
5
8
9
6
8
5
7
3
7
4
7
8
4
5
9
4
5
9
8
7
8
8
8
4
4
6
5
9
9
8
9
9
8
8
3
9
8
2
4
7
7
9
9
9
4
8
5
3
2
7
8
6
7
9
8
2
4
9
3
4
8
9
6
5
9
3
9
7
9
6
6
7
7
7
8
7
9
7
4
4
7
7
3
8
9
3
4
8
3
2
7
7
7
7
2
7
8
4
7
8
8
2
8
9
2
8
8
7
2
8
4
9
9
3
5
8
5
9
7
9
7
8
4
8
6
6
8
2
3
8
8
4
6
4
7
6
6
7
4
8
7
9
8
5
5
2
6
2
8
4
9
6
5
6
8
5
7
6
9
3
2
9
7
9
4
4
3
8
8
2
6
9
6
5
5
7
7
5
4
8
6
7
5
5
2
6
9
7
7
2
8
7
3
7
9
6
8
8
3
7
8
7
2
9
2
3
6

6	128.0	1.0078125
1	128.0	1.0
8	123.0	1.0
4	127.0	1.0
7	125.0	1.0
5	133.0	1.0075187969924813
2	126.0	1.007936507936508
3	143.0	1.006993006993007
10	121.0	1.0
9	115.0	1.0
0	189.0	1.433862433862434
