250

11
11
10
10
11
10
11
11
7
11
10
11
10
11
10
11
11
6
11
10
11
11
11
11
11
11
10
8
11
11
11
11
11
11
11
11
11
11
10
6
9
11
11
10
10
9
11
11
11
11
10
4
11
9
11
11
11
11
11
11
5
11
4
11
10
11
8
11
8
8
9
10
11
11
11
8
10
11
11
11
10
11
10
10
10
8
11
10
11
11
11
5
11
11
10
10
10
11
11
10
3
10
11
11
4
8
6
9
11
8
11
11
9
11
11
6
9
3
11
9
10
11
11
11
10
11
10
10
11
10
11
11
11
10
8
10
10
11
11
8
11
11
11
7
3
11
9
4
11
11
10
11
11
7
11
7
11
10
11
9
9
10
11
11
8
8
11
6
4
11
11
7
11
10
2
8
11
11
11
10
11
11
11
11
10
10
5
6
11
11
10
11
11
11
11
10
9
11
10
11
11
7
8
11
11
7
11
9
8
9
10
7
8
8
9
11
7
8
11
10
11
10
11
5
11
11
11
11
11
10
9
9
11
11
11
11
11
11
11
11
11
10
7
10
11
9
11
2
11
11

1	204.0	1.0
3	203.0	1.0
2	196.0	1.0
5	207.0	1.0
4	220.0	1.0
6	209.0	1.0
7	208.0	1.0
9	193.0	1.0
8	192.0	1.0
10	193.0	1.0
0	230.0	1.8043478260869565
