100

39
40
12
11
40
40
39
38
40
40
36
40
40
40
41
37
40
38
40
40
38
38
41
40
41
41
41
32
41
19
39
40
40
41
41
40
40
2
41
41
40
40
40
38
38
40
7
37
40
41
30
40
40
11
38
41
39
34
19
40
41
38
41
35
41
38
40
40
41
41
40
20
40
41
38
40
40
39
38
40
40
39
41
14
40
39
34
41
40
40
40
34
40
39
30
36
28
30
34
40

3	97.0	2.711340206185567
7	99.0	1.7676767676767677
1	97.0	2.711340206185567
9	98.0	1.846938775510204
10	91.0	1.0
5	98.0	2.5306122448979593
4	97.0	2.752577319587629
11	88.0	1.0
2	98.0	2.642857142857143
14	90.0	1.0
12	92.0	1.0
6	97.0	1.8144329896907216
13	88.0	1.0
8	96.0	1.8229166666666667
19	86.0	1.0
20	85.0	1.0
22	79.0	1.0
15	84.0	1.0
21	87.0	1.0
17	85.0	1.0
23	86.0	1.0
16	86.0	1.0
18	84.0	1.0
25	79.0	1.0
24	88.0	1.0
0	96.0	2.78125
