100

12
37
39
38
37
39
35
36
33
36
39
36
39
17
40
35
38
36
39
39
38
35
6
28
34
37
37
39
39
36
38
29
39
32
30
35
12
37
37
35
39
30
37
3
31
40
39
36
34
38
36
38
32
35
33
38
37
37
39
40
27
31
34
23
39
36
31
37
34
29
38
36
36
37
39
37
34
38
36
39
40
36
36
40
38
32
29
32
35
35
27
36
37
34
38
36
33
37
36
36

12	86.0	1.0
14	80.0	1.0
13	85.0	1.0
1	99.0	2.5555555555555554
3	95.0	2.526315789473684
15	86.0	1.0
4	95.0	2.568421052631579
10	81.0	1.0
8	94.0	1.7659574468085106
20	75.0	1.0
7	95.0	1.7052631578947368
11	88.0	1.0
6	97.0	1.7010309278350515
22	84.0	1.0
9	98.0	1.7142857142857142
18	83.0	1.0
5	97.0	2.597938144329897
17	78.0	1.0
21	87.0	1.0
19	79.0	1.0
23	76.0	1.0
16	81.0	1.0
2	98.0	2.520408163265306
24	77.0	1.0
25	77.0	1.0
0	99.0	2.414141414141414
