249

31
37
35
36
31
35
22
30
25
37
32
23
12
31
36
30
32
8
16
37
30
3
25
30
33
16
32
38
34
10
36
33
25
37
26
15
28
32
34
31
16
35
30
21
35
2
35
29
35
24
8
35
30
14
33
33
27
37
3
25
24
30
22
29
25
36
32
28
12
15
21
29
37
2
31
23
20
36
33
34
34
34
8
4
17
35
38
34
30
24
32
32
11
37
21
38
14
35
11
18
32
32
33
37
31
13
33
35
8
28
33
31
36
31
20
25
31
16
30
38
2
36
10
35
10
29
38
34
34
29
20
37
36
29
11
35
19
38
11
37
37
17
32
33
35
22
3
32
27
38
31
26
22
7
6
31
25
37
35
37
38
35
36
28
33
7
32
18
35
30
4
37
5
37
12
34
37
27
37
7
21
25
8
8
31
28
35
27
24
32
36
38
30
21
25
36
4
32
4
37
20
27
28
25
34
28
14
26
2
29
14
11
34
19
29
7
4
32
16
26
20
33
26
8
34
36
25
27
32
3
38
32
36
29
18
4
20
36
35
3
14
27
36
26
17
9
34
17
21

4	224.0	2.1339285714285716
7	209.0	1.4354066985645932
5	219.0	2.009132420091324
8	209.0	1.444976076555024
3	221.0	2.063348416289593
1	226.0	2.1548672566371683
2	224.0	2.080357142857143
6	222.0	1.4504504504504505
23	152.0	1.0
16	150.0	1.0
19	145.0	1.0
25	155.0	1.0
9	185.0	1.6
17	148.0	1.0
11	152.0	1.0
24	147.0	1.0
14	158.0	1.0
13	151.0	1.0
12	146.0	1.0
20	147.0	1.0
18	151.0	1.0
15	142.0	1.0
10	145.0	1.0
22	160.0	1.0
21	177.0	1.0
0	213.0	2.215962441314554
