248

36
7
35
36
37
24
34
36
37
5
32
36
35
35
32
36
36
12
38
5
34
38
31
36
28
15
21
36
29
34
29
26
36
30
17
38
36
6
23
33
36
26
35
26
32
35
3
29
25
26
25
36
33
28
36
37
38
35
34
18
36
18
35
25
33
31
35
11
13
38
35
22
18
33
14
38
15
35
36
19
26
28
32
29
15
36
35
38
6
35
27
33
27
33
35
21
36
36
38
37
37
37
25
33
31
36
5
19
38
34
23
25
20
15
36
31
35
22
28
30
36
28
31
33
25
33
33
33
29
21
17
22
34
22
36
28
37
32
28
14
38
35
7
27
35
35
38
30
35
34
31
34
9
21
2
30
16
17
19
35
33
14
10
37
32
36
18
29
34
9
7
9
34
34
35
37
12
21
24
37
33
26
35
30
37
32
35
28
22
36
29
36
19
39
33
28
27
11
30
27
13
36
32
33
30
34
34
28
31
5
35
24
32
4
4
30
37
33
34
27
36
32
26
38
27
16
11
16
35
37
36
32
34
32
35
17
35
2
34
34
35
36
29
35
19
33
37
35

1	230.0	2.126086956521739
2	231.0	2.207792207792208
3	233.0	2.1545064377682404
9	223.0	1.5650224215246638
22	177.0	1.0
6	219.0	1.547945205479452
13	172.0	1.0
20	182.0	1.0
8	216.0	1.6296296296296295
25	151.0	1.0
21	160.0	1.0
7	213.0	1.5305164319248827
4	221.0	2.180995475113122
11	157.0	1.0
16	160.0	1.0
14	153.0	1.0
18	176.0	1.0
5	223.0	2.2645739910313902
12	157.0	1.0
23	162.0	1.0
24	162.0	1.0
17	164.0	1.0
15	165.0	1.0
19	173.0	1.0
10	162.0	1.0
0	232.0	2.2586206896551726
