250

10
10
3
10
10
6
3
9
5
9
4
9
5
10
10
9
10
5
7
9
10
9
9
10
3
9
10
10
10
10
10
10
10
3
4
7
4
9
9
9
6
4
10
9
10
10
10
10
3
9
5
7
8
5
10
10
3
7
9
9
9
9
9
2
6
4
4
9
10
10
10
3
9
7
8
10
9
9
2
9
10
2
3
9
6
5
9
9
10
8
6
9
10
8
6
8
8
10
8
9
10
6
9
6
9
5
9
10
4
9
7
10
7
2
6
4
8
7
9
8
9
10
7
9
5
7
10
9
10
6
10
5
10
6
9
10
6
7
10
9
3
5
5
10
9
6
9
10
10
5
10
8
9
8
10
9
3
10
9
4
8
7
10
8
5
10
9
10
10
2
7
9
10
8
10
5
5
4
10
10
8
3
9
6
9
9
9
6
6
6
8
4
9
8
9
9
9
10
9
10
9
10
5
10
9
8
2
5
2
10
6
8
5
9
6
4
9
9
8
10
7
9
5
7
9
10
2
5
8
9
9
10
9
3
5
10
10
10
7
9
9
10
8
10
8
10
9
9
7
5

1	168.0	1.0
7	151.0	1.0
8	163.0	1.0
6	150.0	1.0
9	141.0	1.0
4	148.0	1.0
3	154.0	1.0064935064935066
2	164.0	1.0
10	181.0	1.0
5	170.0	1.0
0	220.0	1.5363636363636364
