250

40
40
41
26
38
41
34
28
38
32
34
36
41
40
32
40
41
40
41
41
36
40
41
40
40
34
41
40
23
41
41
30
40
40
39
30
38
41
40
28
40
41
20
40
41
38
40
36
9
22
40
14
40
41
41
40
32
36
30
32
38
37
40
40
41
41
5
40
41
37
40
41
41
34
41
40
38
23
38
40
38
41
41
40
41
40
36
8
39
31
40
41
38
40
40
26
40
32
38
22
40
41
41
41
40
34
40
39
40
41
40
20
40
23
39
41
38
40
40
41
36
40
40
40
34
22
40
39
40
41
40
39
40
41
38
40
41
38
40
32
40
40
41
41
40
39
40
15
34
41
41
40
39
41
40
34
41
41
41
41
24
38
41
40
38
40
38
40
40
40
41
40
18
26
40
24
40
40
40
41
31
36
22
40
40
28
40
40
38
41
28
41
8
40
41
40
40
40
38
40
41
40
41
40
23
40
41
41
8
40
38
40
23
40
40
4
40
41
41
40
41
41
41
34
40
40
38
40
41
26
40
40
40
33
23
40
40
40
39
16
40
40
34
38
40
40
40
19
39
38

5	246.0	2.6463414634146343
10	221.0	1.0
9	246.0	1.7601626016260163
6	243.0	1.7818930041152263
12	224.0	1.0
3	244.0	2.709016393442623
13	223.0	1.0
1	248.0	2.629032258064516
4	247.0	2.6275303643724697
7	245.0	1.7387755102040816
2	247.0	2.651821862348178
14	222.0	1.0
11	224.0	1.0
8	246.0	1.7804878048780488
20	229.0	1.0
23	215.0	1.0
16	215.0	1.0
22	211.0	1.0
15	216.0	1.0
18	215.0	1.0
17	205.0	1.0
21	207.0	1.0
25	217.0	1.0
24	209.0	1.0
19	209.0	1.0
0	242.0	2.8181818181818183
