100

27
40
35
40
41
40
40
38
40
37
40
41
40
40
27
25
39
38
40
38
35
34
41
41
41
40
40
40
40
41
41
40
40
38
40
40
40
31
40
41
40
40
34
5
40
40
41
41
15
40
14
17
40
41
38
36
35
40
38
40
30
38
40
37
34
38
35
40
33
32
4
38
37
41
40
41
41
41
41
40
41
40
38
19
41
40
40
40
40
38
40
38
40
22
38
38
39
40
20
40

5	98.0	2.622448979591837
3	98.0	2.6122448979591835
1	97.0	2.6907216494845363
2	97.0	2.7216494845360826
4	98.0	2.673469387755102
11	90.0	1.0
18	88.0	1.0
10	89.0	1.0
12	89.0	1.0
23	83.0	1.0
15	89.0	1.0
17	86.0	1.0
21	85.0	1.0
16	87.0	1.0
13	89.0	1.0
19	86.0	1.0
6	91.0	1.945054945054945
7	95.0	1.7894736842105263
8	96.0	1.8333333333333333
20	87.0	1.0
9	98.0	1.7551020408163265
22	88.0	1.0
14	87.0	1.0
24	88.0	1.0
25	87.0	1.0
0	97.0	2.731958762886598
