100

36
34
36
6
15
38
32
35
37
13
37
25
28
20
35
28
24
36
37
37
6
24
34
32
24
33
34
30
37
32
22
25
37
37
34
18
18
6
37
15
19
34
27
28
36
15
38
28
17
37
38
33
34
34
35
37
13
36
22
32
37
3
27
33
26
37
27
29
34
31
32
32
10
8
39
33
31
31
31
37
14
35
29
35
7
32
36
4
23
33
28
28
14
30
37
18
34
32
32
30

14	67.0	1.0
8	85.0	1.6
9	90.0	1.5333333333333334
10	70.0	1.0
5	92.0	2.0652173913043477
3	95.0	2.2421052631578946
12	71.0	1.0
4	95.0	2.2
1	94.0	2.074468085106383
2	94.0	2.0851063829787235
7	86.0	1.5813953488372092
11	70.0	1.0
6	93.0	1.4193548387096775
13	76.0	1.0
24	70.0	1.0
19	67.0	1.0
18	72.0	1.0
20	60.0	1.0
17	65.0	1.0
15	62.0	1.0
22	61.0	1.0
21	62.0	1.0
16	63.0	1.0
25	60.0	1.0
23	65.0	1.0
0	94.0	2.234042553191489
