250

6
4
5
10
10
7
5
8
3
6
3
10
10
8
9
9
10
9
8
10
9
10
10
9
8
7
8
9
10
10
8
8
8
9
9
6
6
9
8
6
10
9
3
10
8
7
5
9
3
8
3
9
10
8
8
2
9
10
6
10
4
3
9
9
8
3
10
5
10
7
9
10
10
6
3
10
10
6
9
2
6
7
7
8
10
5
10
4
10
10
10
4
9
9
7
7
10
9
4
10
6
9
10
10
2
8
9
10
4
9
9
10
7
7
4
6
6
7
10
10
10
3
7
10
6
9
10
7
7
10
9
9
4
7
9
6
4
9
10
6
8
8
9
6
10
9
10
6
6
10
10
9
8
6
10
10
6
8
9
8
5
10
9
9
10
5
7
2
7
9
4
9
10
10
10
8
8
7
8
9
2
9
9
10
7
10
5
5
10
10
8
9
10
10
9
9
10
10
5
10
10
10
8
5
8
9
7
10
7
5
5
8
10
10
10
8
9
5
5
10
10
9
8
8
2
3
10
9
10
10
3
10
9
6
8
3
8
8
10
10
9
7
9
10
4
10
10
9
7
10

2	145.0	1.0
3	157.0	1.0063694267515924
1	162.0	1.0
10	176.0	1.0
7	166.0	1.0
8	162.0	1.0
4	158.0	1.0
5	161.0	1.0
9	152.0	1.0
6	160.0	1.0
0	226.0	1.5707964601769913
