100

34
37
29
36
29
36
34
16
39
32
18
34
16
31
38
12
14
34
37
36
34
37
35
38
32
39
38
40
33
35
22
18
38
10
37
35
16
37
30
39
39
36
35
15
40
36
31
33
24
6
40
37
25
36
10
39
38
36
38
13
27
40
29
33
38
35
36
28
36
16
30
37
37
39
37
38
28
37
38
36
37
37
37
36
2
38
35
36
23
32
39
25
4
39
38
38
38
31
31
33

10	73.0	1.0
11	70.0	1.0
8	92.0	1.5543478260869565
12	73.0	1.0
2	93.0	2.3333333333333335
4	97.0	2.268041237113402
6	92.0	1.5978260869565217
5	97.0	2.2783505154639174
7	92.0	1.641304347826087
9	95.0	1.6210526315789473
3	98.0	2.306122448979592
1	99.0	2.3535353535353534
18	78.0	1.0
17	76.0	1.0
16	76.0	1.0
19	79.0	1.0
24	77.0	1.0
21	84.0	1.0
14	71.0	1.0
20	72.0	1.0
23	75.0	1.0
15	74.0	1.0
22	75.0	1.0
13	74.0	1.0
25	79.0	1.0
0	93.0	2.4516129032258065
