250

2
10
7
7
10
7
10
9
10
7
7
8
10
8
10
8
9
10
10
9
3
10
8
10
10
10
10
10
4
9
8
7
10
10
9
7
7
8
5
9
9
10
3
10
8
6
8
7
9
9
5
5
9
10
5
8
7
10
10
9
9
7
6
2
8
9
3
8
9
9
3
7
10
8
7
7
6
10
6
10
10
10
6
5
9
9
10
9
8
8
10
5
10
7
10
9
7
9
7
4
8
7
7
10
10
8
9
9
5
10
4
5
10
3
8
2
10
10
10
6
7
8
10
4
8
4
2
6
9
10
10
7
8
8
7
10
10
10
8
10
4
10
9
6
4
8
10
10
7
8
4
10
2
6
5
9
10
9
4
2
7
7
9
10
9
5
10
7
9
10
9
9
8
10
8
4
8
8
7
7
2
10
6
9
5
10
10
10
10
8
3
6
5
7
10
5
9
9
10
9
8
7
5
5
10
8
8
8
6
3
9
7
10
4
9
8
7
5
5
5
6
4
3
10
10
5
5
7
6
2
9
10
9
9
8
6
8
7
8
3
6
9
7
8
10
9
6
10
10
8

3	159.0	1.0
2	159.0	1.0
1	155.0	1.0
8	162.0	1.0
9	148.0	1.0067567567567568
10	144.0	1.0
5	150.0	1.0
4	162.0	1.0
6	167.0	1.0
7	178.0	1.0
0	218.0	1.481651376146789
