100

30
31
34
37
14
25
34
36
36
32
36
20
31
20
36
12
31
34
36
23
21
36
32
35
23
35
37
5
37
36
33
26
37
35
38
37
37
35
37
21
18
32
35
10
34
30
37
34
25
3
36
35
34
3
34
32
27
35
37
4
23
36
31
36
37
36
20
21
28
34
29
31
26
3
26
7
35
12
36
33
29
7
30
33
31
32
34
26
24
27
33
29
29
30
33
28
5
37
37
34

6	85.0	1.6470588235294117
2	92.0	2.239130434782609
4	95.0	2.2421052631578946
21	66.0	1.0
1	93.0	2.204301075268817
13	73.0	1.0
16	72.0	1.0
18	67.0	1.0
5	93.0	2.161290322580645
10	65.0	1.0
12	72.0	1.0
14	71.0	1.0
8	88.0	1.5681818181818181
23	75.0	1.0
15	58.0	1.0
24	66.0	1.0
19	62.0	1.0
7	85.0	1.588235294117647
3	95.0	2.2526315789473683
20	65.0	1.0
22	68.0	1.0
17	66.0	1.0
11	67.0	1.0
9	84.0	1.6071428571428572
25	66.0	1.0
0	91.0	2.1758241758241756
