250

39
38
38
36
33
35
35
36
25
37
38
39
39
36
37
35
37
35
40
27
39
34
33
33
35
36
38
26
36
32
18
37
38
38
38
37
38
38
34
37
39
36
38
39
39
39
10
37
37
37
38
34
40
36
35
37
38
40
38
39
34
39
39
34
31
38
33
37
35
37
35
25
37
37
33
38
39
25
36
39
25
34
35
23
27
24
39
34
13
6
15
36
38
4
33
5
24
35
40
35
39
38
36
36
38
38
27
38
36
27
23
38
15
39
32
37
29
36
29
38
31
25
4
29
33
34
34
6
37
18
26
6
10
40
34
36
30
37
40
40
38
37
25
31
33
40
30
39
24
30
39
39
30
3
34
39
32
40
33
40
7
16
10
38
26
31
29
38
37
34
7
22
38
36
39
38
37
38
36
33
11
39
36
34
17
38
28
39
36
39
11
39
39
36
39
37
2
39
39
32
39
37
38
12
37
37
19
35
29
26
38
39
36
33
38
39
38
38
39
40
34
39
33
38
38
39
37
31
38
39
39
40
6
39
38
36
39
39
33
39
37
4
19
27
32
29
28
40
35
33

3	238.0	2.4201680672268906
4	240.0	2.4458333333333333
18	182.0	1.0
7	214.0	1.7242990654205608
17	186.0	1.0
6	226.0	1.7079646017699115
10	196.0	1.0
8	220.0	1.7136363636363636
16	195.0	1.0
13	196.0	1.0
1	237.0	2.4852320675105486
12	208.0	1.0
9	235.0	1.6638297872340426
15	192.0	1.0
5	239.0	2.3933054393305437
14	204.0	1.0
11	197.0	1.0
2	239.0	2.489539748953975
20	199.0	1.0
21	189.0	1.0
19	195.0	1.0
25	191.0	1.0
23	192.0	1.0
24	190.0	1.0
22	183.0	1.0
0	238.0	2.542016806722689
