100

6
34
38
37
35
27
38
40
39
34
39
37
39
32
39
22
38
5
36
30
39
36
38
29
29
32
26
37
37
34
38
36
39
34
37
39
31
30
35
35
39
39
39
31
34
10
37
38
5
38
21
34
36
14
37
36
38
38
39
38
11
38
38
36
38
36
37
39
39
38
36
28
7
7
37
32
40
39
36
37
32
39
36
35
11
39
31
37
39
40
38
29
37
39
33
39
39
38
36
36

4	97.0	2.4329896907216493
1	100.0	2.39
2	97.0	2.3711340206185567
7	93.0	1.6666666666666667
3	97.0	2.3711340206185567
5	97.0	2.443298969072165
6	97.0	1.6494845360824741
21	83.0	1.0
13	80.0	1.0
23	80.0	1.0
19	75.0	1.0
8	91.0	1.7802197802197801
18	78.0	1.0
14	78.0	1.0
24	77.0	1.0
12	75.0	1.0
10	80.0	1.0
11	80.0	1.0
17	81.0	1.0
25	79.0	1.0
16	79.0	1.0
22	85.0	1.0
9	93.0	1.6881720430107527
15	82.0	1.0
20	83.0	1.0
0	95.0	2.610526315789474
