100

33
38
30
36
16
40
31
38
39
36
36
38
37
40
32
33
37
37
34
14
36
27
39
19
38
39
10
38
31
37
18
39
12
21
35
37
39
39
25
34
19
38
34
37
38
40
36
26
22
35
14
39
35
24
29
28
21
37
39
32
38
37
39
39
22
39
39
37
34
39
39
14
16
32
38
40
38
14
28
38
40
33
33
37
33
38
38
29
35
33
27
36
33
22
30
37
38
40
39
37

9	96.0	1.6458333333333333
3	98.0	2.3877551020408165
14	84.0	1.0
20	81.0	1.0
5	98.0	2.316326530612245
6	97.0	1.6391752577319587
2	97.0	2.3608247422680413
10	81.0	1.0
13	76.0	1.0
7	88.0	1.6818181818181819
16	81.0	1.0
12	77.0	1.0
19	76.0	1.0
4	99.0	2.414141414141414
1	93.0	2.3870967741935485
15	73.0	1.0
18	80.0	1.0
8	87.0	1.7586206896551724
11	77.0	1.0
17	71.0	1.0
23	79.0	1.0
22	79.0	1.0
25	74.0	1.0
21	74.0	1.0
24	79.0	1.0
0	98.0	2.5306122448979593
