25

28
25
38
11
25
37
38
34
32
23
35
28
11
3
39
36
32
37
28
26
37
34
10
30
31

8	20.0	1.75
9	23.0	1.608695652173913
13	20.0	1.0
12	16.0	1.0
6	24.0	1.7083333333333333
18	18.0	1.0
7	22.0	1.5909090909090908
11	16.0	1.0
2	22.0	2.0454545454545454
19	17.0	1.0
17	18.0	1.0
14	20.0	1.0
15	18.0	1.0
10	17.0	1.0
1	21.0	2.2857142857142856
3	22.0	2.227272727272727
4	24.0	2.25
5	22.0	2.3181818181818183
16	22.0	1.0
24	14.0	1.0
21	16.0	1.0
22	13.0	1.0
20	13.0	1.0
25	15.0	1.0
23	11.0	1.0
0	23.0	2.130434782608696
