250

37
38
37
23
30
32
35
32
25
37
38
25
39
40
37
37
37
29
31
32
32
4
32
32
36
38
34
33
19
37
36
16
38
34
31
38
38
39
34
16
2
7
32
38
39
39
39
20
36
35
38
32
38
33
37
39
39
35
24
35
34
22
38
37
40
40
36
36
38
8
38
34
40
33
37
30
28
37
38
38
39
25
14
39
36
33
23
38
9
22
32
22
38
40
39
37
32
38
34
38
40
38
40
33
24
27
37
31
21
35
40
17
29
38
36
39
36
16
36
39
35
30
17
34
38
33
38
31
39
28
35
35
35
24
35
39
16
31
30
39
35
36
31
36
38
39
35
38
39
38
39
20
34
33
40
40
36
34
32
30
38
36
38
39
31
36
16
40
30
29
35
14
31
36
26
38
19
28
37
34
36
30
37
38
8
39
34
37
39
34
38
37
39
32
36
24
37
30
38
39
23
37
39
11
36
14
37
39
21
40
40
37
38
38
34
34
39
37
39
39
40
16
38
34
31
37
18
39
38
38
39
36
36
38
39
32
36
33
33
19
35
16
38
33
32
34
21
36
3
37

1	236.0	2.5254237288135593
6	234.0	1.6495726495726495
24	200.0	1.0
10	200.0	1.0
17	196.0	1.0
11	202.0	1.0
21	189.0	1.0
9	232.0	1.6293103448275863
2	241.0	2.4190871369294604
14	187.0	1.0
22	199.0	1.0
8	226.0	1.7345132743362832
5	233.0	2.5493562231759657
3	235.0	2.4468085106382977
12	196.0	1.0
7	237.0	1.649789029535865
23	189.0	1.0
4	242.0	2.384297520661157
19	193.0	1.0
18	192.0	1.0
15	188.0	1.0
13	187.0	1.0
16	192.0	1.0
25	202.0	1.0
20	198.0	1.0
0	240.0	2.4583333333333335
