244

7
7
6
2
5
7
6
6
8
8
9
2
6
2
8
8
8
4
8
9
7
8
5
2
6
6
6
4
4
5
7
8
5
9
6
3
4
8
4
5
6
7
5
9
4
10
3
2
4
9
8
7
7
8
7
9
2
2
7
7
6
9
2
3
8
2
8
4
2
4
8
8
3
5
7
7
4
6
9
6
6
8
9
4
6
3
9
2
8
5
6
5
8
9
6
9
2
3
4
2
8
4
4
8
7
6
8
9
3
5
9
8
8
7
7
4
2
4
4
5
4
9
8
9
2
7
6
5
5
7
8
4
5
7
9
9
6
8
9
7
4
8
8
2
3
8
7
3
5
5
9
8
9
5
7
5
7
6
5
6
3
4
9
5
8
4
9
7
9
4
8
7
9
7
7
3
7
5
6
9
5
2
8
8
7
2
4
9
4
6
8
8
9
7
7
3
9
9
8
9
7
7
8
6
5
7
8
8
8
8
6
2
7
6
3
4
3
8
7
7
2
9
7
7
5
9
9
9
2
2
9
9
5
3
3
5
5
6
6
9
9
6
6
8

6	128.0	1.0
8	153.0	1.0
4	115.0	1.0
7	134.0	1.007462686567164
3	125.0	1.0
5	127.0	1.015748031496063
1	122.0	1.0163934426229508
2	129.0	1.0077519379844961
9	116.0	1.0
10	107.0	1.0
0	165.0	1.4242424242424243
