250

4
10
10
6
4
10
8
10
3
9
10
5
10
5
10
10
9
10
9
5
9
2
8
10
10
8
6
8
9
10
9
5
9
10
8
5
9
8
10
7
8
9
10
10
3
4
7
8
6
7
9
8
10
8
10
9
7
10
8
10
6
9
8
5
4
10
10
10
8
9
9
6
8
8
8
5
6
6
9
9
2
2
10
10
10
6
10
9
9
5
7
10
10
10
10
8
7
10
10
10
8
6
7
8
7
9
10
10
9
10
8
10
10
8
10
9
8
2
6
10
3
5
10
8
8
9
8
10
9
2
6
9
3
10
10
10
9
10
7
9
10
10
10
6
7
6
5
8
10
9
10
10
5
10
2
9
10
8
6
10
10
7
9
10
8
9
3
8
8
10
8
8
10
5
9
10
10
6
9
7
2
9
9
3
6
8
9
8
9
10
10
8
9
10
10
10
5
10
6
9
2
7
9
8
9
10
3
9
10
7
8
10
7
8
9
7
10
9
5
7
9
9
8
10
8
7
10
10
10
9
8
9
9
5
7
9
10
2
8
8
10
9
10
6
9
9
9
4
9
7

2	175.0	1.0057142857142858
1	171.0	1.0
3	176.0	1.0
5	171.0	1.0
4	180.0	1.0
6	154.0	1.0064935064935066
9	168.0	1.005952380952381
10	151.0	1.0
8	168.0	1.0
7	153.0	1.0
0	222.0	1.4954954954954955
