25

39
26
10
37
32
8
34
33
35
32
39
16
32
36
22
36
29
11
15
34
23
15
31
26
38

3	23.0	2.1739130434782608
5	23.0	2.260869565217391
13	16.0	1.0
9	21.0	1.5714285714285714
17	14.0	1.0
4	22.0	2.272727272727273
6	22.0	1.5454545454545454
10	16.0	1.0
11	17.0	1.0
18	19.0	1.0
15	18.0	1.0
2	23.0	2.0869565217391304
16	16.0	1.0
7	22.0	1.5454545454545454
8	24.0	1.4166666666666667
12	18.0	1.0
1	23.0	2.0869565217391304
14	19.0	1.0
21	14.0	1.0
24	15.0	1.0
19	16.0	1.0
23	14.0	1.0
22	14.0	1.0
20	14.0	1.0
25	18.0	1.0
0	23.0	2.0869565217391304
