247

7
9
3
5
3
2
7
9
2
2
4
2
9
9
2
7
4
7
2
4
6
8
6
4
2
9
9
7
3
2
8
9
5
2
4
5
8
5
3
6
3
8
7
4
4
3
5
9
9
6
7
7
7
2
6
5
2
4
7
7
5
5
9
7
8
2
4
4
5
3
4
2
2
3
2
5
4
3
6
3
2
3
4
4
4
4
3
7
8
7
6
9
3
9
7
2
4
6
8
2
9
7
2
2
4
6
2
9
8
3
2
7
8
4
8
3
6
5
8
6
5
8
5
7
7
6
3
4
5
2
8
7
9
6
8
5
9
4
7
7
3
3
4
4
2
3
9
9
4
5
8
9
3
4
8
8
8
6
9
3
7
8
7
9
2
3
6
8
7
3
2
2
7
7
3
7
5
6
8
6
7
5
5
2
6
7
5
9
2
5
9
6
7
4
6
2
2
3
7
2
4
5
4
7
4
2
5
8
6
2
8
5
5
6
3
3
4
2
6
3
9
3
9
2
8
8
2
8
5
2
4
5
8
8
5
6
5
3
3
3
5
4
9
2
3
4
8

1	98.0	1.010204081632653
2	114.0	1.0
7	102.0	1.0
9	107.0	1.0
3	119.0	1.0084033613445378
8	112.0	1.0
10	100.0	1.0
5	105.0	1.0095238095238095
4	110.0	1.0
6	117.0	1.0085470085470085
0	164.0	1.2926829268292683
