250

38
40
40
26
33
34
37
36
39
40
39
37
40
41
41
38
40
35
37
34
33
13
40
41
40
41
39
34
22
38
38
40
40
40
38
41
40
40
38
18
16
25
35
39
41
41
41
39
38
36
40
38
40
37
41
41
40
37
25
41
36
23
40
41
41
41
37
40
40
10
40
40
41
41
40
41
30
38
40
41
41
26
40
41
40
41
40
40
40
36
41
26
40
41
41
39
40
40
37
41
41
40
41
34
25
34
40
32
23
37
41
19
41
40
39
40
38
39
38
40
37
40
40
39
40
40
40
41
40
39
39
40
37
40
38
41
40
38
40
40
39
40
32
38
40
41
37
40
41
40
40
21
36
35
41
41
39
36
37
32
40
41
39
41
35
40
18
41
41
39
39
40
38
37
27
40
39
29
40
36
38
40
39
40
40
41
41
40
41
40
40
40
40
40
38
38
40
40
40
41
30
39
41
40
40
37
41
40
24
41
41
39
40
40
40
41
41
41
40
41
41
17
40
40
38
38
41
40
40
40
40
38
40
40
41
37
38
35
40
32
38
38
39
37
34
36
27
40
4
41

1	247.0	2.777327935222672
6	246.0	1.8211382113821137
24	227.0	1.0
10	221.0	1.0
17	225.0	1.0
11	229.0	1.0
21	225.0	1.0
9	247.0	1.785425101214575
2	248.0	2.681451612903226
14	224.0	1.0
22	226.0	1.0
8	239.0	1.8577405857740585
5	243.0	2.757201646090535
3	244.0	2.6844262295081966
12	218.0	1.0
7	244.0	1.8032786885245902
23	215.0	1.0
4	249.0	2.7068273092369477
19	217.0	1.0
18	218.0	1.0
15	218.0	1.0
13	219.0	1.0
16	225.0	1.0
25	226.0	1.0
20	232.0	1.0
0	248.0	2.721774193548387
