	290	238	221	224	192	230	223	237	205	198	177	197	211	195	
		198	216	236	242	222	235	257	217	204	235	195	220	207	
			226	227	179	233	220	231	217	219	175	214	228	211	
				275	222	261	260	279	264	254	208	247	264	251	
					262	263	301	327	277	256	231	254	277	263	
						209	254	283	221	212	242	206	229	218	
							259	264	275	263	213	267	277	270	
								318	269	252	231	248	270	255	
									279	261	253	259	282	268	
										297	228	272	302	290	
											216	262	289	273	
												210	232	219	
													272	265	
														294	
															
