	18420	6920	1718	1730	1193	3310	1287	1631	1101	1285	1152	1197	1117	920	
		4366	736	820	1045	1231	714	948	831	1004	1263	633	897	628	
			4239	4662	1556	4238	4691	4573	3423	3939	1556	3896	4827	3023	
				2108	708	2138	1936	2296	1803	1799	876	1905	1884	1591	
					835	2137	2002	2465	1770	1794	1005	1893	1868	1575	
						819	812	1193	596	718	1281	636	724	567	
							2020	2568	1815	2094	1332	1980	1940	1606	
								2438	1662	1766	1152	1769	1792	1445	
									1992	2422	2779	2141	2268	1692	
										1759	878	1684	1704	1439	
											1537	1768	1825	1449	
												966	1254	719	
													1921	1483	
														1474	
															
