35_1000_4.9e-10_4.9e-10_470000000
35
1000
4.9e-10
4.9e-10
470000000

['./treeMaker/main']
1.01273918152	0.5725710392	1.09149479866	0.996038198471	1.07491803169	0.60805106163	0.695677042007	2.1052749157	0.845662117004	1.66938495636	1.39864301682	0.893142938614	2.24777913094	0.463514089584	0.709128856659	0.793905973434	2.74711108208	1.12315917015	2.44778203964	1.22157406807	2.61243915558	0.848996162415	1.19824194908	1.78908705711	0.769101142883	0.58949303627	1.61360001564	1.01628184319	0.549638986588	0.824372053146	1.25686907768	1.13860797882	3.84332108498	0.808263063431	2.50423002243	0.98949098587	0.447200059891	0.930241107941	0.94267988205	0.614720106125	0.962285041809	1.25173306465	1.39492917061	1.12809586525	1.55438804626	1.32519316673	0.840112924576	0.471871137619	0.747814893723	0.499706983566	
['./treeMaker/main', '-b']
1.00078105927	0.578173875809	0.936853885651	0.974001169205	1.06747603416	0.595659017563	0.800957918167	2.12020397186	0.902415990829	1.77387022972	1.4867310524	0.993475914001	2.08936405182	0.539119005203	0.813045024872	0.856586933136	2.56082010269	1.17309808731	2.3881149292	1.11715292931	2.87010788918	0.77810716629	1.14621901512	1.78610086441	0.682822942734	0.519124984741	1.43251180649	0.987031936646	0.62637090683	0.805218935013	1.11324214935	1.06830692291	3.79257583618	0.811014175415	2.41608715057	1.04876995087	0.421566009521	0.932789087296	0.911283969879	0.649311065674	0.926637172699	1.1268889904	1.35530519485	1.2057158947	1.41133594513	1.31164979935	0.852469921112	0.448957920074	0.709378004074	0.536128044128	
['./treeMaker/main', '-u']
0.960592031479	0.60438990593	1.03385710716	0.853581190109	1.05488300323	0.626725196838	0.807451963425	2.27266812325	0.911723136902	1.73983502388	1.49767184258	0.960813045502	2.22752094269	0.540587902069	0.760766029358	0.873990058899	2.63156414032	1.05678391457	2.23335790634	1.11881899834	2.79338312149	0.823720932007	1.1147518158	1.85597801208	0.783010959625	0.546843767166	1.44805383682	1.05527710915	0.568275928497	0.803390979767	1.17219400406	1.12780785561	3.78582310677	0.884572982788	2.6728310585	0.977111101151	0.45091676712	0.890012979507	0.997843027115	0.571228981018	0.879595041275	1.20451116562	1.2086520195	1.06271100044	1.47323393822	1.28431606293	0.758301973343	0.481484889984	0.750512123108	0.478983163834	
['./treeMaker/main', '-t', '-r', '1']
4.51934194565	3.38678598404	4.67598891258	4.55694413185	4.979129076	3.42212295532	4.1713218689	6.82800388336	4.51695299149	6.11695599556	5.81645178795	4.2648499012	7.29508590698	3.07291102409	4.0119240284	4.28409004211	8.06768393517	5.07937598228	7.99003911018	5.12478399277	8.13761305809	3.61370801926	5.3257920742	6.24284911156	4.17019701004	3.04848694801	6.32314491272	4.98022985458	3.48806595802	4.13165807724	5.32745194435	5.09062004089	9.30675411224	4.37669014931	8.42180085182	4.97192192078	2.88248491287	4.33862900734	4.30526995659	3.56987190247	4.33054494858	5.34709405899	5.7391910553	5.14104604721	6.2593870163	5.79741692543	4.26189899445	2.99764704704	3.94953799248	3.0088660717	
['./treeMaker/main', '-t', '-r', '2']
8.70375990868	5.63661503792	8.51842808723	8.05048203468	8.45490098	6.27500414848	6.72775602341	13.4752249718	7.53861117363	11.6883399487	11.7215440273	8.50429606438	13.3571310043	5.42433619499	7.27043199539	7.10178399086	14.3904819489	9.25611495972	13.4299712181	9.94978904724	16.170224905	7.88716602325	9.26533389091	12.4478588104	6.63567614555	5.97195792198	10.1939959526	8.18818497658	6.30663180351	7.65575194359	9.79720401764	8.97249698639	19.4461519718	7.48052382469	15.2899739742	8.42835211754	4.91342115402	7.58571815491	7.92879199982	6.02929496765	7.87883210182	8.66003990173	9.64439511299	8.6651930809	10.6808638573	9.36727380753	7.35643911362	5.30139517784	6.89203596115	5.79952788353	
['./treeMaker/main', '-t', '-r', '1', '-N']
4.63935089111	3.37581300735	4.6807820797	4.48587703705	5.1183989048	3.40295791626	4.11482405663	6.89938187599	4.33547997475	6.119617939	5.84893512726	4.23652410507	7.32616186142	2.97935295105	3.97788691521	4.2709569931	8.07975101471	5.18305182457	8.14100408554	5.20399093628	8.16205382347	3.58480095863	5.38446688652	6.26022100449	4.15485095978	3.09251904488	6.0979218483	4.92016100883	3.49723911285	4.1246509552	5.25093102455	4.99577999115	9.27387690544	4.35192012787	8.43437790871	4.87280011177	2.88347697258	4.2572851181	4.3877620697	3.55652213097	4.37058496475	5.30637598038	5.75430297852	5.04081201553	6.21306991577	5.79278087616	4.29497480392	3.01913309097	4.00412607193	3.05095291138	
['./treeMaker/main', '-t', '-r', '2', '-N']
8.7480070591	5.69585895538	8.58511209488	8.21066093445	8.57645082474	6.20611715317	6.66060614586	13.4505109787	7.27793908119	11.7116010189	11.6210439205	8.39230799675	13.3312151432	5.43266391754	7.18564105034	7.17238497734	14.4629020691	9.12323403358	13.4423069954	9.75619316101	16.0654361248	7.63511705399	9.33565115929	12.4716050625	6.76980805397	6.01798081398	10.3364200592	8.23593902588	6.21103191376	7.79652309418	9.68152499199	8.94729804993	19.4647800922	7.53045392036	15.7365739346	8.33844208717	5.02394104004	7.60873198509	8.13681221008	6.20322012901	7.81158685684	8.81446290016	9.64805698395	8.68898105621	10.8678848743	9.63915586472	7.51340198517	5.38514399529	7.09947800636	5.95134091377	
['./treeMaker/main', '-m']
0.169034957886	0.137913942337	0.169018983841	0.161240100861	0.171402931213	0.143540143967	0.148455142975	0.216176986694	0.150791168213	0.200745820999	0.188004970551	0.184762001038	0.2080950737	0.129778862	0.148227930069	0.153224945068	0.230375051498	0.166625976562	0.225883960724	0.178784132004	0.243910074234	0.160686969757	0.16729092598	0.203550100327	0.140893936157	0.141929864883	0.182911872864	0.156109809875	0.135342121124	0.15322804451	0.176946878433	0.16556096077	0.281829118729	0.149903059006	0.231869935989	0.164324998856	0.118650913239	0.160178184509	0.159003019333	0.139577865601	0.158900976181	0.169982910156	0.18011713028	0.17041516304	0.18740606308	0.175671100616	0.149464845657	0.127235889435	0.150604009628	0.142753124237	
['./treeMaker/main', '-m', '-b']
0.175665855408	0.151025056839	0.18284201622	0.185184955597	0.177785158157	0.147546052933	0.161007165909	0.252708911896	0.159796953201	0.228951931	0.22488617897	0.185230970383	0.235485076904	0.149258852005	0.166648864746	0.178044080734	0.252799987793	0.186326980591	0.254802942276	0.199071884155	0.274730920792	0.172704935074	0.180461883545	0.224779129028	0.149142026901	0.148569107056	0.209304094315	0.170773983002	0.143877983093	0.168199062347	0.189507007599	0.186369895935	0.307672023773	0.163379907608	0.265940904617	0.17622590065	0.129377841949	0.173622846603	0.16762304306	0.164870977402	0.16921210289	0.18695807457	0.191637992859	0.182788133621	0.20768404007	0.186138153076	0.160190105438	0.139616966248	0.157603025436	0.153656005859	
['./treeMaker/main', '-m', '-w', '1']
0.179198026657	0.13140296936	0.17095208168	0.178168773651	0.164792776108	0.132008075714	0.143671035767	0.225970029831	0.160349845886	0.211604118347	0.194226026535	0.163045167923	0.214209079742	0.136314868927	0.148891925812	0.159690141678	0.244971036911	0.172243118286	0.22795009613	0.172068834305	0.248069047928	0.167178153992	0.173858165741	0.214610815048	0.160234928131	0.156549930573	0.189568042755	0.162015199661	0.14004611969	0.164711952209	0.184805870056	0.175154924393	0.290879964828	0.166443109512	0.255424976349	0.168037176132	0.132832050323	0.158478021622	0.161712884903	0.141530990601	0.177668094635	0.182764053345	0.192518949509	0.177239179611	0.193316936493	0.183852910995	0.166790008545	0.121393918991	0.138874053955	0.137526988983	
['./treeMaker/main', '-m', '-w', '2']
0.164583921432	0.132160902023	0.162083148956	0.163034915924	0.160179853439	0.143221139908	0.150202035904	0.22475194931	0.157428979874	0.211983203888	0.197131156921	0.163176059723	0.210942983627	0.141548871994	0.148406028748	0.154558897018	0.22211098671	0.17948102951	0.228686094284	0.184453964233	0.248481035233	0.158638000488	0.186935901642	0.205276012421	0.156802892685	0.154011964798	0.186925888062	0.163287162781	0.142939805984	0.160798072815	0.189740896225	0.17581319809	0.29803109169	0.157304048538	0.243913173676	0.169287919998	0.124388933182	0.171415090561	0.166568040848	0.143415927887	0.16969704628	0.178775072098	0.181910037994	0.16924405098	0.197296142578	0.179041862488	0.149394035339	0.12891292572	0.151072978973	0.133684873581	
['./treeMaker/main', '-m', '-c', '1']
0.165625095367	0.136569976807	0.16871380806	0.156008958817	0.158770084381	0.135963916779	0.145235061646	0.217164039612	0.157171010971	0.204174041748	0.20265007019	0.179785013199	0.202852010727	0.132873058319	0.16468501091	0.162709951401	0.224560976028	0.172981023788	0.214604854584	0.194611787796	0.253296136856	0.160599946976	0.17400598526	0.205173015594	0.137131214142	0.139654874802	0.18075799942	0.166700124741	0.137605190277	0.153752803802	0.191677093506	0.163460969925	0.281059980392	0.149738788605	0.236224889755	0.169193983078	0.123177051544	0.172235012054	0.164998054504	0.136868953705	0.158394813538	0.169575929642	0.176308870316	0.164912939072	0.18909907341	0.172096014023	0.151066064835	0.138227939606	0.142340898514	0.133663892746	
['./treeMaker/main', '-m', '-c', '2']
0.164974927902	0.135635137558	0.163874149323	0.159085035324	0.162703990936	0.139453887939	0.159492969513	0.235144138336	0.162070989609	0.203499078751	0.199480056763	0.171823978424	0.207757949829	0.127790927887	0.149674892426	0.159284114838	0.224828004837	0.167246103287	0.229099035263	0.177342891693	0.236613988876	0.162266016006	0.167829990387	0.207911014557	0.142009973526	0.145013093948	0.183921098709	0.154157876968	0.135416984558	0.165176868439	0.18746304512	0.165633201599	0.292062044144	0.164077997208	0.229797124863	0.168877124786	0.115812063217	0.149838924408	0.153877019882	0.134188890457	0.168758869171	0.18054318428	0.179805994034	0.17199587822	0.19242310524	0.168827056885	0.148323059082	0.131800174713	0.140650987625	0.148519992828	
['./treeMaker/main', '-m', '-a', '1']
0.185616970062	0.149765014648	0.186303853989	0.176095962524	0.193117141724	0.147528886795	0.168324947357	0.252496957779	0.166663885117	0.229203939438	0.206321954727	0.177948951721	0.223327875137	0.15198302269	0.169253826141	0.160868883133	0.236428022385	0.185437202454	0.244081020355	0.204284906387	0.265987873077	0.177254199982	0.187818050385	0.216367006302	0.156372070312	0.154414892197	0.193254947662	0.166545152664	0.160929918289	0.192170143127	0.216627120972	0.17542886734	0.320020914078	0.171830892563	0.272361040115	0.175142049789	0.132518053055	0.165632963181	0.169390916824	0.17054104805	0.18222284317	0.195458889008	0.199288129807	0.19051194191	0.208469152451	0.191805124283	0.174221038818	0.159769058228	0.171206951141	0.155319929123	
['./treeMaker/main', '-m', '-a', '2']
0.163200855255	0.131424188614	0.174380064011	0.173780918121	0.158138036728	0.148488044739	0.150421142578	0.225009918213	0.1516289711	0.210098981857	0.199917078018	0.169926166534	0.206753015518	0.133723974228	0.152452945709	0.161620140076	0.233555078506	0.164716005325	0.226155042648	0.176404953003	0.235963106155	0.161425113678	0.171974897385	0.200725793839	0.145442962646	0.144062042236	0.182206869125	0.160076856613	0.140274047852	0.167551994324	0.172826051712	0.171252012253	0.307582855225	0.161504030228	0.241806030273	0.168657064438	0.133178949356	0.156835079193	0.163176059723	0.134845018387	0.17288684845	0.165994167328	0.181885004044	0.183530092239	0.184331893921	0.18074297905	0.155321121216	0.128753185272	0.145833015442	0.131756782532	
