50_1000_4.9e-10_4.9e-10_470000000
50
1000
4.9e-10
4.9e-10
470000000

['./treeMaker/main']
2.59661102295	3.19084692001	3.88341903687	3.13120102882	2.98378586769	1.83447790146	1.01744699478	4.06831097603	1.84192299843	1.69127702713	1.27248001099	1.33580207825	4.39033603668	2.45093297958	1.36376786232	2.5271229744	5.51588392258	2.23020386696	1.12299799919	5.98342108727	3.74142408371	1.30768799782	1.54284501076	3.19832706451	4.83097290993	1.69154810905	1.61506605148	2.35762095451	1.9904229641	6.31852388382	2.10628914833	2.15154218674	1.70783805847	2.19769501686	2.63334202766	2.18482398987	2.83839392662	3.45011997223	3.76550292969	5.95146989822	3.08379888535	2.90484404564	9.50020718575	3.45327687263	3.25017809868	4.2825551033	3.14357805252	1.54571485519	3.20999479294	3.2062060833	
['./treeMaker/main', '-b']
2.45693683624	3.3159430027	3.88464903831	3.48584604263	3.1931540966	1.8114130497	0.939424037933	4.00637888908	1.84455418587	1.75525188446	1.37914395332	1.34847521782	4.28189992905	2.88575410843	1.57130503654	2.42551898956	5.50223708153	2.1596660614	1.24806904793	6.05735087395	3.99663305283	1.24933695793	1.46502494812	2.8585190773	4.64332914352	1.87639093399	1.74472212791	2.29113197327	2.16274499893	6.33251595497	1.97696113586	2.26334309578	1.8305709362	2.53956890106	2.50180101395	2.18340492249	3.26673412323	3.62789511681	4.18244314194	6.23702001572	3.07879090309	3.04318404198	9.53324198723	3.35132312775	3.29190921783	4.17297792435	3.05967307091	1.52487802505	3.38171291351	3.65898990631	
['./treeMaker/main', '-u']
2.66927194595	3.69817209244	4.2823870182	3.47292399406	2.9166200161	2.04163002968	0.968775033951	4.34433794022	1.87009692192	1.70927000046	1.2776658535	1.39974498749	4.23818707466	2.63271403313	1.47953605652	2.46683001518	5.44234895706	2.35697603226	1.08963608742	6.09349012375	4.18426203728	1.46436500549	1.4992210865	3.1634979248	4.74527096748	1.65732288361	1.69126486778	2.40809297562	1.97362685204	6.68332719803	2.32564687729	1.95764803886	1.61008501053	2.18641209602	2.36682415009	2.03177285194	3.18724799156	3.45777487755	3.87808799744	5.66019797325	3.05320596695	2.65127301216	9.92129206657	3.57572412491	3.63246703148	4.07207298279	3.17141294479	1.77216386795	3.31297492981	3.26491498947	
['./treeMaker/main', '-t', '-r', '1']
12.1632919312	13.8484590054	15.0246651173	14.8324799538	12.43227005	9.78560519218	6.39781284332	14.8660030365	9.79142904282	9.91594290733	7.73985981941	8.42568421364	16.7511341572	12.0040991306	8.38057279587	12.4359719753	20.3478279114	11.0732979774	7.38796806335	21.6329278946	15.8022179604	7.51460409164	8.71628212929	12.4144189358	17.9474420547	9.16519188881	9.11912918091	11.2463538647	11.010507822	21.6234619617	10.3072209358	10.3132259846	9.57872200012	10.1461150646	11.1332061291	10.4272809029	13.6648299694	13.7154150009	15.7398819923	18.9071660042	14.0962269306	12.841370821	25.6821160316	15.1616871357	13.1517140865	17.9786739349	12.970580101	8.71522283554	12.7411730289	13.3111081123	
['./treeMaker/main', '-t', '-r', '2']
17.8532049656	22.2978880405	24.4418067932	21.1594641209	20.9197640419	16.0639629364	9.88263201714	24.967454195	15.4789998531	14.509567976	13.8473668098	12.0818238258	27.0664069653	18.9375350475	12.8366348743	17.8488340378	30.3953430653	16.5279388428	10.7829079628	31.8514869213	23.6867949963	12.7560100555	13.1923699379	20.2453360558	27.6638879776	15.2776050568	13.9336528778	16.6869878769	15.370098114	31.9306399822	16.3021681309	16.2083380222	13.6999869347	17.6868758202	18.2727739811	17.220140934	20.0694038868	21.6812210083	22.489454031	31.5782530308	20.285089016	18.9840369225	46.4045500755	22.1598830223	22.3424859047	23.8277850151	20.8993179798	14.084321022	20.5227870941	22.2961871624	
['./treeMaker/main', '-t', '-r', '1', '-N']
11.7840549946	13.8856670856	14.760848999	14.7336370945	12.5358889103	9.88739919662	6.37398695946	14.9275081158	9.80162501335	10.0499241352	7.84456682205	8.2978758812	16.9589509964	12.1610300541	8.40919804573	12.2311470509	20.2302060127	11.1793231964	7.51503920555	21.283066988	15.7490780354	7.35843992233	8.55943393707	12.4415750504	17.9845221043	9.26101112366	9.17643499374	11.2790579796	10.9880390167	21.7893941402	10.0935690403	10.2417619228	9.69980978966	10.1726579666	11.2044341564	10.0931808949	13.8705039024	13.6645889282	15.8817510605	19.0502440929	14.1795568466	12.9948129654	25.7456240654	15.2068469524	13.081403017	17.8798491955	13.1310660839	9.03453612328	12.6265079975	13.4367980957	
['./treeMaker/main', '-t', '-r', '2', '-N']
18.0442900658	22.8797080517	24.7750329971	21.1445610523	21.0874140263	15.8732337952	9.87754392624	25.0141768456	15.7364289761	14.4309220314	13.6981408596	12.0467708111	27.0522868633	18.9556729794	12.794699192	17.6821269989	30.360943079	16.4353559017	10.7482059002	31.9881298542	23.5408821106	12.6570169926	13.1548500061	20.0387871265	27.4061989784	14.9973099232	13.8034989834	16.8375740051	15.3751819134	31.6962139606	16.1726770401	16.1910300255	13.8272440434	17.0410280228	17.8486130238	17.5700321198	19.4957890511	22.4711370468	22.6049170494	31.6984229088	20.3327989578	19.2877960205	45.3760869503	22.2639188766	22.8074419498	23.9210739136	21.2172999382	14.2623159885	20.4930491447	22.1903309822	
['./treeMaker/main', '-m']
0.306216001511	0.335886955261	0.403367996216	0.345813035965	0.350016117096	0.292489051819	0.224286079407	0.380203962326	0.281750202179	0.267550945282	0.264201879501	0.245633125305	0.385438919067	0.304558992386	0.271672010422	0.318050861359	0.411005973816	0.30596780777	0.234320878983	0.436105012894	0.357484817505	0.269245862961	0.249321937561	0.350345134735	0.411755800247	0.291182994843	0.272919178009	0.283197879791	0.28640794754	0.436167001724	0.287210941315	0.282655000687	0.259429216385	0.32886505127	0.329968929291	0.308680057526	0.332237005234	0.363054990768	0.348978042603	0.444141149521	0.343961000443	0.334017038345	0.538534879684	0.363654851913	0.368185997009	0.383390903473	0.341947078705	0.26615190506	0.327749013901	0.35768198967	
['./treeMaker/main', '-m', '-b']
0.350404977798	0.391942977905	0.432917833328	0.382968187332	0.392651081085	0.3209400177	0.255609035492	0.411868810654	0.326297998428	0.298897981644	0.29557299614	0.289036989212	0.432890176773	0.35041308403	0.266515016556	0.337971925735	0.488698959351	0.331121921539	0.251199960709	0.520150899887	0.412587881088	0.261903047562	0.269393920898	0.366415023804	0.439837932587	0.315841913223	0.281174182892	0.321197032928	0.311460018158	0.482898950577	0.331619024277	0.325184106827	0.289609909058	0.324042081833	0.342777967453	0.33495593071	0.36248087883	0.386119842529	0.412227869034	0.496824979782	0.362394094467	0.355277061462	0.647313117981	0.366703987122	0.406668901443	0.410750865936	0.386054992676	0.297728061676	0.363930940628	0.406740903854	
['./treeMaker/main', '-m', '-w', '1']
0.311352014542	0.3580930233	0.41734790802	0.340749979019	0.357165813446	0.293418169022	0.224825143814	0.410506010056	0.307585000992	0.264512062073	0.26234292984	0.260175943375	0.411713123322	0.325355052948	0.251444816589	0.321931123734	0.434275150299	0.315448999405	0.246073961258	0.461160182953	0.377116918564	0.245021104813	0.264872074127	0.326251029968	0.406077861786	0.285016059875	0.267627954483	0.292936086655	0.313842058182	0.45286488533	0.292549848557	0.314720869064	0.281728029251	0.307050943375	0.327486038208	0.311475038528	0.333218097687	0.372189998627	0.391362190247	0.452752113342	0.349586963654	0.335638046265	0.560083866119	0.371876955032	0.363508939743	0.395467996597	0.364727020264	0.278682947159	0.350749015808	0.378654956818	
['./treeMaker/main', '-m', '-w', '2']
0.334156990051	0.348273992538	0.392627954483	0.341986179352	0.342122793198	0.312190055847	0.21851682663	0.404734134674	0.309293031693	0.280552864075	0.262308120728	0.273040056229	0.410351037979	0.324905872345	0.270524024963	0.293210983276	0.441380977631	0.315638065338	0.239518880844	0.452953100204	0.400530099869	0.258667945862	0.257099151611	0.350512981415	0.421601772308	0.279615879059	0.278072118759	0.289494991302	0.300060987473	0.472492933273	0.305413007736	0.301919937134	0.28468298912	0.321755886078	0.330331087112	0.312501907349	0.332919836044	0.375057220459	0.360646009445	0.458044052124	0.345766067505	0.338662147522	0.575276851654	0.355530977249	0.381968021393	0.376264095306	0.358510971069	0.280991077423	0.346994876862	0.377484083176	
['./treeMaker/main', '-m', '-c', '1']
0.311501026154	0.362804889679	0.398811101913	0.351404905319	0.336055040359	0.302368164062	0.22838306427	0.409665107727	0.3039290905	0.276299953461	0.275245904922	0.245114088058	0.409792900085	0.323224067688	0.252016067505	0.310046195984	0.431017875671	0.314297199249	0.226406097412	0.440005064011	0.361455202103	0.267765045166	0.278374910355	0.347002029419	0.390555858612	0.291058063507	0.275995969772	0.300146818161	0.305135011673	0.436523914337	0.305413961411	0.295674085617	0.259959936142	0.320599079132	0.332731962204	0.316357851028	0.328792095184	0.345456123352	0.353756904602	0.46363902092	0.348502874374	0.320162057877	0.591267108917	0.361060857773	0.358953952789	0.386861085892	0.349299907684	0.283499956131	0.330175876617	0.379469156265	
['./treeMaker/main', '-m', '-c', '2']
0.311995029449	0.355674028397	0.403512954712	0.361933946609	0.354932069778	0.290432214737	0.228204011917	0.407442092896	0.282605886459	0.27833199501	0.261873960495	0.254132032394	0.419498920441	0.32444190979	0.259754896164	0.314291000366	0.432419061661	0.316162109375	0.22464799881	0.442337989807	0.361879110336	0.268041849136	0.254348039627	0.341760873795	0.410650014877	0.297760009766	0.287836074829	0.300317049026	0.293427944183	0.456352949142	0.308778047562	0.297127008438	0.266890048981	0.332733154297	0.318873882294	0.323265075684	0.315519094467	0.344388008118	0.373882055283	0.44283413887	0.34415602684	0.343622922897	0.581338882446	0.339327096939	0.365488052368	0.362351894379	0.337615966797	0.27525806427	0.342371940613	0.373960971832	
['./treeMaker/main', '-m', '-a', '1']
0.348819971085	0.385262966156	0.413822889328	0.362910985947	0.385432958603	0.328745126724	0.259294033051	0.441166877747	0.330947160721	0.309803962708	0.315201044083	0.28932595253	0.41984796524	0.35258603096	0.300235033035	0.337416887283	0.442995071411	0.33903002739	0.268332958221	0.484663963318	0.409807920456	0.277871131897	0.314462184906	0.374886035919	0.434809207916	0.311182022095	0.305457115173	0.313107967377	0.30773806572	0.475466012955	0.326955795288	0.383997917175	0.30043888092	0.36310005188	0.365649223328	0.353460073471	0.341706037521	0.372370958328	0.396929979324	0.482199192047	0.370007038116	0.372881889343	0.61696100235	0.384695053101	0.405258893967	0.391279935837	0.394794940948	0.302626848221	0.361183166504	0.398633003235	
['./treeMaker/main', '-m', '-a', '2']
0.31436419487	0.346712827682	0.402871131897	0.359730958939	0.338064908981	0.293217897415	0.22613286972	0.38765001297	0.309107065201	0.282482147217	0.287835121155	0.261008024216	0.422374010086	0.307309865952	0.266152858734	0.297804117203	0.426233053207	0.299027919769	0.24525809288	0.473550081253	0.382380008698	0.241430044174	0.254227161407	0.353139162064	0.411027908325	0.284745931625	0.266612052917	0.305891990662	0.296149015427	0.448855161667	0.291398048401	0.297718048096	0.257621049881	0.322479963303	0.328608989716	0.310708045959	0.335593938828	0.36502790451	0.379046916962	0.445783138275	0.34762096405	0.329022884369	0.54704284668	0.365036010742	0.363903045654	0.36465716362	0.356426000595	0.267222881317	0.335258960724	0.381302833557	
