15	1000	331	0
15	1000	390	0
15	1000	343	0
15	1000	331	2
15	1000	606	2
15	1000	369	0
15	1000	465	0
15	1000	494	2
15	1000	310	0
15	1000	333	2
25	1000	952	0
25	1000	1512	6
25	1000	1464	2
25	1000	1129	2
25	1000	1122	4
25	1000	1031	4
25	1000	1131	6
25	1000	1221	10
25	1000	1120	0
25	1000	1058	0
50	1000	6123	6
50	1000	7034	6
50	1000	7642	12
50	1000	6570	10
50	1000	6330	12
50	1000	4907	4
50	1000	3456	18
50	1000	7524	12
50	1000	5011	6
50	1000	4690	6
75	1000	16599	16
75	1000	18142	6
75	1000	12544	14
75	1000	17727	34
75	1000	19974	6
75	1000	11452	12
75	1000	11434	12
75	1000	15501	10
75	1000	35397	20
75	1000	27807	14
100	1000	30301	10
100	1000	38954	20
100	1000	30766	20
100	1000	39847	18
100	1000	25385	18
100	1000	39939	14
100	1000	47288	14
100	1000	27029	22
100	1000	26609	26
100	1000	17822	12
200	1000	227863	28
200	1000	199056	34
200	1000	231885	24
200	1000	236450	30
200	1000	449224	28
200	1000	348385	40
200	1000	196307	52
200	1000	270179	24
200	1000	125376	34
200	1000	301576	22
