15	1000	217	0
15	1000	165	0
15	1000	147	0
15	1000	150	2
15	1000	200	2
15	1000	159	0
15	1000	171	2
15	1000	179	2
15	1000	143	0
15	1000	152	0
25	1000	174	0
25	1000	300	2
25	1000	305	0
25	1000	270	2
25	1000	278	4
25	1000	240	2
25	1000	169	0
25	1000	220	0
25	1000	209	0
25	1000	217	4
50	1000	504	6
50	1000	522	4
50	1000	551	4
50	1000	509	6
50	1000	512	8
50	1000	426	6
50	1000	363	6
50	1000	571	6
50	1000	464	2
50	1000	453	2
75	1000	846	4
75	1000	876	6
75	1000	740	12
75	1000	776	6
75	1000	853	6
75	1000	720	6
75	1000	722	8
75	1000	884	8
75	1000	1335	6
75	1000	1280	8
100	1000	1363	6
100	1000	1610	2
100	1000	1395	6
100	1000	1598	8
100	1000	1238	6
100	1000	1658	8
100	1000	1780	8
100	1000	1155	8
100	1000	1300	18
100	1000	1033	6
200	1000	4007	20
200	1000	3709	24
200	1000	4084	12
200	1000	4130	28
200	1000	5721	12
200	1000	5268	24
200	1000	3762	22
200	1000	4542	16
200	1000	2966	20
200	1000	4154	26
