100_1000_4.9e-10_4.9e-10_470000000
100
1000
4.9e-10
4.9e-10
470000000

['./treeMaker/main']
10.4338231087	15.2047350407	10.6916208267	15.1974680424	8.35260295868	16.6447148323	19.797000885	9.55342698097	9.10581302643	4.84094500542	6.41534399986	18.9864981174	8.50531792641	5.74139714241	8.60649490356	8.22886919975	10.2376151085	14.1646120548	16.5566241741	11.5674118996	4.60658597946	6.32469511032	9.36254906654	19.4190990925	8.25797581673	17.0503630638	9.82622003555	12.0425190926	14.7260091305	10.2194731236	4.75951004028	12.6472499371	4.44651508331	16.6294329166	8.64728593826	17.7217419147	14.7128250599	8.285820961	6.72077393532	7.23700594902	13.7645151615	7.47638487816	5.92445683479	7.50184893608	11.4743599892	23.7257289886	16.3222780228	8.63458180428	6.86002588272	11.4478271008	
['./treeMaker/main', '-b']
10.5547039509	15.3877799511	10.8172850609	15.5020329952	8.42553591728	16.7884151936	20.0169758797	9.7138299942	9.23745393753	4.9080889225	6.50719594955	19.2291579247	8.5845220089	5.81482005119	8.72544813156	8.34813594818	10.3732910156	14.3123149872	16.6993761063	11.7107579708	4.68241810799	6.42197084427	9.48745393753	19.567346096	8.36836886406	17.2188181877	9.94319009781	12.1582949162	14.8792669773	10.0915038586	4.83506202698	12.7766370773	4.50635790825	16.8458299637	8.7606549263	17.8385529518	14.954472065	8.39067912102	6.80010581017	7.33983898163	13.9484100342	7.58927798271	6.00961208344	7.60034608841	11.6079940796	23.9280679226	16.505795002	8.76489877701	6.95829486847	11.6152019501	
['./treeMaker/main', '-u']
10.4595332146	15.2235281467	10.7160100937	15.2168140411	8.35767793655	16.6409721375	19.8216121197	9.5700199604	9.13582205772	4.85880088806	6.43873310089	18.9906840324	8.50182795525	5.76631808281	8.63427186012	8.2687869072	10.2730779648	14.1794300079	16.5485880375	11.5917830467	4.62908005714	6.34252691269	9.39702606201	19.4171960354	8.4151198864	17.0736448765	9.84132194519	12.0432050228	14.7378017902	9.99925994873	4.78320217133	12.6548230648	4.4671061039	16.6476647854	8.66924619675	17.6784181595	14.7533760071	8.31109499931	6.73046684265	7.26127576828	13.7808659077	7.50025510788	5.94893789291	7.52046704292	11.4977669716	23.7184510231	16.3867089748	8.82410907745	6.88848614693	11.4707150459	
['./treeMaker/main', '-t', '-r', '1']
50.4371168613	67.8449518681	53.6154749393	74.0638740063	48.8475580215	71.6683158875	85.4319519997	52.9655969143	45.9036188126	33.0538909435	38.8052840233	79.5844898224	48.9459741116	39.4621100426	45.8209049702	49.3404519558	53.6128029823	65.9065461159	80.0953469276	56.5499300957	29.6164960861	30.8492629528	53.5240170956	83.9044449329	49.1329929829	59.2337598801	59.1603691578	59.9865319729	72.6040937901	54.4548039436	30.3781690598	62.5993831158	30.7358760834	76.8774659634	49.0045039654	87.6651618481	68.5951249599	48.0942418575	41.4771089554	46.606541872	62.5841920376	46.9781501293	38.6327691078	43.9572560787	58.6423790455	107.866115093	73.8055920601	51.0728578568	42.9549779892	52.2325241566	
['./treeMaker/main', '-t', '-r', '2']
105.697453976	139.961852074	103.807883978	149.576155901	85.341766119	144.859534025	166.802533865	101.926616907	97.3909637928	54.3658480644	74.2068490982	161.527014971	89.6852641106	63.5911228657	92.3151531219	79.5402829647	108.559211016	129.700042963	141.521480083	110.883951187	58.5859930515	76.5348949432	98.6841840744	166.970180035	82.8027448654	150.39013505	99.0573170185	114.487393856	140.863464117	96.8972101212	58.5824291706	119.145680904	51.4807350636	146.642555952	96.2145841122	151.838096142	145.270126104	87.9438669682	73.942483902	89.3825879097	133.847338915	85.4733381271	65.4498860836	79.8655400276	113.396255016	186.424619913	153.478665829	92.1981709003	78.2262980938	120.205857038	
['./treeMaker/main', '-t', '-r', '1', '-N']
50.614606142	67.9287228584	53.7178649902	74.3839190006	48.6953799725	71.7240278721	85.2652080059	53.7339730263	46.5049440861	33.6872060299	39.6210539341	80.4840171337	49.7147119045	39.6425299644	46.6086268425	50.1848731041	54.6546998024	66.7765221596	82.2359409332	58.1245222092	30.6054708958	31.432888031	54.7361738682	85.6874990463	49.8734691143	60.9043290615	60.2554311752	61.0681350231	74.3105459213	56.0800549984	31.0859689713	63.756070137	31.3071789742	78.7297949791	50.5398640633	89.6890621185	69.4386980534	48.2746348381	42.1311700344	47.5317590237	63.7038328648	47.1307370663	38.9657058716	44.454857111	60.6312930584	110.344388962	75.5358860493	52.0898098946	43.9972610474	53.4409599304	
['./treeMaker/main', '-t', '-r', '2', '-N']
107.715483904	143.05923295	106.086017132	151.259324074	86.7155270576	146.319970131	168.786465883	102.993583202	99.3615300655	55.0283780098	75.2013268471	163.078684092	90.5452070236	64.1129031181	92.6711199284	80.4628708363	111.10395503	131.410060883	143.824179888	114.820641994	60.2054390907	77.6016478539	100.264789104	169.451828003	83.4784760475	153.251748085	101.443221092	117.602497816	144.794121981	99.3419189453	60.292416811	122.005645037	53.0455799103	148.940953016	98.3245100975	155.500256062	149.867555141	89.3924400806	74.1225450039	82.3841309547	135.669481039	88.377081871	67.3316841125	81.5951001644	116.555094004	187.523019075	153.951837063	92.475317955	79.1020581722	121.510740995	
['./treeMaker/main', '-m']
1.53131318092	1.86833310127	1.61514616013	1.8580930233	1.36428689957	1.82409596443	2.09002280235	1.5908510685	1.59224891663	1.12115001678	1.24079585075	1.96025085449	1.38898706436	1.16927099228	1.48913097382	1.31562495232	1.52466416359	1.78298687935	1.80654120445	1.62900900841	1.23961400986	1.37095689774	1.49481201172	2.0026140213	1.37964916229	2.03572916985	1.46288204193	1.6383690834	1.79381990433	1.50242590904	1.15748691559	1.61103510857	1.12950515747	1.76875805855	1.48254799843	1.90342783928	1.85745501518	1.42994523048	1.21722412109	1.29105997086	1.75865387917	1.32979917526	1.17649579048	1.38625907898	1.57861208916	1.9963581562	1.99750900269	1.41423892975	1.30094313622	1.7033200264	
['./treeMaker/main', '-m', '-b']
1.68121004105	1.96766591072	1.71635103226	2.05070495605	1.49959802628	2.15548396111	2.2150349617	1.66396689415	1.72361588478	1.22227311134	1.35505414009	2.2077319622	1.53198099136	1.33943319321	1.65262293816	1.39882087708	1.64831089973	1.94152379036	2.00384998322	1.76537299156	1.3174829483	1.44822406769	1.60207486153	2.16252684593	1.50123691559	2.23933792114	1.55679297447	1.79416012764	2.01286101341	1.59511709213	1.28842401505	1.67948698997	1.18133592606	1.98755693436	1.6202249527	2.00958395004	2.11367797852	1.50430893898	1.33165001869	1.35131287575	1.93669104576	1.46291399002	1.25114989281	1.47112107277	1.74515604973	2.3013780117	2.14613699913	1.44944810867	1.40029120445	1.82351207733	
['./treeMaker/main', '-m', '-w', '1']
1.52723813057	1.83945798874	1.55454015732	1.85249781609	1.34454703331	1.86313915253	1.95729804039	1.52703809738	1.60148406029	1.11451983452	1.29540896416	1.9714550972	1.41808199883	1.21719813347	1.43238210678	1.28775715828	1.53692698479	1.80031991005	1.79365181923	1.69369101524	1.24739003181	1.41207885742	1.49735212326	1.98210501671	1.38085198402	2.06311583519	1.42832112312	1.62628388405	1.77861380577	1.46703100204	1.17988204956	1.60763001442	1.15871810913	1.81484699249	1.48037219048	1.85684490204	1.79428291321	1.43520307541	1.26354789734	1.27453708649	1.83794498444	1.37262988091	1.23068094254	1.33930897713	1.58801388741	1.97341489792	1.96016407013	1.35099887848	1.26368689537	1.67225909233	
['./treeMaker/main', '-m', '-w', '2']
1.52178382874	1.84400010109	1.56090497971	1.8570690155	1.4078438282	1.90131187439	1.96805310249	1.52098798752	1.60661196709	1.15785193443	1.25723791122	1.98231601715	1.39905405045	1.21131587029	1.48695492744	1.34835100174	1.52707314491	1.78606390953	1.83512187004	1.63830900192	1.20561814308	1.39054703712	1.45515704155	1.9732401371	1.35837507248	2.04049277306	1.43145012856	1.61879014969	1.79072117805	1.47972607613	1.1608068943	1.53308176994	1.1452229023	1.85799789429	1.4722070694	1.81066703796	1.85531306267	1.37420916557	1.24413084984	1.23862981796	1.75248885155	1.35017991066	1.22811698914	1.36098098755	1.5846619606	2.06747102737	1.92737388611	1.38501882553	1.33220791817	1.65454387665	
['./treeMaker/main', '-m', '-c', '1']
1.49963784218	1.82104897499	1.53529810905	1.75015306473	1.32494306564	1.80045795441	1.94055604935	1.48042607307	1.5869641304	1.14028716087	1.24703288078	1.97646594048	1.3785879612	1.18499112129	1.43384313583	1.31144094467	1.51348114014	1.71883201599	1.81683015823	1.64289999008	1.19739890099	1.36592793465	1.43316817284	1.96823096275	1.33593702316	1.88856697083	1.38737201691	1.56422591209	1.80401802063	1.41783690453	1.15656518936	1.56467580795	1.10665512085	1.82534217834	1.45185208321	1.74470615387	1.74168395996	1.38725996017	1.16853499413	1.22703194618	1.70510601997	1.30895996094	1.11720108986	1.33728194237	1.52445697784	1.97252511978	1.88461685181	1.29190397263	1.24946713448	1.65078091621	
['./treeMaker/main', '-m', '-c', '2']
1.48040294647	1.78862690926	1.45817995071	1.76711392403	1.34069609642	1.88307189941	1.98172903061	1.55420303345	1.63054704666	1.12367892265	1.20828795433	1.92962694168	1.39682388306	1.1868481636	1.45561313629	1.33379292488	1.53176784515	1.76624393463	1.79651498795	1.61627411842	1.18498492241	1.34928393364	1.43428397179	1.95285010338	1.28674006462	1.94859719276	1.37284493446	1.59943509102	1.6961979866	1.37263894081	1.13867902756	1.4940829277	1.11993598938	1.79173493385	1.42083120346	1.84658503532	1.80356621742	1.37748503685	1.24146294594	1.26182794571	1.7940428257	1.30531191826	1.15063500404	1.30383419991	1.504103899	2.04412603378	1.91332316399	1.32148885727	1.27799105644	1.69785308838	
['./treeMaker/main', '-m', '-a', '1']
1.66919517517	1.93670082092	1.66092085838	1.95783114433	1.50643491745	2.05399894714	2.08287382126	1.7063639164	1.71271800995	1.28129005432	1.36913514137	2.06358385086	1.5646340847	1.34679603577	1.5839650631	1.47139501572	1.67562198639	1.848072052	1.95608210564	1.80215501785	1.36103987694	1.52225494385	1.59260106087	2.16199994087	1.50762701035	2.1566119194	1.58210802078	1.70242094994	1.92342400551	1.54974889755	1.32248210907	1.7263481617	1.30999207497	1.94019412994	1.64123296738	2.0790309906	2.00269293785	1.54783082008	1.41393113136	1.40320491791	1.95932602882	1.44886994362	1.36170315742	1.53971815109	1.71895694733	2.13050103188	2.06536388397	1.47653007507	1.44588398933	1.76534700394	
['./treeMaker/main', '-m', '-a', '2']
1.53287196159	1.82051682472	1.56322693825	1.82314705849	1.38355088234	1.91638708115	1.97386693954	1.51980304718	1.59611582756	1.13468003273	1.25032711029	1.9455640316	1.44038414955	1.18479394913	1.48360800743	1.34717297554	1.49134802818	1.80757689476	1.8522298336	1.65489912033	1.2266459465	1.34825706482	1.43489313126	1.93214511871	1.35211205482	1.99056792259	1.40368914604	1.61388587952	1.79797482491	1.42175507545	1.19759488106	1.59457397461	1.16582393646	1.83801007271	1.47396683693	1.90122199059	1.82638001442	1.44688606262	1.2683930397	1.25837182999	1.77449297905	1.35609006882	1.19572997093	1.36668109894	1.54979109764	2.06432914734	1.8655090332	1.33516597748	1.35921621323	1.93925189972	
