100_1000_4.9e-10_4.9e-10_470000000
100
1000
4.9e-10
4.9e-10
470000000

['./treeMaker/main']
10.29798913	15.0544950962	10.5654170513	14.9238111973	8.24720811844	16.4567680359	19.5897738934	9.39071512222	8.96171808243	4.79328393936	6.31549596786	18.7374920845	8.40791106224	5.66697311401	8.49170923233	8.15631604195	10.1022450924	13.9536259174	16.6784939766	11.4084510803	4.512830019	6.16204404831	9.23611903191	19.212471962	8.18572998047	16.803342104	9.66558909416	11.8874049187	14.4496099949	9.90943098068	4.6698718071	12.5088601112	4.39502286911	16.4577040672	8.52923703194	17.5040678978	14.508261919	8.17814517021	6.63752579689	7.16104197502	13.5878179073	7.49479699135	5.85842013359	7.40273690224	11.3222329617	23.4963428974	16.072521925	8.50994300842	6.80857300758	11.2529430389	
['./treeMaker/main', '-b']
10.3980560303	15.178276062	10.6819021702	15.0496740341	8.33256196976	16.573071003	19.7258150578	9.48080992699	9.07814097404	4.86092782021	6.39745807648	18.8809359074	8.50288701057	5.74726295471	8.57819199562	8.28252291679	10.2077488899	14.0624849796	16.5424380302	11.5149400234	4.57508301735	6.24721288681	9.30788207054	19.3391399384	8.2794380188	16.8816640377	9.8156068325	11.9907939434	14.5542869568	10.0063230991	4.72485518456	12.6041419506	4.45185494423	16.5538060665	8.61778593063	17.6362659931	14.632671833	8.2603161335	6.69665813446	7.24144506454	13.7067549229	7.43226099014	5.92173600197	7.48091602325	11.4154589176	23.6405339241	16.1826758385	8.59151792526	6.83709597588	11.3729701042	
['./treeMaker/main', '-u']
10.3140220642	15.0731010437	10.6065859795	14.9391169548	8.27274894714	16.4409508705	19.6022441387	9.40143704414	8.99117207527	4.82006978989	6.34782600403	18.7507748604	8.44664812088	5.70163202286	8.51741600037	8.19949889183	10.1709740162	13.9965240955	16.4787759781	11.4231669903	4.54997396469	6.19519305229	9.24212288857	19.1926679611	8.22682595253	16.7569010258	9.69626188278	11.8988721371	14.4520938396	9.9244260788	4.68789601326	12.5137221813	4.42146492004	16.4705309868	8.54262089729	17.5107049942	14.5817348957	8.19967198372	6.64372205734	7.19898104668	13.5709869862	7.37203383446	5.89996385574	7.42943692207	11.3449690342	23.4780240059	16.070125103	8.52927398682	6.78733205795	11.2875299454	
['./treeMaker/main', '-t', '-r', '1']
59.0596251488	71.9744548798	60.0764718056	81.624019146	52.9532270432	74.8825538158	92.5711708069	57.3315830231	47.5307939053	36.3574240208	43.0939791203	92.2276721001	51.5206241608	41.0432040691	49.3520641327	51.5715379715	54.8310370445	75.468225956	83.2605040073	59.7490718365	32.0352020264	33.5971200466	56.4900608063	87.9619779587	51.1190078259	67.9990401268	63.5542619228	64.9801900387	77.6799359322	58.4350919724	33.8104090691	71.5259430408	31.7420670986	84.9683418274	51.5067708492	92.5940020084	71.1164159775	50.6574640274	45.9250640869	48.7418658733	64.707337141	49.6534600258	41.6493740082	47.2215080261	63.9318130016	112.02719903	79.7805869579	54.5049350262	45.270720005	58.6287288666	
['./treeMaker/main', '-t', '-r', '2']
92.5443358421	123.872491837	89.560172081	120.989367962	74.3805711269	125.45411396	142.528856039	83.5811359882	82.6763999462	50.1776490211	63.9015049934	132.891355991	81.7200360298	55.5998790264	79.3850939274	71.5894289017	93.9843139648	107.542492867	124.613180161	93.3253159523	48.3196809292	64.0266849995	80.7929749489	144.43268013	75.1331679821	128.184085846	86.6733858585	100.011235952	111.210210085	85.3836011887	48.0791990757	103.817680836	46.0948021412	128.304059029	82.8273720741	130.257058859	120.55508709	75.9563291073	62.9041500092	69.8366801739	113.173356056	72.2074489594	58.215102911	68.001429081	97.6440618038	165.906255007	124.204785109	76.3597950935	66.8009810448	98.3983240128	
['./treeMaker/main', '-t', '-r', '1', '-N']
59.1361489296	72.1599190235	59.9889140129	81.6375379562	53.2192120552	74.8656070232	92.6419579983	58.4444959164	48.4899220467	35.3909041882	43.8162720203	93.3583550453	52.9298391342	41.8565618992	50.5183570385	52.357801199	55.4675951004	76.6085691452	84.8854701519	61.3348989487	32.6000912189	34.2847650051	57.6958358288	89.6138110161	51.3396799564	69.3622689247	65.8695790768	66.6073889732	79.2923128605	59.7655251026	34.653181076	72.9506120682	32.3639729023	86.5570268631	53.0775048733	93.8304209709	71.7771880627	51.3101119995	46.4952378273	49.717181921	65.3330831528	50.0414478779	42.0503261089	48.0643508434	64.7221469879	113.720059872	81.5028810501	55.4331021309	46.1853051186	60.2643191814	
['./treeMaker/main', '-t', '-r', '2', '-N']
94.0992047787	126.552560806	91.2285971642	123.61977005	75.1222321987	127.323598146	146.309165955	84.7753469944	84.4289929867	51.1968069077	64.5887920856	134.545031071	81.9643788338	56.0830209255	80.2530450821	72.9030630589	95.8960299492	108.614976883	127.764554024	96.3138139248	50.1945281029	65.0131180286	81.9278249741	145.673714161	75.547606945	131.692261934	88.6940870285	102.669420958	114.133004904	87.048732996	49.0527629852	107.318871021	47.4333031178	129.912899017	83.9931569099	134.087823153	123.849703074	77.1569750309	64.1502900124	71.878759861	116.817695141	74.0810079575	58.77602911	69.4163498878	99.4398188591	165.10435605	124.558306932	77.3765220642	67.8233761787	99.0493750572	
['./treeMaker/main', '-m']
1.42725515366	1.70587015152	1.4452059269	1.63047289848	1.3171479702	1.70517802238	1.86855077744	1.36956000328	1.42739200592	1.09812998772	1.12132787704	1.7269718647	1.2877831459	1.09568119049	1.37090802193	1.23890900612	1.41795682907	1.55209803581	1.67209386826	1.5076110363	1.14285111427	1.22007608414	1.30560994148	1.78755116463	1.30634689331	1.79330301285	1.31862878799	1.49767899513	1.5376970768	1.33793497086	1.08898901939	1.49285912514	1.14310908318	1.60720300674	1.34717178345	1.69339489937	1.6417222023	1.32361912727	1.18495893478	1.16645908356	1.58340501785	1.19439601898	1.11071205139	1.27191495895	1.39828395844	1.84379291534	1.6919529438	1.27528190613	1.17061090469	1.51850509644	
['./treeMaker/main', '-m', '-b']
1.46878790855	1.88390111923	1.48757505417	1.67885899544	1.38812279701	1.87311506271	1.94319605827	1.45863509178	1.5875620842	1.17946386337	1.26133608818	1.88726401329	1.48517298698	1.2549598217	1.50752305984	1.37560391426	1.46753692627	1.69902205467	1.87765717506	1.56750392914	1.19069314003	1.32350206375	1.44145202637	1.96988511086	1.37425899506	2.01694989204	1.44894790649	1.61592817307	1.67029595375	1.47946596146	1.16286206245	1.53550100327	1.19577312469	1.79232001305	1.46545696259	1.82614302635	1.78205704689	1.3973929882	1.24477291107	1.25114703178	1.72754597664	1.27201986313	1.2223470211	1.37271499634	1.56200194359	2.04285287857	1.83806610107	1.3650431633	1.30464506149	1.629103899	
['./treeMaker/main', '-m', '-w', '1']
1.35359597206	1.64170479774	1.441147089	1.62085294724	1.29362607002	1.72132205963	1.7901468277	1.37185192108	1.47912096977	1.09873795509	1.21309709549	1.74027109146	1.33696079254	1.16645622253	1.36507987976	1.28059101105	1.35399699211	1.55384397507	1.7469959259	1.51896882057	1.14116001129	1.25927305222	1.33731508255	1.79919099808	1.28606081009	1.77972698212	1.34506487846	1.45397400856	1.46501708031	1.30843806267	1.05297899246	1.43750691414	1.11117100716	1.64541888237	1.37217497826	1.64203214645	1.62810397148	1.25645589828	1.17793297768	1.20106315613	1.62668514252	1.24275398254	1.11963486671	1.24470210075	1.38954806328	1.80046820641	1.70286417007	1.25343704224	1.23674702644	1.5198597908	
['./treeMaker/main', '-m', '-w', '2']
1.41702699661	1.64161205292	1.44628500938	1.63901305199	1.30177402496	1.73677992821	1.75378298759	1.39882802963	1.47708201408	1.10485005379	1.16738295555	1.76533412933	1.29194307327	1.16488003731	1.36995601654	1.25329995155	1.43070697784	1.58441209793	1.66331195831	1.50388407707	1.12857794762	1.26083803177	1.32376194	1.78402495384	1.23851108551	1.69658589363	1.29023098946	1.42878699303	1.56177306175	1.39236712456	1.0494658947	1.47096014023	1.14800000191	1.6755490303	1.33600997925	1.63626694679	1.6390171051	1.30079507828	1.13080191612	1.21214985847	1.6655600071	1.19538378716	1.17193102837	1.26206302643	1.44696092606	1.82657384872	1.66836118698	1.27120995522	1.23819708824	1.54330205917	
['./treeMaker/main', '-m', '-c', '1']
1.37284493446	1.60509085655	1.35557317734	1.552713871	1.25397896767	1.67580699921	1.70997214317	1.30906414986	1.46068096161	1.09476089478	1.13708114624	1.68619394302	1.31714606285	1.11711001396	1.35321688652	1.24053907394	1.35917711258	1.56569314003	1.63717794418	1.44600510597	1.09777808189	1.23122406006	1.25568819046	1.76604890823	1.26077795029	1.77948117256	1.30044484138	1.49533510208	1.48395013809	1.29590082169	0.990889072418	1.38591504097	1.0372171402	1.62918710709	1.24784493446	1.58703899384	1.62244105339	1.22589588165	1.13216090202	1.11817312241	1.59898400307	1.17578601837	1.06124281883	1.2435760498	1.41461110115	1.78382110596	1.57993388176	1.15742301941	1.17633605003	1.41627597809	
['./treeMaker/main', '-m', '-c', '2']
1.30274105072	1.63806009293	1.34815907478	1.5496571064	1.24070906639	1.70187497139	1.75216197968	1.36637711525	1.42254209518	1.0487241745	1.11890006065	1.68231797218	1.28353214264	1.10378694534	1.3659389019	1.24445199966	1.36665415764	1.56197786331	1.69426703453	1.49745297432	1.10213208199	1.234623909	1.28641295433	1.69109511375	1.19891405106	1.65990996361	1.2879140377	1.38533115387	1.48158216476	1.32118606567	1.05964112282	1.37807703018	1.06932497025	1.6048989296	1.28468704224	1.60397696495	1.55156087875	1.27546882629	1.16903614998	1.16484904289	1.60999393463	1.21491622925	1.09162282944	1.19222187996	1.35549688339	1.80650496483	1.66686201096	1.2144548893	1.1626458168	1.46194291115	
['./treeMaker/main', '-m', '-a', '1']
1.5011780262	1.85999894142	1.5292570591	1.69290184975	1.38538002968	1.84150195122	1.87130904198	1.44421100616	1.61467504501	1.24974989891	1.34314799309	1.84692502022	1.46341300011	1.26802992821	1.48482513428	1.36088514328	1.51136898994	1.67406487465	1.77269601822	1.64063692093	1.28663706779	1.41098284721	1.44518399239	1.86810898781	1.37658691406	1.863519907	1.42563509941	1.55524992943	1.65846014023	1.49950790405	1.27100896835	1.54571413994	1.2640068531	1.766299963	1.55488491058	1.80204200745	1.7870759964	1.4458899498	1.32240414619	1.3280608654	1.78711390495	1.34587407112	1.28130292892	1.40742588043	1.53984093666	1.97032904625	1.73525190353	1.3996219635	1.28887581825	1.65015220642	
['./treeMaker/main', '-m', '-a', '2']
1.3461868763	1.68324685097	1.37839603424	1.55692005157	1.26669597626	1.65182614326	1.77153110504	1.3241379261	1.45856189728	1.09633302689	1.16043782234	1.69853305817	1.30889201164	1.1399269104	1.37838602066	1.26358509064	1.36451411247	1.58150196075	1.66114211082	1.46387481689	1.15764594078	1.22939705849	1.33647203445	1.75064206123	1.2648961544	1.74706482887	1.35429096222	1.46022701263	1.53388786316	1.35642290115	1.10482406616	1.4828338623	1.12814903259	1.69336795807	1.3491499424	1.68344402313	1.65762996674	1.33740997314	1.18362808228	1.15846920013	1.6417760849	1.21044301987	1.116355896	1.26290297508	1.44954395294	1.82363700867	1.67965888977	1.2077331543	1.26611804962	1.51212692261	
