10_1000_4.9e-10_4.9e-10_470000000
10
1000
4.9e-10
4.9e-10
470000000

['./treeMaker/main']
0.0	0.0	0.0	0.0	0.0	0.125	0.0	0.0	0.125	0.125	0.0	0.0	0.0	0.0	0.125	0.0	0.0	0.125	0.0	0.0	0.0	0.25	0.0	0.0	0.125	0.125	0.0	0.0	0.0	0.0	0.0	0.0	0.0	0.0	0.0	0.125	0.125	0.0	0.125	0.0	0.25	0.0	0.0	0.0	0.0	0.0	0.0	0.125	0.0	0.0	
['./treeMaker/main', '-b']
0.125	0.0	0.0	0.0	0.0	0.0	0.125	0.25	0.0	0.125	0.0	0.0	0.125	0.0	0.5	0.0	0.125	0.25	0.0	0.0	0.125	0.25	0.375	0.0	0.0	0.25	0.25	0.0	0.0	0.0	0.0	0.125	0.0	0.0	0.0	0.125	0.25	0.0	0.125	0.25	0.125	0.0	0.0	0.125	0.25	0.0	0.125	0.125	0.0	0.0	
['./treeMaker/main', '-u']
0.0	0.0	0.0	0.0	0.0	0.125	0.125	0.0	0.0	0.0	0.0	0.0	0.0	0.0	0.125	0.0	0.0	0.125	0.0	0.0	0.0	0.25	0.0	0.0	0.0	0.0	0.0	0.0	0.0	0.0	0.0	0.0	0.0	0.125	0.0	0.0	0.125	0.0	0.125	0.0	0.0	0.0	0.0	0.0	0.0	0.0	0.125	0.0	0.0	0.0	
['./treeMaker/main', '-t', '-r', '1']
0.0	0.0	0.125	0.0	0.0	0.125	0.125	0.0	0.0	0.125	0.0	0.0	0.125	0.0	0.125	0.0	0.0	0.125	0.0	0.0	0.0	0.125	0.0	0.0	0.0	0.125	0.0	0.0	0.0	0.0	0.0	0.0	0.0	0.125	0.0	0.0	0.125	0.0	0.125	0.125	0.0	0.0	0.0	0.0	0.0	0.0	0.0	0.0	0.0	0.0	
['./treeMaker/main', '-t', '-r', '2']
0.125	0.0	0.0	0.0	0.0	0.125	0.0	0.0	0.0	0.125	0.0	0.0	0.125	0.0	0.0	0.0	0.0	0.125	0.0	0.0	0.0	0.25	0.0	0.0	0.0	0.125	0.0	0.0	0.0	0.0	0.0	0.0	0.0	0.125	0.0	0.0	0.125	0.0	0.125	0.125	0.0	0.0	0.0	0.0	0.0	0.0	0.0	0.0	0.0	0.0	
['./treeMaker/main', '-t', '-r', '1', '-N']
0.125	0.0	0.125	0.125	0.0	0.125	0.0	0.0	0.25	0.0	0.0	0.125	0.125	0.0	0.125	0.0	0.0	0.125	0.0	0.0	0.0	0.25	0.0	0.0	0.125	0.125	0.0	0.0	0.0	0.0	0.0	0.0	0.0	0.25	0.0	0.0	0.125	0.0	0.125	0.125	0.125	0.0	0.0	0.0	0.0	0.0	0.0	0.125	0.0	0.0	
['./treeMaker/main', '-t', '-r', '2', '-N']
0.125	0.0	0.125	0.125	0.0	0.125	0.0	0.125	0.25	0.0	0.0	0.125	0.125	0.0	0.0	0.0	0.0	0.125	0.0	0.0	0.0	0.25	0.0	0.0	0.125	0.125	0.0	0.0	0.0	0.0	0.0	0.0	0.0	0.125	0.0	0.0	0.125	0.0	0.125	0.125	0.125	0.0	0.0	0.0	0.0	0.0	0.0	0.125	0.0	0.0	
['./treeMaker/main', '-m']
0.0	0.0	0.125	0.0	0.0	0.125	0.0	0.0	0.125	0.0	0.0	0.0	0.0	0.0	0.0	0.0	0.0	0.125	0.0	0.0	0.0	0.25	0.0	0.0	0.125	0.125	0.0	0.0	0.0	0.0	0.0	0.0	0.0	0.125	0.0	0.0	0.125	0.0	0.125	0.0	0.0	0.0	0.125	0.0	0.0	0.0	0.0	0.0	0.0	0.0	
['./treeMaker/main', '-m', '-b']
0.0	0.0	0.0	0.0	0.0	0.0	0.125	0.0	0.25	0.0	0.0	0.0	0.125	0.0	0.375	0.0	0.0	0.125	0.0	0.0	0.0	0.25	0.0	0.125	0.0	0.125	0.125	0.0	0.0	0.0	0.0	0.0	0.0	0.0	0.0	0.0	0.125	0.0	0.125	0.0	0.125	0.0	0.0	0.125	0.0	0.0	0.125	0.0	0.0	0.0	
['./treeMaker/main', '-m', '-w', '1']
0.0	0.0	0.125	0.0	0.0	0.0	0.0	0.0	0.0	0.0	0.0	0.0	0.0	0.0	0.125	0.0	0.0	0.125	0.0	0.0	0.0	0.25	0.0	0.0	0.125	0.125	0.0	0.0	0.0	0.0	0.0	0.0	0.0	0.25	0.0	0.125	0.125	0.0	0.125	0.125	0.0	0.0	0.125	0.0	0.0	0.0	0.0	0.0	0.0	0.0	
['./treeMaker/main', '-m', '-w', '2']
0.0	0.0	0.125	0.0	0.0	0.125	0.0	0.0	0.125	0.0	0.0	0.0	0.0	0.0	0.0	0.0	0.0	0.125	0.0	0.0	0.0	0.25	0.0	0.0	0.125	0.125	0.0	0.0	0.0	0.0	0.0	0.0	0.0	0.25	0.0	0.0	0.125	0.0	0.125	0.0	0.0	0.0	0.125	0.0	0.0	0.0	0.0	0.0	0.0	0.0	
['./treeMaker/main', '-m', '-c', '1']
0.25	0.0	0.125	0.0	0.0	0.0	0.0	0.0	0.25	0.0	0.0	0.125	0.5	0.125	0.25	0.0	0.0	0.25	0.125	0.25	0.0	0.125	0.125	0.125	0.125	0.125	0.125	0.0	0.125	0.125	0.0	0.0	0.0	0.375	0.0	0.125	0.125	0.125	0.125	0.25	0.125	0.125	0.25	0.25	0.125	0.0	0.25	0.125	0.125	0.0	
['./treeMaker/main', '-m', '-c', '2']
0.25	0.0	0.125	0.0	0.0	0.0	0.0	0.0	0.25	0.0	0.0	0.125	0.375	0.125	0.25	0.0	0.0	0.25	0.125	0.25	0.0	0.125	0.125	0.125	0.125	0.125	0.125	0.0	0.125	0.0	0.0	0.0	0.0	0.25	0.0	0.125	0.125	0.125	0.125	0.25	0.25	0.125	0.25	0.25	0.125	0.0	0.25	0.125	0.125	0.0	
['./treeMaker/main', '-m', '-a', '1']
0.375	0.0	0.125	0.0	0.0	0.125	0.125	0.125	0.375	0.5	0.125	0.0	0.125	0.0	0.5	0.0	0.125	0.25	0.0	0.0	0.0	0.125	0.125	0.25	0.125	0.125	0.125	0.125	0.125	0.125	0.125	0.125	0.125	0.25	0.0	0.125	0.25	0.0	0.125	0.125	0.125	0.125	0.125	0.125	0.125	0.0	0.375	0.125	0.0	0.0	
['./treeMaker/main', '-m', '-a', '2']
0.0	0.0	0.125	0.0	0.0	0.25	0.25	0.25	0.375	0.25	0.125	0.125	0.125	0.0	0.375	0.0	0.25	0.25	0.0	0.0	0.0	0.25	0.375	0.0	0.125	0.125	0.25	0.0	0.125	0.0	0.0	0.0	0.0	0.375	0.0	0.25	0.125	0.125	0.0	0.25	0.25	0.125	0.125	0.125	0.125	0.0	0.125	0.25	0.25	0.0	
