10_1000_4.9e-10_4.9e-10_470000000
10
1000
4.9e-10
4.9e-10
470000000

['./treeMaker/main']
0.0642039775848	0.0736939907074	0.0859508514404	0.0751378536224	0.0490639209747	0.0924999713898	0.0622668266296	0.0769691467285	0.12938117981	0.0530989170074	0.109964847565	0.151250123978	0.0371599197388	0.0650501251221	0.0467879772186	0.0394160747528	0.0529148578644	0.0323002338409	0.0490431785583	0.0944859981537	0.100749015808	0.103914022446	0.0553719997406	0.0716729164124	0.091814994812	0.0887980461121	0.08846783638	0.0732729434967	0.0862829685211	0.0734901428223	0.101298093796	0.0807840824127	0.0615639686584	0.113121032715	0.0588569641113	0.0596559047699	0.0759689807892	0.0816090106964	0.0938019752502	0.058168888092	0.050409078598	0.0593681335449	0.0630660057068	0.0766079425812	0.0878930091858	0.0776681900024	0.0809869766235	0.0573267936707	0.0882430076599	0.123089790344	
['./treeMaker/main', '-b']
0.0669689178467	0.0727100372314	0.0717029571533	0.0739710330963	0.0486080646515	0.0903007984161	0.0628271102905	0.0813040733337	0.141789913177	0.0550048351288	0.116761922836	0.152086019516	0.0368461608887	0.0649621486664	0.0464811325073	0.0390517711639	0.051924943924	0.0324721336365	0.0469579696655	0.0834150314331	0.108082056046	0.107995033264	0.0544919967651	0.0710031986237	0.0934550762177	0.100367069244	0.102335929871	0.0712850093842	0.0805680751801	0.0618607997894	0.104135990143	0.0940630435944	0.0621039867401	0.116718053818	0.0582029819489	0.0735950469971	0.0799629688263	0.0894289016724	0.0962109565735	0.0700771808624	0.0523879528046	0.0596840381622	0.0725390911102	0.0766780376434	0.0966081619263	0.0786089897156	0.0897660255432	0.0632081031799	0.0896410942078	0.113278150558	
['./treeMaker/main', '-u']
0.0701599121094	0.072084903717	0.072273015976	0.085559129715	0.0482850074768	0.10418510437	0.0625519752502	0.0814590454102	0.131772994995	0.0514709949493	0.110149145126	0.146776914597	0.0485508441925	0.0642738342285	0.0482380390167	0.0406959056854	0.0521218776703	0.0442719459534	0.0496349334717	0.0842688083649	0.100152015686	0.101758956909	0.0531411170959	0.0685288906097	0.0900819301605	0.0862648487091	0.0858578681946	0.0695028305054	0.0746531486511	0.0598719120026	0.0897710323334	0.0780689716339	0.0673971176147	0.112241983414	0.0586719512939	0.0608761310577	0.0795960426331	0.0827438831329	0.0926787853241	0.0575451850891	0.0503389835358	0.0563359260559	0.0628728866577	0.0756170749664	0.0832850933075	0.0757040977478	0.0734307765961	0.054624080658	0.0858919620514	0.111932992935	
['./treeMaker/main', '-t', '-r', '1']
0.282504081726	0.28605389595	0.287988901138	0.318241834641	0.21870303154	0.341202020645	0.27760386467	0.301056146622	0.443107128143	0.226057052612	0.373641967773	0.484040021896	0.181514024734	0.26815700531	0.218193054199	0.190489053726	0.220547914505	0.161049127579	0.206587791443	0.3219871521	0.385528087616	0.375650167465	0.2325091362	0.290369033813	0.351458072662	0.321876049042	0.338133096695	0.306602954865	0.307675123215	0.274930953979	0.349411964417	0.316887140274	0.25955915451	0.398741006851	0.252779006958	0.250207901001	0.323195934296	0.339727163315	0.346148967743	0.244695901871	0.233339071274	0.276546955109	0.271747112274	0.29523897171	0.330447912216	0.318373918533	0.290464162827	0.254739046097	0.351243019104	0.416752099991	
['./treeMaker/main', '-t', '-r', '2']
0.440917015076	0.484889984131	0.508563041687	0.501937150955	0.325594902039	0.604541063309	0.411448001862	0.550987005234	0.794392824173	0.373513936996	0.730555057526	0.875746965408	0.280888080597	0.465898036957	0.353912115097	0.295336008072	0.372565031052	0.241003990173	0.327612876892	0.531023025513	0.621917963028	0.734218835831	0.365727901459	0.465283870697	0.593556880951	0.593400001526	0.588300943375	0.482120037079	0.525135993958	0.459249973297	0.630728006363	0.567862033844	0.444154024124	0.711473941803	0.411822080612	0.414756059647	0.51824593544	0.528020143509	0.614691972733	0.387289047241	0.382883071899	0.394935846329	0.449908018112	0.542667865753	0.548735141754	0.543200969696	0.538449048996	0.427579164505	0.605829000473	0.752108097076	
['./treeMaker/main', '-t', '-r', '1', '-N']
0.293411016464	0.283076047897	0.300765037537	0.307942867279	0.222116947174	0.355796098709	0.262130022049	0.308456897736	0.472681999207	0.232795000076	0.377671957016	0.481459140778	0.169883012772	0.282245874405	0.224039077759	0.177202939987	0.219909906387	0.161010026932	0.220963954926	0.331447839737	0.378453969955	0.369375944138	0.232181072235	0.296232938766	0.364953041077	0.339747905731	0.359408855438	0.297018051147	0.313034057617	0.270928144455	0.358186006546	0.332685947418	0.262048959732	0.416000843048	0.254123210907	0.24929690361	0.312498807907	0.325482130051	0.362159967422	0.254338026047	0.216933012009	0.267174005508	0.270175933838	0.321760892868	0.338295936584	0.338141202927	0.313807964325	0.263586997986	0.342762947083	0.422039985657	
['./treeMaker/main', '-t', '-r', '2', '-N']
0.462476968765	0.509621143341	0.506880998611	0.545623779297	0.31706905365	0.592993021011	0.412250995636	0.545116901398	0.832705020905	0.385699033737	0.746645927429	0.854654788971	0.266168117523	0.452076196671	0.335417032242	0.290646076202	0.345951080322	0.25092792511	0.338545084	0.550630092621	0.610265016556	0.733798980713	0.376430034637	0.510400056839	0.597067117691	0.622466087341	0.560429811478	0.481807947159	0.564304828644	0.446332931519	0.598898887634	0.514350891113	0.420107841492	0.678128957748	0.417208909988	0.394807100296	0.514149904251	0.534039020538	0.644159078598	0.403505086899	0.377033948898	0.405371904373	0.460172176361	0.554876089096	0.544468164444	0.524420022964	0.505373001099	0.427736997604	0.614931106567	0.760152816772	
['./treeMaker/main', '-m']
0.0247690677643	0.0386559963226	0.0256459712982	0.0273039340973	0.0232729911804	0.0285289287567	0.0257980823517	0.0268568992615	0.0323288440704	0.0244660377502	0.0327370166779	0.0333230495453	0.0206668376923	0.0251579284668	0.0315208435059	0.024425983429	0.0272378921509	0.0233368873596	0.0343608856201	0.0291337966919	0.0313611030579	0.042505979538	0.0239839553833	0.0295259952545	0.0419411659241	0.0305199623108	0.0306708812714	0.0262720584869	0.0297079086304	0.0274639129639	0.0312919616699	0.0266449451447	0.0247299671173	0.0300788879395	0.0245771408081	0.0262930393219	0.0274760723114	0.0385110378265	0.0292518138885	0.0245449542999	0.0234858989716	0.0236840248108	0.02459192276	0.0289509296417	0.0293068885803	0.0284759998322	0.0292308330536	0.0270900726318	0.0305840969086	0.031592130661	
['./treeMaker/main', '-m', '-b']
0.0288319587708	0.0299119949341	0.0259740352631	0.0280778408051	0.0236828327179	0.0296459197998	0.0264279842377	0.0278151035309	0.0333909988403	0.0249199867249	0.0430638790131	0.0341548919678	0.0216801166534	0.0278470516205	0.0227937698364	0.0221788883209	0.0232770442963	0.0228700637817	0.0226449966431	0.0298688411713	0.0317838191986	0.0332169532776	0.0263590812683	0.02952003479	0.0285751819611	0.0310151576996	0.0302770137787	0.0296909809113	0.0310099124908	0.0268440246582	0.0409841537476	0.0304288864136	0.0289959907532	0.0323400497437	0.0280439853668	0.028037071228	0.0300941467285	0.0307250022888	0.0409719944	0.0276529788971	0.0248279571533	0.0282590389252	0.0295808315277	0.0296239852905	0.0310399532318	0.0298449993134	0.0426919460297	0.0242648124695	0.0289289951324	0.0316498279572	
['./treeMaker/main', '-m', '-w', '1']
0.0254459381104	0.0263919830322	0.0253460407257	0.027055978775	0.0228068828583	0.0281569957733	0.0254111289978	0.0265920162201	0.0320100784302	0.0249121189117	0.0320570468903	0.0328800678253	0.0218601226807	0.0271599292755	0.0238599777222	0.0206530094147	0.0256569385529	0.0195770263672	0.0219428539276	0.0297539234161	0.0308759212494	0.0428621768951	0.0368628501892	0.0303821563721	0.032350063324	0.0319969654083	0.0313899517059	0.0299289226532	0.0312030315399	0.0278739929199	0.0380067825317	0.0290908813477	0.02707695961	0.032662153244	0.0266680717468	0.0255799293518	0.0291080474854	0.0289330482483	0.0290679931641	0.0233328342438	0.0228221416473	0.0253810882568	0.0276200771332	0.0290439128876	0.0300180912018	0.0274651050568	0.0294070243835	0.0241482257843	0.029926776886	0.0312509536743	
['./treeMaker/main', '-m', '-w', '2']
0.0278317928314	0.0264208316803	0.0249140262604	0.0292241573334	0.0246629714966	0.0292601585388	0.0248069763184	0.0289180278778	0.0335421562195	0.0234260559082	0.0408430099487	0.0436131954193	0.0211081504822	0.0278899669647	0.0242130756378	0.0233390331268	0.0263810157776	0.0204329490662	0.0235998630524	0.029501914978	0.0309410095215	0.0331020355225	0.026349067688	0.0291428565979	0.0314908027649	0.0310201644897	0.0398788452148	0.0277020931244	0.0299348831177	0.0250310897827	0.0306708812714	0.0275881290436	0.02716588974	0.0330698490143	0.0280909538269	0.0278608798981	0.030072927475	0.0305790901184	0.0308458805084	0.0251891613007	0.0255300998688	0.0274350643158	0.0281648635864	0.0296280384064	0.0308158397675	0.0300769805908	0.0304379463196	0.0272178649902	0.0311331748962	0.0325539112091	
['./treeMaker/main', '-m', '-c', '1']
0.0275809764862	0.0264139175415	0.0254831314087	0.0283451080322	0.0252709388733	0.0300588607788	0.0279908180237	0.0264029502869	0.0339300632477	0.0236210823059	0.0306329727173	0.0343959331512	0.020852804184	0.0253100395203	0.023087978363	0.0215201377869	0.0237061977386	0.0220339298248	0.0228860378265	0.030280828476	0.0289409160614	0.0396919250488	0.0229511260986	0.028510093689	0.0283360481262	0.0296950340271	0.030513048172	0.0268921852112	0.0340170860291	0.0245840549469	0.0283977985382	0.027223110199	0.0253548622131	0.0311450958252	0.0247178077698	0.0249438285828	0.0275011062622	0.0275790691376	0.0461821556091	0.0248279571533	0.0228340625763	0.025787115097	0.0272009372711	0.028872013092	0.0305650234222	0.0286049842834	0.0296659469604	0.0263559818268	0.0295579433441	0.0312819480896	
['./treeMaker/main', '-m', '-c', '2']
0.0253901481628	0.027991771698	0.0251998901367	0.0287089347839	0.0253200531006	0.0295610427856	0.026691198349	0.0290977954865	0.0332229137421	0.026465177536	0.0325989723206	0.0332281589508	0.0205898284912	0.0277781486511	0.0235841274261	0.0230031013489	0.0233099460602	0.0203111171722	0.0239541530609	0.0295910835266	0.0307679176331	0.0326781272888	0.0235390663147	0.0378260612488	0.0303678512573	0.0306289196014	0.0286729335785	0.0304191112518	0.026652097702	0.0242729187012	0.0284540653229	0.0272951126099	0.0250639915466	0.0308740139008	0.0246949195862	0.0249030590057	0.0272309780121	0.0273950099945	0.0410940647125	0.0255270004272	0.0229170322418	0.0233750343323	0.0275030136108	0.025801897049	0.0300099849701	0.0285451412201	0.0287029743195	0.0270001888275	0.0302929878235	0.0329170227051	
['./treeMaker/main', '-m', '-a', '1']
0.0285019874573	0.0297939777374	0.0371768474579	0.0298709869385	0.023087978363	0.0307321548462	0.0302748680115	0.0286309719086	0.0331349372864	0.0283720493317	0.032567024231	0.0446619987488	0.0241811275482	0.0287477970123	0.0236170291901	0.022598028183	0.0259389877319	0.0218980312347	0.026682138443	0.0311939716339	0.0314919948578	0.0341029167175	0.0275499820709	0.0306360721588	0.0324339866638	0.0317568778992	0.0311341285706	0.0289409160614	0.0395250320435	0.0280179977417	0.0318429470062	0.0306680202484	0.0269930362701	0.0338540077209	0.02814412117	0.0286450386047	0.0306990146637	0.0312449932098	0.0316832065582	0.0250589847565	0.0268230438232	0.025839805603	0.0268018245697	0.0304791927338	0.0296421051025	0.0299470424652	0.0308790206909	0.0256099700928	0.0312869548798	0.0341160297394	
['./treeMaker/main', '-m', '-a', '2']
0.0277869701385	0.0260968208313	0.0252919197083	0.0289070606232	0.0222148895264	0.0294389724731	0.0254468917847	0.0265998840332	0.0318789482117	0.0262229442596	0.0314540863037	0.0331029891968	0.0200271606445	0.0271601676941	0.0242049694061	0.0313398838043	0.0237610340118	0.0318338871002	0.0232079029083	0.0285620689392	0.0318961143494	0.0410749912262	0.0228230953217	0.0287258625031	0.0310220718384	0.0303020477295	0.0294668674469	0.0282518863678	0.0287339687347	0.0252840518951	0.0292780399323	0.0286431312561	0.0242531299591	0.0361928939819	0.0234849452972	0.0247778892517	0.0290901660919	0.0298600196838	0.0297808647156	0.0312280654907	0.0235948562622	0.0246019363403	0.0254721641541	0.0269949436188	0.0277111530304	0.0268580913544	0.0273241996765	0.0247569084167	0.0279200077057	0.0319809913635	
