10_1000_4.9e-10_4.9e-10_470000000
10
1000
4.9e-10
4.9e-10
470000000

['./treeMaker/main']
0.0768649578094	0.0721499919891	0.0765910148621	0.0773138999939	0.0497040748596	0.0923960208893	0.0714190006256	0.0766561031342	0.136622905731	0.0521461963654	0.109403133392	0.161466836929	0.03671002388	0.0638971328735	0.0463519096375	0.0501050949097	0.05180311203	0.0335259437561	0.048103094101	0.0836219787598	0.100004911423	0.102405071259	0.0546638965607	0.0715379714966	0.0919919013977	0.0864140987396	0.100482940674	0.0723958015442	0.077957868576	0.0625939369202	0.0916118621826	0.0806381702423	0.0611491203308	0.114937067032	0.0656502246857	0.0595440864563	0.0860710144043	0.0826117992401	0.0924160480499	0.0723099708557	0.0504720211029	0.0591361522675	0.0609471797943	0.074923992157	0.0833659172058	0.0792300701141	0.0762159824371	0.0679662227631	0.0851240158081	0.113942861557	
['./treeMaker/main', '-b']
0.0644280910492	0.0723750591278	0.0707199573517	0.0836219787598	0.0486288070679	0.0885720252991	0.0624768733978	0.0806398391724	0.138978004456	0.0570051670074	0.125943899155	0.165777921677	0.0364799499512	0.0638191699982	0.0463409423828	0.0388288497925	0.0512688159943	0.0321781635284	0.0463631153107	0.0824279785156	0.104648113251	0.119339942932	0.0547769069672	0.0703039169312	0.0934059619904	0.0963900089264	0.0952260494232	0.0708088874817	0.07692694664	0.0611929893494	0.0953509807587	0.086639881134	0.062196969986	0.127967119217	0.057991027832	0.0677061080933	0.080057144165	0.083340883255	0.0955171585083	0.0608611106873	0.0501651763916	0.0594470500946	0.0701839923859	0.0741980075836	0.0859949588776	0.0805361270905	0.0822908878326	0.0561168193817	0.0899651050568	0.116384983063	
['./treeMaker/main', '-u']
0.0648508071899	0.0725121498108	0.0721938610077	0.0756318569183	0.0464038848877	0.094654083252	0.0625030994415	0.0806031227112	0.132089138031	0.0526058673859	0.109691858292	0.147126913071	0.046816110611	0.0642800331116	0.0451250076294	0.0407228469849	0.0509691238403	0.0333659648895	0.049152135849	0.0841798782349	0.0904688835144	0.101547002792	0.052316904068	0.0682098865509	0.0899751186371	0.0855000019073	0.0867710113525	0.0693459510803	0.0745580196381	0.0591940879822	0.0883541107178	0.0773370265961	0.0627369880676	0.112092018127	0.0550928115845	0.0612320899963	0.0767982006073	0.0818300247192	0.0912930965424	0.0577058792114	0.0507009029388	0.0586400032043	0.0623590946198	0.0738739967346	0.0851309299469	0.0779819488525	0.0733079910278	0.053906917572	0.0859999656677	0.112202882767	
['./treeMaker/main', '-t', '-r', '1']
0.290616989136	0.306282043457	0.302037000656	0.316024780273	0.228192090988	0.35196518898	0.283192157745	0.323777914047	0.450319051743	0.230654001236	0.408771038055	0.512809038162	0.179705142975	0.290178060532	0.219584941864	0.181142807007	0.223443984985	0.162702083588	0.209398984909	0.321337938309	0.385281085968	0.377784013748	0.257740974426	0.30065703392	0.358183860779	0.329869031906	0.381223917007	0.309113025665	0.302268981934	0.262336969376	0.371324062347	0.324875116348	0.261461019516	0.405784845352	0.252388000488	0.26336812973	0.309360980988	0.330677032471	0.368026971817	0.255553007126	0.226839065552	0.271229982376	0.272887945175	0.30997800827	0.356330156326	0.344998836517	0.297295093536	0.30743098259	0.346426010132	0.459786176682	
['./treeMaker/main', '-t', '-r', '2']
0.421970129013	0.470453977585	0.476636886597	0.471035003662	0.324992895126	0.555058002472	0.394686937332	0.515523910522	0.779638051987	0.372868061066	0.660163164139	0.800797939301	0.270282030106	0.436004161835	0.336105108261	0.266465902328	0.35352396965	0.219074964523	0.334198951721	0.50199007988	0.606909990311	0.684872865677	0.347043991089	0.462298870087	0.591323137283	0.551467895508	0.550322055817	0.433965921402	0.515385866165	0.42614197731	0.57842707634	0.481761932373	0.417075872421	0.655143022537	0.380891084671	0.382518053055	0.504562139511	0.500304937363	0.593189954758	0.386584997177	0.351652145386	0.372486114502	0.444165945053	0.502233982086	0.526103019714	0.53173494339	0.49955701828	0.406080961227	0.571138858795	0.654257059097	
['./treeMaker/main', '-t', '-r', '1', '-N']
0.275785923004	0.299224853516	0.311822891235	0.309216022491	0.209831953049	0.352454900742	0.273264884949	0.324517965317	0.476519107819	0.232725858688	0.409416913986	0.475769042969	0.183392047882	0.27738904953	0.22386598587	0.178539037704	0.222030162811	0.165200948715	0.221559047699	0.316764116287	0.397312879562	0.389558076859	0.236186027527	0.300259828568	0.363440990448	0.349526882172	0.355669975281	0.309350013733	0.325072050095	0.282141923904	0.367182970047	0.337570905685	0.267492055893	0.428908109665	0.261183977127	0.26332783699	0.325217962265	0.335788965225	0.377921104431	0.267198801041	0.218756914139	0.27537894249	0.270853996277	0.311811923981	0.349236965179	0.339797973633	0.310469150543	0.248299121857	0.360412120819	0.431261062622	
['./treeMaker/main', '-t', '-r', '2', '-N']
0.450456142426	0.476182937622	0.472687959671	0.493355035782	0.314733982086	0.564507961273	0.395534992218	0.507287979126	0.791060209274	0.370577096939	0.648416996002	0.777523994446	0.257995843887	0.412793159485	0.314321994781	0.278308868408	0.346688985825	0.222539901733	0.322148084641	0.52241396904	0.598284959793	0.685945034027	0.347369194031	0.476091861725	0.582118988037	0.525301933289	0.567429065704	0.470577001572	0.522785902023	0.400370121002	0.549383163452	0.477874994278	0.399488925934	0.654866933823	0.399082183838	0.382122039795	0.475288152695	0.510369062424	0.570341825485	0.389042139053	0.34564614296	0.415078878403	0.439703941345	0.544951915741	0.509572982788	0.497138977051	0.499969959259	0.413511037827	0.566613912582	0.684499025345	
['./treeMaker/main', '-m']
0.0244858264923	0.0305399894714	0.0255708694458	0.0272028446198	0.0228371620178	0.0280270576477	0.0253760814667	0.0264980792999	0.0319828987122	0.0242600440979	0.0323688983917	0.0345871448517	0.0229840278625	0.0272889137268	0.03253698349	0.0234379768372	0.0241990089417	0.0222761631012	0.0337319374084	0.0292658805847	0.0298869609833	0.0331871509552	0.0239751338959	0.0297009944916	0.0404169559479	0.030308008194	0.0303471088409	0.0288372039795	0.0266530513763	0.0279130935669	0.0272901058197	0.0260410308838	0.0242068767548	0.0294210910797	0.0360200405121	0.0237250328064	0.0394148826599	0.0262718200684	0.0299978256226	0.0257608890533	0.0258228778839	0.0236828327179	0.0272588729858	0.0285170078278	0.0372130870819	0.0258591175079	0.0290820598602	0.0238890647888	0.0298480987549	0.0296890735626	
['./treeMaker/main', '-m', '-b']
0.0287749767303	0.039069890976	0.0253720283508	0.027704000473	0.0232779979706	0.0287878513336	0.0260138511658	0.0272951126099	0.032644033432	0.0247120857239	0.0323739051819	0.0364029407501	0.0207369327545	0.0270371437073	0.0223660469055	0.0238900184631	0.0233340263367	0.0222451686859	0.0241727828979	0.0293409824371	0.0304698944092	0.0314650535583	0.0259370803833	0.0296878814697	0.0304238796234	0.0388939380646	0.0296659469604	0.0295429229736	0.030492067337	0.0271899700165	0.0314528942108	0.0296630859375	0.0272760391235	0.031779050827	0.0281488895416	0.0279409885406	0.029746055603	0.0298619270325	0.0314228534698	0.0258269309998	0.02707695961	0.026750087738	0.0376169681549	0.0298070907593	0.0301640033722	0.0298640727997	0.0319638252258	0.0245089530945	0.0282471179962	0.0309548377991	
['./treeMaker/main', '-m', '-w', '1']
0.025160074234	0.0258040428162	0.0251121520996	0.0264739990234	0.0223610401154	0.0275709629059	0.0250158309937	0.0261399745941	0.0314080715179	0.0243721008301	0.0307559967041	0.0347089767456	0.0219910144806	0.0255129337311	0.0233688354492	0.0203731060028	0.0240709781647	0.0296452045441	0.022362947464	0.0296409130096	0.0303199291229	0.0417878627777	0.0248141288757	0.0324401855469	0.0321428775787	0.0303061008453	0.0312430858612	0.0296261310577	0.0302209854126	0.0266809463501	0.0268130302429	0.0271010398865	0.0240440368652	0.0307288169861	0.0249619483948	0.0267379283905	0.0286591053009	0.0293791294098	0.0273630619049	0.0258810520172	0.0224158763885	0.026349067688	0.0244679450989	0.0261480808258	0.0295259952545	0.0274000167847	0.0264501571655	0.0269238948822	0.0297389030457	0.0302958488464	
['./treeMaker/main', '-m', '-w', '2']
0.0246257781982	0.0272080898285	0.027440071106	0.0292041301727	0.02184009552	0.0294549465179	0.0274078845978	0.0282530784607	0.0332200527191	0.036712884903	0.0313448905945	0.0348660945892	0.0205240249634	0.0246610641479	0.0242941379547	0.0211100578308	0.0254089832306	0.0216438770294	0.0254940986633	0.0293779373169	0.0308358669281	0.0318291187286	0.0254149436951	0.0294940471649	0.0300760269165	0.0296838283539	0.0269269943237	0.0279898643494	0.0294878482819	0.0272529125214	0.0304050445557	0.0289080142975	0.0269358158112	0.0307130813599	0.0265109539032	0.0252928733826	0.0299859046936	0.0297288894653	0.0308859348297	0.0268881320953	0.0261490345001	0.0279610157013	0.0283329486847	0.0300798416138	0.0302219390869	0.0296139717102	0.030063867569	0.0281090736389	0.0305829048157	0.0411930084229	
['./treeMaker/main', '-m', '-c', '1']
0.0247321128845	0.0276560783386	0.0280020236969	0.0288169384003	0.0224568843842	0.0291140079498	0.0265078544617	0.0284941196442	0.0472509860992	0.0232558250427	0.0295820236206	0.0329909324646	0.0205881595612	0.0247859954834	0.0225250720978	0.0212469100952	0.0235271453857	0.0191309452057	0.0243268013	0.0289108753204	0.027734041214	0.0314381122589	0.0260088443756	0.0288708209991	0.0303161144257	0.0298221111298	0.0301721096039	0.0273718833923	0.0261189937592	0.0240919589996	0.0278649330139	0.0265421867371	0.0249149799347	0.0302278995514	0.024297952652	0.0244460105896	0.0268230438232	0.0269711017609	0.0389358997345	0.0250020027161	0.0234999656677	0.02614402771	0.0249269008636	0.0285429954529	0.0296759605408	0.0262179374695	0.0290658473969	0.0356910228729	0.0295240879059	0.0301899909973	
['./treeMaker/main', '-m', '-c', '2']
0.0280630588531	0.0277659893036	0.0274851322174	0.079598903656	0.0224099159241	0.0297679901123	0.026086807251	0.0258638858795	0.0315690040588	0.0252630710602	0.031366109848	0.0348839759827	0.0220019817352	0.0247349739075	0.023313999176	0.0224771499634	0.0230689048767	0.0215430259705	0.0253558158875	0.029345035553	0.0305190086365	0.0323240756989	0.0232751369476	0.0282609462738	0.030198097229	0.0297560691833	0.0293247699738	0.025251865387	0.0266189575195	0.023854970932	0.0279309749603	0.0264320373535	0.0245800018311	0.0302069187164	0.0242500305176	0.0240941047668	0.0263910293579	0.0269198417664	0.0269300937653	0.0258188247681	0.0241649150848	0.0257120132446	0.0240981578827	0.0286300182343	0.0290808677673	0.0289709568024	0.0288841724396	0.0263030529022	0.0294351577759	0.0311069488525	
['./treeMaker/main', '-m', '-a', '1']
0.0252408981323	0.0287609100342	0.0359799861908	0.0300340652466	0.0234541893005	0.0310189723969	0.0256299972534	0.0274169445038	0.0316410064697	0.0260610580444	0.0319490432739	0.0408709049225	0.0245358943939	0.0255060195923	0.0260760784149	0.0330982208252	0.0268127918243	0.0212528705597	0.0250430107117	0.0310530662537	0.0311830043793	0.0334260463715	0.0245430469513	0.0301721096039	0.0311961174011	0.0308520793915	0.0308480262756	0.0285818576813	0.0389959812164	0.024964094162	0.0310549736023	0.0295948982239	0.0284700393677	0.0323338508606	0.0257680416107	0.0255310535431	0.0298159122467	0.0303390026093	0.0310640335083	0.027596950531	0.0271871089935	0.0270700454712	0.0288970470428	0.0302801132202	0.0297091007233	0.0298519134521	0.0307910442352	0.0280010700226	0.030277967453	0.0310339927673	
['./treeMaker/main', '-m', '-a', '2']
0.0307178497314	0.0261650085449	0.0275690555573	0.0286870002747	0.0219919681549	0.0293531417847	0.0268931388855	0.0279619693756	0.0307779312134	0.0254349708557	0.030473947525	0.031772851944	0.0214660167694	0.0241150856018	0.0217399597168	0.0210211277008	0.0233020782471	0.0230560302734	0.0229849815369	0.0293579101562	0.0309500694275	0.0318789482117	0.024964094162	0.0257911682129	0.0300469398499	0.0295979976654	0.0265929698944	0.0247309207916	0.0252709388733	0.0259640216827	0.0295910835266	0.0254678726196	0.0266561508179	0.0406789779663	0.0238349437714	0.0272979736328	0.029422044754	0.0294950008392	0.0301568508148	0.0232529640198	0.0234189033508	0.0243089199066	0.0252149105072	0.0265228748322	0.0273189544678	0.0263361930847	0.027074098587	0.0241208076477	0.0384030342102	0.0307819843292	
