25_1000_4.9e-10_4.9e-10_470000000_cut_3
25
1000
4.9e-10
4.9e-10
470000000
cut_3
['./treeMaker/main']
0.0940871238708	0.216099977493	0.2220890522	0.114233016968	0.151067972183	0.112649917603	0.148439884186	0.18411397934	0.162309885025	0.138164043427	0.144582986832	0.13799905777	0.159107208252	0.134016990662	0.118960857391	0.0994479656219	0.189586877823	0.406279087067	0.154571056366	0.113401174545	0.133244991302	0.108042001724	0.170320034027	0.244818925858	0.236680984497	0.0992071628571	0.204018115997	0.122788906097	0.0873730182648	0.0922961235046	0.352931976318	0.183350086212	1.40795111656	0.140414953232	0.0538229942322	0.193888187408	0.151664972305	0.13637804985	0.0986158847809	0.275073051453	0.109402179718	0.196010112762	1.07361388206	0.109306097031	0.206008911133	0.115442037582	0.0395259857178	0.0909018516541	0.0841910839081	0.545650005341	
['./treeMaker/main', '-b']
0.0975430011749	0.210173130035	0.237699985504	0.120445013046	0.154977798462	0.117786884308	0.153676986694	0.17456817627	0.161118030548	0.156284093857	0.157670974731	0.157959938049	0.155900001526	0.144334077835	0.123075962067	0.102092981339	0.199558973312	0.417316198349	0.144735097885	0.110506772995	0.128947019577	0.115220069885	0.16633105278	0.248754024506	0.250146150589	0.106265068054	0.184937000275	0.12912607193	0.0921459197998	0.0973780155182	0.355813980103	0.171211004257	1.39765000343	0.143143892288	0.0550971031189	0.198390007019	0.148141860962	0.125079154968	0.102035999298	0.279494047165	0.110367059708	0.198392868042	1.08119416237	0.101037979126	0.191359996796	0.12020111084	0.0402920246124	0.0982620716095	0.087347984314	0.567264080048	
['./treeMaker/main', '-u']
0.0956389904022	0.215535163879	0.239684820175	0.120948791504	0.150809049606	0.118753910065	0.169121026993	0.172869920731	0.15878200531	0.14985203743	0.162032842636	0.13956284523	0.141319990158	0.131150007248	0.116485834122	0.0975561141968	0.202811002731	0.418183803558	0.143039941788	0.109745025635	0.1280169487	0.104184865952	0.177079916	0.24543094635	0.23980307579	0.100884914398	0.182992935181	0.128194093704	0.101073026657	0.0964479446411	0.355046987534	0.171394109726	1.36306905746	0.153704166412	0.0706210136414	0.211259841919	0.147279024124	0.129957914352	0.105963945389	0.305558919907	0.112478017807	0.21600484848	1.07615399361	0.0993449687958	0.187021970749	0.121500015259	0.042004108429	0.0954139232635	0.086963891983	0.570117950439	
['./treeMaker/main', '-t', '-r', '1']
0.982583045959	1.72268080711	1.78334712982	1.09516406059	1.39804387093	1.14373898506	1.41271305084	1.59882688522	1.41311693192	1.29828596115	1.36445903778	1.30729699135	1.37891292572	1.25556516647	1.17752599716	1.03566002846	1.68067216873	2.3850171566	1.21009516716	1.0845720768	1.28279185295	1.02483510971	1.4704451561	2.02131390572	1.82046580315	1.02630782127	1.6448597908	1.25293803215	0.905248165131	0.976459980011	2.41083502769	1.43019580841	4.99120688438	1.31347513199	0.607784032822	1.73614788055	1.38117098808	1.217263937	1.04117107391	2.1344640255	1.00405907631	1.66874504089	4.03469109535	1.00320100784	1.77322101593	1.10351204872	0.416843891144	0.955528020859	0.83707690239	2.88051199913	
['./treeMaker/main', '-t', '-r', '2']
1.41606497765	2.68222999573	2.79439091682	1.73536300659	2.05888700485	1.74649906158	2.03047895432	2.24514698982	2.18628621101	1.94072008133	2.15459704399	2.00169610977	2.25426316261	1.96997308731	1.68759584427	1.49503588676	2.46374988556	3.97294807434	1.97548794746	1.61317420006	1.8214430809	1.72133493423	2.15400099754	2.912981987	2.89951491356	1.64653992653	2.43157887459	1.9164481163	1.34501600266	1.42634010315	3.52796292305	2.22627902031	7.01296186447	1.92704486847	0.913549900055	2.59743595123	2.15069508553	1.78493499756	1.56227588654	3.14049220085	1.68101596832	2.8256919384	6.40108895302	1.4026517868	2.50532913208	1.7104780674	0.674176216125	1.52041697502	1.35704708099	4.67086410522	
['./treeMaker/main', '-t', '-r', '1', '-N']
1.00294399261	1.72507405281	1.81118893623	1.11991882324	1.39132404327	1.08746290207	1.38675022125	1.54550695419	1.34811615944	1.36161398888	1.35098791122	1.25942802429	1.2752020359	1.23933887482	1.13198399544	0.979550123215	1.71904802322	2.34449887276	1.24409794807	1.04242086411	1.26442909241	1.02467799187	1.39777994156	1.92950701714	1.92001986504	0.986572980881	1.69065189362	1.25036907196	0.9566218853	0.980849027634	2.42862391472	1.45295190811	5.02367687225	1.29192709923	0.608820915222	1.765583992	1.42952799797	1.2534661293	1.05914998055	2.0169839859	1.00960707664	1.63523483276	4.1055161953	0.992249011993	1.75725483894	1.16895580292	0.420631885529	0.970730781555	0.840722084045	2.97344899178	
['./treeMaker/main', '-t', '-r', '2', '-N']
1.51912617683	2.78120493889	2.79613304138	1.69583201408	2.0431330204	1.72646808624	2.09498906136	2.2338039875	2.2407040596	1.985850811	2.08841300011	2.10289502144	2.15416502953	1.98814892769	1.74458503723	1.49191188812	2.46433806419	4.05088996887	2.04611802101	1.71917319298	1.84967589378	1.7208108902	2.06757092476	2.99407410622	2.87540006638	1.66838407516	2.40397000313	1.93225097656	1.37231016159	1.42804193497	3.49295306206	2.2163310051	7.01258587837	1.90914797783	0.95158290863	2.60649490356	2.11237597466	1.7850048542	1.56731891632	3.13411402702	1.64929986	2.82516884804	6.44263982773	1.4137840271	2.5649561882	1.67568302155	0.64008307457	1.47737812996	1.37838411331	4.7591650486	
['./treeMaker/main', '-m']
0.0430688858032	0.0597429275513	0.0624530315399	0.0461599826813	0.0516428947449	0.0489950180054	0.0583629608154	0.0601670742035	0.0571689605713	0.0517761707306	0.0561928749084	0.0537140369415	0.0539200305939	0.0516319274902	0.0474770069122	0.0441801548004	0.0643911361694	0.0862019062042	0.0555438995361	0.05064702034	0.0505621433258	0.047728061676	0.0563819408417	0.0669431686401	0.0694239139557	0.0448529720306	0.0632419586182	0.0511519908905	0.0427269935608	0.0443789958954	0.0764050483704	0.055871963501	0.119996786118	0.0530359745026	0.0319738388062	0.06139087677	0.0525090694427	0.0484058856964	0.0435359477997	0.0690519809723	0.0451500415802	0.0596740245819	0.112752914429	0.0426411628723	0.0553839206696	0.0489659309387	0.0268290042877	0.0414259433746	0.0411028862	0.0957269668579	
['./treeMaker/main', '-m', '-b']
0.0474247932434	0.0679559707642	0.0697181224823	0.0546729564667	0.0567951202393	0.0499320030212	0.0590200424194	0.0613441467285	0.0580689907074	0.0519177913666	0.0539588928223	0.0547339916229	0.0654809474945	0.0533308982849	0.0511090755463	0.0475947856903	0.0636010169983	0.104132890701	0.0543467998505	0.0590071678162	0.0530941486359	0.0487458705902	0.0592460632324	0.0691869258881	0.0839760303497	0.0464861392975	0.0609588623047	0.0517320632935	0.0426399707794	0.0446789264679	0.0866630077362	0.0575489997864	0.128638029099	0.0588359832764	0.0344707965851	0.0654227733612	0.05531001091	0.0515041351318	0.0460391044617	0.0856220722198	0.0461568832397	0.0749490261078	0.128611087799	0.0484080314636	0.074521780014	0.0529339313507	0.0275571346283	0.0440540313721	0.0458931922913	0.0981409549713	
['./treeMaker/main', '-m', '-w', '1']
0.0457670688629	0.0623919963837	0.0652129650116	0.0479528903961	0.0540261268616	0.0471811294556	0.0536530017853	0.0566780567169	0.0567238330841	0.0499730110168	0.0517179965973	0.0517580509186	0.0527949333191	0.0548617839813	0.0484390258789	0.0441689491272	0.0623371601105	0.0898220539093	0.0517148971558	0.0460369586945	0.0493500232697	0.0449931621552	0.0555620193481	0.0645170211792	0.0665800571442	0.0462200641632	0.0576260089874	0.0493731498718	0.0423219203949	0.0430860519409	0.0731570720673	0.0531921386719	0.121674060822	0.0515320301056	0.0317511558533	0.0610709190369	0.0524041652679	0.0484819412231	0.0437259674072	0.0695099830627	0.0451982021332	0.0597541332245	0.112306833267	0.0446269512177	0.0575320720673	0.0471088886261	0.0267930030823	0.0414659976959	0.0411570072174	0.0883150100708	
['./treeMaker/main', '-m', '-w', '2']
0.0441081523895	0.0621998310089	0.0650610923767	0.0477368831635	0.0560607910156	0.0468220710754	0.053368806839	0.0560410022736	0.0561981201172	0.0495729446411	0.051194190979	0.0515580177307	0.0525970458984	0.0500068664551	0.0474219322205	0.0441000461578	0.0600051879883	0.0822291374207	0.0498461723328	0.0493719577789	0.0548689365387	0.0471141338348	0.0587558746338	0.0704309940338	0.0717489719391	0.0462310314178	0.0606341362	0.0519709587097	0.0411820411682	0.0417959690094	0.0712749958038	0.0523760318756	0.118179798126	0.0521669387817	0.031800031662	0.0669939517975	0.070485830307	0.0467460155487	0.0556540489197	0.0756280422211	0.046756029129	0.0622549057007	0.118451118469	0.0578877925873	0.0559070110321	0.0466089248657	0.0266788005829	0.0409739017487	0.0547499656677	0.0922789573669	
['./treeMaker/main', '-m', '-c', '1']
0.0462310314178	0.0640599727631	0.0666048526764	0.0492289066315	0.0574610233307	0.0516350269318	0.055969953537	0.0601551532745	0.0604407787323	0.0500020980835	0.0493547916412	0.0494568347931	0.0503091812134	0.0485649108887	0.0457780361176	0.0431749820709	0.057669878006	0.0782368183136	0.052402973175	0.0465269088745	0.0492630004883	0.0446949005127	0.0559508800507	0.0645229816437	0.0662269592285	0.0439929962158	0.0550858974457	0.0469028949738	0.0393569469452	0.041522026062	0.0704960823059	0.0623240470886	0.116852998734	0.0513679981232	0.0317418575287	0.0608689785004	0.0523931980133	0.048269033432	0.0422050952911	0.0672988891602	0.0436780452728	0.0573830604553	0.107041120529	0.0443370342255	0.0575189590454	0.0473160743713	0.0278692245483	0.0414779186249	0.041188955307	0.0888800621033	
['./treeMaker/main', '-m', '-c', '2']
0.0434148311615	0.0636529922485	0.0679180622101	0.0487599372864	0.052314043045	0.0466251373291	0.0516409873962	0.0570499897003	0.0563869476318	0.0515530109406	0.0508439540863	0.0512821674347	0.0521428585052	0.052845954895	0.0615670681	0.0435140132904	0.0590989589691	0.0815000534058	0.051666021347	0.0453708171844	0.0482771396637	0.0450608730316	0.0547621250153	0.0651559829712	0.0810182094574	0.0459091663361	0.066339969635	0.0596520900726	0.0455238819122	0.0463981628418	0.0777981281281	0.0572488307953	0.126326799393	0.0552988052368	0.0341100692749	0.0593500137329	0.0542500019073	0.0509970188141	0.0457580089569	0.0730121135712	0.047826051712	0.0619778633118	0.115291833878	0.059228181839	0.0549170970917	0.0458929538727	0.0258901119232	0.0396189689636	0.0406188964844	0.0849449634552	
['./treeMaker/main', '-m', '-a', '1']
0.0466780662537	0.0644340515137	0.0670471191406	0.0499441623688	0.0557901859283	0.0491509437561	0.0580379962921	0.0676419734955	0.0735919475555	0.052738904953	0.0553469657898	0.055380821228	0.0680170059204	0.0522649288177	0.0493760108948	0.046324968338	0.0618169307709	0.0914850234985	0.0574259757996	0.0537171363831	0.0544369220734	0.0523891448975	0.0599930286407	0.0682609081268	0.0698239803314	0.0599138736725	0.0582609176636	0.0506830215454	0.0434670448303	0.0462200641632	0.0770871639252	0.0648491382599	0.12383890152	0.0541760921478	0.0370941162109	0.0671579837799	0.0593481063843	0.0516140460968	0.0456080436707	0.0703129768372	0.047651052475	0.0764920711517	0.116563081741	0.0475029945374	0.0593168735504	0.0494260787964	0.0290930271149	0.0431709289551	0.0435378551483	0.0914800167084	
['./treeMaker/main', '-m', '-a', '2']
0.0422909259796	0.0624849796295	0.0621500015259	0.0462272167206	0.0514900684357	0.0450439453125	0.0524411201477	0.0667479038239	0.0564539432526	0.0491089820862	0.0615210533142	0.0533010959625	0.0539059638977	0.0491590499878	0.0478010177612	0.0441091060638	0.0594580173492	0.0812270641327	0.0525238513947	0.0465710163116	0.0496280193329	0.0574049949646	0.0541729927063	0.0790390968323	0.0666451454163	0.0443649291992	0.0584681034088	0.0490310192108	0.0407471656799	0.0425260066986	0.0732901096344	0.0533540248871	0.121995925903	0.0601539611816	0.0349760055542	0.0616059303284	0.0572249889374	0.0525019168854	0.0485479831696	0.0724790096283	0.045814037323	0.0599758625031	0.115025043488	0.0472538471222	0.0596001148224	0.0520689487457	0.028413772583	0.0428960323334	0.0453910827637	0.0899910926819	
