25_1000_4.9e-10_2.45e-10_470000000
25
1000
4.9e-10
2.45e-10
470000000

['./treeMaker/main']
3.79160690308	5.51083087921	3.49462604523	7.14776396751	2.9081029892	1.46925592422	3.39623403549	4.54481005669	7.14883208275	2.45259809494	2.80857110023	3.7543618679	6.14979600906	3.43325710297	0.642853021622	24.2616541386	5.24102592468	9.20232701302	2.30138897896	7.4108979702	5.80387187004	4.00613212585	6.52063393593	17.1324579716	3.84642720222	11.393846035	0.917855024338	4.46782803535	5.26687216759	8.11768198013	2.08707809448	2.28790903091	6.13886404037	9.14137887955	4.65098810196	19.6120579243	0.811685085297	9.3886089325	3.35671687126	1.38035821915	0.815058946609	7.32658600807	1.85355496407	3.25718593597	1.91655087471	0.680416822433	2.93392205238	27.7310068607	42.0192661285	2.44962716103	
['./treeMaker/main', '-b']
3.76795005798	4.89038395882	3.23155498505	6.94101715088	3.08374500275	1.39922308922	3.63180494308	4.62728691101	6.99909186363	2.53787779808	2.88754296303	3.60759592056	5.60488891602	3.34360122681	0.693377017975	23.8296260834	5.52799010277	9.7846288681	2.2679901123	7.39495396614	6.01998186111	3.877202034	6.52584290504	18.0565769672	3.661703825	11.7219128609	1.06611204147	4.41800498962	5.5836918354	7.84944581985	2.1600420475	2.2361779213	6.20964097977	9.25353884697	4.55102491379	19.710670948	0.73082113266	9.76753687859	3.29042100906	1.36524796486	0.818856954575	7.96324586868	1.60212087631	3.19721889496	1.90043497086	0.684276103973	3.04544878006	25.1475920677	38.2680249214	2.5472278595	
['./treeMaker/main', '-u']
3.6913599968	5.53542685509	3.31477689743	7.5212328434	3.01209282875	1.38400602341	3.26709103584	4.40263199806	6.9051129818	2.77372002602	3.0756418705	3.46985507011	5.59141278267	3.52061510086	0.673574924469	26.5820119381	5.56447720528	9.67443704605	2.14956116676	7.56476998329	6.44838190079	3.87894701958	6.54245185852	17.0729880333	3.64205288887	11.231235981	0.921403169632	4.41925001144	4.92229700089	8.0248169899	2.23447394371	2.28896594048	6.39881110191	10.5000200272	4.40495300293	19.8306441307	0.770177125931	9.30797100067	3.49490404129	1.3849978447	0.756199121475	7.87473201752	1.70168399811	3.19126415253	2.06459498405	0.668892860413	2.88530898094	27.6766879559	43.2767407894	2.65905117989	
['./treeMaker/main', '-t', '-r', '1']
7.50000119209	9.12540483475	7.13665795326	11.0723900795	6.91377496719	4.30507779121	7.16275405884	8.04062581062	10.9751820564	6.29219412804	6.59225797653	7.53529500961	9.51760601997	7.33758282661	2.89801502228	20.7031600475	10.0639019012	12.9067659378	5.71185588837	11.7133169174	10.7826340199	8.04363799095	10.6968240738	19.5393929482	7.9085650444	14.0044269562	3.71202278137	8.29511404037	8.61483979225	11.7941250801	5.54166007042	5.78231191635	10.5040860176	13.1707789898	8.14061498642	19.4723482132	3.11910295486	13.2570569515	7.18327784538	4.38531279564	3.19295406342	11.0043261051	5.22942280769	7.24665808678	5.29590511322	2.82458305359	6.6771261692	22.8565881252	31.3350579739	5.94309711456	
['./treeMaker/main', '-t', '-r', '2']
10.9991300106	13.1182639599	9.75542211533	15.5656919479	10.1806077957	6.54191613197	10.6644940376	12.8728220463	15.9362430573	9.3339369297	9.94776082039	11.1538529396	14.2247369289	10.6469511986	4.55434298515	33.3271329403	14.1730999947	18.2415869236	8.93700003624	15.9251689911	14.8661849499	11.2500097752	15.2686150074	28.2720251083	10.7894020081	22.3886580467	5.34656310081	11.6084620953	13.3981339931	16.7574319839	8.6610250473	8.17087006569	14.2570929527	18.1699819565	13.5019910336	30.6707029343	5.31607198715	19.2702908516	10.2593319416	6.23661804199	4.77447390556	15.7834730148	7.55539512634	10.3701500893	7.51096796989	4.70286512375	9.57577419281	34.2603569031	42.7042491436	9.31667995453	
['./treeMaker/main', '-t', '-r', '1', '-N']
7.40557098389	9.16407084465	7.18692803383	10.9548490047	6.87476396561	4.30391693115	7.00100803375	7.96381402016	10.9486191273	6.22810912132	6.79118704796	7.30492210388	9.61991882324	7.28644919395	2.92172002792	20.4731829166	9.80138492584	12.9715259075	5.81315088272	11.7930600643	10.8230471611	8.07967710495	10.7172720432	19.7058558464	7.79944491386	14.1052238941	3.75168800354	8.2731320858	8.65307211876	11.8500490189	5.66033911705	5.78186988831	10.3847329617	13.089651823	8.17681407928	19.5804908276	3.1454539299	13.2626860142	7.23723316193	4.26474404335	3.16408777237	11.1684911251	5.33846116066	7.26863312721	5.32769703865	2.83019995689	6.78510403633	22.8049581051	31.0338480473	6.13558101654	
['./treeMaker/main', '-t', '-r', '2', '-N']
11.0763571262	13.0231838226	9.77132415771	15.6262149811	10.0535161495	6.46837711334	10.6822559834	12.9691989422	15.7499170303	9.29694485664	10.1105308533	11.3721981049	14.120085001	10.7837731838	4.64184308052	33.4600141048	14.0878639221	18.2318959236	8.95939588547	16.0511469841	14.4717769623	11.2964549065	15.1563098431	28.3790149689	10.7662889957	22.5146429539	5.53353214264	11.7450768948	13.3919649124	16.540968895	8.56641101837	8.05290699005	14.3274650574	18.1999349594	12.9532032013	30.7016539574	5.23435688019	19.4631378651	10.3504889011	6.34201097488	4.75466108322	15.8236749172	7.49175596237	10.3832230568	7.71055102348	4.70182394981	9.57845592499	34.1968741417	42.5942850113	9.35701799393	
['./treeMaker/main', '-m']
0.194970846176	0.215703010559	0.182125806808	0.244831085205	0.202701807022	0.139024019241	0.201699018478	0.227196931839	0.247104883194	0.191889047623	0.187816858292	0.188204050064	0.22820520401	0.203283071518	0.129605054855	0.429260015488	0.248178005219	0.286152839661	0.17671084404	0.261490821838	0.250730037689	0.206486940384	0.251548051834	0.369825124741	0.196763038635	0.308874130249	0.138779878616	0.206096887589	0.236442089081	0.265552997589	0.171241998672	0.180239915848	0.255958795547	0.286684036255	0.208395957947	0.39867401123	0.121178865433	0.292788028717	0.205426931381	0.157348871231	0.12119102478	0.269851922989	0.150132894516	0.205256938934	0.154125928879	0.119132041931	0.193742036819	0.428647994995	0.517102956772	0.200007915497	
['./treeMaker/main', '-m', '-b']
0.223426103592	0.239649057388	0.223101854324	0.287299156189	0.204434871674	0.149392127991	0.204191923141	0.251358985901	0.284573078156	0.196974039078	0.192262887955	0.224608898163	0.260859966278	0.202281951904	0.128672838211	0.473711013794	0.249991893768	0.315067052841	0.180274009705	0.272052049637	0.263083219528	0.209285020828	0.263694047928	0.417947769165	0.224317789078	0.360517978668	0.137159109116	0.238570928574	0.260741949081	0.27668595314	0.174220085144	0.17718911171	0.252436876297	0.297819137573	0.237165927887	0.42239689827	0.129620790482	0.301361083984	0.198944807053	0.156384944916	0.133464097977	0.285314083099	0.170651912689	0.197504043579	0.187260866165	0.122688055038	0.197999000549	0.473666906357	0.581840991974	0.204192876816	
['./treeMaker/main', '-m', '-w', '1']
0.204543113708	0.216105937958	0.190199136734	0.246473073959	0.18478012085	0.141176939011	0.198635101318	0.210242986679	0.260871171951	0.18318605423	0.195604085922	0.204161167145	0.248571157455	0.197893857956	0.117677927017	0.431062936783	0.249387979507	0.276401996613	0.167509794235	0.277070045471	0.23165678978	0.213342905045	0.237921953201	0.370249986649	0.20566701889	0.327976942062	0.127671003342	0.22433590889	0.221919059753	0.272816181183	0.169678926468	0.163780927658	0.250998973846	0.273247003555	0.230622053146	0.4028840065	0.126684904099	0.288448810577	0.206789016724	0.158241987228	0.11984705925	0.271486997604	0.149395942688	0.203640937805	0.154628992081	0.120108127594	0.193140983582	0.446239948273	0.51064491272	0.185072898865	
['./treeMaker/main', '-m', '-w', '2']
0.205298900604	0.224014997482	0.197082996368	0.255557060242	0.190898180008	0.140697002411	0.197969198227	0.213719129562	0.26269698143	0.177078962326	0.188710927963	0.190408945084	0.243362188339	0.188568115234	0.114231109619	0.423367023468	0.227471113205	0.271085977554	0.17742395401	0.251660823822	0.241229057312	0.194926977158	0.260376214981	0.38786482811	0.195421934128	0.335114955902	0.135053873062	0.227541923523	0.23489689827	0.27775812149	0.162302017212	0.172707080841	0.230598926544	0.286897182465	0.224671125412	0.399104833603	0.132946968079	0.298397064209	0.19398188591	0.139559984207	0.128899097443	0.25118803978	0.150121212006	0.183259010315	0.155709981918	0.122207164764	0.182233810425	0.433643102646	0.494044065475	0.177695989609	
['./treeMaker/main', '-m', '-c', '1']
0.21747303009	0.225589990616	0.192051172256	0.260016918182	0.180999994278	0.145579099655	0.196126937866	0.211373090744	0.246173858643	0.176905870438	0.194552898407	0.200407981873	0.240235090256	0.188593864441	0.117844104767	0.420703172684	0.248799085617	0.294790029526	0.186403036118	0.250169992447	0.227891921997	0.195111036301	0.253363847733	0.374712944031	0.213190078735	0.319586038589	0.144760847092	0.223448038101	0.245270013809	0.255449056625	0.170012950897	0.184569835663	0.245820999146	0.270992040634	0.210395097733	0.377629995346	0.120573997498	0.277851819992	0.189534902573	0.145747900009	0.123363018036	0.273058891296	0.157787084579	0.193959951401	0.163029909134	0.11425280571	0.173744916916	0.455732822418	0.488018035889	0.175112009048	
['./treeMaker/main', '-m', '-c', '2']
0.192807912827	0.222806215286	0.190876960754	0.256447792053	0.188910961151	0.14670085907	0.19687795639	0.22087097168	0.26450419426	0.184504032135	0.180289983749	0.200355052948	0.241989135742	0.20515203476	0.113294124603	0.404858112335	0.243152141571	0.289795875549	0.166476011276	0.271845817566	0.241435050964	0.201107978821	0.251832962036	0.392714977264	0.205517053604	0.320618867874	0.127967119217	0.212370157242	0.247169971466	0.279610157013	0.181510925293	0.186643123627	0.243460893631	0.298855066299	0.222608089447	0.398064851761	0.149582862854	0.29568195343	0.19234585762	0.154928922653	0.121431827545	0.26256108284	0.169659852982	0.189467906952	0.161628961563	0.129773139954	0.180776834488	0.451269865036	0.522374868393	0.196619987488	
['./treeMaker/main', '-m', '-a', '1']
0.203222036362	0.236888885498	0.207324028015	0.258532047272	0.2034740448	0.163161993027	0.215928077698	0.231425046921	0.272136926651	0.199585914612	0.188406944275	0.199126958847	0.250889062881	0.194304943085	0.132740020752	0.42884016037	0.261234998703	0.279397010803	0.177969932556	0.260483980179	0.251209020615	0.204256057739	0.249135017395	0.39645409584	0.223348855972	0.332715988159	0.158536911011	0.226425886154	0.234801054001	0.275202989578	0.174746990204	0.177594900131	0.247426986694	0.289083003998	0.23207116127	0.403235197067	0.148219823837	0.286592006683	0.202069997787	0.149946212769	0.137876987457	0.272405862808	0.167773008347	0.209388017654	0.164363145828	0.127520084381	0.192640066147	0.443186044693	0.51699090004	0.197391033173	
['./treeMaker/main', '-m', '-a', '2']
0.218277931213	0.226772069931	0.181140899658	0.246018886566	0.191066026688	0.161001205444	0.199820995331	0.210520982742	0.247953891754	0.176460027695	0.189954996109	0.199273109436	0.226140975952	0.18661904335	0.125205039978	0.420496940613	0.240118026733	0.268476009369	0.177175045013	0.248652935028	0.242533922195	0.192090988159	0.254276990891	0.378366947174	0.205540895462	0.320801019669	0.146167039871	0.203108072281	0.223165035248	0.252922058105	0.162646055222	0.16392493248	0.251282215118	0.293271064758	0.207854986191	0.392375946045	0.133520126343	0.286834001541	0.186203956604	0.138528108597	0.121563911438	0.263424158096	0.158716917038	0.181225061417	0.157935857773	0.115734100342	0.176247835159	0.412239789963	0.488723993301	0.185654163361	
