25_1000_1.9e-10_0.0_470000000
25
1000
1.9e-10
0.0
470000000

['./treeMaker/main']
0.320696115494	0.215867996216	0.707721948624	0.284711837769	0.347313165665	0.568243026733	0.268802165985	0.480453014374	0.19761300087	0.14604306221	0.616548061371	0.481997013092	0.828967094421	0.311757087708	0.757359981537	2.18406701088	0.534290075302	0.331331014633	0.182849168777	1.09305500984	0.777868032455	0.180489063263	0.380786895752	0.596423864365	3.03028392792	0.24352478981	0.283148050308	1.19143509865	0.26137804985	0.483408927917	0.688990116119	0.512495994568	0.437767982483	0.179952144623	0.244406938553	0.312081098557	0.661914825439	0.260944843292	0.271303892136	0.966141939163	0.626899003983	0.314503908157	0.333708047867	0.56023311615	0.247500896454	2.22812008858	0.255527973175	0.844815015793	0.562428951263	0.935385942459	
['./treeMaker/main', '-b']
0.321557044983	0.226221084595	0.680199861526	0.311383008957	0.329231977463	0.578167915344	0.27109503746	0.514945983887	0.209306955338	0.157917022705	0.625019073486	0.493059873581	0.817424058914	0.325424909592	0.758719921112	2.1210770607	0.576993942261	0.331314086914	0.177785873413	1.08724999428	0.781134843826	0.200939178467	0.413426160812	0.562733888626	2.89179205894	0.234913110733	0.29102897644	1.14453697205	0.250294923782	0.478713989258	0.708791971207	0.480547904968	0.40361905098	0.193689107895	0.251143932343	0.328382968903	0.678266048431	0.248950004578	0.252321958542	0.977293968201	0.619349956512	0.337331056595	0.357875108719	0.575942993164	0.248295068741	2.27815294266	0.263127088547	0.921826124191	0.583464860916	0.951204061508	
['./treeMaker/main', '-u']
0.341805934906	0.229843854904	0.698312997818	0.285495042801	0.328058958054	0.549999952316	0.277252912521	0.518934011459	0.198906898499	0.163194894791	0.574213027954	0.467558145523	0.778293848038	0.321177959442	0.760289907455	2.11870884895	0.535526990891	0.313707828522	0.182798862457	1.06573605537	0.775624036789	0.192401885986	0.401510953903	0.604411125183	2.81412792206	0.224784851074	0.279906988144	1.16703701019	0.242354869843	0.442168951035	0.674461126328	0.524882078171	0.395990133286	0.182751893997	0.2379758358	0.333163022995	0.655933856964	0.252541780472	0.255780935287	0.945363998413	0.570159196854	0.303436994553	0.331617116928	0.55873298645	0.273646831512	2.25273799896	0.257099866867	0.842504024506	0.570569038391	0.88911819458	
['./treeMaker/main', '-t', '-r', '1']
2.07560515404	1.541877985	3.09346699715	1.81819605827	2.05390787125	2.85080695152	1.69064998627	2.64277601242	1.41209888458	1.14100503922	2.98926496506	2.45999503136	3.24502897263	1.98552179337	3.12398290634	5.5123898983	2.72253394127	2.02007102966	1.30355882645	3.86261105537	3.38181018829	1.41989398003	2.25421118736	2.88108587265	6.36578583717	1.59055113792	1.77798104286	4.12504696846	1.68401694298	2.46480417252	3.0959649086	2.49728298187	2.36585283279	1.33878612518	1.56132602692	2.07788491249	3.11233115196	1.73553800583	1.69129180908	3.71490597725	2.86659789085	1.9722340107	2.08577203751	2.75480604172	1.68248987198	5.93494105339	1.72588300705	3.4196331501	2.69945216179	3.52006697655	
['./treeMaker/main', '-t', '-r', '2']
2.77776694298	2.17456698418	4.08018684387	2.49664902687	2.95072484016	3.77753710747	2.47246408463	3.66077685356	1.97483301163	1.53936815262	3.83390903473	3.39400482178	4.79668903351	2.65432190895	4.5032851696	7.59596395493	3.62113189697	2.79294800758	1.80807089806	5.02173185349	4.59282612801	1.90482783318	3.05754303932	3.94746804237	9.10994505882	2.13972210884	2.47958898544	5.46973800659	2.32996082306	3.46189594269	4.26777219772	3.63405299187	3.20952796936	1.94856095314	2.34980511665	2.63847088814	4.14563798904	2.39947199821	2.45649695396	4.96817803383	3.84941101074	2.67761802673	2.79579281807	3.65646600723	2.32641887665	7.6777009964	2.35519003868	4.93293190002	3.69422197342	5.08805513382	
['./treeMaker/main', '-t', '-r', '1', '-N']
2.08740305901	1.54262804985	3.07926917076	1.8261961937	2.02526402473	2.85352683067	1.7564599514	2.59542798996	1.4101319313	1.14542412758	2.95052886009	2.3799161911	3.26119208336	1.98963499069	3.17826604843	5.54343605042	2.68801617622	2.02859306335	1.27074193954	3.91970801353	3.38650608063	1.43348002434	2.26397204399	2.92633414268	6.37300205231	1.57641887665	1.75462698936	4.12527394295	1.72866392136	2.53161787987	3.15724182129	2.44010210037	2.34897899628	1.38808488846	1.61685299873	2.05475306511	3.1357190609	1.76147699356	1.67919182777	3.69662308693	2.85029816628	1.97554087639	2.15281701088	2.70188093185	1.69307398796	5.995459795	1.70606684685	3.47834300995	2.7438390255	3.55046200752	
['./treeMaker/main', '-t', '-r', '2', '-N']
2.79571890831	2.12310504913	4.11963796616	2.55257797241	2.89467906952	3.77357912064	2.47582697868	3.64949703217	2.01876688004	1.54004597664	3.83817195892	3.43292999268	4.79922914505	2.65404510498	4.56835985184	7.67988610268	3.68010592461	2.81277489662	1.79596018791	5.12454414368	4.51365089417	1.88354587555	3.13405013084	3.91082501411	8.96336579323	2.13939189911	2.47772407532	5.47292900085	2.29404997826	3.46983194351	4.23998188972	3.58963394165	3.20648503304	1.91577482224	2.28692507744	2.63721108437	4.09427189827	2.41640901566	2.44342494011	4.94809293747	3.91071510315	2.7009370327	2.8495631218	3.66545200348	2.37764906883	7.73947501183	2.45655298233	4.8941988945	3.67900085449	4.9965698719	
['./treeMaker/main', '-m']
0.112894058228	0.0899109840393	0.129240989685	0.100737094879	0.10165309906	0.114687919617	0.0914621353149	0.106693983078	0.0841569900513	0.0829529762268	0.115404844284	0.107825994492	0.132225990295	0.108644962311	0.126121997833	0.170613050461	0.115489959717	0.0989141464233	0.0807831287384	0.155846118927	0.122297048569	0.0777399539948	0.0999219417572	0.111217975616	0.186287164688	0.0879011154175	0.0927510261536	0.142486095428	0.101719141006	0.120023965836	0.125197887421	0.109236001968	0.102533102036	0.0956418514252	0.0906181335449	0.0955398082733	0.114578962326	0.0902860164642	0.0905051231384	0.13050198555	0.120692014694	0.0991590023041	0.0981111526489	0.120000839233	0.0924150943756	0.189048051834	0.089907169342	0.145050048828	0.114045143127	0.128683805466	
['./treeMaker/main', '-m', '-b']
0.10085105896	0.0864250659943	0.125249147415	0.100875854492	0.0996179580688	0.12314915657	0.0968630313873	0.118396997452	0.0834131240845	0.0770878791809	0.135481834412	0.111685991287	0.139746904373	0.120874881744	0.128895044327	0.190317869186	0.119880199432	0.10667514801	0.0857629776001	0.157747983932	0.132457971573	0.0842139720917	0.107747077942	0.134258985519	0.21075797081	0.089527130127	0.0940020084381	0.147058010101	0.0944430828094	0.125966072083	0.127372980118	0.126991033554	0.111867904663	0.0856590270996	0.0888428688049	0.107620000839	0.133020877838	0.103356122971	0.0986080169678	0.141659021378	0.141827106476	0.104508876801	0.107311010361	0.1341547966	0.0999779701233	0.189764976501	0.103027105331	0.146050930023	0.127170085907	0.158609867096	
['./treeMaker/main', '-m', '-w', '1']
0.107625961304	0.0871560573578	0.125638961792	0.101456880569	0.104307889938	0.119280099869	0.0976319313049	0.116785049438	0.0874409675598	0.0794208049774	0.122203111649	0.113785982132	0.135200023651	0.0933010578156	0.130249023438	0.179277896881	0.112350940704	0.0932140350342	0.0838449001312	0.148425102234	0.125313043594	0.0934801101685	0.109457015991	0.120661020279	0.203713178635	0.086245059967	0.0945858955383	0.144706010818	0.0865981578827	0.104635000229	0.126824140549	0.11235499382	0.106482028961	0.0829539299011	0.085018157959	0.0935530662537	0.120520114899	0.090479850769	0.0888440608978	0.133073091507	0.120179891586	0.0988578796387	0.101328134537	0.116776943207	0.0873529911041	0.17742395401	0.0936830043793	0.150434970856	0.117269992828	0.146157026291	
['./treeMaker/main', '-m', '-w', '2']
0.0956101417542	0.0876410007477	0.125347852707	0.0974278450012	0.102250099182	0.129870176315	0.0914709568024	0.11114192009	0.0849320888519	0.0731568336487	0.120926141739	0.109255075455	0.127238035202	0.0949890613556	0.123296022415	0.18491101265	0.114356994629	0.0957131385803	0.0768759250641	0.152452945709	0.130817890167	0.0969052314758	0.103925943375	0.131209850311	0.205806016922	0.0889279842377	0.102387905121	0.145197868347	0.104365110397	0.106398105621	0.121215105057	0.108256101608	0.106132030487	0.0786430835724	0.101608037949	0.0999250411987	0.121331930161	0.0921320915222	0.0933330059052	0.136915922165	0.115993976593	0.0952310562134	0.0965180397034	0.111137866974	0.0883598327637	0.169847011566	0.0955498218536	0.151870012283	0.121560096741	0.139472007751	
['./treeMaker/main', '-m', '-c', '1']
0.107151985168	0.0886008739471	0.127039909363	0.0977160930634	0.100766897202	0.11195898056	0.0917201042175	0.108874082565	0.0849869251251	0.0734210014343	0.116698980331	0.111126899719	0.132440090179	0.111437082291	0.137091159821	0.176692008972	0.112082958221	0.110652923584	0.0775718688965	0.136800050735	0.125344991684	0.0781090259552	0.0998859405518	0.110856056213	0.187054157257	0.0902419090271	0.091775894165	0.143666982651	0.0907759666443	0.110300779343	0.126229047775	0.112465143204	0.105656147003	0.0823791027069	0.0895459651947	0.0950751304626	0.114318132401	0.103180885315	0.095183134079	0.138507843018	0.124531030655	0.116553068161	0.113013982773	0.116454124451	0.092334985733	0.176727771759	0.0947489738464	0.130079984665	0.117967128754	0.134674072266	
['./treeMaker/main', '-m', '-c', '2']
0.0996370315552	0.0819990634918	0.119280815125	0.0960681438446	0.112194061279	0.109623193741	0.0920941829681	0.112772941589	0.0848989486694	0.0804929733276	0.129820108414	0.124608039856	0.125707149506	0.108092069626	0.127676963806	0.170524120331	0.11014509201	0.100610971451	0.0788600444794	0.15053486824	0.128965854645	0.0797700881958	0.10059595108	0.116226911545	0.195691823959	0.102211952209	0.0872569084167	0.152430772781	0.0882799625397	0.111496925354	0.134788990021	0.106456041336	0.100491046906	0.08265209198	0.0898578166962	0.0991377830505	0.115417003632	0.0917010307312	0.0923910140991	0.135426044464	0.120017051697	0.0987989902496	0.11417388916	0.110042095184	0.0893959999084	0.170304059982	0.106392860413	0.15217590332	0.118902921677	0.14355301857	
['./treeMaker/main', '-m', '-a', '1']
0.113124132156	0.101856946945	0.138771057129	0.112637042999	0.112823009491	0.131428956985	0.109467029572	0.122174978256	0.0952699184418	0.0875961780548	0.129061937332	0.128541946411	0.147683143616	0.114367961884	0.15055680275	0.186372041702	0.131071090698	0.114598989487	0.0971188545227	0.158573865891	0.145151138306	0.0986299514771	0.115760087967	0.126008987427	0.219491958618	0.10190486908	0.102967023849	0.152901172638	0.110697984695	0.124146938324	0.153158903122	0.125164031982	0.121880054474	0.0955500602722	0.101268053055	0.113815069199	0.136641025543	0.104448795319	0.10860991478	0.151496171951	0.131958007812	0.126944065094	0.110648870468	0.131814956665	0.108650922775	0.192754983902	0.106256008148	0.151677846909	0.142528057098	0.163352966309	
['./treeMaker/main', '-m', '-a', '2']
0.101151943207	0.0867669582367	0.124235153198	0.107686042786	0.0985538959503	0.112617015839	0.0882339477539	0.110621929169	0.0810661315918	0.0735909938812	0.119338035583	0.123550891876	0.125690937042	0.108927965164	0.127858877182	0.177624940872	0.124111890793	0.0987808704376	0.0807611942291	0.143121957779	0.129041910172	0.0923020839691	0.10825586319	0.119815826416	0.197450876236	0.0880088806152	0.0877091884613	0.142007112503	0.0898139476776	0.109646081924	0.138671159744	0.114858865738	0.107689857483	0.0843899250031	0.0878450870514	0.0957679748535	0.114712953568	0.0869519710541	0.0888619422913	0.135919094086	0.121049880981	0.0990290641785	0.101706981659	0.116731882095	0.08988904953	0.169703006744	0.0903890132904	0.12970995903	0.112553119659	0.12774515152	
