25_1000_1.9e-10_1.9e-11_470000000
25
1000
1.9e-10
1.9e-11
470000000

['./treeMaker/main']
0.238025903702	0.146483898163	0.387250185013	0.191535949707	0.410173892975	0.78249502182	0.236976146698	0.23381280899	0.239742040634	0.171179056168	0.320979833603	0.981067180634	0.17706489563	0.318096160889	0.212725162506	1.15315198898	0.182606935501	0.423748016357	0.270986795425	2.56961607933	0.85860490799	0.388751983643	0.256620883942	0.351318120956	0.64461016655	0.360164165497	0.37030506134	0.236624002457	0.551440000534	1.09511017799	0.317461013794	0.179568052292	0.345981836319	0.343241930008	0.384245872498	0.316086053848	0.392163038254	0.18056678772	0.271907091141	0.245578050613	0.272530078888	0.258725166321	0.163758993149	0.785425186157	0.374654054642	0.364002943039	0.188893079758	1.46269488335	0.243697881699	0.280077934265	
['./treeMaker/main', '-b']
0.221122026443	0.165215969086	0.370370864868	0.202857017517	0.449471950531	0.778156995773	0.239370107651	0.210977077484	0.217425107956	0.176734924316	0.358822822571	0.991337060928	0.16904091835	0.30144405365	0.191066026688	1.03768706322	0.206721067429	0.482383012772	0.289316177368	2.64909911156	0.844574928284	0.430494070053	0.245820045471	0.39816403389	0.689263105392	0.368803024292	0.35743689537	0.224972009659	0.555513858795	1.16739487648	0.297128915787	0.168138027191	0.34136390686	0.342665910721	0.387763023376	0.308376073837	0.398466110229	0.173206090927	0.283638000488	0.250176906586	0.276897907257	0.248722791672	0.155745029449	0.786134958267	0.398697137833	0.406808137894	0.197932004929	1.42050099373	0.247705221176	0.28418302536	
['./treeMaker/main', '-u']
0.219044923782	0.146079063416	0.388878107071	0.205060005188	0.445968866348	0.803020954132	0.238745927811	0.222354888916	0.231384038925	0.161522865295	0.34290099144	1.00527906418	0.167935848236	0.299832105637	0.191372156143	1.10656404495	0.205165863037	0.462663888931	0.274528980255	2.66794800758	0.908572912216	0.425995826721	0.263477087021	0.377592086792	0.678987979889	0.338694095612	0.353729963303	0.238962888718	0.552821874619	1.08956098557	0.326938152313	0.187273979187	0.360731124878	0.352568864822	0.355938911438	0.287998914719	0.395011901855	0.182863950729	0.271939992905	0.270164012909	0.248164892197	0.262526035309	0.150626182556	0.80294585228	0.395034074783	0.406764030457	0.179618120193	1.46555900574	0.245752096176	0.283153057098	
['./treeMaker/main', '-t', '-r', '1']
1.62066102028	1.18541502953	2.22270417213	1.4355301857	2.35190200806	3.30500888824	1.68610596657	1.48190999031	1.57096815109	1.20698404312	2.08663320541	3.87617516518	1.26379084587	1.96452713013	1.44990205765	3.99238491058	1.4286968708	2.43958187103	1.71834993362	6.64326500893	3.71395015717	2.3787021637	1.6368792057	2.17097401619	3.08501601219	2.15996193886	2.24516201019	1.59034919739	2.84060883522	3.98911690712	1.95873808861	1.33963108063	2.09235191345	2.10117816925	2.23190808296	1.90518808365	2.33585786819	1.21574401855	1.87050414085	1.72021007538	1.75865197182	1.61000299454	1.1647670269	3.25057506561	2.2519569397	2.24127292633	1.378895998	4.60615491867	1.6555480957	1.87825798988	
['./treeMaker/main', '-t', '-r', '2']
2.16793704033	1.62406802177	3.05554914474	2.02779483795	3.63621807098	4.73601794243	2.33238506317	2.233096838	2.04099488258	1.63915705681	2.87585687637	5.09062719345	1.71565485001	2.70549893379	1.95134305954	5.75501394272	1.80736780167	3.39650607109	2.47834587097	8.63608694077	4.85520792007	3.15283894539	2.31981301308	3.05194711685	4.11890888214	2.94677591324	2.97828102112	2.25018978119	3.70163416862	5.62128806114	2.67568707466	1.79509496689	2.94828391075	2.8025200367	2.93393921852	2.60984015465	3.03600788116	1.84972906113	2.57972002029	2.42401504517	2.34259986877	2.29667305946	1.56701993942	4.54414582253	3.04646086693	3.1628100872	1.94965291023	6.42945098877	2.32233905792	2.64798808098	
['./treeMaker/main', '-t', '-r', '1', '-N']
1.54651093483	1.18182015419	2.23155808449	1.4345331192	2.41977190971	3.23836016655	1.71230006218	1.49558782578	1.54648113251	1.1663839817	2.04695415497	3.88723278046	1.29918193817	1.96090507507	1.49083209038	4.07073187828	1.40876197815	2.35563611984	1.77321696281	6.58585500717	3.72064399719	2.33134889603	1.6901011467	2.13605690002	3.04814100266	2.12056994438	2.21262907982	1.58933997154	2.85894393921	4.03585910797	1.98253488541	1.31503200531	2.14376187325	2.10088896751	2.20434403419	1.91789507866	2.18216300011	1.30492997169	1.88348913193	1.63785600662	1.73638296127	1.66675305367	1.19730710983	3.28975701332	2.19237303734	2.23740506172	1.33691096306	4.5460460186	1.68266201019	1.82393312454	
['./treeMaker/main', '-t', '-r', '2', '-N']
2.10469508171	1.64715695381	2.98648285866	1.96780180931	3.53851008415	4.68525910378	2.37624406815	2.2397749424	2.10807299614	1.64307785034	2.85611200333	5.01679420471	1.7650179863	2.70912504196	1.96758818626	5.78187704086	1.83670401573	3.40729308128	2.46399188042	8.59847402573	4.8634660244	3.16256308556	2.27962303162	3.10089302063	4.07252001762	2.91465592384	3.04701900482	2.28723812103	3.68347716331	5.72823810577	2.67694592476	1.75906586647	2.96084213257	2.82303285599	2.98497700691	2.59170603752	3.09727811813	1.85368800163	2.51988697052	2.44808006287	2.37520599365	2.29582595825	1.63473796844	4.49171614647	3.03911304474	3.14936685562	1.83641910553	6.37998604774	2.3135240078	2.7063369751	
['./treeMaker/main', '-m']
0.0945429801941	0.0742089748383	0.101753950119	0.0825908184052	0.123145103455	0.123430967331	0.0884048938751	0.0832650661469	0.0825560092926	0.076150894165	0.0978059768677	0.136123895645	0.0919830799103	0.0943448543549	0.0815660953522	0.139112949371	0.0790739059448	0.105527877808	0.0896618366241	0.176249027252	0.133959770203	0.115662097931	0.0856399536133	0.111383914948	0.119556188583	0.0991489887238	0.10104393959	0.0870089530945	0.128664016724	0.145422935486	0.0950498580933	0.0776000022888	0.0984218120575	0.111477851868	0.102566003799	0.095782995224	0.101058006287	0.0795500278473	0.0935211181641	0.0915420055389	0.0889010429382	0.0886838436127	0.0741288661957	0.140666007996	0.10128903389	0.0994868278503	0.0936031341553	0.154201984406	0.088436126709	0.09135389328	
['./treeMaker/main', '-m', '-b']
0.0956690311432	0.0788781642914	0.108594894409	0.0914270877838	0.115599870682	0.133903026581	0.0913090705872	0.102026939392	0.0986311435699	0.079439163208	0.102754116058	0.143111944199	0.0783100128174	0.0987010002136	0.0876171588898	0.153720140457	0.0806040763855	0.116047143936	0.0955009460449	0.197725057602	0.134881019592	0.109089851379	0.0923509597778	0.106552839279	0.137715816498	0.105776071548	0.102266073227	0.088830947876	0.116647958755	0.162528038025	0.0977048873901	0.0786068439484	0.104907035828	0.104752063751	0.108245134354	0.0987911224365	0.106960058212	0.0967669487	0.0997490882874	0.0917949676514	0.0955967903137	0.0925948619843	0.0767738819122	0.142395973206	0.108376026154	0.106551885605	0.0955440998077	0.166747093201	0.107146024704	0.102782964706	
['./treeMaker/main', '-m', '-w', '1']
0.090943813324	0.0774540901184	0.105687141418	0.0891668796539	0.110922813416	0.130649089813	0.109347105026	0.0855128765106	0.0856900215149	0.0758850574493	0.0972881317139	0.134636163712	0.0778031349182	0.0964272022247	0.0816190242767	0.143411874771	0.0834500789642	0.11333489418	0.0941710472107	0.200006008148	0.126870155334	0.10514998436	0.0884101390839	0.102613925934	0.116811037064	0.0954718589783	0.115895986557	0.0870280265808	0.115091085434	0.151082038879	0.0952398777008	0.0773141384125	0.100229024887	0.0946187973022	0.0998442173004	0.0913550853729	0.0984680652618	0.0776119232178	0.106696128845	0.0898549556732	0.0865738391876	0.103389978409	0.0876700878143	0.122477054596	0.10244011879	0.114170074463	0.080817937851	0.150663852692	0.0889420509338	0.106925964355	
['./treeMaker/main', '-m', '-w', '2']
0.0879130363464	0.0732688903809	0.103919029236	0.0825901031494	0.108141899109	0.122709035873	0.0889551639557	0.0840759277344	0.0834012031555	0.0752980709076	0.103453874588	0.134166955948	0.0801169872284	0.113131999969	0.0822558403015	0.155642986298	0.081423997879	0.105494022369	0.0908899307251	0.178966999054	0.128111124039	0.102133989334	0.0889649391174	0.0994100570679	0.120524168015	0.0996742248535	0.119672060013	0.0899209976196	0.124917030334	0.15020108223	0.102216005325	0.0783951282501	0.0990719795227	0.100668907166	0.103713989258	0.0968270301819	0.10179400444	0.0797328948975	0.0925078392029	0.0944499969482	0.0932750701904	0.089015007019	0.0738401412964	0.141741037369	0.103724002838	0.103113174438	0.0780901908875	0.157293081284	0.0909540653229	0.104740142822	
['./treeMaker/main', '-m', '-c', '1']
0.0999140739441	0.0848610401154	0.0993180274963	0.0817878246307	0.105520963669	0.122395038605	0.0876131057739	0.0835559368134	0.0830039978027	0.0752859115601	0.0989060401917	0.142915010452	0.0772609710693	0.110450983047	0.081533908844	0.143019914627	0.0803940296173	0.106957912445	0.0936291217804	0.197449922562	0.126461029053	0.106352090836	0.100134134293	0.0987210273743	0.117341995239	0.098140001297	0.101165056229	0.0863738059998	0.112748861313	0.143759965897	0.0986831188202	0.0888960361481	0.0954968929291	0.100603103638	0.112564086914	0.0916419029236	0.0990860462189	0.0783541202545	0.107054233551	0.0893890857697	0.0894930362701	0.0886280536652	0.0742371082306	0.126718044281	0.104645967484	0.102285146713	0.0805430412292	0.175635099411	0.101800918579	0.0918798446655	
['./treeMaker/main', '-m', '-c', '2']
0.0843939781189	0.0722620487213	0.101674079895	0.0835709571838	0.108860015869	0.127270936966	0.1046230793	0.0823419094086	0.0865309238434	0.0760650634766	0.0948901176453	0.132462024689	0.0779860019684	0.0969171524048	0.0926361083984	0.145184993744	0.080815076828	0.109089851379	0.0941631793976	0.187008857727	0.133514165878	0.121603012085	0.0866630077362	0.114683866501	0.119421005249	0.107950925827	0.100644111633	0.0969388484955	0.112323999405	0.146811962128	0.0921471118927	0.0761709213257	0.113039016724	0.0971698760986	0.100304841995	0.110660076141	0.101759910583	0.0801191329956	0.0906369686127	0.104179859161	0.0894260406494	0.0882439613342	0.0730798244476	0.139710187912	0.106218099594	0.115792989731	0.0800969600677	0.155047893524	0.100359916687	0.0943970680237	
['./treeMaker/main', '-m', '-a', '1']
0.101408004761	0.105984926224	0.116351127625	0.0974888801575	0.122710943222	0.14183306694	0.103586912155	0.0992760658264	0.0998089313507	0.0904278755188	0.109582901001	0.144047021866	0.0949559211731	0.112244844437	0.0973689556122	0.159322023392	0.0945508480072	0.125965118408	0.109076976776	0.210211992264	0.158380031586	0.11637711525	0.10604095459	0.115302085876	0.148677110672	0.113373994827	0.116218090057	0.102416992188	0.141009092331	0.161280870438	0.10915184021	0.0922400951385	0.112319946289	0.114482164383	0.119475841522	0.109014987946	0.1166639328	0.0989019870758	0.110985040665	0.104969978333	0.10209107399	0.106365919113	0.0909719467163	0.143170118332	0.118627071381	0.118402957916	0.0980010032654	0.162586927414	0.105251073837	0.109931945801	
['./treeMaker/main', '-m', '-a', '2']
0.0914068222046	0.0747539997101	0.118613004684	0.0819568634033	0.114967823029	0.126796007156	0.0887780189514	0.0842199325562	0.0872449874878	0.0776889324188	0.0978119373322	0.130629062653	0.0769970417023	0.0976450443268	0.0816180706024	0.143343925476	0.0823318958282	0.107870101929	0.101801156998	0.177034139633	0.127986192703	0.118877887726	0.0883729457855	0.101420164108	0.116503000259	0.0960178375244	0.100058078766	0.0856459140778	0.111186027527	0.151973009109	0.0960111618042	0.0774981975555	0.0970211029053	0.100430011749	0.101478099823	0.0945761203766	0.101610898972	0.0808041095734	0.0933799743652	0.0911731719971	0.101303100586	0.0912899971008	0.0769419670105	0.13076210022	0.107277154922	0.102792978287	0.0829319953918	0.15131521225	0.0903470516205	0.0944941043854	
