25_1000_4.9e-10_4.9e-10_470000000_cut_0
25
1000
4.9e-10
4.9e-10
470000000
cut_0
['./treeMaker/main']
0.111433982849	0.24865603447	0.255716085434	0.136792898178	0.156762838364	0.113037109375	0.175882101059	0.183737039566	0.18316411972	0.147217035294	0.138298988342	0.174653053284	0.173291921616	0.142794132233	0.130778074265	0.106133937836	0.231806993484	0.463213920593	0.154409170151	0.135676145554	0.140893936157	0.107919931412	0.206769943237	0.278154850006	0.263029098511	0.113841772079	0.218116044998	0.147188186646	0.0931780338287	0.104228019714	0.373300075531	0.15531206131	1.50956320763	0.161409854889	0.0557219982147	0.214676856995	0.148602962494	0.132296085358	0.125357151031	0.329029083252	0.14528298378	0.196352958679	1.11150097847	0.10906291008	0.217386960983	0.120500087738	0.0444159507751	0.0959210395813	0.110738992691	0.659744977951	
['./treeMaker/main', '-b']
0.115692853928	0.243821144104	0.273943901062	0.139727830887	0.163933992386	0.115031957626	0.175863981247	0.176549196243	0.172008037567	0.160113096237	0.138927936554	0.156705141068	0.17276597023	0.153290987015	0.127326011658	0.103265047073	0.225238084793	0.434664964676	0.153062105179	0.120676040649	0.14035987854	0.11545586586	0.207869052887	0.292736053467	0.254575014114	0.115338087082	0.205477952957	0.138002157211	0.0891380310059	0.106235027313	0.371705055237	0.163331031799	1.4721159935	0.161196947098	0.0568161010742	0.223084926605	0.153856992722	0.139021873474	0.126513957977	0.328834056854	0.128088951111	0.193429946899	1.06024384499	0.104314088821	0.209269046783	0.124442100525	0.045361995697	0.0979471206665	0.100424051285	0.632040023804	
['./treeMaker/main', '-u']
0.114693880081	0.25833106041	0.272082090378	0.128175973892	0.158197879791	0.125246047974	0.187707901001	0.194691896439	0.183269023895	0.161617994308	0.138432025909	0.16099691391	0.158123016357	0.153304100037	0.125947952271	0.102098941803	0.218349933624	0.460693120956	0.149198055267	0.119875907898	0.141477823257	0.115966081619	0.191977024078	0.302484035492	0.262802124023	0.109462022781	0.20638012886	0.13670706749	0.103362083435	0.104349136353	0.37512087822	0.172096967697	1.46915698051	0.151945829391	0.0544338226318	0.2124979496	0.149334907532	0.137434959412	0.125559091568	0.310767889023	0.126904010773	0.197171211243	1.15060305595	0.108192920685	0.211580991745	0.127440214157	0.0460090637207	0.0992288589478	0.0995960235596	0.639086961746	
['./treeMaker/main', '-t', '-r', '1']
1.10356807709	1.91425800323	1.94628381729	1.27158784866	1.4917318821	1.06166911125	1.57303404808	1.58589982986	1.4517018795	1.38675713539	1.27959299088	1.43560290337	1.42795610428	1.28964114189	1.29288101196	1.10035204887	1.85692715645	2.5673058033	1.26261401176	1.17631602287	1.36950516701	1.1392250061	1.56640505791	2.1995639801	1.99660181999	1.1065299511	1.76211905479	1.32450795174	0.935088157654	1.00810313225	2.39950489998	1.43814396858	5.19554805756	1.37737703323	0.581734895706	1.79447102547	1.36075901985	1.33044505119	1.12440919876	2.21733999252	1.11356186867	1.65229105949	4.15620303154	1.0285410881	1.76815199852	1.21643614769	0.472560167313	0.97709107399	0.98109793663	3.18955206871	
['./treeMaker/main', '-t', '-r', '2']
1.60745596886	2.90138101578	3.11281895638	1.86295795441	2.15535306931	1.66179585457	2.26089978218	2.35000801086	2.30538988113	1.98676395416	2.0632610321	2.12511086464	2.36183595657	2.03086709976	1.84413099289	1.58223485947	2.65628314018	4.33873605728	1.96566200256	1.79436302185	1.93835186958	1.7607820034	2.29279994965	3.1349158287	2.96657204628	1.78778195381	2.51993608475	2.03211712837	1.35496282578	1.56906199455	3.55423903465	2.17575883865	7.4308860302	2.10806703568	0.912628889084	2.78669691086	2.01184487343	1.9436340332	1.66846585274	3.37354302406	1.85480594635	2.69691896439	6.38239884377	1.49938702583	2.61898994446	1.68966913223	0.719401836395	1.47706007957	1.51338982582	5.0151848793	
['./treeMaker/main', '-t', '-r', '1', '-N']
1.09271907806	1.97353482246	1.97448801994	1.26964688301	1.41597795486	1.11228990555	1.5191860199	1.54430389404	1.43367695808	1.37500405312	1.25384497643	1.41616010666	1.40688109398	1.32260298729	1.27436900139	1.03520202637	1.76628494263	2.57528185844	1.23472714424	1.16106700897	1.31961488724	1.07643008232	1.59477519989	2.16715598106	1.95848011971	1.06119084358	1.7775990963	1.29561209679	0.919039011002	1.05136394501	2.45011711121	1.44436311722	5.18927097321	1.39381408691	0.575149059296	1.84169101715	1.31521296501	1.29946398735	1.09453392029	2.27338695526	1.16480612755	1.63347482681	4.11639595032	1.01897096634	1.81828308105	1.1238720417	0.473146915436	0.973505020142	1.00986099243	3.10343313217	
['./treeMaker/main', '-t', '-r', '2', '-N']
1.68878102303	2.93739891052	3.18594098091	1.93863582611	2.15662908554	1.68760514259	2.25170588493	2.33466315269	2.37169599533	2.06253314018	2.05322098732	2.12895894051	2.35177707672	2.02640080452	1.81761002541	1.55273485184	2.68432307243	4.25345087051	1.91355705261	1.80870985985	2.03789186478	1.84037399292	2.3305850029	3.14276814461	2.96932411194	1.77138996124	2.54671502113	1.99464702606	1.36219191551	1.554915905	3.60346102715	2.12373304367	7.16006803513	2.04602909088	0.898985862732	2.74550795555	2.12611818314	1.93418812752	1.61571598053	3.43727397919	1.85424995422	2.70489096642	6.34475588799	1.49716091156	2.67550301552	1.72516298294	0.762698173523	1.50596380234	1.48110604286	4.95414614677	
['./treeMaker/main', '-m']
0.0458071231842	0.0620908737183	0.0668859481812	0.0606150627136	0.0560331344604	0.048938035965	0.0559740066528	0.0584070682526	0.0584778785706	0.0517191886902	0.0517208576202	0.057587146759	0.0656490325928	0.051726102829	0.053435087204	0.0460369586945	0.0649909973145	0.0851278305054	0.0526340007782	0.0505650043488	0.0532760620117	0.0482110977173	0.0595171451569	0.0689179897308	0.0687940120697	0.0495140552521	0.0607759952545	0.0513172149658	0.0431129932404	0.0462429523468	0.0762650966644	0.0647339820862	0.117357969284	0.0516269207001	0.0313880443573	0.0601658821106	0.0507509708405	0.0476438999176	0.0430479049683	0.0689358711243	0.0453078746796	0.0572838783264	0.107455015182	0.0475089550018	0.0582218170166	0.0472450256348	0.0276050567627	0.0412330627441	0.0426001548767	0.0915179252625	
['./treeMaker/main', '-m', '-b']
0.0465559959412	0.066232919693	0.0710010528564	0.0521070957184	0.0693891048431	0.0461089611053	0.0561900138855	0.0580728054047	0.0587630271912	0.0517840385437	0.0515789985657	0.0542991161346	0.0555341243744	0.0517289638519	0.0490732192993	0.0476460456848	0.0698909759521	0.100592851639	0.05242395401	0.0491070747375	0.052099943161	0.0467009544373	0.06955909729	0.0693969726562	0.0688111782074	0.0477669239044	0.0618889331818	0.0527100563049	0.0425388813019	0.046159029007	0.0785501003265	0.0559771060944	0.133986949921	0.0543389320374	0.0330290794373	0.0640649795532	0.0545310974121	0.0526099205017	0.0467669963837	0.0766050815582	0.0474150180817	0.0618901252747	0.115973949432	0.0591740608215	0.0617780685425	0.0497369766235	0.0288240909576	0.0434250831604	0.0447537899017	0.0988848209381	
['./treeMaker/main', '-m', '-w', '1']
0.0450999736786	0.0677678585052	0.0728559494019	0.0496890544891	0.055967092514	0.0485579967499	0.0555310249329	0.0593800544739	0.0623009204865	0.0650899410248	0.0494599342346	0.0529351234436	0.0535759925842	0.0500679016113	0.0478649139404	0.0442399978638	0.0610020160675	0.083368062973	0.0510051250458	0.0476541519165	0.0506110191345	0.0458719730377	0.0579669475555	0.0676119327545	0.0734071731567	0.0454890727997	0.0730769634247	0.0497350692749	0.0405299663544	0.043604850769	0.0862128734589	0.0532839298248	0.123744010925	0.0579071044922	0.0330731868744	0.0650279521942	0.0559990406036	0.0515451431274	0.0473690032959	0.077516078949	0.0474359989166	0.0618319511414	0.114737033844	0.0603940486908	0.0578961372375	0.0472941398621	0.0277411937714	0.0413751602173	0.0540192127228	0.090940952301	
['./treeMaker/main', '-m', '-w', '2']
0.046807050705	0.0781409740448	0.0693340301514	0.0471560955048	0.0532290935516	0.0450088977814	0.0531148910522	0.0551238059998	0.0553059577942	0.0493681430817	0.0491778850555	0.0588829517365	0.0561320781708	0.0552730560303	0.0517239570618	0.049779176712	0.0672841072083	0.0868968963623	0.0489339828491	0.0463781356812	0.0493679046631	0.0444869995117	0.0704700946808	0.0674550533295	0.070739030838	0.0446181297302	0.0590732097626	0.0523850917816	0.0441701412201	0.0461490154266	0.076709985733	0.0553300380707	0.11948800087	0.0546300411224	0.032564163208	0.0744180679321	0.0503768920898	0.050882101059	0.0447008609772	0.0721030235291	0.0472228527069	0.0599069595337	0.113257169724	0.0453898906708	0.0586528778076	0.047425031662	0.0278980731964	0.0414509773254	0.0427961349487	0.0924959182739	
['./treeMaker/main', '-m', '-c', '1']
0.0451679229736	0.0637030601501	0.0666210651398	0.0489821434021	0.0542051792145	0.0465059280396	0.0544941425323	0.0560660362244	0.0565040111542	0.0506870746613	0.0499649047852	0.0527169704437	0.0539500713348	0.0473430156708	0.0461611747742	0.0429708957672	0.0582530498505	0.079657793045	0.0492310523987	0.0459110736847	0.0487380027771	0.043762922287	0.0721700191498	0.0702908039093	0.0634458065033	0.0464019775391	0.0585520267487	0.0498790740967	0.0411331653595	0.0432560443878	0.0733869075775	0.0527448654175	0.123323917389	0.0508620738983	0.0308480262756	0.060182094574	0.0506999492645	0.0480659008026	0.0430500507355	0.0690488815308	0.045392036438	0.0696971416473	0.111745119095	0.0450370311737	0.0580630302429	0.0470778942108	0.027843952179	0.041090965271	0.0426170825958	0.0899560451508	
['./treeMaker/main', '-m', '-c', '2']
0.0454261302948	0.0626430511475	0.0647161006927	0.047847032547	0.0538709163666	0.0444459915161	0.0532610416412	0.0611021518707	0.0693831443787	0.0483047962189	0.0489540100098	0.0514149665833	0.0551631450653	0.0524821281433	0.0472030639648	0.0422430038452	0.0582220554352	0.0798900127411	0.0654559135437	0.0469207763672	0.0507020950317	0.045334815979	0.0575618743896	0.0667388439178	0.0674278736115	0.0453629493713	0.0587050914764	0.0496909618378	0.040431022644	0.0422339439392	0.0704522132874	0.0566189289093	0.132266998291	0.0537581443787	0.031702041626	0.0625469684601	0.0555629730225	0.050952911377	0.0451231002808	0.0732510089874	0.0511980056763	0.0647830963135	0.124649047852	0.0433869361877	0.0557200908661	0.0452790260315	0.0264940261841	0.0395638942719	0.040885925293	0.0878818035126	
['./treeMaker/main', '-m', '-a', '1']
0.0519940853119	0.0675339698792	0.0705571174622	0.0538849830627	0.0585799217224	0.0628709793091	0.0590991973877	0.0628049373627	0.063001871109	0.0515649318695	0.0529539585114	0.0556399822235	0.0566132068634	0.0533649921417	0.05060505867	0.0468740463257	0.0626249313354	0.100392103195	0.0560178756714	0.0574281215668	0.0599570274353	0.0517141819	0.0655169487	0.0672228336334	0.0697138309479	0.0482571125031	0.0598411560059	0.05268907547	0.0434532165527	0.0457470417023	0.074098110199	0.0547940731049	0.130042076111	0.0597290992737	0.0360748767853	0.0660939216614	0.0562889575958	0.0527558326721	0.0476198196411	0.0749390125275	0.0507278442383	0.0635941028595	0.117063045502	0.0484359264374	0.0601019859314	0.0515789985657	0.0314331054688	0.0449740886688	0.04669713974	0.0964879989624	
['./treeMaker/main', '-m', '-a', '2']
0.0429999828339	0.0615329742432	0.0639259815216	0.0472350120544	0.0523571968079	0.043890953064	0.0524909496307	0.0591871738434	0.0587089061737	0.0518100261688	0.0557501316071	0.0558319091797	0.0565240383148	0.0519819259644	0.0489439964294	0.0464260578156	0.0593500137329	0.0956678390503	0.0506360530853	0.0453929901123	0.0490717887878	0.0557489395142	0.0556650161743	0.0663778781891	0.0662848949432	0.0448701381683	0.0574820041656	0.0493261814117	0.0407660007477	0.0437800884247	0.0740940570831	0.05326795578	0.135889053345	0.0644121170044	0.0312230587006	0.0631959438324	0.0529549121857	0.048330783844	0.0432319641113	0.0683751106262	0.0455749034882	0.0607538223267	0.112352848053	0.0426321029663	0.056097984314	0.0455560684204	0.0269718170166	0.0396270751953	0.0409948825836	0.0937490463257	
