25_1000_4.9e-10_4.9e-10_470000000_cut_0
25
1000
4.9e-10
4.9e-10
470000000
cut_0
['./treeMaker/main']
0.112133979797	0.264057159424	0.260118961334	0.142796993256	0.157928943634	0.129202127457	0.177381038666	0.198045969009	0.178222179413	0.148954153061	0.140048980713	0.163534879684	0.16187620163	0.144809007645	0.132315158844	0.106197118759	0.223337173462	0.482522010803	0.140497922897	0.125472068787	0.155045032501	0.124132871628	0.188526153564	0.282829046249	0.26335811615	0.128224134445	0.208250999451	0.131924152374	0.0920400619507	0.114234924316	0.355617046356	0.163909196854	1.40668511391	0.156689882278	0.0533440113068	0.230256080627	0.149918079376	0.132665157318	0.112074136734	0.329756975174	0.121214866638	0.211374998093	1.10834503174	0.106801986694	0.202457904816	0.122391939163	0.0443379878998	0.0975530147552	0.111876964569	0.618097066879	
['./treeMaker/main', '-b']
0.112412929535	0.243927001953	0.276791095734	0.14017701149	0.166807174683	0.114009857178	0.19127702713	0.178844928741	0.190842151642	0.147094011307	0.140963077545	0.15954709053	0.165205001831	0.144757986069	0.129148006439	0.104111909866	0.234623908997	0.47439289093	0.139466047287	0.122959136963	0.141165971756	0.115734815598	0.197171211243	0.311736106873	0.256894111633	0.116026163101	0.209197044373	0.154191970825	0.0907320976257	0.105824947357	0.376075029373	0.162580013275	1.49614095688	0.156189918518	0.0553910732269	0.236632823944	0.152869939804	0.140064001083	0.111040115356	0.341170072556	0.121151924133	0.20973110199	1.09538412094	0.103983163834	0.213577985764	0.125516176224	0.04505610466	0.0999438762665	0.101805925369	0.642145872116	
['./treeMaker/main', '-u']
0.11189699173	0.238925933838	0.284106016159	0.128514051437	0.178179979324	0.112673997879	0.178558111191	0.179675102234	0.178947925568	0.148855924606	0.150913953781	0.162650823593	0.154350996017	0.144394874573	0.127593994141	0.102697849274	0.222254037857	0.457982063293	0.136729001999	0.134507894516	0.143959999084	0.115530967712	0.205374002457	0.282943964005	0.275881052017	0.125632047653	0.207915067673	0.136832952499	0.0887570381165	0.10607790947	0.35609292984	0.155672073364	1.50027418137	0.151783943176	0.0550930500031	0.216209888458	0.150371074677	0.139015197754	0.108820915222	0.315283060074	0.120069026947	0.193292856216	1.13423204422	0.103375911713	0.221129894257	0.124284982681	0.0481150150299	0.0993499755859	0.112215042114	0.666542053223	
['./treeMaker/main', '-t', '-r', '1']
1.09177398682	1.79644918442	1.87324094772	1.17126083374	1.36528682709	1.03461098671	1.52289605141	1.5549390316	1.43625998497	1.38353896141	1.20145201683	1.35685801506	1.33750200272	1.23490214348	1.22273182869	1.06680393219	1.73753499985	2.50156712532	1.22530603409	1.11864304543	1.32694292068	0.998006105423	1.57027888298	1.86790108681	1.85694718361	1.01994299889	1.68401288986	1.25861406326	0.914329051971	1.01300597191	2.29006814957	1.36086606979	4.97586798668	1.3226878643	0.551810979843	1.79566216469	1.24756193161	1.24943208694	1.05320692062	2.17668199539	1.07512307167	1.53550195694	3.90659713745	0.977113008499	1.68468499184	1.17417502403	0.458644151688	1.00070595741	0.94264292717	2.93152284622	
['./treeMaker/main', '-t', '-r', '2']
1.79897809029	3.10755681992	3.3554661274	2.05944895744	2.23811411858	1.81940197945	2.38712692261	2.52165794373	2.70462584496	2.20869493484	2.3771469593	2.45906496048	2.48478603363	2.23556780815	2.07906794548	1.68991494179	2.97297000885	4.97754311562	2.1433699131	2.08949112892	2.21963500977	2.02985906601	2.593708992	3.63977408409	3.23887681961	2.08837509155	2.83737587929	2.21334290504	1.46399188042	1.74624180794	4.33871388435	2.33559894562	8.41474699974	2.33009290695	1.0148100853	3.06460595131	2.32404208183	2.20496416092	1.87734007835	3.82798409462	2.10537815094	2.8729891777	7.31252098083	1.62551283836	2.92313694954	1.88070297241	0.806617975235	1.64074707031	1.69530081749	6.2690141201	
['./treeMaker/main', '-t', '-r', '1', '-N']
1.08388996124	1.79630088806	1.8067779541	1.20552301407	1.38721299171	1.0690279007	1.54136681557	1.55405497551	1.43716216087	1.38408899307	1.23521399498	1.35438895226	1.41023898125	1.28385615349	1.22053599358	1.05035996437	1.72668814659	2.45390510559	1.21719408035	1.10691213608	1.29054784775	1.01069116592	1.50741910934	1.88926386833	1.85409593582	0.969012975693	1.74505209923	1.2465569973	0.875013828278	0.961487054825	2.28262591362	1.33432507515	4.9219751358	1.39181184769	0.567335128784	1.76867485046	1.297757864	1.24631118774	1.03159189224	2.13515496254	1.1229839325	1.53549599648	3.86330890656	0.976763010025	1.65530204773	1.13472604752	0.453881978989	0.944826841354	0.928076982498	2.88258600235	
['./treeMaker/main', '-t', '-r', '2', '-N']
1.82340312004	3.25244808197	3.44470000267	2.06169199944	2.23888993263	1.79100894928	2.46517896652	2.49159502983	2.69449591637	2.1984269619	2.47784280777	2.49347615242	2.54137802124	2.26932191849	2.12419009209	1.65678215027	2.96820497513	4.82424116135	2.05020594597	2.11192393303	2.3309700489	1.96172499657	2.62975597382	3.66235589981	3.21666717529	2.14198684692	2.79103112221	2.2003159523	1.45241713524	1.68504691124	4.33983707428	2.37801599503	8.40067076683	2.21159696579	0.956213951111	3.02503991127	2.39834690094	2.14361596107	1.80481004715	3.87206411362	2.0632250309	2.91856193542	7.36511087418	1.6127910614	2.98171186447	1.85662603378	0.768926858902	1.67322707176	1.65224409103	6.19772601128	
['./treeMaker/main', '-m']
0.0451970100403	0.0778079032898	0.070867061615	0.0622990131378	0.0588068962097	0.0585691928864	0.0584259033203	0.061222076416	0.0647709369659	0.0529639720917	0.0539071559906	0.0658061504364	0.0581061840057	0.0564479827881	0.0517859458923	0.0467910766602	0.0640008449554	0.090784072876	0.0534291267395	0.052983045578	0.0551040172577	0.0514760017395	0.0615029335022	0.0747570991516	0.0716979503632	0.0522971153259	0.0635859966278	0.0540599822998	0.0440731048584	0.0468080043793	0.0820128917694	0.0577409267426	0.127654075623	0.0528829097748	0.031779050827	0.0622699260712	0.0529811382294	0.0499608516693	0.0444121360779	0.0721919536591	0.0469501018524	0.0600249767303	0.114953994751	0.0458431243896	0.0605781078339	0.0487649440765	0.027978181839	0.0429329872131	0.04447889328	0.102585077286	
['./treeMaker/main', '-m', '-b']
0.0469288825989	0.0812389850616	0.0746319293976	0.0545589923859	0.0572769641876	0.0479331016541	0.0584490299225	0.0595688819885	0.0610160827637	0.0531098842621	0.0551669597626	0.0580968856812	0.0566852092743	0.0540840625763	0.06760597229	0.0531010627747	0.0748000144958	0.0935978889465	0.0542669296265	0.0521512031555	0.0545518398285	0.0506739616394	0.0624139308929	0.0746550559998	0.0858261585236	0.0519950389862	0.0651848316193	0.0544180870056	0.0436329841614	0.0475668907166	0.0867099761963	0.0586798191071	0.145385980606	0.055449962616	0.0336799621582	0.0672929286957	0.056342124939	0.0563671588898	0.0489690303802	0.0933492183685	0.0516169071198	0.0637831687927	0.125262975693	0.049252986908	0.0649991035461	0.0516951084137	0.0294728279114	0.0453231334686	0.0470259189606	0.117474079132	
['./treeMaker/main', '-m', '-w', '1']
0.0497870445251	0.0715351104736	0.0724060535431	0.0529689788818	0.0606582164764	0.0499451160431	0.0592708587646	0.0615668296814	0.0612058639526	0.0536019802094	0.0535638332367	0.0560519695282	0.0549120903015	0.052579164505	0.0502490997314	0.0451340675354	0.0630910396576	0.0881259441376	0.052659034729	0.0503420829773	0.0537288188934	0.0495598316193	0.0599999427795	0.0726580619812	0.0715959072113	0.0495829582214	0.0619478225708	0.0514559745789	0.0413320064545	0.0451710224152	0.0815179347992	0.0558001995087	0.133983135223	0.0555808544159	0.0356352329254	0.0673341751099	0.0577518939972	0.0571188926697	0.0512049198151	0.0772480964661	0.0511147975922	0.06325507164	0.121997117996	0.0475399494171	0.060781955719	0.0489411354065	0.0281410217285	0.0429489612579	0.0473790168762	0.101161003113	
['./treeMaker/main', '-m', '-w', '2']
0.0488588809967	0.0778260231018	0.0890581607819	0.0496108531952	0.0544300079346	0.045734167099	0.0550060272217	0.0566937923431	0.0574929714203	0.050507068634	0.0521800518036	0.0592889785767	0.0576150417328	0.055006980896	0.0564661026001	0.046893119812	0.0698308944702	0.0996448993683	0.0504369735718	0.049113035202	0.0519950389862	0.0478479862213	0.0609049797058	0.0723969936371	0.0672497749329	0.0614240169525	0.0670800209045	0.0543751716614	0.0455827713013	0.0490550994873	0.0867719650269	0.0574889183044	0.127282142639	0.0550079345703	0.0335409641266	0.0649881362915	0.0532410144806	0.0514430999756	0.0462012290955	0.0752401351929	0.0491020679474	0.0614278316498	0.120002985001	0.0466458797455	0.061075925827	0.0491819381714	0.0283391475677	0.0432000160217	0.0448231697083	0.103223085403	
['./treeMaker/main', '-m', '-c', '1']
0.0460810661316	0.0651140213013	0.069659948349	0.051393032074	0.0553998947144	0.047504901886	0.0561940670013	0.0578310489655	0.0592248439789	0.0518810749054	0.0548748970032	0.0559151172638	0.06520819664	0.0501420497894	0.0483701229095	0.0435540676117	0.0603909492493	0.0850131511688	0.0507681369781	0.048182964325	0.0509960651398	0.0475158691406	0.0620949268341	0.0860280990601	0.0663290023804	0.0488111972809	0.0610342025757	0.0517470836639	0.04114818573	0.044732093811	0.080276966095	0.0548520088196	0.145754098892	0.0523340702057	0.0316650867462	0.0623919963837	0.0528790950775	0.0497250556946	0.0447719097137	0.0718801021576	0.0472168922424	0.0656499862671	0.120282173157	0.0460839271545	0.0605309009552	0.0488369464874	0.0278911590576	0.0431041717529	0.044459104538	0.102080106735	
['./treeMaker/main', '-m', '-c', '2']
0.045557975769	0.0636899471283	0.0693988800049	0.0505530834198	0.0538530349731	0.0466511249542	0.0549948215485	0.0631761550903	0.0582628250122	0.0503759384155	0.0523529052734	0.0681431293488	0.0574960708618	0.0578100681305	0.0475628376007	0.0433540344238	0.0611100196838	0.0846979618073	0.053680896759	0.0509390830994	0.0530850887299	0.0493750572205	0.0597150325775	0.0717759132385	0.0696489810944	0.0489590167999	0.0606870651245	0.0512490272522	0.0532898902893	0.0432438850403	0.0944330692291	0.0602631568909	0.128937005997	0.054141998291	0.0431180000305	0.0640270709991	0.0551719665527	0.0520868301392	0.0585899353027	0.0760669708252	0.0511920452118	0.0661699771881	0.121518850327	0.0445511341095	0.0581791400909	0.0469710826874	0.027037858963	0.0411760807037	0.055212020874	0.116026878357	
['./treeMaker/main', '-m', '-a', '1']
0.0498578548431	0.0696249008179	0.0755310058594	0.057058095932	0.0591588020325	0.0551018714905	0.0638439655304	0.0634241104126	0.0780711174011	0.0534219741821	0.0564639568329	0.0583250522614	0.0574219226837	0.0556797981262	0.0526821613312	0.0480279922485	0.0649580955505	0.0962610244751	0.059376001358	0.0568089485168	0.0571618080139	0.0567841529846	0.0801019668579	0.0734310150146	0.071692943573	0.0515279769897	0.0627739429474	0.0540521144867	0.0438170433044	0.0475280284882	0.081307888031	0.0578830242157	0.13978099823	0.0573351383209	0.0354650020599	0.0683960914612	0.0589680671692	0.0550510883331	0.0492639541626	0.078017950058	0.0524289608002	0.0658550262451	0.124823093414	0.0490169525146	0.0774738788605	0.0529668331146	0.0316751003265	0.0467109680176	0.048534154892	0.118432998657	
['./treeMaker/main', '-m', '-a', '2']
0.0445220470428	0.062980890274	0.0665009021759	0.0492119789124	0.0531270503998	0.0454070568085	0.0685811042786	0.0602200031281	0.0619089603424	0.0527200698853	0.0569291114807	0.0598931312561	0.0559701919556	0.0576980113983	0.0519578456879	0.0469410419464	0.0739080905914	0.0903129577637	0.065477848053	0.0481259822845	0.0511240959167	0.0497620105743	0.0582330226898	0.070748090744	0.0676097869873	0.0480928421021	0.0719499588013	0.0514760017395	0.0417258739471	0.045156955719	0.0808050632477	0.05539894104	0.130743980408	0.0549139976501	0.0326931476593	0.0652627944946	0.054750919342	0.0490050315857	0.0444188117981	0.0717551708221	0.0473551750183	0.0613698959351	0.129733800888	0.0442638397217	0.0586888790131	0.0470838546753	0.0272369384766	0.0413839817047	0.0428659915924	0.104996919632	
