25_1000_1.9e-10_1.9e-10_10000
25
1000
1.9e-10
1.9e-10
10000

['./treeMaker/main']
0.130300998688	0.123334884644	0.0970420837402	0.1387758255	0.109457969666	0.134864091873	0.10707616806	0.109490871429	0.0931370258331	0.106918811798	0.105871915817	0.0971920490265	0.106744766235	0.147166967392	0.103964090347	0.108731031418	0.133755207062	0.0966958999634	0.169900178909	0.12810087204	0.104709863663	0.167788982391	0.138111114502	0.114778995514	0.119073867798	0.130761861801	0.126128911972	0.0938670635223	0.125926971436	0.101746082306	0.104689836502	0.164001941681	0.103507995605	0.0976138114929	0.106171131134	0.125146865845	0.166579008102	0.122716903687	0.108675003052	0.102340936661	0.110393047333	0.171355009079	0.108818054199	0.120506048203	0.135035991669	0.0882890224457	0.0920209884644	0.187861919403	0.0914709568024	0.106009960175	
['./treeMaker/main', '-b']
0.124181985855	0.121480941772	0.0971908569336	0.130733013153	0.111428976059	0.123863935471	0.112846136093	0.122652053833	0.0948641300201	0.118536949158	0.107044935226	0.098140001297	0.105210065842	0.139396190643	0.0940670967102	0.105561971664	0.13423705101	0.0926280021667	0.158149003983	0.136965990067	0.0977969169617	0.172049045563	0.134435892105	0.108164072037	0.109302997589	0.12268614769	0.10720705986	0.0945091247559	0.127748966217	0.106768846512	0.111293077469	0.162379980087	0.105444908142	0.0987591743469	0.113545894623	0.144232034683	0.165087938309	0.108863115311	0.118654966354	0.0998818874359	0.109026908875	0.15788602829	0.109261989594	0.120805025101	0.136584997177	0.0908260345459	0.105660915375	0.191210031509	0.0875599384308	0.098876953125	
['./treeMaker/main', '-u']
0.122453927994	0.134557008743	0.0949261188507	0.128072977066	0.125986099243	0.129941940308	0.119510889053	0.105160951614	0.0906870365143	0.118927955627	0.105843067169	0.0990488529205	0.101824998856	0.141317129135	0.0955669879913	0.108546972275	0.126929998398	0.0971500873566	0.184056997299	0.134829998016	0.102204084396	0.159373998642	0.131457090378	0.109423160553	0.117102861404	0.130214929581	0.111662864685	0.104379892349	0.126257896423	0.105875015259	0.110482931137	0.154600858688	0.105694055557	0.100009918213	0.124819993973	0.135528087616	0.174419164658	0.114773988724	0.111883878708	0.102896928787	0.112331867218	0.162558078766	0.110641002655	0.122383117676	0.134707927704	0.0891988277435	0.0966670513153	0.188915014267	0.0912020206451	0.104381799698	
['./treeMaker/main', '-t', '-r', '1']
1.05729794502	1.04130792618	0.859198093414	1.1174800396	0.933356046677	1.06294417381	0.908332824707	0.963910102844	0.844928026199	0.944613933563	0.946399927139	0.860893011093	0.927577018738	1.1756029129	0.830350875854	0.880465984344	1.11077904701	0.802718877792	1.3595161438	1.07107806206	0.908397912979	1.33713006973	1.15588092804	0.982568025589	1.01311397552	1.08620595932	0.952111959457	0.821815013885	1.06579589844	0.939949989319	0.977951049805	1.28257894516	0.903088092804	0.833665132523	1.00486588478	1.1265540123	1.38630700111	0.953795909882	1.01693201065	0.855688095093	0.960999965668	1.32703590393	0.943850040436	1.03278589249	1.12450408936	0.786571025848	0.836316823959	1.39018988609	0.804581165314	0.879811048508	
['./treeMaker/main', '-t', '-r', '2']
1.37073779106	1.41028809547	1.13564300537	1.38837599754	1.20350193977	1.33277010918	1.11854982376	1.25089883804	1.08184194565	1.24558210373	1.30291700363	1.12698888779	1.2678771019	1.58713197708	1.05387401581	1.22172904015	1.5162730217	1.10612511635	1.88582396507	1.4741089344	1.13921403885	1.72177481651	1.53261113167	1.30892300606	1.35463094711	1.44163703918	1.30151796341	1.05333805084	1.42600703239	1.24213600159	1.23090100288	1.6932220459	1.22911214828	1.08910417557	1.30270886421	1.50538492203	1.78066205978	1.27894496918	1.38113498688	1.19606494904	1.31643414497	1.74797987938	1.24450016022	1.37448191643	1.50272297859	1.02600216866	1.16141700745	1.81082105637	1.02980899811	1.23017311096	
['./treeMaker/main', '-t', '-r', '1', '-N']
1.06803894043	1.02081203461	0.873563051224	1.09721779823	0.966511964798	1.09932780266	0.881599903107	0.978033065796	0.814702033997	0.949085950851	0.922880172729	0.883598089218	0.932429075241	1.15188002586	0.827615022659	0.912374973297	1.10435795784	0.836687088013	1.33404302597	1.06025409698	0.873858213425	1.35280299187	1.14237308502	0.960834026337	0.996563911438	1.08794283867	0.971949100494	0.798290014267	1.0909049511	0.943480014801	0.95353603363	1.25748109818	0.92040681839	0.83490896225	0.986976146698	1.09990000725	1.39824318886	0.991250038147	1.02047991753	0.894665002823	0.914685964584	1.3239979744	0.937433004379	1.05985689163	1.1556429863	0.76331281662	0.831519126892	1.37587881088	0.779939889908	0.901734828949	
['./treeMaker/main', '-t', '-r', '2', '-N']
1.39640808105	1.4372010231	1.12771892548	1.39324402809	1.2090690136	1.3165640831	1.16864895821	1.27311301231	1.07828211784	1.24002504349	1.27544784546	1.10357904434	1.25962090492	1.53018712997	1.06223511696	1.21612787247	1.5277941227	1.12978982925	1.88700604439	1.47170996666	1.15126395226	1.71216416359	1.52444696426	1.29787802696	1.33827185631	1.43785595894	1.33554983139	1.11098909378	1.45423412323	1.25076389313	1.24098706245	1.74423408508	1.19832515717	1.08367013931	1.30569005013	1.5029540062	1.79976701736	1.28684806824	1.50183987617	1.18929791451	1.32019805908	1.73833107948	1.23439598083	1.34311318398	1.50812792778	1.0189769268	1.11833190918	1.80293798447	0.970178127289	1.25377392769	
['./treeMaker/main', '-m']
0.0603330135345	0.060024023056	0.0542411804199	0.059718132019	0.0572850704193	0.0586969852448	0.0560441017151	0.0567681789398	0.0543160438538	0.0570740699768	0.0554480552673	0.0546898841858	0.0691120624542	0.0595219135284	0.0511739253998	0.0516600608826	0.0582020282745	0.0533030033112	0.0790991783142	0.0615670681	0.0566098690033	0.066447019577	0.0631239414215	0.0576899051666	0.0581419467926	0.0671980381012	0.0615000724792	0.051441192627	0.0563941001892	0.0565299987793	0.0560331344604	0.0652770996094	0.055634021759	0.0544719696045	0.0569379329681	0.0614161491394	0.0661330223083	0.0578289031982	0.0584259033203	0.0570058822632	0.0584988594055	0.0667080879211	0.055468082428	0.0561280250549	0.0821549892426	0.0526149272919	0.054398059845	0.0669100284576	0.0521349906921	0.0568070411682	
['./treeMaker/main', '-m', '-b']
0.063560962677	0.0751531124115	0.0557539463043	0.0647330284119	0.0595788955688	0.0736911296844	0.0654630661011	0.0643179416656	0.0551469326019	0.0643758773804	0.073606967926	0.0539240837097	0.0571279525757	0.0635039806366	0.0546569824219	0.0549948215485	0.0629789829254	0.0549437999725	0.0668399333954	0.0595049858093	0.054172039032	0.064924955368	0.0620360374451	0.0576281547546	0.057785987854	0.0612990856171	0.0577201843262	0.057373046875	0.0638239383698	0.0604190826416	0.0590260028839	0.0690228939056	0.0568518638611	0.0549099445343	0.0599110126495	0.0639741420746	0.0812981128693	0.0576179027557	0.0582680702209	0.0561769008636	0.062756061554	0.0676939487457	0.0722749233246	0.0575659275055	0.0619139671326	0.0521459579468	0.0536241531372	0.0670280456543	0.0511400699615	0.0591931343079	
['./treeMaker/main', '-m', '-w', '1']
0.0595469474792	0.059417963028	0.0538101196289	0.0593318939209	0.0571889877319	0.0585210323334	0.0561990737915	0.0566871166229	0.0537710189819	0.0566430091858	0.0573670864105	0.0545928478241	0.057275056839	0.0734848976135	0.0683350563049	0.051992893219	0.0635941028595	0.0560209751129	0.0668041706085	0.0586199760437	0.0520281791687	0.0640549659729	0.0622930526733	0.0572111606598	0.0576109886169	0.0608320236206	0.056410074234	0.0550148487091	0.057774066925	0.0569219589233	0.0560231208801	0.062667131424	0.0531330108643	0.0567049980164	0.0584199428558	0.0623888969421	0.0650880336761	0.0573620796204	0.0581660270691	0.0555710792542	0.0597660541534	0.0621190071106	0.0568130016327	0.0602180957794	0.0740859508514	0.0578808784485	0.0507340431213	0.064108133316	0.049488067627	0.0537009239197	
['./treeMaker/main', '-m', '-w', '2']
0.0579900741577	0.0614440441132	0.0547840595245	0.0608057975769	0.057853937149	0.0590450763702	0.0569977760315	0.057324886322	0.0549969673157	0.0577239990234	0.0558609962463	0.0548961162567	0.0578670501709	0.0634150505066	0.0553510189056	0.0708701610565	0.0612258911133	0.0535719394684	0.0673980712891	0.0606851577759	0.0558168888092	0.066132068634	0.0718748569489	0.0548660755157	0.0581018924713	0.0607550144196	0.0736789703369	0.0551280975342	0.0608928203583	0.0577628612518	0.0567200183868	0.065808057785	0.0559849739075	0.0554611682892	0.0575230121613	0.0609829425812	0.066545009613	0.0571911334991	0.0606830120087	0.0586750507355	0.0584559440613	0.0654990673065	0.0578458309174	0.059032201767	0.0627288818359	0.053474187851	0.0550808906555	0.0675051212311	0.0610721111298	0.0683200359344	
['./treeMaker/main', '-m', '-c', '1']
0.0609889030457	0.0558540821075	0.0505471229553	0.0560319423676	0.057098865509	0.0584390163422	0.0561299324036	0.0567328929901	0.0544290542603	0.0567729473114	0.0659759044647	0.0544371604919	0.0569279193878	0.0627019405365	0.0547530651093	0.0553250312805	0.0619170665741	0.0556571483612	0.0665068626404	0.0594198703766	0.0549399852753	0.064544916153	0.0622799396515	0.0696759223938	0.0663058757782	0.0728390216827	0.0599939823151	0.05712890625	0.0689840316772	0.0587089061737	0.0582859516144	0.067764043808	0.0576469898224	0.0572791099548	0.05872797966	0.0596652030945	0.0643799304962	0.0560050010681	0.0573949813843	0.0633640289307	0.0576589107513	0.0637488365173	0.0574090480804	0.0584290027618	0.0623168945312	0.0527608394623	0.0541369915009	0.0668458938599	0.0519170761108	0.056361913681	
['./treeMaker/main', '-m', '-c', '2']
0.0601739883423	0.0599479675293	0.0539929866791	0.060142993927	0.05726313591	0.0692799091339	0.0565149784088	0.0563290119171	0.0570600032806	0.0568721294403	0.0566329956055	0.05300116539	0.0583019256592	0.064868927002	0.0568609237671	0.0575170516968	0.0595550537109	0.0550060272217	0.0662989616394	0.0757961273193	0.0548100471497	0.0654652118683	0.064131975174	0.0576732158661	0.0595660209656	0.0600140094757	0.0569500923157	0.0577371120453	0.0601079463959	0.0567781925201	0.0574941635132	0.0666038990021	0.0544650554657	0.0565919876099	0.0557179450989	0.0604591369629	0.0623190402985	0.0594987869263	0.0584111213684	0.0589280128479	0.0599439144135	0.0632841587067	0.0573089122772	0.0583760738373	0.0623259544373	0.0526669025421	0.0540461540222	0.0665490627289	0.0516130924225	0.05628490448	
['./treeMaker/main', '-m', '-a', '1']
0.067195892334	0.0669279098511	0.0638349056244	0.0665090084076	0.0647230148315	0.0675671100616	0.0619630813599	0.0635998249054	0.062756061554	0.0611939430237	0.0597641468048	0.0597319602966	0.061821937561	0.0669169425964	0.0641391277313	0.0631041526794	0.0660259723663	0.0683372020721	0.0866959095001	0.064080953598	0.0594420433044	0.0684378147125	0.0702221393585	0.0645861625671	0.0629708766937	0.0652759075165	0.0760729312897	0.0651531219482	0.0685160160065	0.0707120895386	0.0706040859222	0.0740149021149	0.0620992183685	0.0624108314514	0.063169002533	0.0659780502319	0.072093963623	0.0753700733185	0.0684170722961	0.0660710334778	0.0670139789581	0.0706360340118	0.0638999938965	0.0629830360413	0.0691549777985	0.0729279518127	0.0597078800201	0.075227022171	0.0646319389343	0.0660829544067	
['./treeMaker/main', '-m', '-a', '2']
0.0663299560547	0.0630698204041	0.0546588897705	0.0633361339569	0.0677080154419	0.0581448078156	0.0565021038055	0.0567791461945	0.0546350479126	0.0572710037231	0.0554790496826	0.0547521114349	0.0575129985809	0.0725409984589	0.0599098205566	0.0607831478119	0.0676231384277	0.0577621459961	0.0629398822784	0.0561280250549	0.0520098209381	0.0613658428192	0.0587558746338	0.0536708831787	0.0543818473816	0.0573599338531	0.0553939342499	0.0516610145569	0.0569961071014	0.0536530017853	0.0536332130432	0.0622720718384	0.052216053009	0.0514600276947	0.0534129142761	0.0576241016388	0.0654249191284	0.0579218864441	0.0585639476776	0.0567660331726	0.0586750507355	0.0641040802002	0.0578408241272	0.0709071159363	0.0720820426941	0.0557949542999	0.0554890632629	0.0690360069275	0.0486421585083	0.0540909767151	
