25_1000_5.2e-11_0.0_470000000
25
1000
5.2e-11
0.0
470000000

['./treeMaker/main']
0.0649528503418	0.0676741600037	0.0861580371857	0.0647089481354	0.0794599056244	0.0629758834839	0.082713842392	0.0578429698944	0.0750160217285	0.06720495224	0.066465139389	0.0746488571167	0.0716819763184	0.0713551044464	0.060408115387	0.0663380622864	0.066887140274	0.0831980705261	0.0719459056854	0.0739750862122	0.0729289054871	0.0743458271027	0.0754799842834	0.0614850521088	0.0714120864868	0.0669271945953	0.0632700920105	0.0803189277649	0.0629451274872	0.0566248893738	0.062479019165	0.0695731639862	0.0849030017853	0.0683000087738	0.0859048366547	0.0717921257019	0.0588109493256	0.0599040985107	0.0597848892212	0.0620100498199	0.0598790645599	0.0736269950867	0.061772108078	0.0720331668854	0.0782752037048	0.0741529464722	0.0708739757538	0.0676231384277	0.0757369995117	0.066694021225	
['./treeMaker/main', '-b']
0.0686299800873	0.0683081150055	0.0764291286469	0.0682020187378	0.0825719833374	0.0770471096039	0.0736029148102	0.0640850067139	0.0590388774872	0.0790920257568	0.0652890205383	0.0740120410919	0.0616328716278	0.0870151519775	0.0633490085602	0.0652630329132	0.0646288394928	0.0816798210144	0.0823621749878	0.0702321529388	0.0901570320129	0.0726230144501	0.0762989521027	0.0752468109131	0.070042848587	0.0653550624847	0.0664920806885	0.0788691043854	0.0640017986298	0.0607430934906	0.0655791759491	0.0708749294281	0.0836322307587	0.0813388824463	0.0752398967743	0.0727169513702	0.0581288337708	0.0580310821533	0.0580170154572	0.0602340698242	0.058177947998	0.0588510036469	0.0594530105591	0.0719139575958	0.0619769096375	0.072292804718	0.0688600540161	0.0692989826202	0.0789318084717	0.0804538726807	
['./treeMaker/main', '-u']
0.0634250640869	0.079076051712	0.0765900611877	0.065328836441	0.069020986557	0.0769782066345	0.072881937027	0.0600099563599	0.0585820674896	0.0646970272064	0.0641281604767	0.0709600448608	0.0771908760071	0.0752789974213	0.0649859905243	0.0628139972687	0.0667860507965	0.0834758281708	0.0726878643036	0.0689299106598	0.0710949897766	0.086009979248	0.0770468711853	0.0625519752502	0.0723528862	0.0780920982361	0.0641829967499	0.0775020122528	0.0613639354706	0.0595378875732	0.0663759708405	0.0728271007538	0.0799059867859	0.0663888454437	0.0693881511688	0.0696260929108	0.0570690631866	0.0575029850006	0.0576250553131	0.0623450279236	0.0607120990753	0.0622169971466	0.0590300559998	0.0784299373627	0.0641770362854	0.0751919746399	0.0717980861664	0.0683460235596	0.0792219638824	0.0782008171082	
['./treeMaker/main', '-t', '-r', '1']
0.567863941193	0.57222700119	0.611575841904	0.56716299057	0.602877140045	0.548126935959	0.609352827072	0.489129066467	0.515579938889	0.537676095963	0.553409099579	0.630973815918	0.561691999435	0.641027927399	0.528160095215	0.535286903381	0.537193059921	0.68287396431	0.57247209549	0.604467153549	0.611410856247	0.610251188278	0.622944116592	0.536852121353	0.605161905289	0.546037197113	0.543342113495	0.644123792648	0.550378084183	0.497159957886	0.532141923904	0.582013845444	0.677900075912	0.565759897232	0.60866689682	0.589618206024	0.473003864288	0.496500015259	0.475192070007	0.501579046249	0.4848549366	0.49459695816	0.4924929142	0.635601043701	0.539075136185	0.635386943817	0.576840877533	0.582033157349	0.648297071457	0.554635047913	
['./treeMaker/main', '-t', '-r', '2']
0.717331171036	0.750038146973	0.819729804993	0.721961021423	0.785574913025	0.675348997116	0.801687955856	0.620630025864	0.629635095596	0.68082690239	0.671627998352	0.769765853882	0.669095993042	0.82849407196	0.669913053513	0.698716163635	0.737999916077	0.959202051163	0.795554161072	0.79456782341	0.819936990738	0.836797952652	0.844265937805	0.679948806763	0.774885892868	0.698863983154	0.694807052612	0.888793945312	0.696696043015	0.628551959991	0.714275836945	0.776412010193	0.957357168198	0.757584095001	0.79487490654	0.812920093536	0.596058130264	0.671815156937	0.614328145981	0.68230009079	0.653320074081	0.651453971863	0.660243034363	0.823728084564	0.70885181427	0.779691934586	0.785910129547	0.744900941849	0.84176492691	0.714772939682	
['./treeMaker/main', '-t', '-r', '1', '-N']
0.532006978989	0.544177055359	0.620431900024	0.595926046371	0.591060876846	0.518043994904	0.610688209534	0.519320011139	0.485639095306	0.576183080673	0.532378911972	0.60817193985	0.563715934753	0.651861906052	0.550780057907	0.564373970032	0.539062976837	0.716032981873	0.588601112366	0.593152999878	0.590093135834	0.595668077469	0.656783103943	0.514568090439	0.588505029678	0.533393859863	0.533251047134	0.64661192894	0.537287950516	0.495960950851	0.550314188004	0.595999956131	0.697777986526	0.551982164383	0.581051826477	0.616629123688	0.473248958588	0.483839035034	0.49434709549	0.539435863495	0.485482931137	0.493537187576	0.492904186249	0.612677097321	0.558992862701	0.635606050491	0.581282138824	0.586969852448	0.664412021637	0.538505077362	
['./treeMaker/main', '-t', '-r', '2', '-N']
0.689476966858	0.727650880814	0.854425907135	0.728718996048	0.799357891083	0.647316932678	0.764278888702	0.655924797058	0.663591146469	0.693876981735	0.685267925262	0.774923086166	0.700981140137	0.802712917328	0.676290035248	0.710318088531	0.734976053238	0.911082029343	0.757436990738	0.752893924713	0.802875041962	0.841292858124	0.831207036972	0.647258996964	0.758765935898	0.728042125702	0.695858001709	0.853637933731	0.652074098587	0.639938831329	0.710458993912	0.798346042633	0.954480171204	0.767834186554	0.815863132477	0.790538072586	0.600744009018	0.663382053375	0.634963989258	0.67066693306	0.646054029465	0.658313989639	0.675019979477	0.856995820999	0.719212055206	0.781289815903	0.779895067215	0.776932001114	0.895635128021	0.714078903198	
['./treeMaker/main', '-m']
0.0528719425201	0.0679969787598	0.0588510036469	0.0543661117554	0.0572230815887	0.0560820102692	0.0582430362701	0.0547339916229	0.0515599250793	0.0571420192719	0.052109003067	0.0561919212341	0.0533599853516	0.0562098026276	0.0557749271393	0.0538527965546	0.0618269443512	0.0614960193634	0.0545120239258	0.0544331073761	0.0547409057617	0.0546600818634	0.0551609992981	0.0503468513489	0.0534307956696	0.0508499145508	0.0513269901276	0.0555701255798	0.0509369373322	0.0486621856689	0.0516359806061	0.0538959503174	0.0562579631805	0.0510251522064	0.056097984314	0.0545780658722	0.0504698753357	0.0508570671082	0.0539798736572	0.0512208938599	0.0504701137543	0.049998998642	0.0505681037903	0.0557789802551	0.0531878471375	0.0581860542297	0.0526559352875	0.0539400577545	0.0560269355774	0.0531940460205	
['./treeMaker/main', '-m', '-b']
0.0534739494324	0.0522570610046	0.0572559833527	0.0569088459015	0.0581500530243	0.0530679225922	0.0543241500854	0.0507659912109	0.0499329566956	0.0539150238037	0.0542130470276	0.0575330257416	0.0646162033081	0.0611569881439	0.0538380146027	0.0571060180664	0.0569689273834	0.0611290931702	0.0673167705536	0.0514509677887	0.0524640083313	0.0535690784454	0.0544571876526	0.0491681098938	0.0525040626526	0.0507891178131	0.0510950088501	0.0558149814606	0.0506329536438	0.0489950180054	0.0528221130371	0.0549581050873	0.0573110580444	0.0528311729431	0.0530540943146	0.0537378787994	0.0492091178894	0.0499081611633	0.0495109558105	0.049192905426	0.0488069057465	0.0488240718842	0.049045085907	0.0541307926178	0.0672869682312	0.058748960495	0.0555830001831	0.0555648803711	0.0608348846436	0.0605180263519	
['./treeMaker/main', '-m', '-w', '1']
0.0512411594391	0.0535609722137	0.0561168193817	0.0538220405579	0.0542440414429	0.0518729686737	0.0546839237213	0.0500831604004	0.0515341758728	0.0529289245605	0.0528769493103	0.0556080341339	0.049635887146	0.0530159473419	0.0524399280548	0.0526270866394	0.0528290271759	0.0582001209259	0.0533530712128	0.0523879528046	0.0545959472656	0.0537800788879	0.0564420223236	0.052542924881	0.0539638996124	0.0525231361389	0.0529789924622	0.056205034256	0.0526859760284	0.0509378910065	0.0529618263245	0.0572090148926	0.060986995697	0.0539290904999	0.0550720691681	0.0546731948853	0.0505418777466	0.0503342151642	0.0515670776367	0.0525760650635	0.0512659549713	0.0541281700134	0.0519630908966	0.057431936264	0.0547339916229	0.0562429428101	0.0556020736694	0.0551419258118	0.0624179840088	0.0617880821228	
['./treeMaker/main', '-m', '-w', '2']
0.0509169101715	0.0517048835754	0.0541198253632	0.0520160198212	0.0524699687958	0.0624189376831	0.0543520450592	0.0541408061981	0.0497469902039	0.0534842014313	0.0512428283691	0.0577781200409	0.05335688591	0.0531711578369	0.0506498813629	0.0527369976044	0.0525100231171	0.0555231571198	0.053817987442	0.0549490451813	0.057018995285	0.0567688941956	0.0569009780884	0.0603280067444	0.0552608966827	0.0502958297729	0.0550889968872	0.0571870803833	0.0541858673096	0.0522561073303	0.0508940219879	0.0554511547089	0.0554399490356	0.0535888671875	0.0550358295441	0.0551931858063	0.0530898571014	0.0515501499176	0.0526208877563	0.0504012107849	0.0502800941467	0.0500259399414	0.0498578548431	0.0547840595245	0.0537729263306	0.0561058521271	0.0550239086151	0.0530860424042	0.0578560829163	0.0560531616211	
['./treeMaker/main', '-m', '-c', '1']
0.0504529476166	0.053946018219	0.0572741031647	0.0516350269318	0.0540280342102	0.0516209602356	0.0545780658722	0.0506608486176	0.0523419380188	0.0506341457367	0.0528450012207	0.0585029125214	0.0512418746948	0.0546231269836	0.054878950119	0.0529541969299	0.0539829730988	0.0615470409393	0.0665140151978	0.0513911247253	0.0521609783173	0.0529551506042	0.0535168647766	0.0489089488983	0.0516250133514	0.0494120121002	0.0497050285339	0.0538759231567	0.0491569042206	0.0471110343933	0.0496280193329	0.0520370006561	0.0540540218353	0.049996137619	0.0510160923004	0.0518691539764	0.0475981235504	0.0476410388947	0.047798871994	0.0474300384521	0.0473639965057	0.0469858646393	0.0475821495056	0.052521944046	0.0493838787079	0.0562119483948	0.0564298629761	0.0531420707703	0.0583529472351	0.0547299385071	
['./treeMaker/main', '-m', '-c', '2']
0.0545620918274	0.0541889667511	0.057116985321	0.0543088912964	0.0555131435394	0.0507471561432	0.0552752017975	0.0510101318359	0.0524649620056	0.0537741184235	0.0539660453796	0.0578479766846	0.0524289608002	0.057058095932	0.0538280010223	0.0534460544586	0.0546550750732	0.0698838233948	0.0531208515167	0.0528430938721	0.051854133606	0.0531921386719	0.0679349899292	0.0518419742584	0.0509212017059	0.0490298271179	0.0514760017395	0.0562958717346	0.051509141922	0.0491709709167	0.0520050525665	0.0544929504395	0.0666561126709	0.052582025528	0.0548419952393	0.0576229095459	0.0512330532074	0.0513761043549	0.0533330440521	0.0514669418335	0.0536561012268	0.05348777771	0.0494868755341	0.0569760799408	0.0553159713745	0.0565969944	0.0625021457672	0.0556020736694	0.0692229270935	0.0560460090637	
['./treeMaker/main', '-m', '-a', '1']
0.0707929134369	0.0691158771515	0.0716409683228	0.0658659934998	0.0675001144409	0.0647630691528	0.0672900676727	0.0667378902435	0.0655498504639	0.0656871795654	0.0665280818939	0.0815999507904	0.0693500041962	0.0705990791321	0.0663459300995	0.0673530101776	0.0660040378571	0.085312128067	0.069591999054	0.0688819885254	0.0685760974884	0.0834000110626	0.0715250968933	0.0790140628815	0.0720310211182	0.0689570903778	0.0781829357147	0.0812458992004	0.0747201442719	0.0645508766174	0.0681180953979	0.0696210861206	0.0748448371887	0.0708699226379	0.0705888271332	0.0713701248169	0.0664570331573	0.066920042038	0.0667080879211	0.0662491321564	0.065572977066	0.0675830841064	0.0694370269775	0.0715899467468	0.0684089660645	0.0812768936157	0.0673608779907	0.0665102005005	0.0705919265747	0.0661680698395	
['./treeMaker/main', '-m', '-a', '2']
0.0505659580231	0.0511569976807	0.0540480613708	0.0507731437683	0.0520069599152	0.049567937851	0.0518069267273	0.0482621192932	0.0489327907562	0.0639479160309	0.0516412258148	0.0545370578766	0.0511169433594	0.0546100139618	0.050714969635	0.052826166153	0.0516409873962	0.0570750236511	0.064416885376	0.0536479949951	0.0551328659058	0.0552101135254	0.0560967922211	0.0511920452118	0.0546000003815	0.0524461269379	0.0503380298615	0.057070016861	0.0516920089722	0.0497918128967	0.0535621643066	0.0547659397125	0.0561890602112	0.053190946579	0.0552940368652	0.0538408756256	0.0490920543671	0.0502750873566	0.0500919818878	0.0505619049072	0.0501399040222	0.0493350028992	0.0498361587524	0.0551748275757	0.0516889095306	0.0543410778046	0.0535061359406	0.0525081157684	0.0686490535736	0.0514090061188	
