25_1000_0_0_48000000
25
1000
0
0
48000000

['./treeMaker/main']
0.0501229763031	0.0471858978271	0.0484890937805	0.0479769706726	0.0474209785461	0.0446979999542	0.0464470386505	0.0444180965424	0.0461549758911	0.0458881855011	0.0468559265137	0.0467360019684	0.0504419803619	0.049164056778	0.0587410926819	0.0474741458893	0.0554440021515	0.0465700626373	0.0571548938751	0.0468618869781	0.0464560985565	0.0490260124207	0.0479729175568	0.0463690757751	0.0557172298431	0.0450639724731	0.0452511310577	0.0441460609436	0.0437269210815	0.0544300079346	0.0481820106506	0.0462341308594	0.0465528964996	0.0455920696259	0.0471239089966	0.0454299449921	0.04625415802	0.0465919971466	0.0458970069885	0.0464839935303	0.0600440502167	0.0434749126434	0.04336810112	0.0440719127655	0.0439510345459	0.0439999103546	0.0440950393677	0.0435841083527	0.0437679290771	0.0437669754028	
['./treeMaker/main', '-b']
0.0442991256714	0.044007062912	0.0541439056396	0.0471920967102	0.0463500022888	0.0467710494995	0.0499250888824	0.0510489940643	0.0444529056549	0.0544319152832	0.0456910133362	0.055465221405	0.046247959137	0.0467031002045	0.0468277931213	0.0465412139893	0.0453810691833	0.046952009201	0.0454740524292	0.0461151599884	0.0444400310516	0.0486381053925	0.0465159416199	0.0449328422546	0.0459680557251	0.0479099750519	0.0454561710358	0.0462379455566	0.0463130474091	0.0448410511017	0.0489978790283	0.0468668937683	0.0462431907654	0.0463540554047	0.0468780994415	0.048182964325	0.0474138259888	0.0471391677856	0.04514503479	0.0455839633942	0.045382976532	0.0461008548737	0.0443770885468	0.0470550060272	0.045392036438	0.0498759746552	0.0466959476471	0.0469701290131	0.0469570159912	0.0468621253967	
['./treeMaker/main', '-u']
0.0491309165955	0.0469250679016	0.0468950271606	0.046854019165	0.0442118644714	0.0459868907928	0.0474538803101	0.0462391376495	0.046373128891	0.0565528869629	0.0471649169922	0.045257806778	0.0511319637299	0.046669960022	0.0435860157013	0.0440740585327	0.0439739227295	0.0441589355469	0.0440812110901	0.0443458557129	0.0442640781403	0.0441510677338	0.0440578460693	0.044126033783	0.0454258918762	0.0441188812256	0.0440268516541	0.0444288253784	0.0447800159454	0.044224023819	0.0442938804626	0.0438170433044	0.0436990261078	0.0533649921417	0.0467329025269	0.0468180179596	0.0465879440308	0.0468220710754	0.0454881191254	0.0474109649658	0.045706987381	0.0475370883942	0.046492099762	0.0473120212555	0.0476851463318	0.0470409393311	0.0477759838104	0.0486369132996	0.0467028617859	0.044762134552	
['./treeMaker/main', '-t', '-r', '1']
0.377981901169	0.36314702034	0.347733020782	0.366620063782	0.362520933151	0.34624505043	0.346046924591	0.363663911819	0.366467952728	0.343309164047	0.360510826111	0.37527680397	0.364279985428	0.347887992859	0.369883060455	0.362621068954	0.372185945511	0.354734897614	0.366312980652	0.349892854691	0.373955965042	0.36180305481	0.359131097794	0.357393026352	0.364438056946	0.369616985321	0.361116170883	0.36568403244	0.359657049179	0.365425109863	0.379081010818	0.37458896637	0.366418838501	0.359068870544	0.375674009323	0.368427991867	0.362107038498	0.367662906647	0.369865894318	0.363054990768	0.361664056778	0.361120939255	0.37256193161	0.376226186752	0.368723869324	0.34547996521	0.367640972137	0.369960069656	0.367352962494	0.349437952042	
['./treeMaker/main', '-t', '-r', '2']
0.424782037735	0.405177116394	0.406985044479	0.422060966492	0.414613962173	0.425260066986	0.42129611969	0.417698144913	0.428866863251	0.398468971252	0.388996124268	0.396734952927	0.451339006424	0.433586120605	0.394590139389	0.416974782944	0.399757862091	0.421344041824	0.43328499794	0.416619062424	0.427096843719	0.407827138901	0.416623830795	0.414009094238	0.413237094879	0.419226884842	0.412580013275	0.424032926559	0.410486936569	0.429975032806	0.408352136612	0.41001701355	0.409990787506	0.409311056137	0.418617010117	0.421130895615	0.425293922424	0.419544935226	0.413639783859	0.404248952866	0.406188011169	0.418078899384	0.401950120926	0.434497117996	0.437009096146	0.423546075821	0.406064033508	0.388059854507	0.403444051743	0.408824920654	
['./treeMaker/main', '-t', '-r', '1', '-N']
0.35085105896	0.370405912399	0.355662107468	0.362958192825	0.361650943756	0.36546087265	0.345935821533	0.363471984863	0.367820978165	0.366947174072	0.350997924805	0.347048044205	0.37328004837	0.367252826691	0.370577812195	0.364080905914	0.35712313652	0.365262985229	0.372593164444	0.365792989731	0.36424612999	0.375428199768	0.371823787689	0.364255905151	0.362951993942	0.363445043564	0.344314098358	0.36261177063	0.361306190491	0.34520316124	0.362622976303	0.344554901123	0.359003067017	0.372845888138	0.368454933167	0.367583036423	0.36491394043	0.347663879395	0.365229845047	0.359575986862	0.370357036591	0.360759973526	0.361975193024	0.365269899368	0.373800039291	0.375022888184	0.357831001282	0.343178033829	0.362379074097	0.361928939819	
['./treeMaker/main', '-t', '-r', '2', '-N']
0.420094013214	0.411573886871	0.410628080368	0.412150859833	0.418642044067	0.40584397316	0.430944919586	0.422168016434	0.416788101196	0.419142961502	0.420884847641	0.415324926376	0.437689065933	0.423970937729	0.420870780945	0.411164999008	0.417173147202	0.438162088394	0.415005922318	0.423815965652	0.421271085739	0.420946121216	0.434770822525	0.433689832687	0.413177013397	0.420917987823	0.413767814636	0.415146827698	0.415044784546	0.431421041489	0.407644987106	0.389537811279	0.39414191246	0.392639160156	0.413165807724	0.422479152679	0.418435096741	0.412317037582	0.419343948364	0.421715974808	0.388794183731	0.415973186493	0.383842945099	0.419000864029	0.430286884308	0.418329000473	0.433256864548	0.419100999832	0.404139041901	0.404783964157	
['./treeMaker/main', '-m']
0.0435948371887	0.0416572093964	0.0413489341736	0.0416078567505	0.0416579246521	0.0417478084564	0.0415918827057	0.0419640541077	0.0422070026398	0.0417540073395	0.04208111763	0.0418560504913	0.0443580150604	0.04660987854	0.0444359779358	0.0454258918762	0.0536830425262	0.0456309318542	0.0454759597778	0.0446031093597	0.0478661060333	0.04474401474	0.0456540584564	0.0453100204468	0.0454819202423	0.045166015625	0.0420298576355	0.0429899692535	0.0431530475616	0.0520050525665	0.0438878536224	0.043582201004	0.046159029007	0.0448930263519	0.0443069934845	0.0447080135345	0.0428268909454	0.0452201366425	0.0438821315765	0.0458240509033	0.0460538864136	0.045284986496	0.04456782341	0.0464301109314	0.044184923172	0.0452101230621	0.0446150302887	0.0441341400146	0.0447280406952	0.0455009937286	
['./treeMaker/main', '-m', '-b']
0.0497238636017	0.0461399555206	0.045284986496	0.0469200611115	0.0470459461212	0.0436189174652	0.0462548732758	0.0458290576935	0.0463001728058	0.0454521179199	0.0447390079498	0.0449299812317	0.0456051826477	0.0445230007172	0.0441009998322	0.0481629371643	0.0438239574432	0.0456881523132	0.0446870326996	0.0543029308319	0.0452239513397	0.0473630428314	0.0447759628296	0.0441389083862	0.0447399616241	0.0457952022552	0.0433979034424	0.0454068183899	0.0460560321808	0.0464408397675	0.045923948288	0.0460419654846	0.0460238456726	0.0486330986023	0.0450279712677	0.0454699993134	0.0451190471649	0.0455739498138	0.0456118583679	0.0457170009613	0.0453629493713	0.0440089702606	0.0454139709473	0.0457859039307	0.0458390712738	0.0452351570129	0.0459420681	0.0442788600922	0.0448749065399	0.0442190170288	
['./treeMaker/main', '-m', '-w', '1']
0.0453400611877	0.0452721118927	0.0451140403748	0.0546500682831	0.0440411567688	0.0443720817566	0.0453758239746	0.0468809604645	0.0455951690674	0.0457949638367	0.045422077179	0.0463969707489	0.044548034668	0.0571210384369	0.0449900627136	0.0451619625092	0.0449831485748	0.0455570220947	0.0442099571228	0.0449450016022	0.0576591491699	0.040806055069	0.0417549610138	0.0418980121613	0.0417160987854	0.041671037674	0.0416750907898	0.0418801307678	0.0417039394379	0.0418269634247	0.0418860912323	0.0419001579285	0.0419361591339	0.0417039394379	0.0422868728638	0.0451288223267	0.0444498062134	0.043035030365	0.0429561138153	0.042818069458	0.044224023819	0.0456640720367	0.045382976532	0.0467820167542	0.0454299449921	0.0461678504944	0.0469238758087	0.048770904541	0.0461239814758	0.0469689369202	
['./treeMaker/main', '-m', '-w', '2']
0.0477809906006	0.0443069934845	0.0444831848145	0.0453579425812	0.0449109077454	0.0457019805908	0.0451288223267	0.0450251102448	0.0456531047821	0.0480740070343	0.0451397895813	0.0455820560455	0.046982049942	0.046238899231	0.048660993576	0.0454518795013	0.0476849079132	0.0472359657288	0.0473289489746	0.0436010360718	0.0479328632355	0.04474401474	0.0453510284424	0.0456130504608	0.048709154129	0.0448501110077	0.0445311069489	0.049085855484	0.0448889732361	0.0497331619263	0.048840045929	0.046797990799	0.0557038784027	0.0458710193634	0.0460638999939	0.0458920001984	0.0450859069824	0.0442349910736	0.045049905777	0.0448229312897	0.0456340312958	0.0429918766022	0.0462591648102	0.0444059371948	0.0441079139709	0.0438048839569	0.0442519187927	0.0442960262299	0.046807050705	0.0452899932861	
['./treeMaker/main', '-m', '-c', '1']
0.0459089279175	0.0461189746857	0.0449199676514	0.0446419715881	0.0436308383942	0.0436060428619	0.0428681373596	0.0449419021606	0.0455079078674	0.0451169013977	0.0447690486908	0.0462408065796	0.0473461151123	0.046196937561	0.0456471443176	0.0462920665741	0.0460779666901	0.0463480949402	0.0444979667664	0.045068025589	0.0440909862518	0.0450839996338	0.0440731048584	0.0423288345337	0.04541015625	0.0423359870911	0.044075012207	0.0448360443115	0.0429260730743	0.0450620651245	0.0433738231659	0.0435848236084	0.0430300235748	0.0445640087128	0.0447101593018	0.0443890094757	0.0447809696198	0.0448489189148	0.0448839664459	0.047972202301	0.0457458496094	0.0452208518982	0.0450711250305	0.0452630519867	0.0463171005249	0.0457210540771	0.0441238880157	0.0435431003571	0.0448071956635	0.0445082187653	
['./treeMaker/main', '-m', '-c', '2']
0.0463140010834	0.0444889068604	0.0444250106812	0.0449681282043	0.0446100234985	0.0454440116882	0.0474219322205	0.0441179275513	0.0444741249084	0.0447371006012	0.0436518192291	0.0428681373596	0.0460522174835	0.042797088623	0.0468668937683	0.0453779697418	0.0437769889832	0.0434889793396	0.0461840629578	0.0444900989532	0.0448961257935	0.0442659854889	0.0454249382019	0.0442490577698	0.0453901290894	0.0452930927277	0.044989824295	0.0444881916046	0.0540008544922	0.0451221466064	0.0453181266785	0.0441329479218	0.0458271503448	0.0465378761292	0.0461609363556	0.0463631153107	0.0461750030518	0.046108007431	0.0453929901123	0.0447380542755	0.0570459365845	0.0441310405731	0.0448958873749	0.0456199645996	0.0456368923187	0.0453629493713	0.046530008316	0.0445799827576	0.0441410541534	0.0460529327393	
['./treeMaker/main', '-m', '-a', '1']
0.0598239898682	0.0689301490784	0.0524549484253	0.0548219680786	0.0570709705353	0.0620608329773	0.0588190555573	0.0579590797424	0.0683720111847	0.0579710006714	0.0604820251465	0.0602688789368	0.0709369182587	0.067666053772	0.0580298900604	0.0658259391785	0.0569341182709	0.0580589771271	0.0548968315125	0.054808139801	0.056193113327	0.0540390014648	0.0573790073395	0.0542230606079	0.0562980175018	0.055163860321	0.0557911396027	0.0542719364166	0.0551869869232	0.0553579330444	0.0567898750305	0.0563538074493	0.0680041313171	0.0566921234131	0.057806968689	0.0587270259857	0.056539773941	0.0567548274994	0.0542929172516	0.055074930191	0.0667490959167	0.0566799640656	0.0540070533752	0.0568108558655	0.0579800605774	0.055869102478	0.0556688308716	0.0550010204315	0.0551908016205	0.0571658611298	
['./treeMaker/main', '-m', '-a', '2']
0.0498549938202	0.0459401607513	0.0449090003967	0.0452740192413	0.0578060150146	0.0443217754364	0.0456080436707	0.0431189537048	0.0455958843231	0.0455620288849	0.0452530384064	0.0466120243073	0.0467340946198	0.046621799469	0.0465137958527	0.0459380149841	0.0459558963776	0.0466279983521	0.0456929206848	0.0446870326996	0.0467638969421	0.0451471805573	0.0449590682983	0.0465791225433	0.0465540885925	0.04833984375	0.043860912323	0.0455558300018	0.0459010601044	0.0447862148285	0.0458779335022	0.0466070175171	0.0445318222046	0.044527053833	0.0614321231842	0.0424091815948	0.0424931049347	0.042464017868	0.0427179336548	0.04327917099	0.0428280830383	0.0427088737488	0.0423460006714	0.0436627864838	0.0427649021149	0.0429708957672	0.0434730052948	0.0423288345337	0.0425100326538	0.043035030365	
