25_1000_5.2e-11_5.2e-12_470000000
25
1000
5.2e-11
5.2e-12
470000000

['./treeMaker/main']
0.068776845932	0.0714251995087	0.0808849334717	0.0649809837341	0.0680551528931	0.0786850452423	0.0650479793549	0.0623848438263	0.0623722076416	0.0672500133514	0.0659999847412	0.0729219913483	0.0993070602417	0.0716741085052	0.0668618679047	0.0640881061554	0.0722229480743	0.0714530944824	0.0744898319244	0.0709519386292	0.0871810913086	0.0592489242554	0.0724759101868	0.0642411708832	0.0636560916901	0.0564041137695	0.0638899803162	0.0597348213196	0.0570139884949	0.0729339122772	0.0996840000153	0.0700039863586	0.0787699222565	0.0687119960785	0.0675060749054	0.0794529914856	0.0618009567261	0.0718290805817	0.0629279613495	0.0597350597382	0.0630578994751	0.0567419528961	0.0596880912781	0.0693001747131	0.0880370140076	0.0735161304474	0.0801548957825	0.066596031189	0.0619790554047	0.0687351226807	
['./treeMaker/main', '-b']
0.0690078735352	0.0601148605347	0.0799770355225	0.0627369880676	0.0669779777527	0.0635750293732	0.0634980201721	0.0632741451263	0.0627620220184	0.0681540966034	0.0775859355927	0.0704340934753	0.0987470149994	0.0744731426239	0.0718789100647	0.0629210472107	0.0672919750214	0.0706889629364	0.0870649814606	0.0732479095459	0.0745460987091	0.0572731494904	0.0713591575623	0.0626900196075	0.0641539096832	0.0569598674774	0.0646150112152	0.0601270198822	0.0581769943237	0.0735738277435	0.116531848907	0.068372964859	0.0837800502777	0.0819079875946	0.0692009925842	0.08176612854	0.0632610321045	0.0743520259857	0.0749340057373	0.062625169754	0.0667779445648	0.0590178966522	0.0628349781036	0.0725238323212	0.0846049785614	0.0741939544678	0.0772740840912	0.0686368942261	0.0590469837189	0.0688011646271	
['./treeMaker/main', '-u']
0.0674769878387	0.0578980445862	0.0843269824982	0.0652830600739	0.0691940784454	0.0664420127869	0.0657839775085	0.0652639865875	0.0654978752136	0.0707697868347	0.0705511569977	0.073765039444	0.0973100662231	0.077171087265	0.0670149326324	0.0637390613556	0.072026014328	0.0731518268585	0.0873460769653	0.077800989151	0.0781319141388	0.0606088638306	0.076171875	0.0666599273682	0.0685679912567	0.0621330738068	0.0700681209564	0.0733850002289	0.0568730831146	0.0746870040894	0.104178905487	0.07244181633	0.0834460258484	0.070060968399	0.0825309753418	0.0775990486145	0.0748908519745	0.0723659992218	0.0598039627075	0.0611689090729	0.064062833786	0.0574181079865	0.0607099533081	0.0701789855957	0.0878920555115	0.0612449645996	0.0772368907928	0.0755820274353	0.0671269893646	0.0735528469086	
['./treeMaker/main', '-t', '-r', '1']
0.609871864319	0.504585027695	0.691825866699	0.546664953232	0.58860206604	0.552513837814	0.549653053284	0.572350978851	0.532898902893	0.596320152283	0.589323997498	0.604872941971	0.841541051865	0.621835947037	0.554936885834	0.553649187088	0.556689023972	0.577059030533	0.591995954514	0.624517917633	0.605062007904	0.471281051636	0.587172031403	0.549607992172	0.52414393425	0.46825003624	0.515013217926	0.473779916763	0.460284948349	0.585465908051	0.808637142181	0.6047539711	0.668434143066	0.591380834579	0.57643699646	0.624397039413	0.493083000183	0.59452009201	0.522776126862	0.530288934708	0.560521125793	0.501564025879	0.52646279335	0.585950136185	0.671219825745	0.522994995117	0.628867864609	0.556888103485	0.521435976028	0.569514036179	
['./treeMaker/main', '-t', '-r', '2']
0.795503854752	0.648405790329	0.925050020218	0.734902143478	0.795356035233	0.711972951889	0.730791091919	0.726922988892	0.733440876007	0.782205104828	0.80331993103	0.765312194824	1.20629811287	0.829120159149	0.78627204895	0.759610176086	0.806481838226	0.835490942001	0.891425848007	0.804847002029	0.826115131378	0.63919210434	0.8809030056	0.742541074753	0.696890115738	0.610845088959	0.71688914299	0.658106088638	0.6273188591	0.864015102386	1.13929605484	0.85445690155	0.900240182877	0.795860052109	0.739145040512	0.923112154007	0.701529979706	0.822250843048	0.695425987244	0.678955793381	0.702787876129	0.620038986206	0.701937913895	0.840492963791	1.00747203827	0.640038967133	0.932732105255	0.777282953262	0.664746999741	0.79171204567	
['./treeMaker/main', '-t', '-r', '1', '-N']
0.575551986694	0.495211839676	0.643689870834	0.537703037262	0.548625946045	0.562435865402	0.552411079407	0.54439496994	0.543878078461	0.571285009384	0.558058977127	0.573320865631	0.819623947144	0.618849992752	0.541285037994	0.525295972824	0.561406850815	0.602553129196	0.613754034042	0.58189201355	0.614176988602	0.468388080597	0.586130857468	0.516673088074	0.511695861816	0.469242811203	0.534974813461	0.481333017349	0.488380908966	0.623901128769	0.822646856308	0.573845863342	0.648905038834	0.554663181305	0.577172040939	0.595780134201	0.496148824692	0.591536045074	0.519388914108	0.528820991516	0.576730966568	0.489557981491	0.499956130981	0.597226858139	0.716807126999	0.484292030334	0.622480869293	0.527537107468	0.512179136276	0.550204992294	
['./treeMaker/main', '-t', '-r', '2', '-N']
0.769689083099	0.669211864471	0.936429977417	0.696902036667	0.814649105072	0.743079185486	0.701890945435	0.713876008987	0.726083040237	0.779623985291	0.783785104752	0.780975103378	1.19250488281	0.80428481102	0.765725851059	0.711678028107	0.771476984024	0.828991889954	0.863405942917	0.814866065979	0.835314035416	0.658054113388	0.87101817131	0.721961021423	0.718780994415	0.60641002655	0.705338954926	0.620776891708	0.593842983246	0.812355995178	1.14767694473	0.83912396431	0.915413856506	0.82775592804	0.765213012695	0.915417909622	0.661545991898	0.813649177551	0.681305885315	0.698244810104	0.738376140594	0.615185976028	0.699810028076	0.800035953522	0.974985122681	0.638920068741	0.892389059067	0.777480125427	0.677088022232	0.812320947647	
['./treeMaker/main', '-m']
0.0663859844208	0.0516819953918	0.0597839355469	0.0541398525238	0.0575201511383	0.0533530712128	0.0629820823669	0.0530118942261	0.0510618686676	0.054759979248	0.053848028183	0.0653309822083	0.0600671768188	0.053248167038	0.0514259338379	0.0544400215149	0.0567140579224	0.0547020435333	0.0556628704071	0.0557751655579	0.0553510189056	0.0506670475006	0.0561800003052	0.0554749965668	0.052628993988	0.0524139404297	0.0496129989624	0.0567178726196	0.0516359806061	0.0572638511658	0.0634388923645	0.0559010505676	0.0590219497681	0.050586938858	0.0509641170502	0.0557959079742	0.0479838848114	0.0523099899292	0.0481970310211	0.0613701343536	0.0519759654999	0.0492789745331	0.0504739284515	0.0538849830627	0.0584409236908	0.0497190952301	0.0558941364288	0.0494790077209	0.0477359294891	0.0690259933472	
['./treeMaker/main', '-m', '-b']
0.055636882782	0.0507950782776	0.0580129623413	0.0521309375763	0.0541160106659	0.0523638725281	0.0523321628571	0.0522398948669	0.0523819923401	0.0543417930603	0.0542709827423	0.0658049583435	0.064001083374	0.0583558082581	0.0576908588409	0.0534660816193	0.0549731254578	0.056499004364	0.0585060119629	0.0581409931183	0.0558259487152	0.0533039569855	0.058168888092	0.0556271076202	0.0550320148468	0.0503389835358	0.0544278621674	0.0515241622925	0.0502789020538	0.0555958747864	0.065407037735	0.0560009479523	0.0615999698639	0.0534830093384	0.0533471107483	0.0596709251404	0.0507190227509	0.0552880764008	0.0512340068817	0.0514080524445	0.053573846817	0.0507960319519	0.0503151416779	0.0527749061584	0.0579369068146	0.0481719970703	0.054869890213	0.0512309074402	0.0487399101257	0.0529520511627	
['./treeMaker/main', '-m', '-w', '1']
0.0517008304596	0.0478310585022	0.0542409420013	0.0495781898499	0.0644819736481	0.0511450767517	0.064019203186	0.0533809661865	0.0539979934692	0.0559620857239	0.0578770637512	0.0533211231232	0.0652320384979	0.0553719997406	0.0540969371796	0.064563035965	0.0573930740356	0.0565030574799	0.0555288791656	0.0545430183411	0.0587661266327	0.0529959201813	0.0563731193542	0.052845954895	0.0635378360748	0.0507760047913	0.0533230304718	0.0511288642883	0.053661108017	0.0562610626221	0.0646140575409	0.0728249549866	0.05455493927	0.0510051250458	0.0510849952698	0.069727897644	0.052344083786	0.0585210323334	0.0533339977264	0.0535709857941	0.0580520629883	0.0515279769897	0.0536081790924	0.0554609298706	0.0601000785828	0.0518989562988	0.0607538223267	0.0538120269775	0.0516469478607	0.0588200092316	
['./treeMaker/main', '-m', '-w', '2']
0.0544309616089	0.0480370521545	0.0551738739014	0.0500128269196	0.0514090061188	0.0502979755402	0.0497431755066	0.0499141216278	0.051253080368	0.0520069599152	0.0515010356903	0.0585899353027	0.0659589767456	0.0566818714142	0.0563089847565	0.0543611049652	0.0555868148804	0.0546560287476	0.0573000907898	0.0565550327301	0.0517008304596	0.0486769676208	0.0530672073364	0.0499858856201	0.0501239299774	0.0464968681335	0.0494930744171	0.0480079650879	0.0471959114075	0.0569820404053	0.0664989948273	0.0557968616486	0.0590288639069	0.0694410800934	0.0528111457825	0.0590038299561	0.0508699417114	0.0550708770752	0.0510449409485	0.0639841556549	0.0545508861542	0.0531771183014	0.0509688854218	0.0522999763489	0.0713441371918	0.0555260181427	0.0562257766724	0.0508780479431	0.0488588809967	0.0534880161285	
['./treeMaker/main', '-m', '-c', '1']
0.0520510673523	0.0511090755463	0.0567271709442	0.0496828556061	0.0505588054657	0.0502760410309	0.0500509738922	0.0496189594269	0.0500478744507	0.0516259670258	0.051600933075	0.0517199039459	0.0613269805908	0.0607738494873	0.0499868392944	0.0499229431152	0.0527272224426	0.0527861118317	0.0530269145966	0.0529808998108	0.0523178577423	0.0478270053864	0.0556149482727	0.0546021461487	0.0565180778503	0.0524749755859	0.0564379692078	0.0551171302795	0.053572177887	0.0705420970917	0.0601770877838	0.0528149604797	0.0588979721069	0.0557141304016	0.0542900562286	0.0575940608978	0.0509829521179	0.0556690692902	0.0614140033722	0.0532720088959	0.0558300018311	0.05393409729	0.0619380474091	0.0556700229645	0.059809923172	0.0537168979645	0.0669369697571	0.0538959503174	0.0511040687561	0.0561599731445	
['./treeMaker/main', '-m', '-c', '2']
0.0560309886932	0.0503098964691	0.0574758052826	0.0519630908966	0.0532040596008	0.0503771305084	0.0522141456604	0.0549781322479	0.0540449619293	0.0570328235626	0.0556318759918	0.0588269233704	0.0665159225464	0.0650329589844	0.0509610176086	0.0533719062805	0.0555820465088	0.0565738677979	0.0569491386414	0.0576078891754	0.0561130046844	0.0521860122681	0.0581040382385	0.0544929504395	0.0518469810486	0.0489330291748	0.0518491268158	0.0518550872803	0.0501120090485	0.0571088790894	0.0666441917419	0.054859161377	0.0660009384155	0.0501260757446	0.0504620075226	0.0555808544159	0.0476150512695	0.0515320301056	0.0487720966339	0.0487761497498	0.0592479705811	0.0513119697571	0.0531480312347	0.0557980537415	0.0604159832001	0.0528419017792	0.058226108551	0.0549778938293	0.0516419410706	0.0561988353729	
['./treeMaker/main', '-m', '-a', '1']
0.0735139846802	0.0631151199341	0.06964802742	0.06489610672	0.06729388237	0.0680601596832	0.0686798095703	0.0676898956299	0.0681738853455	0.0698528289795	0.0702769756317	0.0705008506775	0.0901701450348	0.070307970047	0.0684239864349	0.0678429603577	0.0678060054779	0.0737590789795	0.0712811946869	0.0816299915314	0.0700170993805	0.0785059928894	0.0742430686951	0.0677721500397	0.0656988620758	0.0711379051208	0.0673391819	0.0658600330353	0.0761699676514	0.0673758983612	0.0913581848145	0.0705499649048	0.0691168308258	0.0666749477386	0.0788621902466	0.0745720863342	0.0631790161133	0.0676441192627	0.0659580230713	0.0666608810425	0.0689461231232	0.0770690441132	0.0655739307404	0.0805621147156	0.0739600658417	0.0776948928833	0.0727360248566	0.0682320594788	0.0662958621979	0.0710608959198	
['./treeMaker/main', '-m', '-a', '2']
0.0521650314331	0.0486640930176	0.0567829608917	0.0638949871063	0.0589530467987	0.0646049976349	0.0546419620514	0.0550758838654	0.0541830062866	0.0585119724274	0.0557570457458	0.0580921173096	0.0788199901581	0.0545480251312	0.0522911548615	0.0514209270477	0.0525040626526	0.0540599822998	0.0548388957977	0.0543830394745	0.0542418956757	0.0497891902924	0.0563311576843	0.0527708530426	0.0529110431671	0.0491540431976	0.0521030426025	0.0509390830994	0.0497951507568	0.0559449195862	0.0651350021362	0.0657148361206	0.0548751354218	0.051924943924	0.0510680675507	0.0565369129181	0.0487458705902	0.0528380870819	0.0489790439606	0.0489699840546	0.0510458946228	0.0479190349579	0.0628490447998	0.0565009117126	0.0582420825958	0.0478558540344	0.0537631511688	0.0503830909729	0.0501198768616	0.0549399852753	
