25_1000_2.7e-10_1.35e-10_470000000
25
1000
2.7e-10
1.35e-10
470000000

['./treeMaker/main']
0.335764884949	0.967940092087	1.96356916428	0.215021848679	0.25798201561	0.591845989227	0.200190067291	0.74160194397	0.447530031204	0.633464813232	0.189784049988	0.2811460495	0.267426013947	6.36242794991	0.210712909698	0.208521127701	0.51825594902	1.11007189751	0.466130018234	0.361390113831	0.364241123199	0.60786318779	0.527281999588	0.42908000946	0.517457962036	1.58393597603	0.222831010818	0.395808935165	0.545392036438	0.799208879471	0.396404027939	0.284774065018	0.201109170914	0.433043003082	0.194349050522	0.599852085114	0.362278938293	0.6467461586	0.766093015671	0.39216709137	0.324630022049	0.793345928192	0.338663101196	0.274655103683	0.474339008331	0.288255214691	0.278856992722	0.736274957657	0.245377063751	0.17644405365	
['./treeMaker/main', '-b']
0.348983049393	0.88978600502	1.88587999344	0.206418037415	0.279616117477	0.547960996628	0.208894014359	0.680469989777	0.414407014847	0.60236787796	0.187752008438	0.29705286026	0.294010162354	6.27435398102	0.196711063385	0.211109876633	0.488594055176	1.08953785896	0.461843013763	0.36892414093	0.374419927597	0.574412107468	0.554360151291	0.407299041748	0.507720947266	1.46311116219	0.22049498558	0.417139053345	0.519052028656	0.78048491478	0.394409894943	0.292564868927	0.193735837936	0.467026948929	0.195788145065	0.616588115692	0.387702941895	0.73033618927	0.815463066101	0.39102101326	0.342417001724	0.822432994843	0.356193780899	0.273272037506	0.487222909927	0.277182102203	0.27015709877	0.722057819366	0.262590169907	0.190477848053	
['./treeMaker/main', '-u']
0.364573001862	0.993180036545	1.90102910995	0.216165065765	0.25980591774	0.629912137985	0.214688062668	0.74391412735	0.45955491066	0.641145944595	0.178803920746	0.27296090126	0.269407987595	6.29778003693	0.198578834534	0.203308820724	0.515347957611	1.08674192429	0.471101999283	0.357733011246	0.360684156418	0.583317995071	0.55841088295	0.423799991608	0.517308950424	1.5288670063	0.217286109924	0.404607057571	0.561792850494	0.818691968918	0.391523838043	0.266203165054	0.192611932755	0.437487125397	0.185714960098	0.607275009155	0.383244991302	0.717857122421	0.739982128143	0.385403156281	0.335757017136	0.799474000931	0.351417064667	0.265138864517	0.473255157471	0.275168895721	0.276880979538	0.738615989685	0.261778116226	0.188686847687	
['./treeMaker/main', '-t', '-r', '1']
2.00647211075	3.38245797157	4.87323904037	1.42570090294	1.68498587608	2.68583798409	1.3839662075	3.06066703796	2.25791215897	2.74867486954	1.23791885376	1.72684502602	1.8232550621	10.0650141239	1.41218304634	1.47612690926	2.49016594887	3.71087217331	2.48576593399	1.81698989868	2.08649396896	2.41009306908	2.60209298134	2.19138598442	2.4991440773	4.10466694832	1.45439481735	2.21350598335	2.68281722069	3.11538505554	2.11977100372	1.735850811	1.36118602753	2.34613490105	1.40103387833	2.63994407654	2.13565182686	2.83479690552	3.07297801971	2.06103014946	1.87517786026	3.19846200943	1.96998000145	1.68647885323	2.41510486603	1.73028111458	1.68012690544	2.95717000961	1.56726384163	1.23980593681	
['./treeMaker/main', '-t', '-r', '2']
3.1962749958	5.89548993111	8.9065349102	2.37976408005	2.58444595337	4.32480216026	2.18116903305	4.91200208664	3.79740095139	4.73089003563	2.01426005363	2.92981815338	2.73276996613	16.9010009766	2.31494688988	2.27012991905	4.1408867836	5.93444395065	3.89465594292	3.36941194534	3.56351304054	4.92205286026	4.34162282944	3.70130991936	3.95586919785	8.05952215195	2.43250584602	3.47052502632	4.31314587593	5.34973311424	3.70340299606	3.06516695023	2.03080701828	3.95789980888	2.23197603226	4.61263012886	3.64279818535	5.00152206421	5.1683139801	3.47871494293	3.19774317741	5.11174201965	3.14835810661	2.68384885788	4.05206298828	2.88291501999	2.83554410934	4.96712493896	2.63068914413	2.14517402649	
['./treeMaker/main', '-t', '-r', '1', '-N']
2.08799481392	3.36056303978	4.83789610863	1.41490292549	1.6795630455	2.71070814133	1.38175797462	3.05524778366	2.24470186234	2.75993013382	1.26777005196	1.64164113998	1.78974699974	9.79500985146	1.36615395546	1.50598907471	2.54883503914	3.58957600594	2.47135806084	1.82277107239	2.09351396561	2.5155570507	2.61177897453	2.21077299118	2.51884889603	4.04283380508	1.45007514954	2.22098708153	2.73951196671	3.11209106445	2.11160993576	1.74526882172	1.37668395042	2.27220797539	1.39202189445	2.60742616653	2.11108088493	2.86144590378	3.11117887497	2.05001688004	1.82805585861	3.17428684235	1.98123002052	1.72833490372	2.40773916245	1.73735404015	1.74260997772	2.98566293716	1.56606602669	1.23683190346	
['./treeMaker/main', '-t', '-r', '2', '-N']
3.22090601921	5.88739204407	8.97620892525	2.47537088394	2.62735390663	4.43669009209	2.19507002831	5.00551581383	3.80007314682	4.64658093452	2.04042196274	2.90592312813	2.66209292412	16.794410944	2.36874103546	2.23731803894	4.09893798828	5.83180904388	3.91117405891	3.41400694847	3.54246115685	4.97822189331	4.36189198494	3.6715490818	4.04488182068	8.08559918404	2.38312315941	3.47230386734	4.34380412102	5.34420681	3.6750190258	3.15608382225	2.11960792542	3.87023091316	2.14102506638	4.56747603416	3.77575707436	4.9315738678	5.36359500885	3.62256407738	3.15774106979	5.04114603996	3.07178497314	2.59395003319	4.03787398338	2.83534002304	2.98126602173	5.04086589813	2.66627001762	2.06490206718	
['./treeMaker/main', '-m']
0.0947329998016	0.130348920822	0.16511297226	0.0808131694794	0.0861661434174	0.111484050751	0.0826139450073	0.135460138321	0.117389917374	0.111413955688	0.0760040283203	0.0894870758057	0.0888750553131	0.251609802246	0.0805711746216	0.0831069946289	0.107792139053	0.151218891144	0.105648994446	0.0958139896393	0.111774921417	0.136425971985	0.124148845673	0.106662988663	0.108311891556	0.168720960617	0.0834929943085	0.11251616478	0.110372066498	0.128756999969	0.103946208954	0.0920259952545	0.0769550800323	0.105611801147	0.0910170078278	0.12425994873	0.0997569561005	0.122560024261	0.121778011322	0.101587772369	0.0981140136719	0.123716831207	0.0941259860992	0.0896379947662	0.10819196701	0.0938460826874	0.091372013092	0.122334003448	0.0954809188843	0.0819389820099	
['./treeMaker/main', '-m', '-b']
0.107711076736	0.151431798935	0.191907167435	0.0859670639038	0.090646982193	0.12162399292	0.0845801830292	0.142507791519	0.112536907196	0.122132062912	0.0801768302917	0.0967538356781	0.0928549766541	0.287582874298	0.080934047699	0.0847671031952	0.119962930679	0.159690856934	0.110881090164	0.102178096771	0.103767156601	0.128890037537	0.132941007614	0.111423015594	0.115670919418	0.181151151657	0.0893440246582	0.111697912216	0.120311975479	0.138131141663	0.122725009918	0.0988159179688	0.0824229717255	0.108175039291	0.0961599349976	0.129762887955	0.110826015472	0.136059999466	0.131161212921	0.104846000671	0.0968132019043	0.130867958069	0.0959229469299	0.0918669700623	0.112462997437	0.0941088199615	0.0923430919647	0.124558925629	0.0948619842529	0.0813341140747	
['./treeMaker/main', '-m', '-w', '1']
0.0935521125793	0.13845205307	0.165863037109	0.081866979599	0.0986862182617	0.110311985016	0.0810480117798	0.12627196312	0.107385873795	0.116335868835	0.0774068832397	0.0921220779419	0.0889840126038	0.277830123901	0.0879440307617	0.0839488506317	0.107666015625	0.145019054413	0.118529081345	0.0999891757965	0.0986349582672	0.12020277977	0.116909980774	0.106242895126	0.10896396637	0.170307159424	0.0898711681366	0.106379032135	0.115733146667	0.14343214035	0.100939035416	0.0906829833984	0.0790541172028	0.114036083221	0.0840721130371	0.121248960495	0.108044147491	0.118987083435	0.123038053513	0.103312015533	0.0964789390564	0.125307798386	0.0960211753845	0.091071844101	0.104823827744	0.0894939899445	0.0872690677643	0.116279840469	0.0913789272308	0.0916590690613	
['./treeMaker/main', '-m', '-w', '2']
0.0995609760284	0.13734793663	0.178894042969	0.0822448730469	0.0872220993042	0.111145973206	0.085736989975	0.121072769165	0.120020151138	0.118725061417	0.0752141475677	0.104656934738	0.090115070343	0.262655973434	0.0772409439087	0.0818350315094	0.115219116211	0.142973899841	0.106802940369	0.10360789299	0.101792812347	0.125453948975	0.117367982864	0.117447137833	0.103650093079	0.166212081909	0.0993280410767	0.112106084824	0.123821973801	0.130572080612	0.103847980499	0.0933780670166	0.078076839447	0.1053378582	0.0794160366058	0.121810913086	0.104711055756	0.126669883728	0.125164985657	0.11402797699	0.095468044281	0.142025947571	0.106975793839	0.105678081512	0.118792057037	0.095153093338	0.0922939777374	0.116819143295	0.0894160270691	0.0818068981171	
['./treeMaker/main', '-m', '-c', '1']
0.0967609882355	0.133387088776	0.181197166443	0.0959460735321	0.0867240428925	0.10974407196	0.0789480209351	0.129510164261	0.116796970367	0.116863965988	0.0802021026611	0.090882062912	0.0891878604889	0.262266874313	0.0838439464569	0.084625005722	0.110037088394	0.138758897781	0.108971118927	0.100719928741	0.0998740196228	0.117860078812	0.108645200729	0.115983963013	0.106463909149	0.157868146896	0.0830581188202	0.103398084641	0.111150026321	0.127134799957	0.114589214325	0.0887169837952	0.0748109817505	0.115623950958	0.0790710449219	0.115097999573	0.100061178207	0.134953022003	0.130087852478	0.102097034454	0.0949950218201	0.119561910629	0.0960009098053	0.0911700725555	0.104553222656	0.0898251533508	0.0895688533783	0.120257139206	0.0911920070648	0.0795059204102	
['./treeMaker/main', '-m', '-c', '2']
0.0925981998444	0.142483949661	0.169360876083	0.0815570354462	0.102705001831	0.11462187767	0.0854599475861	0.127534151077	0.11106300354	0.11847114563	0.0830938816071	0.0956089496613	0.0907299518585	0.265038967133	0.0837118625641	0.0830988883972	0.110430002213	0.139654874802	0.104850053787	0.113833904266	0.100150108337	0.128446817398	0.128462076187	0.109632015228	0.109838962555	0.165621995926	0.0809800624847	0.105728149414	0.108261108398	0.12726521492	0.0997331142426	0.0937111377716	0.0784990787506	0.105965852737	0.0818569660187	0.117540121078	0.102447986603	0.12507390976	0.134480953217	0.115078926086	0.0937221050262	0.133203983307	0.0937280654907	0.0890898704529	0.109009981155	0.103690862656	0.0942010879517	0.122466802597	0.0933079719543	0.0910928249359	
['./treeMaker/main', '-m', '-a', '1']
0.111598014832	0.147495031357	0.186618804932	0.095997095108	0.0987570285797	0.127136945724	0.0947029590607	0.134178876877	0.117214202881	0.129479885101	0.0956718921661	0.106232881546	0.0976729393005	0.258814096451	0.0891399383545	0.0943970680237	0.113618135452	0.1504778862	0.123744010925	0.114055156708	0.111418008804	0.134802103043	0.130686044693	0.113768100739	0.12077498436	0.178833961487	0.102332115173	0.117531061172	0.129132032394	0.145359039307	0.127259016037	0.105412006378	0.090460062027	0.125689029694	0.0974748134613	0.137698173523	0.119578123093	0.141396999359	0.147126197815	0.119592905045	0.105372905731	0.129976987839	0.103113174438	0.0990688800812	0.116657018661	0.102009057999	0.0991520881653	0.127513170242	0.107204198837	0.0928359031677	
['./treeMaker/main', '-m', '-a', '2']
0.0966889858246	0.134603977203	0.179709911346	0.0800340175629	0.09170794487	0.114745855331	0.079076051712	0.11782002449	0.103003978729	0.114450931549	0.0771360397339	0.105239152908	0.0861189365387	0.263366937637	0.0764060020447	0.0815019607544	0.104511022568	0.142310857773	0.116051912308	0.115231990814	0.0949430465698	0.116410970688	0.109620809555	0.100734949112	0.106544017792	0.157476902008	0.0836398601532	0.103804111481	0.126245975494	0.140316963196	0.0997619628906	0.0915930271149	0.0771570205688	0.104376077652	0.0894420146942	0.111274003983	0.0975821018219	0.119390010834	0.125155925751	0.100587844849	0.106101989746	0.122976064682	0.0943379402161	0.0896410942078	0.108261108398	0.0918779373169	0.0897161960602	0.120808124542	0.0905029773712	0.0795018672943	
