25_1000_4.9e-10_4.9e-10_470000000_cut_9
25
1000
4.9e-10
4.9e-10
470000000
cut_9
['./treeMaker/main']
0.0942130088806	0.204540967941	0.203096866608	0.110650062561	0.125638961792	0.102622032166	0.131883144379	0.157279968262	0.144048929214	0.120864152908	0.118963956833	0.127385139465	0.118053913116	0.107255935669	0.0945720672607	0.0948369503021	0.163344860077	0.460720777512	0.142961025238	0.0955460071564	0.12084197998	0.0998408794403	0.174889802933	0.209529161453	0.210725069046	0.0980629920959	0.158154964447	0.153126001358	0.0826189517975	0.08700299263	0.317301034927	0.141502857208	1.25460505486	0.123831033707	0.0511679649353	0.196135044098	0.136337995529	0.11335682869	0.086935043335	0.268356084824	0.0938451290131	0.185281991959	0.935015916824	0.108032941818	0.167969942093	0.103995084763	0.0345220565796	0.0801420211792	0.0802800655365	0.413969993591	
['./treeMaker/main', '-b']
0.0888600349426	0.205127954483	0.22266292572	0.113649845123	0.132788181305	0.103730916977	0.131076097488	0.175120830536	0.148052930832	0.121834993362	0.127346992493	0.12827205658	0.133296966553	0.113784074783	0.0987470149994	0.111892938614	0.162474870682	0.438111066818	0.141371011734	0.0983021259308	0.124274015427	0.104475021362	0.180243015289	0.219966888428	0.203877925873	0.0963501930237	0.161278963089	0.130650997162	0.0794849395752	0.0838479995728	0.326446056366	0.146119832993	1.25281000137	0.128216028214	0.0480329990387	0.198541879654	0.135843038559	0.104243040085	0.0858609676361	0.268796920776	0.0958640575409	0.187888860703	0.943177938461	0.104689121246	0.175300121307	0.105602025986	0.0352988243103	0.0821459293365	0.0815908908844	0.427588939667	
['./treeMaker/main', '-u']
0.101855993271	0.204678058624	0.207093000412	0.127076864243	0.131203174591	0.105146169662	0.146728038788	0.167259931564	0.150370836258	0.133764028549	0.12926197052	0.123298168182	0.118345975876	0.108680963516	0.100456953049	0.097491979599	0.160567998886	0.431126117706	0.138626098633	0.111619949341	0.130033969879	0.105254173279	0.18248295784	0.21008682251	0.202823162079	0.09526014328	0.16517996788	0.141136884689	0.0800521373749	0.0830330848694	0.33051109314	0.135450124741	1.16911387444	0.126076221466	0.061970949173	0.214823961258	0.136471986771	0.106770992279	0.087033033371	0.267504930496	0.0957441329956	0.193813800812	1.03075504303	0.105494976044	0.174874067307	0.107886075974	0.0355920791626	0.0807428359985	0.0839810371399	0.428267002106	
['./treeMaker/main', '-t', '-r', '1']
0.84260392189	1.61742997169	1.58764982224	1.05258989334	1.19221401215	0.988029003143	1.24522709846	1.38657402992	1.22761106491	1.10097503662	1.10839700699	1.11775588989	1.09711289406	0.970887184143	0.936233997345	0.962535858154	1.4017469883	2.51787900925	1.25394511223	0.876730918884	1.18312597275	1.0284910202	1.41662192345	1.59059405327	1.61287093163	0.943475008011	1.43651413918	1.21270799637	0.823933124542	0.799978971481	2.10454082489	1.26896715164	4.59061384201	1.09806489944	0.463832139969	1.50090789795	1.23288011551	1.01719522476	0.859825849533	1.82333493233	0.876843929291	1.58894205093	3.76893401146	0.984861850739	1.55323505402	1.03484797478	0.356992006302	0.826785087585	0.767054080963	2.34308600426	
['./treeMaker/main', '-t', '-r', '2']
1.40858411789	2.59682393074	2.73457193375	1.72696423531	1.76627492905	1.55713009834	1.793861866	2.08154988289	2.09498119354	1.71382498741	1.89805412292	1.79258298874	1.86017203331	1.66533303261	1.36283111572	1.47516608238	2.19208312035	4.27788114548	2.04230093956	1.41019487381	1.74857997894	1.69824099541	2.21391820908	2.60987091064	2.56434702873	1.59416508675	2.15702915192	1.98520207405	1.256057024	1.27319216728	3.31274414062	1.95578217506	6.57733511925	1.77881097794	0.786814928055	2.69358205795	1.94848799706	1.52405309677	1.3213801384	2.98134088516	1.45501899719	2.63072013855	6.14738178253	1.54893898964	2.3573179245	1.57976603508	0.537989139557	1.33141803741	1.28616905212	3.95562601089	
['./treeMaker/main', '-t', '-r', '1', '-N']
0.909822940826	1.68139600754	1.63635087013	1.09198403358	1.17648696899	1.00071406364	1.25024104118	1.43117117882	1.28368592262	1.15852499008	1.13194179535	1.14885807037	1.1009311676	0.975048065186	0.955908060074	0.983711957932	1.4201259613	2.55561280251	1.25131607056	0.897459983826	1.19623303413	1.02128791809	1.39404010773	1.61337399483	1.61730694771	0.9408659935	1.50970315933	1.25079798698	0.83824300766	0.827728033066	2.1350300312	1.27939987183	4.69208884239	1.12980794907	0.474373102188	1.53312301636	1.22956490517	1.01501607895	0.848575115204	1.88445210457	0.916845083237	1.58299899101	3.86763310432	1.04973912239	1.57771682739	1.03241419792	0.341030836105	0.829234838486	0.77242898941	2.32103300095	
['./treeMaker/main', '-t', '-r', '2', '-N']
1.43783688545	2.6316010952	2.67249298096	1.74821710587	1.77819299698	1.56001591682	1.78252410889	2.1427989006	2.12050700188	1.73014092445	1.90865802765	1.81474304199	1.90089011192	1.68080115318	1.41538691521	1.50326895714	2.15416502953	4.35310506821	2.13421297073	1.43245315552	1.78206396103	1.69587492943	2.16311812401	2.66521286964	2.60091090202	1.61282706261	2.16116905212	1.97889018059	1.25941610336	1.30820012093	3.31804084778	1.94878697395	6.64818406105	1.78517913818	0.811364173889	2.71688890457	1.94658899307	1.52611517906	1.33172106743	2.98750090599	1.51635313034	2.66664195061	6.12024712563	1.57137107849	2.37506198883	1.57853603363	0.573774814606	1.36181807518	1.3001408577	4.03750085831	
['./treeMaker/main', '-m']
0.0411839485168	0.0591938495636	0.0608310699463	0.0456020832062	0.0492708683014	0.0431561470032	0.0487289428711	0.0532767772675	0.0539100170135	0.0457899570465	0.0476999282837	0.0481479167938	0.0482008457184	0.0461061000824	0.0428109169006	0.0420610904694	0.0547888278961	0.0802149772644	0.0502419471741	0.0580430030823	0.0497159957886	0.0505361557007	0.0592930316925	0.0637650489807	0.0606310367584	0.0416030883789	0.052659034729	0.0474421977997	0.0377368927002	0.0391249656677	0.0673398971558	0.0496020317078	0.112771034241	0.0478010177612	0.0435950756073	0.0758838653564	0.053925037384	0.0493369102478	0.0422868728638	0.0653111934662	0.0488440990448	0.0604720115662	0.110907793045	0.0460698604584	0.0569920539856	0.0468621253967	0.026211977005	0.0406951904297	0.0416378974915	0.0846130847931	
['./treeMaker/main', '-m', '-b']
0.0450868606567	0.0657579898834	0.0677409172058	0.0508151054382	0.0549111366272	0.0511510372162	0.0534639358521	0.0586471557617	0.0639460086823	0.0533781051636	0.0548298358917	0.0552780628204	0.0546519756317	0.0502209663391	0.051148891449	0.0488541126251	0.0596868991852	0.0905618667603	0.056351184845	0.0478608608246	0.0522930622101	0.047602891922	0.059376001358	0.0684559345245	0.0822880268097	0.0454688072205	0.0584750175476	0.0523898601532	0.0401458740234	0.0412678718567	0.0721888542175	0.0520460605621	0.139101028442	0.0554938316345	0.0372498035431	0.0677030086517	0.0517268180847	0.0464968681335	0.0433511734009	0.0728869438171	0.0465700626373	0.0644340515137	0.1196808815	0.0486168861389	0.0716848373413	0.0482611656189	0.0282590389252	0.0412409305573	0.0549490451813	0.0923140048981	
['./treeMaker/main', '-m', '-w', '1']
0.0437870025635	0.0641210079193	0.0654349327087	0.0480179786682	0.0523891448975	0.0473110675812	0.0648808479309	0.0519280433655	0.0523519515991	0.0454580783844	0.0474619865417	0.0474600791931	0.0474579334259	0.0464091300964	0.0427329540253	0.0414850711823	0.0583338737488	0.0888941287994	0.055319070816	0.0496740341187	0.0544679164886	0.0481150150299	0.0594260692596	0.0664050579071	0.0664069652557	0.0473041534424	0.0577208995819	0.0515871047974	0.0446050167084	0.0440270900726	0.0731031894684	0.0543959140778	0.123934984207	0.0532829761505	0.0340039730072	0.0657489299774	0.0547840595245	0.0486159324646	0.0433568954468	0.0781450271606	0.0445439815521	0.0592908859253	0.10706114769	0.0449240207672	0.0586431026459	0.0475039482117	0.0280070304871	0.0424580574036	0.0448780059814	0.0906720161438	
['./treeMaker/main', '-m', '-w', '2']
0.0474150180817	0.0639898777008	0.069610118866	0.0625491142273	0.0516548156738	0.0454940795898	0.0513098239899	0.0566239356995	0.0578618049622	0.0498449802399	0.051775932312	0.0510921478271	0.0508930683136	0.0484209060669	0.046168088913	0.0411579608917	0.0555720329285	0.0844259262085	0.052757024765	0.0455431938171	0.049232006073	0.0449800491333	0.0560569763184	0.0642249584198	0.0643367767334	0.0440850257874	0.0556077957153	0.0498919487	0.0399091243744	0.0415108203888	0.0683400630951	0.0499091148376	0.129431962967	0.060338973999	0.0296018123627	0.063059091568	0.0496010780334	0.0453560352325	0.0414729118347	0.0692420005798	0.0447859764099	0.057806968689	0.105567932129	0.0441670417786	0.0573420524597	0.0473649501801	0.0265600681305	0.0412740707397	0.0419449806213	0.0845549106598	
['./treeMaker/main', '-m', '-c', '1']
0.0430459976196	0.0607562065125	0.0601878166199	0.045814037323	0.0495328903198	0.0428309440613	0.0484960079193	0.0526909828186	0.0520088672638	0.0456149578094	0.0476789474487	0.0475850105286	0.047728061676	0.0514929294586	0.0452499389648	0.0467751026154	0.0594458580017	0.0962550640106	0.0545279979706	0.044802904129	0.0495231151581	0.0451440811157	0.0565841197968	0.0640819072723	0.0643689632416	0.0440390110016	0.0557391643524	0.0500671863556	0.0398869514465	0.041659116745	0.0713670253754	0.0485270023346	0.119936943054	0.0508058071136	0.031170129776	0.0639860630035	0.0662598609924	0.0446410179138	0.0533938407898	0.0705790519714	0.0420749187469	0.0628747940063	0.107607126236	0.0434539318085	0.0532882213593	0.0437400341034	0.0245501995087	0.0398368835449	0.0412230491638	0.0961971282959	
['./treeMaker/main', '-m', '-c', '2']
0.0408878326416	0.0584700107574	0.0596649646759	0.0449531078339	0.0633449554443	0.0455808639526	0.051332950592	0.0551397800446	0.0555779933929	0.0479021072388	0.0497651100159	0.05064702034	0.0501232147217	0.0477550029755	0.0452699661255	0.0533609390259	0.0567300319672	0.0860011577606	0.0545887947083	0.0503990650177	0.0513598918915	0.0505709648132	0.0563771724701	0.0672149658203	0.0658090114594	0.0465619564056	0.0598499774933	0.0525050163269	0.0418210029602	0.0441961288452	0.0869419574738	0.0493578910828	0.122415065765	0.0504138469696	0.0292029380798	0.0599250793457	0.0486919879913	0.0439641475677	0.0390849113464	0.0649387836456	0.0414130687714	0.0612759590149	0.110981941223	0.0460641384125	0.0569288730621	0.0466430187225	0.0260779857635	0.0406980514526	0.0412540435791	0.0835781097412	
['./treeMaker/main', '-m', '-a', '1']
0.0463209152222	0.0626459121704	0.0642509460449	0.0491209030151	0.0548877716064	0.0489311218262	0.0552761554718	0.059201002121	0.0591599941254	0.0516729354858	0.0536952018738	0.0538890361786	0.0540900230408	0.0521008968353	0.0491051673889	0.0476090908051	0.0612897872925	0.087482213974	0.0564169883728	0.049528837204	0.0528399944305	0.0509979724884	0.062616109848	0.0696661472321	0.0676970481873	0.048262834549	0.0606648921967	0.0539538860321	0.0450069904327	0.0493979454041	0.0758461952209	0.0691089630127	0.123257160187	0.0543920993805	0.0341260433197	0.0677289962769	0.0557370185852	0.0505390167236	0.0448589324951	0.0825390815735	0.0479650497437	0.0644969940186	0.115257978439	0.0497272014618	0.0604140758514	0.0502791404724	0.0289711952209	0.0437548160553	0.0448799133301	0.0890970230103	
['./treeMaker/main', '-m', '-a', '2']
0.0428988933563	0.061812877655	0.0640330314636	0.0473918914795	0.0516312122345	0.0431618690491	0.0488169193268	0.0679249763489	0.0598251819611	0.0506980419159	0.0518200397491	0.0602819919586	0.0528030395508	0.0533249378204	0.0484719276428	0.0442869663239	0.0556030273438	0.0848729610443	0.055135011673	0.0490238666534	0.0555191040039	0.0491318702698	0.0625	0.072371006012	0.0641758441925	0.0471069812775	0.0572271347046	0.0640461444855	0.0422699451447	0.0464498996735	0.0728960037231	0.0544710159302	0.114224910736	0.048840045929	0.0297389030457	0.0744888782501	0.0516941547394	0.0570600032806	0.0419631004333	0.0656001567841	0.0424649715424	0.0573499202728	0.105874061584	0.0483708381653	0.0595970153809	0.0490272045135	0.0282640457153	0.0422759056091	0.0450189113617	0.0858979225159	
