25_1000_1.9e-10_9.5e-11_470000000
25
1000
1.9e-10
9.5e-11
470000000

['./treeMaker/main']
0.161195039749	0.240488052368	0.246522903442	0.134522199631	0.3049659729	0.23170208931	0.193447113037	0.159829139709	0.270057201385	0.121284008026	0.111983776093	0.106667995453	0.163460016251	0.121361017227	0.207773923874	0.144712924957	0.208916902542	0.150708198547	0.275030136108	0.258547067642	0.265590906143	0.35178899765	0.171392917633	0.13663482666	0.195955991745	0.481188058853	0.172106027603	0.230608940125	0.446140050888	0.104587078094	0.152201890945	0.132394075394	0.116235971451	0.266731023788	0.261124134064	0.256386995316	0.163645982742	0.223701953888	0.223398923874	0.160219192505	0.131259918213	0.107138872147	0.139297962189	0.187706947327	0.470579862595	0.181836843491	0.180326938629	0.495908021927	0.208801031113	0.129322052002	
['./treeMaker/main', '-b']
0.149519920349	0.241777181625	0.243003845215	0.143265962601	0.301070928574	0.224744081497	0.197804927826	0.162912845612	0.271217107773	0.116995096207	0.109044075012	0.102025032043	0.187237977982	0.141626119614	0.213274002075	0.149618864059	0.198353052139	0.147201061249	0.275959968567	0.256933927536	0.264319896698	0.344946146011	0.181736946106	0.134989976883	0.196262121201	0.487373113632	0.166667938232	0.214788198471	0.470541000366	0.120542049408	0.168896913528	0.138828992844	0.120982885361	0.273330926895	0.249212026596	0.274677038193	0.165010929108	0.233196973801	0.210407972336	0.176620960236	0.120582103729	0.118597984314	0.127165794373	0.181553125381	0.443702936172	0.184191942215	0.203552007675	0.521816015244	0.219228029251	0.126274108887	
['./treeMaker/main', '-u']
0.143166065216	0.249466896057	0.239463090897	0.133718013763	0.307831048965	0.224386930466	0.173057079315	0.161378860474	0.25487780571	0.118108987808	0.109572887421	0.107797145844	0.16294503212	0.123055934906	0.210737943649	0.142299175262	0.214492082596	0.154393911362	0.276194095612	0.259649991989	0.263690948486	0.335792064667	0.176446914673	0.140021085739	0.195514202118	0.481467962265	0.167275905609	0.233571052551	0.485489845276	0.109493017197	0.15666103363	0.134169101715	0.117334127426	0.25787115097	0.264652013779	0.259151935577	0.165672063828	0.227286100388	0.233881950378	0.155781030655	0.120943069458	0.110076904297	0.131171941757	0.201626062393	0.438965082169	0.181009054184	0.194084882736	0.528735876083	0.218899965286	0.126876115799	
['./treeMaker/main', '-t', '-r', '1']
1.10407018661	1.65887188911	1.58632493019	1.0569870472	1.75324296951	1.46467900276	1.24362897873	1.26976704597	1.6629960537	0.948807001114	0.849618911743	0.830509901047	1.17508912086	0.988355875015	1.43018603325	1.05985093117	1.35535383224	1.15368509293	1.70972108841	1.56242895126	1.61436295509	1.9384469986	1.23866295815	1.06574988365	1.28781604767	2.37451004982	1.25657200813	1.46678900719	2.33254909515	0.865386962891	1.10316300392	1.08855390549	0.963924884796	1.59516096115	1.6464369297	1.5402610302	1.28673195839	1.50459098816	1.49056792259	1.16906309128	0.945640087128	0.842361927032	0.958669185638	1.33521389961	2.45145392418	1.31779909134	1.29226398468	2.53932905197	1.43819499016	0.925416946411	
['./treeMaker/main', '-t', '-r', '2']
1.69868588448	2.72507190704	2.5913670063	1.57903695107	3.00872206688	2.58238601685	1.98419594765	1.93631386757	2.68152594566	1.41323208809	1.32198405266	1.24550485611	1.96643590927	1.44107198715	2.22409105301	1.70247006416	2.35736012459	1.7308139801	2.60285615921	2.57416915894	2.73680710793	3.31427097321	2.06730508804	1.60286998749	2.07418203354	4.03330612183	1.90679693222	2.46903204918	4.0801320076	1.27537107468	1.78470993042	1.63217997551	1.42464900017	2.64539408684	2.49621391296	2.83980321884	1.90512013435	2.42537093163	2.27208781242	1.79160809517	1.39901399612	1.31000709534	1.56514906883	2.06041288376	3.85077095032	2.01001095772	2.19764399529	4.27680897713	2.4334461689	1.49529004097	
['./treeMaker/main', '-t', '-r', '1', '-N']
1.11662793159	1.60781121254	1.51142215729	1.0325717926	1.75592303276	1.4912610054	1.29695010185	1.24112606049	1.66300702095	0.959102153778	0.816325902939	0.824137926102	1.22275781631	0.916305065155	1.40224695206	1.07003593445	1.37902593613	1.13773488998	1.65709114075	1.54793214798	1.57350087166	1.99363803864	1.27045607567	1.05350208282	1.28172111511	2.34922289848	1.26295208931	1.50792002678	2.31574988365	0.839454889297	1.13362288475	1.04514694214	0.956226825714	1.6351120472	1.68831896782	1.53398895264	1.26661801338	1.5352370739	1.4721300602	1.15173411369	0.939306974411	0.832870960236	0.989463090897	1.34636902809	2.41690802574	1.33083105087	1.32974720001	2.5154440403	1.41650295258	0.949289083481	
['./treeMaker/main', '-t', '-r', '2', '-N']
1.7349050045	2.6597571373	2.50779891014	1.50137901306	3.02475404739	2.57550096512	1.96752285957	1.94662904739	2.77315092087	1.40927481651	1.30806899071	1.25054597855	1.98904418945	1.3992369175	2.23899793625	1.64328098297	2.34740185738	1.71391820908	2.6415989399	2.54798197746	2.57644510269	3.17938113213	1.97580885887	1.55966901779	2.02409696579	4.06807303429	1.90942597389	2.41857481003	4.10166287422	1.27402114868	1.73603320122	1.64404201508	1.36739015579	2.65750408173	2.5017311573	2.92655205727	1.88620901108	2.47085404396	2.26434779167	1.78954195976	1.3873360157	1.30606579781	1.56433391571	1.99181103706	3.86003899574	2.00619006157	2.19716596603	4.05880403519	2.42284607887	1.58045291901	
['./treeMaker/main', '-m']
0.0706408023834	0.0850510597229	0.0848050117493	0.0706498622894	0.094899892807	0.0885481834412	0.0789110660553	0.0768828392029	0.100275039673	0.0637061595917	0.0639200210571	0.0613648891449	0.0726969242096	0.0655071735382	0.0795869827271	0.0738680362701	0.0915789604187	0.0740761756897	0.0899419784546	0.0866618156433	0.0873281955719	0.0955879688263	0.0782511234283	0.0738470554352	0.0932710170746	0.110910892487	0.0807709693909	0.0880899429321	0.111949920654	0.0628988742828	0.086954832077	0.0727560520172	0.0664598941803	0.0938191413879	0.0861899852753	0.0935759544373	0.0767319202423	0.0813598632812	0.0838770866394	0.0766308307648	0.0683090686798	0.0662558078766	0.0664110183716	0.0752699375153	0.101220846176	0.0742211341858	0.0797338485718	0.109305858612	0.0842080116272	0.0696289539337	
['./treeMaker/main', '-m', '-b']
0.0790100097656	0.0940179824829	0.102704048157	0.0752811431885	0.104159832001	0.0933010578156	0.0946559906006	0.0907168388367	0.105890989304	0.0716378688812	0.0870630741119	0.0653400421143	0.0775001049042	0.0690591335297	0.0850820541382	0.0748920440674	0.0828859806061	0.0739479064941	0.10364484787	0.0906229019165	0.0873959064484	0.103269100189	0.0810492038727	0.0712339878082	0.0795290470123	0.110666036606	0.0769720077515	0.100672960281	0.124799966812	0.0676431655884	0.0775518417358	0.0748469829559	0.0687789916992	0.0960659980774	0.0937571525574	0.0987648963928	0.0779330730438	0.0853250026703	0.0876188278198	0.078889131546	0.0685629844666	0.0677230358124	0.0712280273438	0.0982949733734	0.122048139572	0.082622051239	0.0864150524139	0.11825299263	0.0879981517792	0.0738589763641	
['./treeMaker/main', '-m', '-w', '1']
0.0705091953278	0.0832939147949	0.0838418006897	0.0687530040741	0.093820810318	0.0878970623016	0.078271150589	0.0760490894318	0.103317975998	0.0662500858307	0.0636129379272	0.062273979187	0.0839397907257	0.0666630268097	0.0803551673889	0.0706970691681	0.0816218852997	0.0705809593201	0.0853559970856	0.08580493927	0.085972070694	0.0930960178375	0.091020822525	0.0696470737457	0.0760779380798	0.104802131653	0.0783240795135	0.0853769779205	0.111256837845	0.0654590129852	0.0815899372101	0.0683739185333	0.0636930465698	0.0863862037659	0.0842249393463	0.106658935547	0.0747389793396	0.0781099796295	0.080461025238	0.0726351737976	0.0633249282837	0.0624549388885	0.0673871040344	0.0755488872528	0.114835977554	0.0760788917542	0.0766229629517	0.12300491333	0.0835158824921	0.0705451965332	
['./treeMaker/main', '-m', '-w', '2']
0.071044921875	0.0981531143188	0.0858500003815	0.0694029331207	0.109663963318	0.0875909328461	0.0777189731598	0.07923579216	0.0918490886688	0.0796489715576	0.0679230690002	0.0632679462433	0.075343132019	0.0679070949554	0.0822110176086	0.0728461742401	0.0833840370178	0.0731627941132	0.0852961540222	0.0844640731812	0.0868968963623	0.096932888031	0.0784199237823	0.0697801113129	0.0911641120911	0.109930992126	0.093640089035	0.0838530063629	0.108332872391	0.0635929107666	0.0736978054047	0.0760848522186	0.0711760520935	0.0909559726715	0.0894520282745	0.0992999076843	0.077516078949	0.0810539722443	0.0812649726868	0.0730829238892	0.0642218589783	0.0634620189667	0.067400932312	0.0765089988708	0.101987123489	0.0790140628815	0.0789330005646	0.111016988754	0.0828280448914	0.0825128555298	
['./treeMaker/main', '-m', '-c', '1']
0.0687608718872	0.0875861644745	0.0850310325623	0.0684721469879	0.08997797966	0.0835840702057	0.0790250301361	0.076339006424	0.0919649600983	0.0698978900909	0.0645298957825	0.0611610412598	0.0846049785614	0.0657870769501	0.0815482139587	0.0719110965729	0.0813181400299	0.0723810195923	0.0874900817871	0.0832948684692	0.0883300304413	0.0957200527191	0.0779278278351	0.069137096405	0.0775330066681	0.104645967484	0.073539018631	0.0855429172516	0.108779191971	0.0628778934479	0.0736010074615	0.0695700645447	0.0753221511841	0.0952849388123	0.0878210067749	0.0933408737183	0.0749697685242	0.0806491374969	0.0803890228271	0.0796811580658	0.0673401355743	0.0617010593414	0.0674221515656	0.0750019550323	0.10044002533	0.0740411281586	0.0913190841675	0.111707925797	0.0866210460663	0.0713129043579	
['./treeMaker/main', '-m', '-c', '2']
0.0689220428467	0.0866508483887	0.0854289531708	0.0838859081268	0.0986950397491	0.0893211364746	0.0825958251953	0.0791981220245	0.0859780311584	0.0642240047455	0.0640528202057	0.0613169670105	0.0898990631104	0.0693681240082	0.0782999992371	0.085282087326	0.0824661254883	0.071949005127	0.105005025864	0.085785150528	0.0861668586731	0.0955080986023	0.0776541233063	0.0814349651337	0.07555103302	0.10765004158	0.0756378173828	0.0948519706726	0.105297088623	0.0619561672211	0.0719621181488	0.0688269138336	0.0667288303375	0.088171005249	0.0843617916107	0.0912771224976	0.0725021362305	0.093113899231	0.0827279090881	0.086345911026	0.0628399848938	0.0630710124969	0.0670809745789	0.0772430896759	0.104464054108	0.0764541625977	0.0782210826874	0.109704971313	0.0821130275726	0.0810589790344	
['./treeMaker/main', '-m', '-a', '1']
0.0831000804901	0.101792812347	0.0986878871918	0.0826020240784	0.120964050293	0.100739002228	0.0892179012299	0.086531162262	0.100334882736	0.0792088508606	0.0943100452423	0.0797441005707	0.100165128708	0.0777590274811	0.107494115829	0.08607006073	0.0916020870209	0.105043888092	0.100163936615	0.0975117683411	0.096510887146	0.121025085449	0.0918619632721	0.0826671123505	0.10452413559	0.117797136307	0.0872020721436	0.0945179462433	0.134468078613	0.0772850513458	0.0881490707397	0.0874311923981	0.0841879844666	0.111246109009	0.106334924698	0.120778083801	0.0889580249786	0.0966060161591	0.098249912262	0.0902650356293	0.0802869796753	0.0803470611572	0.0844311714172	0.0906729698181	0.116229057312	0.090126991272	0.0930290222168	0.12388086319	0.0964410305023	0.0838189125061	
['./treeMaker/main', '-m', '-a', '2']
0.0720100402832	0.0999310016632	0.0861849784851	0.067794084549	0.0949459075928	0.0884809494019	0.0791249275208	0.0801780223846	0.0880091190338	0.0660269260406	0.0661160945892	0.0744957923889	0.074168920517	0.0661561489105	0.0812849998474	0.0720641613007	0.0827879905701	0.0718569755554	0.103672981262	0.0859699249268	0.0835020542145	0.0942010879517	0.0764920711517	0.0683979988098	0.0761318206787	0.108031988144	0.0755650997162	0.082622051239	0.119620084763	0.0631079673767	0.0736091136932	0.0706360340118	0.0655930042267	0.088164806366	0.08660197258	0.0933861732483	0.0743229389191	0.0933411121368	0.0806639194489	0.0763189792633	0.0654602050781	0.0652508735657	0.0687849521637	0.0777380466461	0.104079961777	0.078143119812	0.0756020545959	0.110888004303	0.0969090461731	0.0674469470978	
