25_1000_1.9e-10_1.9e-10_190000000
25
1000
1.9e-10
1.9e-10
190000000

['./treeMaker/main']
0.133150815964	0.0806350708008	0.115499019623	0.100735902786	0.119232177734	0.113365888596	0.103193998337	0.121180057526	0.14887213707	0.0931639671326	0.0880889892578	0.109673976898	0.154011011124	0.108720064163	0.115726947784	0.137948989868	0.10627913475	0.100979089737	0.21368598938	0.125716924667	0.129288911819	0.112921953201	0.120011806488	0.127627134323	0.0726220607758	0.0873010158539	0.131350040436	0.0833249092102	0.106494903564	0.113440990448	0.118272066116	0.106024026871	0.171563148499	0.0924828052521	0.123775005341	0.149636030197	0.0815749168396	0.0938408374786	0.0955829620361	0.0804951190948	0.133820056915	0.085382938385	0.0989961624146	0.114959955215	0.104931116104	0.12560915947	0.118628025055	0.0927321910858	0.122493028641	0.0904870033264	
['./treeMaker/main', '-b']
0.121787071228	0.0776710510254	0.122769117355	0.104803800583	0.121376991272	0.114517211914	0.104444980621	0.111804008484	0.14984703064	0.094733953476	0.092246055603	0.121158838272	0.154996871948	0.107410907745	0.114540100098	0.138018846512	0.100589036942	0.0976731777191	0.220728874207	0.123445034027	0.112944126129	0.0968880653381	0.126784086227	0.114362955093	0.0775988101959	0.0850350856781	0.144445180893	0.0863969326019	0.100404977798	0.111701011658	0.130326032639	0.106875896454	0.1833319664	0.0900740623474	0.127197980881	0.150247097015	0.0883829593658	0.100187063217	0.102527856827	0.086067199707	0.129168987274	0.0888819694519	0.102493047714	0.124405145645	0.10871219635	0.128551959991	0.120265960693	0.0897879600525	0.117795944214	0.0741488933563	
['./treeMaker/main', '-u']
0.116365909576	0.0805020332336	0.135062932968	0.101373195648	0.115310907364	0.109398126602	0.105283975601	0.1133248806	0.160643100739	0.0888919830322	0.10011100769	0.121049165726	0.150874137878	0.110795021057	0.113639831543	0.133541822433	0.10204410553	0.0935230255127	0.212065935135	0.116540908813	0.117130994797	0.100646972656	0.133500099182	0.114491939545	0.0780620574951	0.0902540683746	0.150509119034	0.0847640037537	0.0967609882355	0.114809989929	0.119812965393	0.108206033707	0.181365013123	0.088623046875	0.125906944275	0.151108026505	0.0894060134888	0.101608991623	0.0998661518097	0.0818819999695	0.143532991409	0.0871539115906	0.0968120098114	0.116574048996	0.101716995239	0.121294021606	0.117140054703	0.0889320373535	0.118371009827	0.0753841400146	
['./treeMaker/main', '-t', '-r', '1']
0.991800069809	0.666791915894	0.97172498703	0.834676980972	0.962922096252	0.969050884247	0.865814208984	0.932737112045	1.18228697777	0.77907204628	0.749526977539	0.971244096756	1.25642895699	0.918811798096	1.00356602669	1.11483287811	0.859222888947	0.792747020721	1.60418605804	1.00293493271	0.961560964584	0.860214948654	0.998254060745	0.927212953568	0.65077996254	0.747884988785	1.11613821983	0.760004043579	0.838058948517	0.931408166885	0.982806921005	0.894510030746	1.29613018036	0.760643005371	1.04532408714	1.11621785164	0.735966920853	0.815769910812	0.834331989288	0.697831869125	1.09519600868	0.692968130112	0.824239015579	1.02220988274	0.891425132751	1.01256203651	0.968930006027	0.793770074844	0.993489980698	0.655084848404	
['./treeMaker/main', '-t', '-r', '2']
1.40684390068	0.893064975739	1.34987998009	1.20041680336	1.41148304939	1.26196885109	1.16430497169	1.32373905182	1.64605617523	1.08480715752	1.00239515305	1.35212016106	1.78788995743	1.33929204941	1.37130498886	1.58565187454	1.24799895287	1.07609295845	2.26655006409	1.41997790337	1.28844594955	1.20009684563	1.36283802986	1.32862305641	0.858721971512	0.996428966522	1.63432097435	1.01743793488	1.17871904373	1.27785396576	1.39198517799	1.23278903961	1.94336700439	1.05237984657	1.46743416786	1.76901912689	0.98567700386	1.15269207954	1.16517186165	1.01073789597	1.53498005867	1.00902295113	1.14568400383	1.37553215027	1.26114010811	1.42252588272	1.33027791977	1.14020514488	1.43237495422	0.918271064758	
['./treeMaker/main', '-t', '-r', '1', '-N']
1.00880789757	0.658056020737	1.00006604195	0.870047092438	0.980099916458	0.933101177216	0.888355016708	0.935451984406	1.18163323402	0.797466039658	0.731330871582	0.989464998245	1.26738500595	0.933203935623	1.01758718491	1.11596798897	0.846565008163	0.825253009796	1.6022708416	0.998738050461	0.952270030975	0.846277952194	0.987636089325	0.920299053192	0.6486120224	0.740993976593	1.11910796165	0.746641874313	0.846602201462	0.942450046539	0.980102062225	0.880490064621	1.28845596313	0.771462917328	1.05931520462	1.11457204819	0.731445789337	0.81868481636	0.852715015411	0.72451210022	1.14760303497	0.700520992279	0.81752204895	0.981782913208	0.864477157593	1.00488901138	1.00930285454	0.800690174103	1.02574205399	0.651462078094	
['./treeMaker/main', '-t', '-r', '2', '-N']
1.41125392914	0.876980066299	1.37538099289	1.21084308624	1.39879488945	1.28977394104	1.16622018814	1.29857587814	1.68504214287	1.09136581421	0.965416908264	1.34344887733	1.79469490051	1.34651994705	1.35782003403	1.56257200241	1.24220299721	1.09728598595	2.2264778614	1.47176289558	1.32232904434	1.16939711571	1.31784796715	1.29979205132	0.840823888779	0.996752023697	1.61648082733	1.01466798782	1.15871500969	1.29151201248	1.34432601929	1.24591302872	1.876912117	1.06143283844	1.41942310333	1.81391000748	0.968816041946	1.16633200645	1.16382217407	1.01740694046	1.5738530159	1.02160906792	1.12822008133	1.38037991524	1.23954892159	1.42358207703	1.3279209137	1.10349297523	1.40420722961	0.902158021927	
['./treeMaker/main', '-m']
0.0615861415863	0.0520710945129	0.0608489513397	0.0576500892639	0.0613338947296	0.0582151412964	0.0572419166565	0.0593540668488	0.0648422241211	0.0551497936249	0.0537779331207	0.0601270198822	0.0658750534058	0.0581328868866	0.0639338493347	0.0661818981171	0.0594458580017	0.0608739852905	0.0709590911865	0.0581140518188	0.0689418315887	0.0591578483582	0.0632240772247	0.0550692081451	0.0481688976288	0.051924943924	0.060665845871	0.0512959957123	0.0547749996185	0.0565531253815	0.0595338344574	0.0588490962982	0.0656759738922	0.0522749423981	0.058021068573	0.0638511180878	0.0512249469757	0.0531740188599	0.0538599491119	0.0500957965851	0.0582411289215	0.0512599945068	0.0537190437317	0.071445941925	0.0715291500092	0.0855050086975	0.0552771091461	0.051393032074	0.056547164917	0.0507700443268	
['./treeMaker/main', '-m', '-b']
0.059907913208	0.0502710342407	0.0596151351929	0.0561499595642	0.0598258972168	0.0568799972534	0.0562791824341	0.0578172206879	0.0654950141907	0.0589129924774	0.0562100410461	0.077339887619	0.0635600090027	0.0579459667206	0.0580010414124	0.0636429786682	0.0665218830109	0.061007976532	0.0798349380493	0.0664479732513	0.0646719932556	0.0601010322571	0.0659527778625	0.0636248588562	0.0529470443726	0.0564260482788	0.0684959888458	0.0561180114746	0.0594038963318	0.077006816864	0.062155008316	0.061530828476	0.0693929195404	0.0532400608063	0.0604019165039	0.067724943161	0.068855047226	0.060231924057	0.0607838630676	0.0551249980927	0.0667750835419	0.0588400363922	0.0619080066681	0.0667769908905	0.0640769004822	0.0660429000854	0.0651338100433	0.0615050792694	0.0647230148315	0.050714969635	
['./treeMaker/main', '-m', '-w', '1']
0.0619201660156	0.0634129047394	0.0601909160614	0.0603530406952	0.060564994812	0.0582540035248	0.0576691627502	0.0593440532684	0.0648100376129	0.0659708976746	0.0508549213409	0.0565600395203	0.0616419315338	0.0555939674377	0.0558130741119	0.0624139308929	0.0554671287537	0.0528881549835	0.0848472118378	0.0640029907227	0.0605838298798	0.0594611167908	0.0627660751343	0.0621840953827	0.0535299777985	0.0570919513702	0.0608777999878	0.0522139072418	0.0539309978485	0.0563981533051	0.0592842102051	0.067528963089	0.0677318572998	0.0533587932587	0.0578029155731	0.0636670589447	0.0506718158722	0.0530931949615	0.0535278320312	0.0526208877563	0.0606210231781	0.053524017334	0.053573846817	0.0572760105133	0.0561640262604	0.0592079162598	0.055762052536	0.0516889095306	0.0566148757935	0.0496549606323	
['./treeMaker/main', '-m', '-w', '2']
0.0582218170166	0.0495300292969	0.0581040382385	0.0544910430908	0.0579760074615	0.0550198554993	0.0549080371857	0.0565991401672	0.0619289875031	0.0527489185333	0.0512208938599	0.0571880340576	0.0627000331879	0.0560791492462	0.0571641921997	0.0623908042908	0.0663778781891	0.0587480068207	0.0783710479736	0.0646140575409	0.0606751441956	0.0602879524231	0.0784299373627	0.0751869678497	0.0509641170502	0.0536551475525	0.0629880428314	0.052029132843	0.0551581382751	0.0586020946503	0.057599067688	0.0578038692474	0.0686461925507	0.0545129776001	0.059063911438	0.0655369758606	0.0527999401093	0.0540919303894	0.0546400547028	0.0528969764709	0.0615060329437	0.0528290271759	0.0609741210938	0.0622279644012	0.0588760375977	0.0599009990692	0.060662984848	0.0560050010681	0.0606038570404	0.053573846817	
['./treeMaker/main', '-m', '-c', '1']
0.0615048408508	0.0525228977203	0.0611619949341	0.0575299263	0.0613679885864	0.0580129623413	0.0662341117859	0.0590419769287	0.0645830631256	0.0550539493561	0.0536539554596	0.059937953949	0.0651612281799	0.0550208091736	0.0558199882507	0.0645968914032	0.0591518878937	0.0557630062103	0.0731492042542	0.0615210533142	0.0598680973053	0.0575230121613	0.0599100589752	0.0579960346222	0.0525388717651	0.0546848773956	0.0654799938202	0.0541038513184	0.056813955307	0.0604770183563	0.0621972084045	0.0628230571747	0.0682151317596	0.0566139221191	0.0638818740845	0.0684561729431	0.0564408302307	0.0592348575592	0.0610640048981	0.0575380325317	0.0639941692352	0.0538640022278	0.0594820976257	0.0626611709595	0.0604300498962	0.0647130012512	0.0565891265869	0.0518038272858	0.058424949646	0.0496580600739	
['./treeMaker/main', '-m', '-c', '2']
0.0575969219208	0.048691034317	0.0570318698883	0.0552430152893	0.0574879646301	0.0552299022675	0.0546169281006	0.0556218624115	0.0608620643616	0.0518400669098	0.0506892204285	0.0617079734802	0.0691387653351	0.0610728263855	0.0613679885864	0.067929983139	0.06431889534	0.0567228794098	0.0724709033966	0.0587310791016	0.0562551021576	0.0538251399994	0.0570440292358	0.0559170246124	0.0486278533936	0.0506310462952	0.0601899623871	0.0504629611969	0.0536260604858	0.069356918335	0.0756969451904	0.0538551807404	0.0637550354004	0.0515539646149	0.0604598522186	0.0666041374207	0.0532400608063	0.0567569732666	0.0570850372314	0.0531229972839	0.0617139339447	0.0545270442963	0.0569350719452	0.0601809024811	0.0599188804626	0.0622270107269	0.0593750476837	0.0548450946808	0.0599851608276	0.0530390739441	
['./treeMaker/main', '-m', '-a', '1']
0.0719749927521	0.0619421005249	0.0714519023895	0.0678460597992	0.0841591358185	0.0645701885223	0.0644090175629	0.0668070316315	0.0698239803314	0.0622620582581	0.0614399909973	0.0656299591064	0.0757949352264	0.0700919628143	0.0689120292664	0.0757880210876	0.0706849098206	0.0656208992004	0.0825510025024	0.0717689990997	0.0699110031128	0.0687410831451	0.0711998939514	0.0753538608551	0.0659580230713	0.0672080516815	0.0731620788574	0.065272808075	0.0675349235535	0.0722548961639	0.0716090202332	0.0680320262909	0.0781829357147	0.0754981040955	0.0665221214294	0.079225063324	0.0642600059509	0.0636160373688	0.0797557830811	0.0639781951904	0.0712189674377	0.0661311149597	0.0660560131073	0.0681900978088	0.0665988922119	0.0734541416168	0.0689449310303	0.0627610683441	0.066663980484	0.0618920326233	
['./treeMaker/main', '-m', '-a', '2']
0.0608081817627	0.052460193634	0.0611350536346	0.057676076889	0.0614938735962	0.0585119724274	0.0581130981445	0.0593612194061	0.0649471282959	0.05548787117	0.0541749000549	0.0602970123291	0.0659098625183	0.0554649829865	0.0564510822296	0.0618200302124	0.0666980743408	0.0577831268311	0.0800979137421	0.0585219860077	0.0601170063019	0.0579450130463	0.06138920784	0.0598509311676	0.0520980358124	0.0544481277466	0.0644829273224	0.0543749332428	0.0577440261841	0.0599589347839	0.0601119995117	0.0576548576355	0.0672879219055	0.0521318912506	0.0585088729858	0.0688500404358	0.0569980144501	0.0616428852081	0.0589759349823	0.0497238636017	0.0581459999084	0.0513129234314	0.0546219348907	0.0564560890198	0.0556981563568	0.0587561130524	0.0584180355072	0.0521388053894	0.0593428611755	0.0632469654083	
