25_1000_1.9e-10_1.9e-10_48000000
25
1000
1.9e-10
1.9e-10
48000000

['./treeMaker/main']
0.0961139202118	0.0827391147614	0.106840133667	0.120362997055	0.100728988647	0.128289937973	0.0955741405487	0.178030967712	0.137856960297	0.144284963608	0.112877845764	0.115962028503	0.113466024399	0.106683969498	0.10662484169	0.107244968414	0.0944671630859	0.14262008667	0.0927999019623	0.123759031296	0.0951859951019	0.115874052048	0.107284069061	0.0825660228729	0.126463890076	0.0931341648102	0.113268852234	0.104823112488	0.100089788437	0.135409116745	0.082405090332	0.0874769687653	0.126970052719	0.159934997559	0.159734010696	0.0874290466309	0.111649990082	0.142452001572	0.113831043243	0.0826640129089	0.102034091949	0.11075091362	0.105240821838	0.12496304512	0.102027893066	0.0880920886993	0.0938220024109	0.0858528614044	0.100771188736	0.0884790420532	
['./treeMaker/main', '-b']
0.0968070030212	0.0840208530426	0.0986440181732	0.123204946518	0.10514497757	0.133677959442	0.100206136703	0.173645973206	0.151674032211	0.147063970566	0.112442016602	0.130882978439	0.104816913605	0.104751110077	0.10333108902	0.104295015335	0.110939025879	0.143033981323	0.0920701026917	0.132300853729	0.0997750759125	0.101978063583	0.0932750701904	0.0866379737854	0.127969026566	0.0917820930481	0.11652302742	0.102795124054	0.100889205933	0.136966943741	0.0823621749878	0.0735158920288	0.117693901062	0.159147024155	0.164514064789	0.0881311893463	0.0988988876343	0.130218029022	0.11616897583	0.0934970378876	0.102988958359	0.109337806702	0.0951750278473	0.131268978119	0.106022119522	0.101811170578	0.0972518920898	0.0873200893402	0.114501953125	0.0891678333282	
['./treeMaker/main', '-u']
0.0966260433197	0.0842039585114	0.111940860748	0.125277996063	0.104349851608	0.146071910858	0.0970680713654	0.180140972137	0.142305850983	0.146743059158	0.111843109131	0.120321035385	0.116883993149	0.120067119598	0.106155872345	0.104390144348	0.101562023163	0.159309864044	0.0921421051025	0.127139091492	0.101543903351	0.117073059082	0.0927791595459	0.0976021289825	0.130570173264	0.0952770709991	0.115807056427	0.106106996536	0.107734203339	0.141356945038	0.0837180614471	0.0740950107574	0.113102912903	0.171829938889	0.180787086487	0.0987420082092	0.101070165634	0.12775683403	0.112457990646	0.0828468799591	0.101269006729	0.10942196846	0.0923681259155	0.127856969833	0.103872060776	0.0904078483582	0.104464054108	0.0881597995758	0.114995002747	0.0893130302429	
['./treeMaker/main', '-t', '-r', '1']
0.829735994339	0.712265968323	0.810477018356	1.02707195282	0.878741979599	1.08103394508	0.809140920639	1.3125679493	1.14624595642	1.13631415367	0.972108125687	0.97669506073	0.847563028336	0.888231992722	0.852395057678	0.893954992294	0.860865116119	1.18626213074	0.799429893494	1.09892916679	0.812184095383	0.812123060226	0.787598133087	0.786433935165	1.05644202232	0.746064901352	0.913295030594	0.898418903351	0.87433886528	1.16132807732	0.730046987534	0.632519960403	0.94136095047	1.23188591003	1.30131602287	0.757853031158	0.833671808243	1.0393910408	0.978724956512	0.697602987289	0.890877962112	0.974352121353	0.816212892532	1.04783701897	0.899353027344	0.761655807495	0.809547185898	0.759025812149	0.871132135391	0.785207033157	
['./treeMaker/main', '-t', '-r', '2']
1.10656404495	0.955737829208	1.12022089958	1.42786884308	1.1866440773	1.52077698708	1.11790108681	1.98324418068	1.5469379425	1.66830801964	1.35952615738	1.45062184334	1.19393992424	1.21316099167	1.24421095848	1.20020294189	1.15549302101	1.63212203979	1.05861282349	1.49894618988	1.11762619019	1.22365283966	1.04987502098	0.987303972244	1.46669507027	1.09439897537	1.31416606903	1.22754502296	1.18638300896	1.55618786812	0.947324037552	0.826522111893	1.30207109451	1.79030990601	1.86310887337	1.05227518082	1.17912983894	1.48683404922	1.29367899895	1.00574183464	1.13192796707	1.25044703484	1.14426708221	1.53234505653	1.24238801003	1.02090787888	1.15460801125	0.9788210392	1.23850798607	1.11694598198	
['./treeMaker/main', '-t', '-r', '1', '-N']
0.864581108093	0.744756221771	0.824726104736	0.972476005554	0.848158836365	1.08967685699	0.840249061584	1.36300897598	1.16287493706	1.18722081184	0.948920965195	0.9891269207	0.895889997482	0.907246112823	0.86141204834	0.873449802399	0.81581902504	1.13876914978	0.822751045227	1.0640308857	0.841015100479	0.803073167801	0.771816968918	0.752922058105	1.05805492401	0.780813932419	0.957420110703	0.935929059982	0.909504175186	1.21533417702	0.744850873947	0.630479097366	0.956236124039	1.26701498032	1.27804994583	0.745257139206	0.834275960922	1.06902885437	0.949445009232	0.749897956848	0.867772102356	1.00094199181	0.829337120056	1.09566783905	0.872864961624	0.776420116425	0.807466030121	0.776389122009	0.855633020401	0.774684906006	
['./treeMaker/main', '-t', '-r', '2', '-N']
1.15008807182	1.01064801216	1.15810418129	1.45548295975	1.15632104874	1.47427487373	1.12301898003	1.95795702934	1.51796913147	1.72354912758	1.36332917213	1.42690014839	1.17856287956	1.22552919388	1.2497279644	1.16431808472	1.1689119339	1.62994408607	1.09616494179	1.47812390327	1.1363389492	1.22179102898	1.05423617363	1.03380990028	1.50346708298	1.13301992416	1.3179090023	1.17238807678	1.18397784233	1.56116604805	0.94760799408	0.854990959167	1.33310604095	1.72958803177	1.8194899559	0.99677491188	1.19747805595	1.52032804489	1.33314585686	0.997675895691	1.15990400314	1.28189396858	1.17580795288	1.5034968853	1.29262018204	1.02749109268	1.13562512398	0.970388889313	1.20760011673	1.07397603989	
['./treeMaker/main', '-m']
0.05388712883	0.0651757717133	0.0542528629303	0.0602078437805	0.0558080673218	0.0617210865021	0.0553059577942	0.0667929649353	0.0694370269775	0.0621538162231	0.0575840473175	0.0585219860077	0.0547790527344	0.0550148487091	0.0566940307617	0.0539331436157	0.052708864212	0.0623371601105	0.065505027771	0.0601089000702	0.0565738677979	0.0588660240173	0.0547070503235	0.0528790950775	0.0601010322571	0.0690062046051	0.0567619800568	0.0547049045563	0.0545530319214	0.060348033905	0.050901889801	0.0492088794708	0.0585889816284	0.0673449039459	0.0693459510803	0.0512170791626	0.0545620918274	0.0611340999603	0.061705827713	0.0550420284271	0.057464838028	0.0594429969788	0.0581140518188	0.0623619556427	0.0563669204712	0.0530619621277	0.0657720565796	0.0583419799805	0.0556530952454	0.0541071891785	
['./treeMaker/main', '-m', '-b']
0.054722070694	0.0538098812103	0.0560610294342	0.0617561340332	0.0571808815002	0.0626840591431	0.0563719272614	0.069060087204	0.0657720565796	0.0667400360107	0.0591969490051	0.0609261989594	0.0571429729462	0.0568931102753	0.0591950416565	0.0561850070953	0.0561830997467	0.0653269290924	0.0551171302795	0.0615010261536	0.0577499866486	0.059700012207	0.0558779239655	0.0536141395569	0.0612621307373	0.0604948997498	0.0686399936676	0.0559949874878	0.0570878982544	0.0627319812775	0.0525100231171	0.050509929657	0.0612699985504	0.0673730373383	0.0731129646301	0.0537829399109	0.0566298961639	0.0632560253143	0.0617120265961	0.0544230937958	0.058137178421	0.0589778423309	0.0570690631866	0.0634660720825	0.0590651035309	0.0550141334534	0.0565810203552	0.0542821884155	0.0578699111938	0.0553529262543	
['./treeMaker/main', '-m', '-w', '1']
0.0546510219574	0.0525579452515	0.0547480583191	0.0598659515381	0.0557539463043	0.0612668991089	0.0553140640259	0.0669360160828	0.0617918968201	0.0776200294495	0.0575859546661	0.0733180046082	0.056499004364	0.0557551383972	0.0581541061401	0.0550980567932	0.0542190074921	0.0640249252319	0.0542180538177	0.0599679946899	0.0565898418427	0.0583729743958	0.0543320178986	0.0528039932251	0.0617980957031	0.0563299655914	0.0600490570068	0.0574700832367	0.0573439598083	0.063010931015	0.0534179210663	0.051029920578	0.0617179870605	0.0673680305481	0.0701770782471	0.052316904068	0.055135011673	0.060005903244	0.0590369701385	0.0521469116211	0.0556101799011	0.0566530227661	0.0555551052094	0.0609970092773	0.0593259334564	0.0603740215302	0.0580360889435	0.0561718940735	0.0594029426575	0.0578429698944	
['./treeMaker/main', '-m', '-w', '2']
0.0591061115265	0.0564568042755	0.0605239868164	0.0627479553223	0.0565910339355	0.0628550052643	0.0679700374603	0.0712790489197	0.0651772022247	0.0665431022644	0.0731418132782	0.0613679885864	0.0585460662842	0.056667804718	0.0634980201721	0.0689339637756	0.0561339855194	0.0659198760986	0.0561699867249	0.0622470378876	0.0580630302429	0.0604240894318	0.0549330711365	0.052757024765	0.0618410110474	0.0586709976196	0.0609831809998	0.0579009056091	0.0585198402405	0.0621750354767	0.0525200366974	0.0501749515533	0.0606529712677	0.0668778419495	0.0695388317108	0.0542740821838	0.0552499294281	0.0612080097198	0.0598468780518	0.0529220104218	0.0687911510468	0.0577311515808	0.0571100711823	0.0629320144653	0.0590040683746	0.0550470352173	0.0547208786011	0.0517270565033	0.0585649013519	0.057119846344	
['./treeMaker/main', '-m', '-c', '1']
0.0571300983429	0.0545959472656	0.0545909404755	0.0605001449585	0.0559098720551	0.0611879825592	0.0552949905396	0.0667290687561	0.0658628940582	0.0817201137543	0.0579478740692	0.0592548847198	0.0556130409241	0.0555548667908	0.0580661296844	0.0557630062103	0.0538880825043	0.0620200634003	0.0531280040741	0.0594410896301	0.0707099437714	0.0597019195557	0.0533339977264	0.0516290664673	0.0586049556732	0.053633928299	0.0574040412903	0.0551090240479	0.0545258522034	0.0600609779358	0.0625379085541	0.0502669811249	0.0628709793091	0.0647170543671	0.0690968036652	0.0538959503174	0.0731499195099	0.058002948761	0.0580949783325	0.0516529083252	0.0547180175781	0.0557248592377	0.0543360710144	0.0596950054169	0.0563719272614	0.0661649703979	0.0573651790619	0.0554819107056	0.058130979538	0.0564789772034	
['./treeMaker/main', '-m', '-c', '2']
0.0562179088593	0.0582280158997	0.0608439445496	0.0596179962158	0.0543410778046	0.0595078468323	0.0540971755981	0.0675048828125	0.0609700679779	0.0626199245453	0.0575051307678	0.0583460330963	0.0546889305115	0.0546991825104	0.0569000244141	0.0565490722656	0.0659630298615	0.0650229454041	0.0667581558228	0.0632500648499	0.0617139339447	0.0639679431915	0.0619010925293	0.0545091629028	0.0593349933624	0.0668020248413	0.0585379600525	0.0711221694946	0.0558528900146	0.0614678859711	0.0519948005676	0.0499920845032	0.0601389408112	0.0658800601959	0.0721399784088	0.0547678470612	0.0548589229584	0.0614290237427	0.0600531101227	0.0520710945129	0.0557460784912	0.069365978241	0.058403968811	0.0627288818359	0.0590670108795	0.0577328205109	0.0555980205536	0.0519349575043	0.0558259487152	0.0552949905396	
['./treeMaker/main', '-m', '-a', '1']
0.0662529468536	0.0641150474548	0.0649199485779	0.071848154068	0.0672338008881	0.0718190670013	0.0808908939362	0.0761489868164	0.0714390277863	0.0717170238495	0.0671200752258	0.0681049823761	0.0679130554199	0.0653231143951	0.0688369274139	0.0633900165558	0.0620119571686	0.0725190639496	0.0621819496155	0.0672631263733	0.0710651874542	0.0724551677704	0.0622799396515	0.0624308586121	0.0675420761108	0.064432144165	0.0666990280151	0.0640821456909	0.0642099380493	0.0798318386078	0.0671968460083	0.0629198551178	0.0715780258179	0.0805559158325	0.0776410102844	0.0864398479462	0.0641090869904	0.0696029663086	0.0684280395508	0.0612480640411	0.0642762184143	0.0712308883667	0.0667550563812	0.083212852478	0.0653519630432	0.0619051456451	0.0636620521545	0.0608949661255	0.0644891262054	0.0785229206085	
['./treeMaker/main', '-m', '-a', '2']
0.0588290691376	0.0565440654755	0.0550560951233	0.0583219528198	0.0546858310699	0.0597929954529	0.0549340248108	0.0654799938202	0.0686419010162	0.0641498565674	0.0588450431824	0.059709072113	0.0675768852234	0.0579841136932	0.0737431049347	0.0547590255737	0.0595030784607	0.0806858539581	0.0697209835052	0.0603241920471	0.0563368797302	0.0588028430939	0.0549399852753	0.0516669750214	0.0597989559174	0.0545871257782	0.0579400062561	0.0550880432129	0.0696668624878	0.0633728504181	0.05637383461	0.0547411441803	0.0607569217682	0.0649218559265	0.0673110485077	0.0521540641785	0.0540990829468	0.0594999790192	0.05863904953	0.0515429973602	0.0548770427704	0.0552611351013	0.0540881156921	0.0595519542694	0.0557961463928	0.0528230667114	0.0589370727539	0.0540599822998	0.0598969459534	0.0595428943634	
