25_1000_0_0_470000000
25
1000
0
0
470000000

['./treeMaker/main']
0.0442199707031	0.0447580814362	0.04421210289	0.0444850921631	0.0566790103912	0.0563941001892	0.0434658527374	0.0444309711456	0.0436291694641	0.0436170101166	0.0447700023651	0.0439078807831	0.0440459251404	0.0441510677338	0.0442130565643	0.0438470840454	0.0443420410156	0.0440919399261	0.0438740253448	0.0437331199646	0.044132232666	0.0458300113678	0.0457048416138	0.0458209514618	0.045905828476	0.0457441806793	0.0455539226532	0.0456280708313	0.0461189746857	0.0457401275635	0.046003818512	0.0458779335022	0.04603099823	0.0440759658813	0.0441319942474	0.044695854187	0.0444650650024	0.0442349910736	0.044319152832	0.0441229343414	0.0447590351105	0.0444619655609	0.0443289279938	0.0439920425415	0.0443329811096	0.0442938804626	0.044399023056	0.0456218719482	0.0476379394531	0.0481450557709	
['./treeMaker/main', '-b']
0.0495362281799	0.0449149608612	0.0464389324188	0.0475261211395	0.0491859912872	0.0474898815155	0.0467689037323	0.0451440811157	0.047700881958	0.047345161438	0.0470569133759	0.0475850105286	0.0562379360199	0.0443248748779	0.0441789627075	0.044420003891	0.0439767837524	0.0442152023315	0.0446670055389	0.0438721179962	0.0440130233765	0.0436799526215	0.0437788963318	0.0439839363098	0.0439219474792	0.045704126358	0.045695066452	0.0457820892334	0.0458250045776	0.0458891391754	0.0461280345917	0.0458059310913	0.0459871292114	0.0470840930939	0.0584180355072	0.0492341518402	0.0476498603821	0.0476038455963	0.0475809574127	0.0465469360352	0.0476961135864	0.0449831485748	0.050281047821	0.0467879772186	0.0476350784302	0.0474238395691	0.0468099117279	0.0467591285706	0.0478048324585	0.0477170944214	
['./treeMaker/main', '-u']
0.0482819080353	0.0507171154022	0.0468759536743	0.0453000068665	0.0430290699005	0.0439050197601	0.0437240600586	0.0441129207611	0.0436248779297	0.0434370040894	0.044410943985	0.0435800552368	0.0435800552368	0.0441999435425	0.0439779758453	0.0438539981842	0.0471069812775	0.0465347766876	0.0463378429413	0.0465631484985	0.0471458435059	0.046028137207	0.0466079711914	0.0473840236664	0.0473668575287	0.0469768047333	0.0466909408569	0.0461637973785	0.0473620891571	0.0469739437103	0.0450110435486	0.0453629493713	0.0462698936462	0.0494599342346	0.047767162323	0.0589730739594	0.0488028526306	0.0460090637207	0.0478208065033	0.0466239452362	0.0495700836182	0.0475568771362	0.0476169586182	0.0472049713135	0.0511958599091	0.0510489940643	0.0474820137024	0.0472948551178	0.0471539497375	0.0553297996521	
['./treeMaker/main', '-t', '-r', '1']
0.339995861053	0.356251955032	0.352353096008	0.356790065765	0.339010000229	0.343955039978	0.365304946899	0.357031822205	0.357587814331	0.359139919281	0.358364105225	0.355833053589	0.360382080078	0.359616994858	0.365566015244	0.354514837265	0.352975845337	0.352506875992	0.358633995056	0.356772899628	0.377982139587	0.354830026627	0.355444192886	0.354835033417	0.35413479805	0.359220027924	0.355446815491	0.356647968292	0.356450080872	0.367830038071	0.361972093582	0.365122079849	0.342512845993	0.358154058456	0.363878965378	0.360035896301	0.375167131424	0.357073068619	0.358389854431	0.35569691658	0.359179973602	0.350980997086	0.361667871475	0.358511924744	0.366039037704	0.366974115372	0.357103824615	0.355473041534	0.356355905533	0.360296964645	
['./treeMaker/main', '-t', '-r', '2']
0.435201883316	0.421836853027	0.435966014862	0.427762985229	0.440198898315	0.451236009598	0.424324989319	0.431298017502	0.419390916824	0.402627944946	0.442938089371	0.444550991058	0.434829950333	0.438627958298	0.441501140594	0.448150157928	0.449257850647	0.456223964691	0.418224096298	0.439455986023	0.438972949982	0.425148963928	0.448091030121	0.440501928329	0.441967010498	0.420889854431	0.412730932236	0.42912197113	0.429414987564	0.433537006378	0.425822019577	0.424910068512	0.438607931137	0.415450811386	0.424666881561	0.445156097412	0.42422580719	0.427103042603	0.431178808212	0.408149003983	0.406944990158	0.437170982361	0.429953098297	0.43764591217	0.423513889313	0.422461032867	0.42537689209	0.432815074921	0.403802871704	0.462619066238	
['./treeMaker/main', '-t', '-r', '1', '-N']
0.356557846069	0.354181051254	0.369232177734	0.353942155838	0.352584123611	0.342324972153	0.343446969986	0.342913150787	0.359807014465	0.358930110931	0.355075836182	0.35789513588	0.358427047729	0.345459938049	0.345382213593	0.33971118927	0.357560157776	0.357625961304	0.361002922058	0.371407985687	0.340909004211	0.356920003891	0.35693693161	0.359348058701	0.342747926712	0.366140127182	0.372358083725	0.372106790543	0.367656946182	0.368384838104	0.357944965363	0.34179186821	0.361487150192	0.357223987579	0.369212865829	0.358806848526	0.348588943481	0.358223199844	0.360605955124	0.358006954193	0.370162963867	0.357625961304	0.356800794601	0.363439083099	0.360958814621	0.356677055359	0.359036922455	0.351331949234	0.339000940323	0.362789154053	
['./treeMaker/main', '-t', '-r', '2', '-N']
0.427176952362	0.425572156906	0.4261469841	0.439124107361	0.42560005188	0.417935848236	0.409742116928	0.436805009842	0.428246021271	0.424160957336	0.430526018143	0.420284032822	0.433736085892	0.422789812088	0.425452232361	0.431457042694	0.451617956161	0.431910037994	0.421119213104	0.428599119186	0.441015005112	0.426255941391	0.448205947876	0.421344041824	0.439240932465	0.426094055176	0.410218000412	0.432999134064	0.436536073685	0.416851043701	0.430248975754	0.442545890808	0.439064979553	0.422293901443	0.438647031784	0.442924976349	0.411208152771	0.437260866165	0.416441917419	0.423251152039	0.425796031952	0.437726974487	0.438549995422	0.416606903076	0.443498849869	0.433052062988	0.414977073669	0.432616949081	0.423342943192	0.434051036835	
['./treeMaker/main', '-m']
0.0448379516602	0.0427551269531	0.0423979759216	0.0562858581543	0.0452308654785	0.0489110946655	0.0462870597839	0.045440196991	0.0454120635986	0.0458168983459	0.0461001396179	0.0483930110931	0.0455968379974	0.0443949699402	0.0453431606293	0.0465528964996	0.0446698665619	0.0458548069	0.045814037323	0.0460479259491	0.0448760986328	0.0449919700623	0.045686006546	0.0458431243896	0.0439538955688	0.0461618900299	0.0444910526276	0.0445380210876	0.0456149578094	0.0451240539551	0.0450329780579	0.0448410511017	0.045774936676	0.0500349998474	0.0445170402527	0.0452830791473	0.0486180782318	0.0455918312073	0.0459718704224	0.0416860580444	0.042426109314	0.04225897789	0.0426669120789	0.0418899059296	0.0425400733948	0.0425870418549	0.0440878868103	0.0439310073853	0.0445499420166	0.0443317890167	
['./treeMaker/main', '-m', '-b']
0.044328212738	0.045040845871	0.0443818569183	0.0447080135345	0.0431461334229	0.0451982021332	0.0434381961823	0.0435528755188	0.0431118011475	0.0432081222534	0.0454301834106	0.0433821678162	0.0434339046478	0.044606924057	0.0433480739594	0.0434350967407	0.0432510375977	0.0446839332581	0.0466659069061	0.048290014267	0.0476629734039	0.0460109710693	0.0463409423828	0.0453431606293	0.0451021194458	0.047238111496	0.0459721088409	0.0450029373169	0.0467138290405	0.0486361980438	0.0464091300964	0.0461440086365	0.0459539890289	0.0458610057831	0.0458929538727	0.046539068222	0.0460369586945	0.0455870628357	0.0464429855347	0.0482358932495	0.0462710857391	0.0448768138885	0.0430700778961	0.0430960655212	0.0436069965363	0.0434069633484	0.0433661937714	0.0431959629059	0.0434188842773	0.0445258617401	
['./treeMaker/main', '-m', '-w', '1']
0.0463578701019	0.0462460517883	0.0458929538727	0.0459270477295	0.0465250015259	0.0466239452362	0.0463390350342	0.0477509498596	0.0465250015259	0.0468690395355	0.0469770431519	0.0465199947357	0.0470449924469	0.04523396492	0.0464680194855	0.0506930351257	0.0459780693054	0.0452780723572	0.0459229946136	0.0448701381683	0.0454468727112	0.0447797775269	0.0457909107208	0.0448529720306	0.0455369949341	0.0437700748444	0.0451250076294	0.0441279411316	0.0448908805847	0.046088218689	0.0459399223328	0.0457849502563	0.0434877872467	0.0439920425415	0.0554530620575	0.0459599494934	0.044842004776	0.0452630519867	0.0456140041351	0.0469861030579	0.0453979969025	0.0460510253906	0.0467638969421	0.0466771125793	0.0484910011292	0.0498678684235	0.0465788841248	0.0429990291595	0.0463750362396	0.045581817627	
['./treeMaker/main', '-m', '-w', '2']
0.0447099208832	0.0457599163055	0.0460829734802	0.0460979938507	0.0492260456085	0.0442700386047	0.0459861755371	0.0489571094513	0.0462770462036	0.0444939136505	0.0453140735626	0.0453360080719	0.0438630580902	0.0485808849335	0.0459640026093	0.0474460124969	0.0502181053162	0.0471959114075	0.0465879440308	0.0465190410614	0.0560340881348	0.0480329990387	0.0464639663696	0.047422170639	0.0465829372406	0.0567021369934	0.0457038879395	0.0454080104828	0.0447869300842	0.0452349185944	0.046452999115	0.0559098720551	0.0458619594574	0.0456249713898	0.0479700565338	0.0458869934082	0.0525619983673	0.0456881523132	0.0480070114136	0.043576002121	0.0456211566925	0.0436580181122	0.0460999011993	0.0445320606232	0.0481359958649	0.0448579788208	0.0459039211273	0.0470159053802	0.0450670719147	0.0441961288452	
['./treeMaker/main', '-m', '-c', '1']
0.0448279380798	0.0456309318542	0.0450768470764	0.0480809211731	0.0445740222931	0.0449199676514	0.0455780029297	0.045606136322	0.0457818508148	0.0445809364319	0.0448389053345	0.0453951358795	0.0454618930817	0.0456981658936	0.0450398921967	0.0429320335388	0.0453531742096	0.0453970432281	0.0488259792328	0.0450580120087	0.0463960170746	0.0439629554749	0.0458328723907	0.0439450740814	0.0435948371887	0.045392036438	0.0450420379639	0.0453488826752	0.0449969768524	0.0446138381958	0.0443351268768	0.0455930233002	0.0453629493713	0.0531589984894	0.0451309680939	0.0456399917603	0.0456118583679	0.050106048584	0.0459849834442	0.0469439029694	0.0454828739166	0.0456328392029	0.044417142868	0.0453071594238	0.0472581386566	0.0453820228577	0.0448698997498	0.0445380210876	0.0453760623932	0.0474338531494	
['./treeMaker/main', '-m', '-c', '2']
0.0455989837646	0.0477139949799	0.0451681613922	0.0448160171509	0.0470950603485	0.0571970939636	0.0466620922089	0.0496308803558	0.0460591316223	0.0470900535583	0.0478050708771	0.0466167926788	0.0466980934143	0.0499279499054	0.0474569797516	0.0460090637207	0.0490598678589	0.0454790592194	0.0458970069885	0.0438039302826	0.0428259372711	0.042738199234	0.0427379608154	0.042839050293	0.0429999828339	0.042858839035	0.0428071022034	0.0427958965302	0.0429248809814	0.0428009033203	0.0575330257416	0.047168970108	0.0469360351562	0.0555999279022	0.0451369285583	0.056046962738	0.0462481975555	0.0465099811554	0.046571969986	0.047394990921	0.0454430580139	0.0429530143738	0.0429449081421	0.0448360443115	0.0477139949799	0.0446751117706	0.0433859825134	0.0445590019226	0.0452010631561	0.0453879833221	
['./treeMaker/main', '-m', '-a', '1']
0.0613601207733	0.0688941478729	0.0627129077911	0.0601470470428	0.0595688819885	0.0600528717041	0.0603249073029	0.0597620010376	0.0592980384827	0.05943608284	0.0604891777039	0.0594329833984	0.0598921775818	0.0596098899841	0.0597829818726	0.0596559047699	0.0592768192291	0.0596179962158	0.0600261688232	0.059641122818	0.0599160194397	0.0593190193176	0.0604631900787	0.059937953949	0.059849023819	0.0596759319305	0.0600459575653	0.0597651004791	0.0605270862579	0.0598509311676	0.0597951412201	0.0595378875732	0.0599071979523	0.0654559135437	0.060348033905	0.061182975769	0.0640270709991	0.0636620521545	0.0626649856567	0.066575050354	0.0616159439087	0.0634071826935	0.0634310245514	0.0591549873352	0.0595269203186	0.0618607997894	0.059417963028	0.0595548152924	0.060085773468	0.0603001117706	
['./treeMaker/main', '-m', '-a', '2']
0.0430920124054	0.0487630367279	0.0467240810394	0.0462999343872	0.047415971756	0.0468430519104	0.0464611053467	0.0484189987183	0.0448968410492	0.0449750423431	0.0483410358429	0.0448579788208	0.0452950000763	0.0455918312073	0.045166015625	0.0443460941315	0.0451200008392	0.0457768440247	0.055801153183	0.0445289611816	0.0462920665741	0.0437209606171	0.0450520515442	0.042573928833	0.0434091091156	0.0429182052612	0.0428729057312	0.0429780483246	0.0432720184326	0.0429990291595	0.043163061142	0.0430610179901	0.0431950092316	0.0432608127594	0.0427598953247	0.0440640449524	0.0433619022369	0.0431339740753	0.0434989929199	0.0429339408875	0.0434501171112	0.0432360172272	0.0429890155792	0.0429239273071	0.0433750152588	0.0430409908295	0.0432670116425	0.0430009365082	0.0433421134949	0.0435230731964	
