25_1000_5.2e-11_2.6e-11_470000000
25
1000
5.2e-11
2.6e-11
470000000

['./treeMaker/main']
0.0759308338165	0.0671291351318	0.0588130950928	0.0643799304962	0.0625960826874	0.0620439052582	0.063728094101	0.0608820915222	0.0567669868469	0.0615119934082	0.0613329410553	0.0759868621826	0.0580310821533	0.0591599941254	0.0737800598145	0.0652799606323	0.0620260238647	0.0745379924774	0.0630221366882	0.0675539970398	0.066065788269	0.0616340637207	0.0731480121613	0.0590090751648	0.0618979930878	0.0512211322784	0.0609560012817	0.0634098052979	0.0560629367828	0.0664598941803	0.0687110424042	0.0624070167542	0.0592329502106	0.0575580596924	0.0620260238647	0.053375005722	0.0671520233154	0.0662910938263	0.0793609619141	0.0594239234924	0.0576589107513	0.0687079429626	0.0593159198761	0.0620219707489	0.0604960918427	0.0738930702209	0.0610229969025	0.054899930954	0.0713610649109	0.0634698867798	
['./treeMaker/main', '-b']
0.0632932186127	0.0674300193787	0.0608839988708	0.0667288303375	0.065985918045	0.0608758926392	0.0647621154785	0.062185049057	0.0580139160156	0.0614249706268	0.0618660449982	0.0893149375916	0.058357000351	0.0599100589752	0.0858209133148	0.080598115921	0.0615401268005	0.0747990608215	0.0672399997711	0.0715320110321	0.0680739879608	0.0616660118103	0.0742311477661	0.0594339370728	0.0625150203705	0.0516700744629	0.0617339611053	0.0654220581055	0.0590209960938	0.0711650848389	0.0705721378326	0.0617799758911	0.0603768825531	0.0596368312836	0.0640709400177	0.0557191371918	0.0701031684875	0.0665860176086	0.0693528652191	0.0739722251892	0.0712890625	0.0717940330505	0.0598220825195	0.0623390674591	0.0595200061798	0.0828800201416	0.0625541210175	0.0544309616089	0.0710730552673	0.0725128650665	
['./treeMaker/main', '-u']
0.063169002533	0.0641529560089	0.0604782104492	0.0687940120697	0.0639469623566	0.0602450370789	0.0625548362732	0.061173915863	0.0569450855255	0.06209897995	0.0622229576111	0.0765430927277	0.0586931705475	0.0639882087708	0.0765929222107	0.070188999176	0.063364982605	0.0760660171509	0.0642371177673	0.068678855896	0.0657329559326	0.0637049674988	0.0755858421326	0.0601089000702	0.0670599937439	0.054270029068	0.0644450187683	0.0653982162476	0.0710489749908	0.075747013092	0.0733048915863	0.0630140304565	0.0608608722687	0.0600669384003	0.0652508735657	0.0724918842316	0.0697000026703	0.0665409564972	0.069324016571	0.0589189529419	0.0557041168213	0.0785529613495	0.0654599666595	0.0642359256744	0.0589280128479	0.0722770690918	0.0726108551025	0.0544021129608	0.0737781524658	0.0612878799438	
['./treeMaker/main', '-t', '-r', '1']
0.5270819664	0.553962945938	0.500025033951	0.548593997955	0.550356864929	0.492757081985	0.530076026917	0.519834041595	0.473960161209	0.507685184479	0.507434129715	0.623473167419	0.494604110718	0.511180877686	0.611140966415	0.542082071304	0.503221035004	0.601199865341	0.527225971222	0.5481569767	0.52610206604	0.507939815521	0.616076946259	0.475501775742	0.50216794014	0.40044093132	0.508402109146	0.515100955963	0.450807094574	0.555088996887	0.557777166367	0.523164987564	0.48695898056	0.478012084961	0.533233880997	0.473176956177	0.613036155701	0.557605028152	0.570994138718	0.509292125702	0.45437502861	0.560626029968	0.481470108032	0.515048980713	0.5246758461	0.641461849213	0.511164903641	0.472011804581	0.589183807373	0.483536958694	
['./treeMaker/main', '-t', '-r', '2']
0.68651509285	0.755614995956	0.688732862473	0.784670829773	0.742803812027	0.648782968521	0.693787097931	0.673153877258	0.624294996262	0.691904783249	0.69238781929	0.933824062347	0.618491888046	0.638445138931	0.846189022064	0.755713939667	0.708638906479	0.910053014755	0.710892915726	0.777978897095	0.729629993439	0.67464184761	0.841216087341	0.684221982956	0.696556091309	0.54237818718	0.675658941269	0.727609872818	0.618399858475	0.796284914017	0.802911996841	0.708724021912	0.659861087799	0.683148145676	0.732715845108	0.599703073502	0.832458972931	0.777155160904	0.787186145782	0.642126083374	0.617619991302	0.758328914642	0.641075134277	0.695101976395	0.659944057465	0.860157012939	0.697658061981	0.581505060196	0.835902929306	0.680494070053	
['./treeMaker/main', '-t', '-r', '1', '-N']
0.490665912628	0.526179075241	0.523519992828	0.549511909485	0.527867078781	0.477247953415	0.510814905167	0.537144899368	0.47648191452	0.532584905624	0.522125005722	0.648340940475	0.486032962799	0.508358955383	0.617692947388	0.562885046005	0.507140159607	0.60559296608	0.502197027206	0.55196595192	0.527829885483	0.4973051548	0.617207050323	0.508048057556	0.525639057159	0.414438962936	0.533130884171	0.551822900772	0.487566947937	0.563944816589	0.573647975922	0.512799024582	0.509822130203	0.491950035095	0.546760082245	0.460519075394	0.600494861603	0.536061048508	0.581281900406	0.492261171341	0.457307100296	0.544197797775	0.487951993942	0.549937009811	0.524405956268	0.718937158585	0.496573925018	0.436051130295	0.592815160751	0.485124111176	
['./treeMaker/main', '-t', '-r', '2', '-N']
0.660644054413	0.725115060806	0.673557043076	0.758181810379	0.748991012573	0.662717819214	0.720734119415	0.658541917801	0.617311000824	0.67515707016	0.661794185638	0.900448083878	0.633996963501	0.663877010345	0.885178089142	0.751661062241	0.68630194664	0.877862930298	0.741492986679	0.798887968063	0.727941989899	0.673674821854	0.879159927368	0.679383993149	0.660847902298	0.534296989441	0.718421936035	0.724411010742	0.621621131897	0.765830039978	0.781028032303	0.702229976654	0.68329501152	0.675569057465	0.733874082565	0.621206045151	0.818816184998	0.790860891342	0.830897092819	0.687520027161	0.64827299118	0.780030012131	0.660835027695	0.68052315712	0.680989980698	0.857632875443	0.680889129639	0.582252979279	0.84780216217	0.668969869614	
['./treeMaker/main', '-m']
0.0504169464111	0.0498559474945	0.04891705513	0.0510351657867	0.052591085434	0.0500931739807	0.0521459579468	0.0502388477325	0.0479719638824	0.0516700744629	0.0524370670319	0.0558772087097	0.0488519668579	0.0501389503479	0.0539131164551	0.0507237911224	0.0597681999207	0.0530300140381	0.0506241321564	0.0537800788879	0.0536530017853	0.05198097229	0.0577511787415	0.0495810508728	0.0536301136017	0.0476360321045	0.0502991676331	0.0610609054565	0.0487170219421	0.0533921718597	0.0522780418396	0.0519201755524	0.0536231994629	0.0506429672241	0.0522570610046	0.0483858585358	0.0552818775177	0.0555551052094	0.0534119606018	0.0512862205505	0.051586151123	0.0526330471039	0.0521440505981	0.0545990467072	0.0497329235077	0.0597150325775	0.0536389350891	0.0480341911316	0.0518140792847	0.0522518157959	
['./treeMaker/main', '-m', '-b']
0.0513470172882	0.0526008605957	0.0502710342407	0.0621438026428	0.053915977478	0.0493950843811	0.0516209602356	0.0520939826965	0.0494909286499	0.0512268543243	0.0530378818512	0.0578610897064	0.0506291389465	0.0502390861511	0.0572068691254	0.0513610839844	0.0526080131531	0.0555350780487	0.0513880252838	0.0544748306274	0.0549669265747	0.0527739524841	0.0556919574738	0.0507440567017	0.0516428947449	0.0487258434296	0.0511801242828	0.0526769161224	0.0497839450836	0.0525078773499	0.0547201633453	0.0544431209564	0.0501070022583	0.0519349575043	0.0528430938721	0.0528080463409	0.0565669536591	0.0544939041138	0.0553278923035	0.0519461631775	0.0488560199738	0.0559470653534	0.051362991333	0.0551109313965	0.0532670021057	0.0587158203125	0.0521039962769	0.0507118701935	0.0575921535492	0.0546009540558	
['./treeMaker/main', '-m', '-w', '1']
0.0628168582916	0.0519461631775	0.0509810447693	0.0540869235992	0.0562160015106	0.0517890453339	0.0555670261383	0.052531003952	0.0494499206543	0.0522718429565	0.0503258705139	0.0611479282379	0.0531890392303	0.0516741275787	0.0568010807037	0.0537428855896	0.057902097702	0.0554621219635	0.0524110794067	0.0545108318329	0.0509350299835	0.052582025528	0.0563008785248	0.0503790378571	0.0518081188202	0.0492179393768	0.0517389774323	0.0533668994904	0.0506381988525	0.0538699626923	0.0544381141663	0.0530321598053	0.0511128902435	0.0513541698456	0.0526340007782	0.0493218898773	0.0550911426544	0.0615320205688	0.0566160678864	0.0529699325562	0.0605990886688	0.0543510913849	0.0499169826508	0.0529069900513	0.056401014328	0.0569138526917	0.0516259670258	0.0606110095978	0.0645391941071	0.0533540248871	
['./treeMaker/main', '-m', '-w', '2']
0.0525808334351	0.0546050071716	0.0499730110168	0.0541479587555	0.0547170639038	0.0504131317139	0.0529820919037	0.0523791313171	0.0518269538879	0.0502460002899	0.051568031311	0.0568308830261	0.0519518852234	0.0505390167236	0.0564138889313	0.0545938014984	0.0526959896088	0.0556581020355	0.0538949966431	0.0541229248047	0.0530650615692	0.0535931587219	0.0574331283569	0.0525579452515	0.0524880886078	0.0485119819641	0.0523371696472	0.0535418987274	0.0502750873566	0.0527799129486	0.0544369220734	0.0518438816071	0.0514299869537	0.0498189926147	0.0492310523987	0.0466701984406	0.0516610145569	0.0499258041382	0.0506639480591	0.0478720664978	0.0470008850098	0.0496509075165	0.0469291210175	0.0485870838165	0.0477340221405	0.0523920059204	0.054368019104	0.0506827831268	0.0550348758698	0.05233502388	
['./treeMaker/main', '-m', '-c', '1']
0.0516030788422	0.0638008117676	0.0489330291748	0.0538380146027	0.0504441261292	0.0485138893127	0.0499520301819	0.0474689006805	0.0474030971527	0.0534689426422	0.0526990890503	0.056380033493	0.0512330532074	0.0507819652557	0.0683128833771	0.0505499839783	0.0504291057587	0.0538589954376	0.0497601032257	0.0518050193787	0.0504641532898	0.050400018692	0.0535399913788	0.0582180023193	0.0505650043488	0.0503618717194	0.0498189926147	0.0524840354919	0.0529351234436	0.0542559623718	0.0543370246887	0.0593628883362	0.0494480133057	0.051680803299	0.0521259307861	0.0477788448334	0.0517811775208	0.0616250038147	0.0547049045563	0.0515940189362	0.0506048202515	0.0525469779968	0.0496740341187	0.0567719936371	0.0521070957184	0.0569350719452	0.0532648563385	0.0516121387482	0.0557761192322	0.0541200637817	
['./treeMaker/main', '-m', '-c', '2']
0.0536079406738	0.0529639720917	0.0480489730835	0.0554819107056	0.0515508651733	0.0492799282074	0.0546610355377	0.052659034729	0.0482349395752	0.0613059997559	0.0504200458527	0.0557749271393	0.0475108623505	0.0523161888123	0.0544550418854	0.0527942180634	0.0541768074036	0.0557358264923	0.0510449409485	0.0547559261322	0.0542149543762	0.0551929473877	0.0541520118713	0.0492670536041	0.0516810417175	0.0479500293732	0.0499601364136	0.0530261993408	0.0486409664154	0.0557069778442	0.0664689540863	0.0545420646667	0.0546770095825	0.0500359535217	0.0546410083771	0.0524230003357	0.0517070293427	0.0520329475403	0.054379940033	0.053994178772	0.0496590137482	0.0522541999817	0.0494618415833	0.0506858825684	0.0500659942627	0.0557219982147	0.0503029823303	0.0489621162415	0.0543780326843	0.0502490997314	
['./treeMaker/main', '-m', '-a', '1']
0.0664601325989	0.0687091350555	0.0664761066437	0.0676629543304	0.0681531429291	0.0638568401337	0.0647339820862	0.0787711143494	0.0634219646454	0.0651960372925	0.0657279491425	0.0671319961548	0.0627689361572	0.0632190704346	0.0691759586334	0.0665619373322	0.0646889209747	0.068097114563	0.064131975174	0.071995973587	0.0687019824982	0.0667569637299	0.0696330070496	0.064404964447	0.0700240135193	0.0599489212036	0.0637998580933	0.0648720264435	0.0614678859711	0.0648350715637	0.0656878948212	0.0632889270782	0.0906538963318	0.0651798248291	0.0774660110474	0.0610690116882	0.0660080909729	0.0677211284637	0.067568063736	0.0650870800018	0.0644600391388	0.0675408840179	0.0657558441162	0.0796530246735	0.0643630027771	0.0692830085754	0.0656580924988	0.061625957489	0.0670049190521	0.0647060871124	
['./treeMaker/main', '-m', '-a', '2']
0.0484240055084	0.0503559112549	0.0480139255524	0.0501940250397	0.0497388839722	0.0478148460388	0.0534429550171	0.0496070384979	0.0477929115295	0.0495109558105	0.0501179695129	0.0548119544983	0.0485868453979	0.0489480495453	0.0541360378265	0.0511169433594	0.050302028656	0.0542798042297	0.0501561164856	0.052136182785	0.0506660938263	0.0507121086121	0.053759098053	0.0489101409912	0.0500299930573	0.0461101531982	0.0636351108551	0.0508160591125	0.0491759777069	0.0640950202942	0.0555310249329	0.051824092865	0.0514311790466	0.0509810447693	0.0521290302277	0.0496339797974	0.0571892261505	0.0530230998993	0.0525708198547	0.0501170158386	0.0591249465942	0.0497498512268	0.0479319095612	0.0492370128632	0.0479300022125	0.0526480674744	0.049281835556	0.0468649864197	0.0525259971619	0.0490980148315	
