25_1000_4.9e-10_4.9e-10_10000
25
1000
4.9e-10
4.9e-10
10000

['./treeMaker/main']
0.467367172241	0.204535961151	0.382833957672	0.451892852783	0.885392904282	0.472015142441	0.969053030014	0.460759878159	0.361570119858	0.330466985703	0.555236101151	0.43202996254	0.375584840775	0.281455039978	0.283464193344	0.302103042603	0.71968793869	0.409473896027	0.48148393631	0.451956987381	0.497411966324	0.448850154877	0.168906927109	1.18382000923	0.73948597908	0.491808891296	0.365852117538	1.01853704453	0.56579208374	0.378414154053	0.630935907364	0.572296857834	0.486603975296	0.222311019897	0.362801790237	0.517343997955	1.48582792282	0.508929014206	0.715375900269	0.283065795898	0.327951192856	0.200595140457	0.342092990875	0.346410036087	0.633516073227	0.323798894882	0.279464960098	0.682434082031	0.490514993668	0.357609987259	
['./treeMaker/main', '-b']
0.449747085571	0.206622123718	0.384680986404	0.458002090454	0.876162052155	0.471451044083	0.960180044174	0.479277133942	0.381795167923	0.341860055923	0.561315059662	0.418865919113	0.382259130478	0.277465105057	0.299252986908	0.308590888977	0.747826099396	0.431177854538	0.505221128464	0.468322992325	0.494214057922	0.439063072205	0.166568994522	1.15213394165	0.704360961914	0.537034988403	0.372972011566	1.04677391052	0.571421861649	0.372777938843	0.680728912354	0.542048931122	0.494329929352	0.215112924576	0.373631000519	0.512009859085	1.53272294998	0.518920898438	0.734262943268	0.27888917923	0.359927177429	0.200614929199	0.350663900375	0.326937913895	0.644734144211	0.362295866013	0.275189161301	0.697266101837	0.491652965546	0.360467910767	
['./treeMaker/main', '-u']
0.446566104889	0.222151994705	0.377901077271	0.457149028778	0.912708044052	0.516966104507	1.0295419693	0.469521045685	0.349718093872	0.340851068497	0.560954093933	0.450335025787	0.389616012573	0.297183990479	0.306006908417	0.295120954514	0.710299968719	0.445338964462	0.466212034225	0.425622940063	0.501212835312	0.414747953415	0.159247159958	1.14572286606	0.743548154831	0.51021194458	0.362661838531	1.01934194565	0.527885913849	0.357945919037	0.681823968887	0.572960138321	0.488062143326	0.226294994354	0.363883018494	0.513823032379	1.48580789566	0.481627941132	0.704706907272	0.264832019806	0.352654933929	0.191606044769	0.327996015549	0.348853111267	0.646584033966	0.329837083817	0.286338090897	0.659299135208	0.518224954605	0.359765768051	
['./treeMaker/main', '-t', '-r', '1']
2.73585295677	1.65582585335	2.20757985115	2.53323197365	3.78764200211	2.7977309227	3.91508793831	2.58700799942	2.22890996933	2.18518400192	2.9317779541	2.47720599174	2.25872397423	1.97809314728	1.93962407112	2.0612680912	3.38343191147	2.41589903831	2.70796394348	2.54576301575	2.7099480629	2.57777881622	1.27949905396	4.27191615105	3.44493198395	2.77021884918	2.28484392166	4.01353406906	2.87107801437	2.26040196419	3.18064594269	2.91085505486	2.77070379257	1.61982703209	2.29038000107	2.71003699303	4.81819796562	2.81049084663	3.51828598976	1.94821500778	2.21493196487	1.49419689178	2.13766407967	2.20310997963	3.06229615211	2.1750459671	1.8740530014	3.23190999031	2.75581502914	2.30934214592	
['./treeMaker/main', '-t', '-r', '2']
3.72618818283	2.20765805244	3.08139204979	3.71393203735	5.28088212013	3.59608793259	5.69253396988	3.62065601349	2.99988508224	2.94365787506	3.87937808037	3.37220692635	3.17818808556	2.64247894287	2.87163710594	2.84105801582	4.506909132	3.16131305695	3.94841098785	3.42897105217	3.63055682182	3.4321000576	1.84405398369	5.76109695435	4.65891599655	3.71975708008	3.16708898544	5.29356098175	4.38902997971	3.19117307663	4.31875896454	4.15474390984	3.61758804321	2.09284996986	3.04221010208	3.68081903458	7.06351208687	3.55795407295	4.74182295799	2.64697909355	3.10235118866	1.98633003235	2.99803304672	2.82212996483	4.25225400925	2.950756073	2.54524302483	4.47271990776	3.81148386002	3.1734790802	
['./treeMaker/main', '-t', '-r', '1', '-N']
2.68020200729	1.64317393303	2.27278900146	2.52208685875	3.84460091591	2.67642879486	3.90656709671	2.63474702835	2.28233909607	2.11460494995	2.87952208519	2.49861502647	2.29018688202	1.96615099907	2.03459692001	1.97865486145	3.38153505325	2.46589899063	2.69317793846	2.51041579247	2.66407895088	2.56129288673	1.33776092529	4.26342105865	3.45229697227	2.80133795738	2.25883603096	4.00417900085	2.86814594269	2.31845378876	3.15621185303	2.89786696434	2.66796398163	1.65959405899	2.22227811813	2.82537889481	4.9892950058	2.70883202553	3.46857619286	1.9191429615	2.17966794968	1.51754879951	2.24319696426	2.20082187653	3.14788913727	2.14787912369	1.88893198967	3.26363182068	2.79087686539	2.32299590111	
['./treeMaker/main', '-t', '-r', '2', '-N']
3.70151090622	2.25057601929	3.07800889015	3.80481600761	5.31987905502	3.54111385345	5.53145098686	3.60836100578	3.00731086731	2.9076731205	4.05174016953	3.29141306877	3.21080112457	2.72869896889	2.7463581562	3.00778198242	4.51179289818	3.25556588173	3.93684482574	3.37131404877	3.57371020317	3.49652695656	1.78702807426	5.73194789886	4.62452316284	3.69107985497	3.10719609261	5.43147087097	4.37756800652	3.17665910721	4.24082493782	4.10100507736	3.56933498383	2.04650807381	3.0148601532	3.64573407173	6.92866802216	3.59161496162	4.77185082436	2.62616896629	3.12390184402	2.04905390739	3.02901887894	2.87321281433	4.26737308502	2.94216394424	2.6344370842	4.48070788383	3.82850384712	3.11767911911	
['./treeMaker/main', '-m']
0.0914349555969	0.0689930915833	0.0820670127869	0.0894360542297	0.125003099442	0.0863919258118	0.112056016922	0.0890278816223	0.0809168815613	0.0786969661713	0.0969290733337	0.0869748592377	0.0839850902557	0.0862329006195	0.0751521587372	0.0777530670166	0.108155965805	0.0867059230804	0.0913190841675	0.0929892063141	0.0917980670929	0.0871520042419	0.0634829998016	0.137929201126	0.102204084396	0.0875239372253	0.0937020778656	0.116403102875	0.100123167038	0.0863199234009	0.101147174835	0.0986158847809	0.0934431552887	0.0680480003357	0.079295873642	0.0901079177856	0.146087884903	0.0899970531464	0.1001329422	0.077271938324	0.0968680381775	0.0641660690308	0.0859940052032	0.0810949802399	0.0966930389404	0.0934460163116	0.0775849819183	0.0977921485901	0.0914080142975	0.0811188220978	
['./treeMaker/main', '-m', '-b']
0.096608877182	0.074599981308	0.0903060436249	0.0968799591064	0.120460987091	0.0972900390625	0.137707948685	0.0941948890686	0.0906691551208	0.0837690830231	0.110037088394	0.103079080582	0.0865340232849	0.0792920589447	0.0809981822968	0.0824499130249	0.110455989838	0.094957113266	0.100057125092	0.10845208168	0.0968220233917	0.0901920795441	0.073970079422	0.1310338974	0.12820982933	0.110476016998	0.0989980697632	0.124413967133	0.105706930161	0.0919160842896	0.10730099678	0.104933977127	0.113162994385	0.0794079303741	0.0882740020752	0.101677179337	0.145575046539	0.113363981247	0.11129784584	0.0784590244293	0.0908470153809	0.0721681118011	0.0864090919495	0.0867187976837	0.123177051544	0.0846469402313	0.08318400383	0.124297142029	0.0972039699554	0.0869560241699	
['./treeMaker/main', '-m', '-w', '1']
0.087235212326	0.069748878479	0.0839190483093	0.0898680686951	0.111393928528	0.0897498130798	0.126370191574	0.0882790088654	0.0803489685059	0.0781869888306	0.0975759029388	0.0849649906158	0.0813829898834	0.0913379192352	0.083811044693	0.0786371231079	0.109026908875	0.088231086731	0.0948739051819	0.0906159877777	0.0924830436707	0.0874629020691	0.0647850036621	0.115905046463	0.10321688652	0.098534822464	0.0796837806702	0.114054918289	0.0943510532379	0.0805630683899	0.0954351425171	0.0934271812439	0.0920360088348	0.0765609741211	0.0866980552673	0.0968549251556	0.137629985809	0.0894501209259	0.100279808044	0.0750298500061	0.0944240093231	0.064521074295	0.0809490680695	0.0840108394623	0.101310014725	0.0898590087891	0.0743708610535	0.102368116379	0.0942378044128	0.0815961360931	
['./treeMaker/main', '-m', '-w', '2']
0.0881190299988	0.0683281421661	0.0820300579071	0.0901958942413	0.110965967178	0.100260019302	0.111484050751	0.105736017227	0.0846331119537	0.0816838741302	0.0975868701935	0.0887379646301	0.0858471393585	0.0774681568146	0.0776190757751	0.0799100399017	0.103082895279	0.0890510082245	0.0902419090271	0.0876071453094	0.0905711650848	0.0856487751007	0.0635049343109	0.116750001907	0.111751079559	0.091787815094	0.0823380947113	0.125766992569	0.0985100269318	0.0812830924988	0.0971901416779	0.0978348255157	0.09987616539	0.0755760669708	0.0829091072083	0.0920481681824	0.132388830185	0.0889270305634	0.117904186249	0.0783281326294	0.083368062973	0.0682201385498	0.0852298736572	0.0816290378571	0.098867893219	0.0885620117188	0.094526052475	0.105409145355	0.0914621353149	0.0980968475342	
['./treeMaker/main', '-m', '-c', '1']
0.0904080867767	0.0704309940338	0.084184885025	0.0929670333862	0.110834121704	0.085963010788	0.11092209816	0.08802485466	0.0805220603943	0.0823621749878	0.0966458320618	0.0874760150909	0.0840308666229	0.0767149925232	0.0771079063416	0.0800311565399	0.102942943573	0.0847270488739	0.107354879379	0.0903749465942	0.0905268192291	0.0841119289398	0.0627329349518	0.12083697319	0.116375207901	0.0873498916626	0.0795640945435	0.129489898682	0.0998361110687	0.0806710720062	0.112821102142	0.107881069183	0.0877108573914	0.0713348388672	0.0821640491486	0.0941009521484	0.137250900269	0.0891411304474	0.10658788681	0.0765218734741	0.0831999778748	0.0656321048737	0.0858480930328	0.0811989307404	0.0963711738586	0.0808730125427	0.0763599872589	0.116559028625	0.105628013611	0.0811839103699	
['./treeMaker/main', '-m', '-c', '2']
0.0983190536499	0.0676448345184	0.0938019752502	0.0893738269806	0.106974840164	0.0922908782959	0.131409883499	0.0908448696136	0.0838770866394	0.0807271003723	0.0967371463776	0.0832879543304	0.0812718868256	0.0739099979401	0.0798938274384	0.0774331092834	0.096755027771	0.0883271694183	0.0931570529938	0.0899500846863	0.0940639972687	0.0963652133942	0.0679399967194	0.123683929443	0.101577043533	0.0927920341492	0.0804829597473	0.115828037262	0.0978050231934	0.0847098827362	0.098858833313	0.0943849086761	0.110766887665	0.07972407341	0.0815811157227	0.095556974411	0.132302045822	0.088171005249	0.100225925446	0.0751829147339	0.0963809490204	0.0648100376129	0.0831639766693	0.081554889679	0.0959827899933	0.0792500972748	0.0758090019226	0.0992147922516	0.10458612442	0.0838868618011	
['./treeMaker/main', '-m', '-a', '1']
0.0975139141083	0.0771009922028	0.0904901027679	0.0931220054626	0.116390943527	0.0946669578552	0.117720127106	0.111670970917	0.0923788547516	0.0901889801025	0.101463079453	0.0940520763397	0.090723991394	0.0841820240021	0.0843341350555	0.0830090045929	0.102233886719	0.0917279720306	0.101958036423	0.101639986038	0.11018204689	0.0926289558411	0.0706679821014	0.141859054565	0.107526063919	0.0941789150238	0.0872559547424	0.118637800217	0.10135602951	0.0880570411682	0.115687131882	0.102936983109	0.0987331867218	0.0777590274811	0.0992147922516	0.0963461399078	0.136427164078	0.0934729576111	0.122288942337	0.0813729763031	0.0870430469513	0.0854477882385	0.0901670455933	0.0873470306396	0.11704492569	0.0862438678741	0.0824689865112	0.105584859848	0.0967972278595	0.102017879486	
['./treeMaker/main', '-m', '-a', '2']
0.0908908843994	0.0704410076141	0.0822830200195	0.0871598720551	0.106762170792	0.0892848968506	0.111927032471	0.0887138843536	0.0813028812408	0.0784659385681	0.0928430557251	0.0839309692383	0.081423997879	0.0739758014679	0.079784154892	0.0773348808289	0.114948034286	0.0995390415192	0.0926258563995	0.0896809101105	0.0921928882599	0.0998029708862	0.0622470378876	0.13064289093	0.111246109009	0.0874569416046	0.0825519561768	0.115024089813	0.0981659889221	0.0817627906799	0.0957369804382	0.106948137283	0.0922908782959	0.0766100883484	0.0812788009644	0.0939300060272	0.138498067856	0.0865969657898	0.0995969772339	0.073401927948	0.080374956131	0.0668818950653	0.096647977829	0.078458070755	0.111973047256	0.0921061038971	0.0784649848938	0.1023209095	0.112446069717	0.0955731868744	
