25_1000_4.9e-10_4.9e-11_470000000
25
1000
4.9e-10
4.9e-11
470000000

['./treeMaker/main']
20.0986628532	73.6240360737	10.2878520489	22.0206520557	178.24048686	5.10395407677	14.6511309147	6.00518202782	69.8873701096	118.087838888	45.9774398804	2.49107694626	4.28870820999	42.7747859955	4.07259392738	14.1746680737	78.5073301792	205.140821934	28.5340709686	5.95009899139	83.5575060844	11.9240601063	25.7619261742	5.05390501022	8.98357486725	2.36371588707	1009.84271693	176.237838984	23.4657819271	205.73217392	66.9894781113	314.066793919	52.5847890377	2.02065610886	49.3733229637	39.4655559063	57.9151191711	11.9452741146	18.1940128803	6.57617902756	2.67163300514	11.6692960262	17.4084908962	139.090098143	4.14638996124	28.3009519577	22.1134648323	40.8335051537	2.36280083656	5.36940193176	
['./treeMaker/main', '-b']
21.0198099613	83.1738960743	11.2096409798	22.678442955	182.320009947	5.29335689545	16.1137471199	6.56540894508	69.995486021	120.117563963	46.1972460747	2.58454394341	4.17265105247	42.6155431271	4.24741792679	14.4999041557	85.8945319653	230.200860977	27.9197449684	5.48499083519	82.8590121269	11.4652979374	24.9778709412	5.09047198296	8.60532307625	2.35110712051	1055.68895602	186.376044035	23.277577877	225.038450003	72.5841240883	314.816119194	57.0243759155	1.93255591393	48.6969430447	43.0310800076	58.61769104	12.1503119469	18.226072073	6.15072202682	2.61469292641	12.1206769943	16.6677379608	138.645260811	4.23378610611	32.8719210625	21.5957920551	36.3715498447	2.34719991684	4.67255878448	
['./treeMaker/main', '-u']
19.8148062229	80.3701798916	10.761578083	22.2600989342	177.720950842	5.32437610626	14.9365320206	5.96317505836	72.6226809025	123.137817144	46.6062860489	2.38558697701	4.23270606995	42.0999319553	3.90952515602	14.762168169	78.5130889416	204.971088886	28.064606905	5.33979701996	82.8913228512	11.2655789852	25.0463409424	4.60104703903	8.26515007019	2.15693902969	954.026099205	176.343212843	23.8399641514	204.383042097	67.7082161903	312.537171125	52.5336940289	1.82780194283	48.6307961941	38.9663219452	58.8622319698	11.5430190563	18.5960111618	6.68867182732	2.57600712776	11.8770940304	16.5807058811	124.569510937	3.82639288902	28.6889619827	20.9781301022	36.943764925	2.07564711571	4.75839591026	
['./treeMaker/main', '-t', '-r', '1']
19.7812240124	41.9709508419	13.5340909958	21.8322000504	66.7439599037	8.95692205429	16.3183948994	10.061111927	41.6407470703	49.661067009	29.8948011398	5.49092388153	7.41825914383	29.8472440243	7.90592002869	16.1863839626	42.5703468323	71.1506719589	23.5892260075	9.65943598747	45.0583920479	12.0214209557	21.3225929737	8.57865309715	11.918350935	5.28603005409	175.147542953	71.5915260315	21.5344150066	69.5507469177	40.279927969	69.7777509689	33.2883989811	5.08853602409	32.0149099827	27.1881229877	33.1799750328	14.6469900608	18.830518961	9.82518482208	6.18806409836	14.48001194	18.0698759556	55.6009061337	7.60720705986	25.4032599926	21.0981280804	28.2085559368	5.52859592438	8.31452417374	
['./treeMaker/main', '-t', '-r', '2']
29.3228740692	63.4255480766	20.1955342293	31.7450780869	106.419723988	13.6893899441	24.809027195	15.0382688046	60.6946909428	86.9199740887	50.3176388741	8.73379516602	11.1482300758	45.0174911022	11.4593391418	24.2633500099	65.7806768417	106.97100997	35.8193070889	13.9285449982	68.8694601059	23.7621071339	35.8550188541	12.8537580967	16.995262146	8.36717796326	277.438513994	103.619418859	31.5367131233	111.095976114	58.2190468311	150.732365847	50.8032739162	7.77677297592	48.4527258873	42.8326940536	57.3454339504	22.6847908497	28.2827420235	15.4767200947	9.11193013191	21.1685991287	26.0354368687	82.6168310642	11.2989830971	35.3086719513	31.5617859364	41.3442070484	8.51668596268	12.0353360176	
['./treeMaker/main', '-t', '-r', '1', '-N']
19.5139191151	42.1782500744	13.556704998	21.6083598137	66.602050066	8.78165388107	16.0370399952	10.0290760994	41.3658070564	49.1718380451	29.7213640213	5.40671396255	7.55791592598	29.9015419483	7.81103515625	15.8743228912	42.2973680496	71.0610899925	23.0449221134	9.54784011841	44.8069999218	12.1536331177	21.386190176	8.59706687927	11.9228229523	5.31830382347	174.477310896	69.2855029106	21.2007501125	68.8555469513	40.0716300011	70.2748131752	32.9028670788	5.1047770977	31.5800271034	27.4297230244	33.0845181942	14.6420521736	19.2031369209	9.68197607994	6.27303290367	14.3657591343	18.257019043	55.7755990028	7.50845599174	24.8444948196	21.0944590569	27.9137070179	5.36899709702	8.20493006706	
['./treeMaker/main', '-t', '-r', '2', '-N']
28.6186490059	63.5407500267	20.1248679161	31.6300678253	106.366050959	13.5786719322	24.5662391186	14.8404638767	60.3130049706	86.3333120346	50.3347051144	8.68574309349	10.9537479877	45.1204578876	11.2815868855	24.0356299877	65.4396810532	106.340404987	35.7777068615	13.9216749668	69.2269740105	23.6374690533	36.3028609753	12.7016489506	17.0237398148	8.27730989456	277.151359797	102.466019154	31.7540459633	111.126363993	58.4559030533	150.944002867	51.0283899307	7.75188493729	48.9791128635	42.9024128914	56.5442919731	22.956537962	28.7401130199	15.5544109344	8.98189210892	21.2797589302	26.4453709126	82.9478518963	11.4503488541	35.3946421146	31.3573839664	40.8652248383	8.6059179306	11.9458839893	
['./treeMaker/main', '-m']
0.417974948883	0.701307058334	0.32594203949	0.433682918549	1.02233505249	0.232024908066	0.372735977173	0.261942863464	0.698867082596	0.881222963333	0.599488973618	0.193561077118	0.215749979019	0.579615831375	0.230015993118	0.380743980408	0.738787889481	1.06939601898	0.453701019287	0.235430002213	0.725636959076	0.343327999115	0.44229388237	0.238743066788	0.299855232239	0.173367977142	2.11649799347	1.00664591789	0.447407960892	1.0671620369	0.656712055206	1.37224984169	0.624551057816	0.176775932312	0.61639213562	0.554600954056	0.676795005798	0.341469049454	0.398633003235	0.280055046082	0.19358086586	0.337101221085	0.381846904755	0.853936910629	0.209487915039	0.456224918365	0.410164117813	0.543902158737	0.173825979233	0.226912975311	
['./treeMaker/main', '-m', '-b']
0.433943986893	0.786764144897	0.348205089569	0.448693990707	1.17129015923	0.25327205658	0.380143880844	0.267380952835	0.737768888474	0.982858896255	0.682965040207	0.201164007187	0.232020139694	0.638556957245	0.23015499115	0.412542104721	0.770489931107	1.15837287903	0.517230987549	0.256330966949	0.841125965118	0.378705978394	0.508098125458	0.261250019073	0.315232038498	0.210207939148	2.44866204262	1.14592409134	0.509878873825	1.25962400436	0.772055864334	1.51365995407	0.679703950882	0.193329811096	0.634782075882	0.579666852951	0.701161146164	0.369661808014	0.439622879028	0.295918941498	0.216413021088	0.361658096313	0.426721096039	0.993724107742	0.237666845322	0.5091381073	0.451210975647	0.579287052155	0.190677165985	0.268159866333	
['./treeMaker/main', '-m', '-w', '1']
0.415832996368	0.687272071838	0.309094190598	0.419096946716	0.991904020309	0.233503818512	0.35747385025	0.258717775345	0.680349111557	0.898526906967	0.593794107437	0.190489053726	0.21168589592	0.577774763107	0.208537817001	0.38175702095	0.718745946884	1.10144901276	0.476366996765	0.258557081223	0.769597053528	0.353142023087	0.443217992783	0.227708101273	0.281511068344	0.176779985428	2.1053378582	0.976475954056	0.438217163086	1.07897996902	0.684746980667	1.33628582954	0.609323978424	0.166820049286	0.576999902725	0.540222883224	0.660140037537	0.321419000626	0.405534982681	0.274268865585	0.19117307663	0.332063913345	0.383706092834	0.895993947983	0.215517044067	0.487962007523	0.426507949829	0.525593042374	0.194707155228	0.238885879517	
['./treeMaker/main', '-m', '-w', '2']
0.421009063721	0.698485136032	0.312610864639	0.431328058243	1.05151391029	0.237313985825	0.36641907692	0.263248205185	0.682610988617	0.86093711853	0.631531953812	0.182567834854	0.211782932281	0.589179039001	0.221387147903	0.361274957657	0.705430984497	1.08993601799	0.459025144577	0.254306077957	0.754351854324	0.364059925079	0.46609711647	0.22848200798	0.308082103729	0.186377048492	2.15145516396	1.0036418438	0.438561916351	1.11093091965	0.654495954514	1.33943390846	0.5950319767	0.171058893204	0.593132019043	0.558612108231	0.673007965088	0.343532085419	0.409464120865	0.259504079819	0.183434963226	0.319560050964	0.366647958755	0.85094499588	0.210030794144	0.467854976654	0.427989006042	0.540139198303	0.185532093048	0.226881980896	
['./treeMaker/main', '-m', '-c', '1']
0.395055770874	0.716278076172	0.336308956146	0.443602085114	0.99972319603	0.233473062515	0.353008031845	0.250061988831	0.675589084625	0.887435913086	0.615869998932	0.193457841873	0.208895921707	0.545985937119	0.208610773087	0.34947013855	0.718264102936	1.07674503326	0.46952009201	0.235391139984	0.754086971283	0.360681056976	0.464868068695	0.246510028839	0.288702011108	0.181612014771	2.13318896294	1.02452993393	0.436564922333	1.06560397148	0.661276102066	1.34968900681	0.589593887329	0.167510986328	0.605240821838	0.54297709465	0.630218029022	0.321341991425	0.382556915283	0.25820684433	0.193110942841	0.332457065582	0.37877202034	0.897942066193	0.212253093719	0.472382068634	0.421556949615	0.509302139282	0.173830032349	0.224432945251	
['./treeMaker/main', '-m', '-c', '2']
0.399122953415	0.683112859726	0.317781925201	0.419420003891	1.03907608986	0.237674951553	0.365932941437	0.260236024857	0.655827999115	0.855911016464	0.637623071671	0.178501844406	0.21419095993	0.58184504509	0.219201087952	0.3580930233	0.73867893219	1.10693407059	0.477874040604	0.250618934631	0.736486911774	0.362049102783	0.464835166931	0.230176925659	0.279026985168	0.176008939743	2.16947889328	1.00042700768	0.416491031647	1.12721586227	0.682051897049	1.4106669426	0.60004901886	0.166089057922	0.579612016678	0.523628950119	0.655745983124	0.340860843658	0.405903100967	0.276912927628	0.18391919136	0.318363904953	0.372537136078	0.850569963455	0.209233999252	0.450253009796	0.405372142792	0.510404109955	0.180955171585	0.248073101044	
['./treeMaker/main', '-m', '-a', '1']
0.431221961975	0.692588806152	0.32296204567	0.428469181061	1.01139497757	0.260446071625	0.364166021347	0.271769046783	0.678494930267	0.877884864807	0.62376499176	0.206073045731	0.235624074936	0.562972068787	0.234283208847	0.36780500412	0.735778093338	1.0878059864	0.484987974167	0.265493869781	0.766812086105	0.378192901611	0.48575592041	0.251636981964	0.295608043671	0.209762096405	2.17136979103	1.04316997528	0.436638116837	1.09336495399	0.682471990585	1.37945389748	0.601630926132	0.181042194366	0.604714155197	0.553755044937	0.683802843094	0.357319831848	0.421696901321	0.279470205307	0.200432062149	0.344429016113	0.393383026123	0.896697998047	0.237326145172	0.501718997955	0.449816942215	0.513396978378	0.204088926315	0.253349065781	
['./treeMaker/main', '-m', '-a', '2']
0.404407978058	0.675444126129	0.320238828659	0.414590835571	1.06576800346	0.250687122345	0.362822055817	0.269619941711	0.67293715477	0.862890005112	0.64189696312	0.178032159805	0.20898604393	0.583884954453	0.209089994431	0.347949028015	0.698967933655	1.098995924	0.453737020493	0.245788097382	0.759551048279	0.357234954834	0.445418119431	0.227599859238	0.27615404129	0.173955917358	2.1711537838	0.988040924072	0.422207832336	1.112885952	0.648943901062	1.34641289711	0.586995840073	0.166002988815	0.616205215454	0.558372974396	0.631400108337	0.324419021606	0.384327173233	0.258210897446	0.184913158417	0.317872047424	0.374176979065	0.850457191467	0.221822977066	0.48269200325	0.411323070526	0.510015964508	0.178151845932	0.238610029221	
