25_1000_5.2e-11_0.0_470000000
25
1000
5.2e-11
0.0
470000000

['./treeMaker/main']
0.0654079914093	0.068213224411	0.0762350559235	0.0651619434357	0.0675430297852	0.0636248588562	0.0717239379883	0.0576729774475	0.0589740276337	0.0700991153717	0.0671319961548	0.0756740570068	0.0681200027466	0.0721309185028	0.0610029697418	0.0624101161957	0.0719470977783	0.0832710266113	0.0707969665527	0.0842621326447	0.0733199119568	0.0747489929199	0.0765089988708	0.0621309280396	0.0718660354614	0.0803761482239	0.0636382102966	0.0799980163574	0.0643489360809	0.0565230846405	0.0631718635559	0.0710220336914	0.0965149402618	0.0684609413147	0.0721530914307	0.0724759101868	0.0629441738129	0.0602278709412	0.060534954071	0.0623729228973	0.0603749752045	0.0615000724792	0.0652530193329	0.0787620544434	0.0662350654602	0.0749788284302	0.0719590187073	0.068097114563	0.0792541503906	0.0659208297729	
['./treeMaker/main', '-b']
0.0802171230316	0.0686218738556	0.0769698619843	0.0693030357361	0.0710780620575	0.0648791790009	0.0749049186707	0.0652890205383	0.0589110851288	0.0670709609985	0.0655219554901	0.0744800567627	0.0661599636078	0.0745990276337	0.0639729499817	0.0656180381775	0.068507194519	0.0816261768341	0.069296836853	0.0709261894226	0.0743010044098	0.0741801261902	0.0790560245514	0.0630190372467	0.0697739124298	0.0760910511017	0.0651378631592	0.0890691280365	0.0640451908112	0.0679988861084	0.0660691261292	0.0707850456238	0.0837140083313	0.0741760730743	0.0744199752808	0.0868139266968	0.057590007782	0.0589098930359	0.0582361221313	0.0604150295258	0.0585880279541	0.059956073761	0.0599789619446	0.0725350379944	0.0627310276031	0.0726420879364	0.0695490837097	0.0736091136932	0.0796058177948	0.0683128833771	
['./treeMaker/main', '-u']
0.0634469985962	0.0663168430328	0.0764570236206	0.0706219673157	0.0687429904938	0.0629780292511	0.0735158920288	0.0765688419342	0.0588619709015	0.0647950172424	0.075621843338	0.0714530944824	0.0629711151123	0.0758709907532	0.0762178897858	0.062824010849	0.070338010788	0.0844399929047	0.0843710899353	0.0718588829041	0.0716009140015	0.0731339454651	0.0774178504944	0.0631098747253	0.0726141929626	0.0670349597931	0.0648000240326	0.0783569812775	0.0620307922363	0.0630040168762	0.0666670799255	0.0740630626678	0.0830929279327	0.0663528442383	0.0704860687256	0.0702409744263	0.0572099685669	0.0582189559937	0.0577211380005	0.0655059814453	0.0611951351166	0.0731978416443	0.0594770908356	0.0872559547424	0.0643241405487	0.0752010345459	0.072676897049	0.0688440799713	0.0909309387207	0.0833730697632	
['./treeMaker/main', '-t', '-r', '1']
0.554639101028	0.569375991821	0.619124889374	0.558042049408	0.577008962631	0.545181035995	0.587304830551	0.488352060318	0.508982181549	0.570112943649	0.550047874451	0.60857796669	0.547576189041	0.644102096558	0.514085054398	0.520153999329	0.531526088715	0.684676885605	0.569324970245	0.581562042236	0.604277849197	0.609745025635	0.615041971207	0.512408018112	0.628685951233	0.537223815918	0.538631916046	0.647203922272	0.531161785126	0.49799489975	0.54749417305	0.582344770432	0.65989112854	0.552534818649	0.590976953506	0.574411869049	0.470613002777	0.483122110367	0.477256059647	0.499163150787	0.519838094711	0.489711046219	0.496114969254	0.639517068863	0.552620887756	0.627640008926	0.572906017303	0.570400953293	0.663690090179	0.553519964218	
['./treeMaker/main', '-t', '-r', '2']
0.759142875671	0.780696153641	0.872035980225	0.749466896057	0.800961971283	0.697225809097	0.838674068451	0.656975984573	0.644695043564	0.706125020981	0.758270025253	0.797121047974	0.699770927429	0.895693063736	0.695796012878	0.712351083755	0.765077829361	1.0281188488	0.821580886841	0.812386035919	0.868595123291	0.873780965805	0.900058984756	0.701946973801	0.786148071289	0.745044946671	0.761825084686	0.926590919495	0.707406997681	0.627139806747	0.730494976044	0.825861930847	0.945297002792	0.764494180679	0.823935985565	0.845483779907	0.622205972672	0.659558057785	0.628665924072	0.687238931656	0.654673099518	0.675359964371	0.69380903244	0.895831823349	0.750420808792	0.812389850616	0.849632978439	0.813807964325	0.909580945969	0.744070053101	
['./treeMaker/main', '-t', '-r', '1', '-N']
0.53188586235	0.5421230793	0.614377975464	0.554819107056	0.601901054382	0.525125980377	0.572346925735	0.511605978012	0.510938167572	0.565229892731	0.546633958817	0.629901170731	0.534405946732	0.611048936844	0.536037921906	0.559128046036	0.542221069336	0.728059053421	0.59259390831	0.571090936661	0.589502096176	0.596265077591	0.635725021362	0.499401092529	0.623195171356	0.529727935791	0.544317960739	0.652186870575	0.528681993484	0.506804943085	0.551018953323	0.611293077469	0.693010091782	0.563790082932	0.572697162628	0.554960012436	0.517132997513	0.48260307312	0.473109006882	0.533025026321	0.519964933395	0.491017103195	0.492573976517	0.599267959595	0.514826059341	0.602816820145	0.601892948151	0.591223955154	0.662611961365	0.557612895966	
['./treeMaker/main', '-t', '-r', '2', '-N']
0.730720043182	0.744798898697	0.875944137573	0.791918992996	0.847548961639	0.680874109268	0.82256603241	0.677548885345	0.679308176041	0.741276979446	0.718254089355	0.809365987778	0.716594934464	0.859823942184	0.722383022308	0.731899023056	0.762917995453	0.999693870544	0.781355142593	0.779772043228	0.830528974533	0.876372098923	0.903315067291	0.677005052567	0.801764011383	0.75585603714	0.726441144943	0.943759918213	0.687931060791	0.640573978424	0.762451171875	0.850912094116	0.984663963318	0.764295816422	0.821401834488	0.841888904572	0.624956846237	0.678787946701	0.657039165497	0.697543144226	0.676414012909	0.708920955658	0.713112831116	0.897644042969	0.747349977493	0.852850914001	0.825558900833	0.809985876083	0.934434890747	0.742754936218	
['./treeMaker/main', '-m']
0.051451921463	0.0549750328064	0.0581979751587	0.0545961856842	0.0557191371918	0.0541131496429	0.0564749240875	0.0543410778046	0.0537390708923	0.0549290180206	0.0551819801331	0.0552759170532	0.0541050434113	0.0574450492859	0.0543630123138	0.0529561042786	0.0532209873199	0.0577139854431	0.0533521175385	0.0548739433289	0.0549559593201	0.0568718910217	0.0585949420929	0.0511980056763	0.0544538497925	0.0515379905701	0.0520749092102	0.0572361946106	0.0517418384552	0.0489001274109	0.052029132843	0.0551249980927	0.0576748847961	0.0551850795746	0.0555911064148	0.0581479072571	0.0536639690399	0.0522849559784	0.0543420314789	0.050411939621	0.0505218505859	0.0520350933075	0.0541679859161	0.0554468631744	0.0529589653015	0.0570380687714	0.0555770397186	0.053108215332	0.0600290298462	0.0539557933807	
['./treeMaker/main', '-m', '-b']
0.054013967514	0.0553019046783	0.0590710639954	0.0557188987732	0.0580530166626	0.0532710552216	0.0558648109436	0.0522208213806	0.0517179965973	0.0552690029144	0.0539491176605	0.057708978653	0.0538051128387	0.0582931041718	0.0539989471436	0.0560259819031	0.0578999519348	0.0631608963013	0.0608139038086	0.052768945694	0.0533800125122	0.054484128952	0.0556578636169	0.0500779151917	0.0535318851471	0.0509068965912	0.0545358657837	0.0578391551971	0.0543200969696	0.0509860515594	0.0518288612366	0.0557661056519	0.0571730136871	0.0547111034393	0.0558450222015	0.0545771121979	0.0496778488159	0.0506250858307	0.0496981143951	0.0494589805603	0.0498220920563	0.0500540733337	0.0498552322388	0.0559678077698	0.0510520935059	0.0592339038849	0.0615050792694	0.0559549331665	0.0646789073944	0.0555160045624	
['./treeMaker/main', '-m', '-w', '1']
0.0531420707703	0.0544850826263	0.0562281608582	0.0525250434875	0.0544469356537	0.0517518520355	0.0541188716888	0.050616979599	0.052227973938	0.0538191795349	0.053375005722	0.0564470291138	0.0521419048309	0.0568261146545	0.0502729415894	0.0536329746246	0.0537559986115	0.0591289997101	0.0549871921539	0.055055141449	0.0564870834351	0.056941986084	0.0568051338196	0.0517981052399	0.056086063385	0.0623509883881	0.0569968223572	0.058042049408	0.0533740520477	0.0514688491821	0.0518300533295	0.066605091095	0.0574018955231	0.0539879798889	0.0537049770355	0.056706905365	0.0504479408264	0.0538139343262	0.0518450737	0.0513219833374	0.0561671257019	0.0528287887573	0.0541350841522	0.0592401027679	0.0551040172577	0.0568389892578	0.0576469898224	0.0560810565948	0.0580260753632	0.0572588443756	
['./treeMaker/main', '-m', '-w', '2']
0.0516738891602	0.052225112915	0.0554320812225	0.0518691539764	0.0535569190979	0.0634360313416	0.0555908679962	0.0513401031494	0.0519840717316	0.0539479255676	0.0532348155975	0.0566141605377	0.0526440143585	0.0653789043427	0.049684047699	0.0534369945526	0.0533730983734	0.0590770244598	0.0556819438934	0.0573170185089	0.0565118789673	0.0568249225616	0.0608880519867	0.0533308982849	0.0556361675262	0.0526959896088	0.0533299446106	0.058648109436	0.0521910190582	0.060065984726	0.0515420436859	0.0569658279419	0.0610120296478	0.0527589321136	0.0555920600891	0.0577969551086	0.0508608818054	0.0519859790802	0.0514109134674	0.051509141922	0.0539038181305	0.0504779815674	0.0511069297791	0.0600922107697	0.0539600849152	0.056972026825	0.0553991794586	0.05406498909	0.058089017868	0.05446600914	
['./treeMaker/main', '-m', '-c', '1']
0.0529270172119	0.052013874054	0.0566339492798	0.0555598735809	0.0528891086578	0.0514461994171	0.055300951004	0.0522351264954	0.0505878925323	0.0512161254883	0.0536029338837	0.055732011795	0.0532178878784	0.056930065155	0.0553109645844	0.0519170761108	0.0644648075104	0.0598919391632	0.0552690029144	0.0510928630829	0.0526070594788	0.0535960197449	0.0548980236053	0.0494890213013	0.0524661540985	0.050017118454	0.0505130290985	0.055596113205	0.0502450466156	0.0472021102905	0.0503470897675	0.0533030033112	0.0546410083771	0.0513939857483	0.0517840385437	0.0529451370239	0.0473208427429	0.0479228496552	0.047874212265	0.0486478805542	0.0480940341949	0.0479638576508	0.0480709075928	0.0534639358521	0.0504829883575	0.0566079616547	0.0550401210785	0.0559561252594	0.0594928264618	0.0550541877747	
['./treeMaker/main', '-m', '-c', '2']
0.0541450977325	0.0560348033905	0.0559818744659	0.0556819438934	0.0561189651489	0.0514030456543	0.0552320480347	0.0523519515991	0.0533730983734	0.0545430183411	0.053200006485	0.0589489936829	0.0565340518951	0.0583410263062	0.0515899658203	0.0553178787231	0.061420917511	0.0592629909515	0.0535819530487	0.0538668632507	0.0557680130005	0.0539071559906	0.0548820495605	0.0550861358643	0.0554928779602	0.0498740673065	0.052680015564	0.0577819347382	0.0523338317871	0.0494349002838	0.0525250434875	0.0558359622955	0.0558199882507	0.0563390254974	0.0554962158203	0.057587146759	0.0529479980469	0.0536930561066	0.0516421794891	0.0552840232849	0.0541110038757	0.051412820816	0.0523281097412	0.0602209568024	0.0556380748749	0.0555169582367	0.0663781166077	0.0576860904694	0.0711109638214	0.0648589134216	
['./treeMaker/main', '-m', '-a', '1']
0.0718519687653	0.0714809894562	0.0725491046906	0.0685148239136	0.0682790279388	0.0668430328369	0.0682969093323	0.0681190490723	0.0823199748993	0.0667910575867	0.0677111148834	0.0700621604919	0.0682508945465	0.0725529193878	0.0678420066833	0.0684809684753	0.0791549682617	0.0875420570374	0.0726368427277	0.0868000984192	0.0687649250031	0.0760350227356	0.0738468170166	0.0675330162048	0.0678658485413	0.0680148601532	0.0682640075684	0.0807559490204	0.0677931308746	0.067804813385	0.06889295578	0.0710361003876	0.0769929885864	0.0733029842377	0.0748698711395	0.0746848583221	0.0664811134338	0.0667150020599	0.0685429573059	0.0669901371002	0.0661838054657	0.065770149231	0.0807979106903	0.0728662014008	0.0695190429688	0.0713708400726	0.0684518814087	0.0676109790802	0.0719048976898	0.0672719478607	
['./treeMaker/main', '-m', '-a', '2']
0.0512318611145	0.0521640777588	0.0547919273376	0.0514080524445	0.0526149272919	0.0501170158386	0.0525050163269	0.0489480495453	0.0495040416718	0.051078081131	0.0525090694427	0.0554220676422	0.0523269176483	0.0558860301971	0.0515270233154	0.0522708892822	0.0530459880829	0.0583190917969	0.0540499687195	0.0549120903015	0.0556409358978	0.0573680400848	0.0577750205994	0.0513699054718	0.0553879737854	0.0552380084991	0.0514237880707	0.0582730770111	0.0624101161957	0.048436164856	0.0534589290619	0.0559320449829	0.0600309371948	0.0525200366974	0.0551631450653	0.0570011138916	0.0507869720459	0.0506100654602	0.0506010055542	0.0507979393005	0.0506401062012	0.0502369403839	0.0503878593445	0.0561830997467	0.0526080131531	0.0551178455353	0.0548179149628	0.0530319213867	0.0577960014343	0.0508639812469	
