25_1000_1.9e-10_0.0_470000000
25
1000
1.9e-10
0.0
470000000

['./treeMaker/main']
0.324215173721	0.216078042984	0.65558886528	0.283616065979	0.349828004837	0.595986127853	0.266714096069	0.492805957794	0.203177928925	0.14635014534	0.6088950634	0.451135873795	0.798256158829	0.331411123276	0.703938007355	2.17129206657	0.527356863022	0.326545000076	0.173994064331	1.07137393951	0.792090892792	0.181036949158	0.411190032959	0.601026058197	2.93228197098	0.254179000854	0.274641036987	1.20038604736	0.250241041183	0.456176996231	0.725715875626	0.527330875397	0.398437976837	0.181343078613	0.238904953003	0.318035840988	0.619900941849	0.268450021744	0.244755983353	0.95378613472	0.572468996048	0.317789077759	0.355206012726	0.578461170197	0.248173952103	2.26202607155	0.253769874573	0.904496192932	0.58295416832	0.876976013184	
['./treeMaker/main', '-b']
0.323662042618	0.219233989716	0.714662075043	0.325505018234	0.344940185547	0.60640001297	0.279489040375	0.526866197586	0.223614215851	0.147691011429	0.616592884064	0.483830928802	0.776445150375	0.326289176941	0.743210077286	1.96797013283	0.55309009552	0.337145090103	0.177137136459	1.04326295853	0.833838939667	0.191279888153	0.393418073654	0.596330881119	2.95559883118	0.242290973663	0.266367912292	1.18010187149	0.248776912689	0.488299131393	0.741543054581	0.517981052399	0.441820859909	0.193270921707	0.236591100693	0.349954128265	0.664708137512	0.249434947968	0.259387969971	0.973651885986	0.60116481781	0.333904981613	0.356450080872	0.569447994232	0.263980150223	2.18646287918	0.281677007675	0.928074836731	0.576437950134	0.939732074738	
['./treeMaker/main', '-u']
0.34639787674	0.234485149384	0.706007003784	0.285146951675	0.331122875214	0.552782058716	0.277620077133	0.495172977448	0.216755867004	0.152654886246	0.624454021454	0.464557886124	0.823556900024	0.327694892883	0.761381149292	2.1980650425	0.556526899338	0.329716920853	0.176581144333	1.09273600578	0.77800989151	0.200515985489	0.411401987076	0.557103872299	2.8205909729	0.226773023605	0.291470050812	1.10133600235	0.237486124039	0.446933031082	0.730739116669	0.511521100998	0.396930217743	0.182157039642	0.252809047699	0.349565029144	0.632879018784	0.257525920868	0.256067991257	0.888011932373	0.574790000916	0.306765079498	0.335855960846	0.561049938202	0.249615192413	2.10029506683	0.255770921707	0.893519163132	0.577280044556	0.952962875366	
['./treeMaker/main', '-t', '-r', '1']
1.93319797516	1.46003508568	2.86174106598	1.76792907715	1.91571092606	2.64774703979	1.67337012291	2.43093490601	1.39897894859	1.09585905075	2.60723614693	2.34439396858	3.0166079998	1.90306591988	2.91108012199	5.35401892662	2.54887700081	1.81984496117	1.22959184647	3.71840500832	3.16862392426	1.32384586334	2.09336709976	2.63407897949	5.95336413383	1.51214790344	1.67695498466	3.87654709816	1.57865905762	2.27502512932	2.94153285027	2.35386109352	2.23331999779	1.25514006615	1.53837800026	1.70392203331	2.88499307632	1.60878014565	1.58832097054	3.52133512497	2.67723917961	1.78308415413	1.98314404488	2.6348490715	1.59891915321	5.52064609528	1.63152599335	3.20702600479	2.52212500572	3.11147093773	
['./treeMaker/main', '-t', '-r', '2']
3.0664999485	2.33196282387	4.61406588554	2.71500301361	3.21555495262	4.23824000359	2.62356281281	3.90170693398	2.1045498848	1.56137895584	4.45732998848	3.7439827919	5.49273705482	2.92876696587	4.87332701683	8.25946497917	4.08910298347	2.92972111702	1.86304116249	5.45601606369	5.36962294579	2.06743192673	3.4570069313	4.36708593369	11.0723178387	2.37880516052	2.61696791649	6.06508398056	2.42563986778	3.79126310349	4.64673805237	3.98656797409	3.46912908554	1.98212409019	2.41363716125	3.12781095505	4.48572897911	2.51045608521	2.59977293015	5.31637692451	4.22614598274	3.03727698326	3.29509186745	4.00191092491	2.66408491135	8.45171999931	2.57884597778	5.7867410183	4.41325998306	5.88996696472	
['./treeMaker/main', '-t', '-r', '1', '-N']
1.89870595932	1.46155595779	2.89660000801	1.77241611481	1.90709590912	2.65462303162	1.64841294289	2.4608938694	1.37105083466	1.07414913177	2.59945702553	2.32775497437	2.99864292145	1.88684892654	2.95993900299	5.23325991631	2.55033111572	1.90768790245	1.24875092506	3.71883416176	3.1891450882	1.27011489868	2.1221139431	2.75518894196	5.84655404091	1.46789598465	1.73518013954	3.84270906448	1.6737818718	2.44271683693	2.92992901802	2.3661608696	2.27347302437	1.31214284897	1.53586506844	1.65407991409	2.92727303505	1.67034983635	1.65573310852	3.51680207253	2.71588301659	1.79432797432	2.00415205956	2.64359998703	1.59270501137	5.4921169281	1.58809614182	3.21821308136	2.49758791924	3.07946205139	
['./treeMaker/main', '-t', '-r', '2', '-N']
3.06709384918	2.34580397606	4.62339997292	2.72187590599	3.14823412895	4.29734706879	2.64575409889	3.86208200455	2.05974197388	1.57475399971	4.46477103233	3.74864792824	5.43428683281	2.9503569603	4.94125413895	8.36001110077	4.12444901466	2.99515604973	1.82274603844	5.52894616127	5.20628905296	2.03111600876	3.41476416588	4.25391888618	10.950245142	2.36324214935	2.60070610046	6.2625849247	2.40871286392	3.78715395927	4.62794995308	4.08505702019	3.49177289009	2.03409004211	2.34603595734	3.13439416885	4.37920308113	2.49860191345	2.50551009178	5.31731510162	4.21921515465	3.02038216591	3.26585507393	3.99543690681	2.6454949379	8.62613916397	2.60980081558	5.64882707596	4.29962801933	5.85754203796	
['./treeMaker/main', '-m']
0.11066699028	0.0931749343872	0.137495994568	0.100429058075	0.125928878784	0.119585990906	0.0926189422607	0.127655029297	0.086522102356	0.0735261440277	0.123377084732	0.125434875488	0.141926050186	0.101733922958	0.128109931946	0.180848836899	0.119373083115	0.102957010269	0.0822358131409	0.147269964218	0.130717992783	0.0793271064758	0.104658842087	0.114606142044	0.221578121185	0.0917730331421	0.096981048584	0.15055680275	0.0940341949463	0.113505840302	0.128811120987	0.112914800644	0.10574889183	0.0925660133362	0.0882668495178	0.10585308075	0.123541116714	0.0907328128815	0.0933408737183	0.151584863663	0.125144004822	0.104244947433	0.122334003448	0.122783899307	0.0975351333618	0.182400941849	0.0939009189606	0.157603025436	0.11814904213	0.139981031418	
['./treeMaker/main', '-m', '-b']
0.105247020721	0.0886459350586	0.148016929626	0.11231803894	0.105060100555	0.127390146255	0.0984010696411	0.133282184601	0.0861608982086	0.0765838623047	0.129343986511	0.133919000626	0.151802062988	0.103987932205	0.147697925568	0.20246887207	0.134341001511	0.111313819885	0.091068983078	0.154173135757	0.14031291008	0.0859339237213	0.111661195755	0.131365060806	0.244565010071	0.0915229320526	0.0935950279236	0.154296159744	0.0960340499878	0.116821050644	0.135529994965	0.124749898911	0.115828037262	0.0993499755859	0.107074022293	0.120738983154	0.142670869827	0.113185167313	0.108453989029	0.145330905914	0.135475873947	0.112622976303	0.117836952209	0.129747152328	0.10257101059	0.204726934433	0.105833053589	0.15749001503	0.13512802124	0.151908159256	
['./treeMaker/main', '-m', '-w', '1']
0.105605840683	0.091903924942	0.135947942734	0.103165149689	0.110363006592	0.122647047043	0.0977039337158	0.122457027435	0.0893790721893	0.0776450634003	0.129717111588	0.119709014893	0.156855106354	0.113146066666	0.132848978043	0.189744949341	0.113018035889	0.0969939231873	0.0842459201813	0.154018878937	0.129982948303	0.0871031284332	0.113352060318	0.126034975052	0.222002029419	0.0864400863647	0.0945551395416	0.152252197266	0.0859241485596	0.108061075211	0.133332014084	0.111871004105	0.109606027603	0.0964078903198	0.0875480175018	0.10470700264	0.13286113739	0.0909581184387	0.0927829742432	0.148329973221	0.125033855438	0.104021072388	0.108641147614	0.130274057388	0.106236934662	0.188332796097	0.0927419662476	0.145112037659	0.125796794891	0.14254117012	
['./treeMaker/main', '-m', '-w', '2']
0.116676092148	0.091099023819	0.134124040604	0.0998511314392	0.107939958572	0.131195783615	0.0960519313812	0.118047952652	0.0855038166046	0.0742490291595	0.128612041473	0.111070871353	0.136433839798	0.0978138446808	0.127434015274	0.190547943115	0.114990949631	0.098888874054	0.0787010192871	0.152654886246	0.146730184555	0.0906841754913	0.108435153961	0.123815059662	0.229295015335	0.0931839942932	0.0910789966583	0.152722120285	0.0888240337372	0.110877990723	0.127950906754	0.124037027359	0.114619970322	0.0804240703583	0.0927159786224	0.111032009125	0.126392841339	0.0938739776611	0.0967729091644	0.147395849228	0.120882034302	0.0990791320801	0.102871894836	0.115571022034	0.0937218666077	0.193920850754	0.0992288589478	0.147471904755	0.129329919815	0.150463104248	
['./treeMaker/main', '-m', '-c', '1']
0.108898878098	0.0922100543976	0.135354995728	0.104262113571	0.102090835571	0.116851091385	0.0914590358734	0.115302085876	0.0843849182129	0.0721099376678	0.138700008392	0.115566968918	0.141769886017	0.0986568927765	0.134229183197	0.18780207634	0.113039970398	0.114003896713	0.0775671005249	0.143128871918	0.131452083588	0.0797679424286	0.105505943298	0.116636037827	0.207440137863	0.0915081501007	0.0950400829315	0.152928113937	0.0920090675354	0.114196062088	0.133424043655	0.117132902145	0.109533786774	0.0851190090179	0.090892791748	0.10385799408	0.118875980377	0.103152990341	0.0982539653778	0.145173072815	0.128628969193	0.101078033447	0.110034942627	0.121266126633	0.0968141555786	0.187525987625	0.106765985489	0.139309167862	0.124296188354	0.147840023041	
['./treeMaker/main', '-m', '-c', '2']
0.0998702049255	0.0856950283051	0.126671075821	0.097825050354	0.101788043976	0.114777088165	0.0930540561676	0.116647005081	0.0871410369873	0.0766928195953	0.127467155457	0.111619949341	0.13476395607	0.102241039276	0.13299202919	0.18003988266	0.115128040314	0.105009078979	0.077183008194	0.150739908218	0.137369155884	0.0797770023346	0.107396125793	0.12221288681	0.218940019608	0.0907330513	0.0904541015625	0.150990009308	0.0916800498962	0.113631010056	0.127744913101	0.110798120499	0.103753089905	0.0833399295807	0.0914850234985	0.125118017197	0.118431091309	0.0921750068665	0.0958230495453	0.140737056732	0.124946832657	0.104085922241	0.104010105133	0.11473608017	0.0920748710632	0.179512023926	0.0991408824921	0.14546084404	0.124884128571	0.165665149689	
['./treeMaker/main', '-m', '-a', '1']
0.130873918533	0.106276988983	0.150027036667	0.124674081802	0.118067026138	0.146326065063	0.122836112976	0.125523805618	0.0979931354523	0.0857529640198	0.136922121048	0.132243156433	0.158324956894	0.118468999863	0.148902177811	0.210848093033	0.136552095413	0.119855880737	0.0989861488342	0.166875123978	0.153066158295	0.112654924393	0.120949983597	0.131519794464	0.23740696907	0.103215932846	0.106307983398	0.160356044769	0.10791182518	0.126127004623	0.151362895966	0.128845930099	0.135707855225	0.0988790988922	0.118902921677	0.135715007782	0.143871068954	0.119213104248	0.112604856491	0.157952070236	0.1482899189	0.117479801178	0.133604049683	0.137296915054	0.113826990128	0.204066991806	0.121485948563	0.173450946808	0.143800020218	0.164141178131	
['./treeMaker/main', '-m', '-a', '2']
0.104998111725	0.0907468795776	0.13313794136	0.0958399772644	0.103595972061	0.115891933441	0.0912158489227	0.110631942749	0.0989489555359	0.0746870040894	0.127820014954	0.111423015594	0.135031938553	0.102442026138	0.133405923843	0.197854995728	0.120234966278	0.103203058243	0.0824511051178	0.150823116302	0.13032412529	0.0852761268616	0.115406036377	0.123589992523	0.222470998764	0.0878100395203	0.0903191566467	0.146772861481	0.0914700031281	0.113385915756	0.145581007004	0.118127822876	0.114959001541	0.0870640277863	0.0856070518494	0.109517097473	0.119331121445	0.088164806366	0.0980310440063	0.141227960587	0.125386953354	0.104396104813	0.108716011047	0.130955934525	0.0934669971466	0.180962085724	0.0936210155487	0.137615919113	0.119376897812	0.142827033997	
