25_1000_4.9e-10_4.9e-10_470000000_cut_1
25
1000
4.9e-10
4.9e-10
470000000
cut_1
['./treeMaker/main']
0.112519979477	0.239914894104	0.257349014282	0.124927997589	0.165637016296	0.107363939285	0.160557031631	0.17992401123	0.16455411911	0.156079053879	0.149789094925	0.162894964218	0.156917095184	0.129262924194	0.123531103134	0.104863166809	0.20165014267	0.44419503212	0.131206989288	0.115299940109	0.137237071991	0.109858989716	0.195246219635	0.298045873642	0.263828992844	0.106204986572	0.190229892731	0.12797498703	0.0843939781189	0.096225976944	0.389429092407	0.151700019836	1.49958992004	0.141664028168	0.053004026413	0.201696157455	0.138871908188	0.130034923553	0.104717969894	0.299919843674	0.131757974625	0.18448805809	1.01037406921	0.105553865433	0.19903087616	0.123687028885	0.0445728302002	0.0920901298523	0.0954840183258	0.601838827133	
['./treeMaker/main', '-b']
0.112056016922	0.232867002487	0.261632919312	0.124130010605	0.171188831329	0.11313700676	0.169576883316	0.199904918671	0.168540000916	0.140295028687	0.150936126709	0.177362203598	0.1568338871	0.133116960526	0.130182981491	0.116148948669	0.220242977142	0.42636013031	0.134731054306	0.118196964264	0.144596815109	0.11443901062	0.189887046814	0.306030988693	0.264809131622	0.109746932983	0.199651956558	0.13072013855	0.0872478485107	0.0991048812866	0.379622936249	0.153825998306	1.46959900856	0.143481969833	0.055183172226	0.208479881287	0.146189928055	0.132616996765	0.107668161392	0.321530103683	0.120292186737	0.189018964767	1.11533999443	0.105568170547	0.196743011475	0.118865013123	0.043105840683	0.0941970348358	0.0971260070801	0.604579925537	
['./treeMaker/main', '-u']
0.107572078705	0.228579044342	0.243304014206	0.125273942947	0.156208992004	0.112854957581	0.181468009949	0.199974060059	0.172953128815	0.144649982452	0.136986970901	0.168291091919	0.155424118042	0.14941906929	0.127659797668	0.107928991318	0.20968914032	0.452179908752	0.136078834534	0.121536970139	0.158150911331	0.128906011581	0.186414003372	0.27662396431	0.243618965149	0.107761859894	0.190237045288	0.128256082535	0.0982940196991	0.0996680259705	0.363175153732	0.153537034988	1.54854607582	0.145215034485	0.0522980690002	0.201568126678	0.160634994507	0.13249206543	0.11038684845	0.316322088242	0.119282960892	0.185229063034	1.01470398903	0.118583917618	0.19970202446	0.113616943359	0.0422258377075	0.0919001102448	0.100471973419	0.602730035782	
['./treeMaker/main', '-t', '-r', '1']
1.00835895538	1.70092511177	1.81065607071	1.13401699066	1.30029010773	1.00038385391	1.40036702156	1.52450489998	1.39059400558	1.3059899807	1.17194700241	1.41487383842	1.29413890839	1.20794916153	1.16745305061	0.964249849319	1.60130810738	2.45183897018	1.13715195656	1.02250313759	1.24386119843	1.0939180851	1.4707300663	1.80272698402	1.81323099136	1.00305700302	1.65517401695	1.14398097992	0.88684296608	0.948867082596	2.36270308495	1.28688216209	4.9637401104	1.22323513031	0.554356098175	1.43228197098	1.25075984001	1.21759700775	1.04682397842	2.10357713699	1.05818104744	1.46341204643	3.81558084488	0.965142965317	1.69347810745	1.08985900879	0.433900117874	0.941233158112	0.865183115005	2.73156499863	
['./treeMaker/main', '-t', '-r', '2']
1.83340716362	3.14195299149	3.16775512695	1.95078206062	2.1989440918	1.86554408073	2.30110692978	2.55995607376	2.5786318779	2.1690530777	2.3290040493	2.39478397369	2.52433204651	2.17048692703	2.02202701569	1.60266399384	2.98697209358	5.08487606049	2.19149017334	1.91347694397	2.17021179199	1.92849516869	2.60943388939	3.57324385643	3.27748298645	1.90905594826	2.68822193146	2.20485305786	1.42619395256	1.67236304283	4.20965909958	2.32550883293	8.35824918747	2.17502498627	0.933413028717	3.05458807945	2.14443707466	2.00331878662	1.7528591156	3.67219400406	1.93490481377	2.85554790497	7.10013794899	1.56961989403	2.80257606506	1.83255815506	0.744076013565	1.60407090187	1.68715810776	5.71216988564	
['./treeMaker/main', '-t', '-r', '1', '-N']
1.04093885422	1.74846482277	1.73226308823	1.13548207283	1.2757871151	1.01427912712	1.43577194214	1.53003191948	1.3846039772	1.31669092178	1.13098597527	1.39069390297	1.28271794319	1.20032286644	1.16790986061	1.00803899765	1.64660000801	2.39682388306	1.19644904137	1.0786459446	1.28950500488	1.07557201385	1.44698500633	1.81505417824	1.78831481934	1.0068089962	1.62048411369	1.18049693108	0.875509977341	0.95022892952	2.35240101814	1.305727005	5.00052690506	1.29914712906	0.561424016953	1.378469944	1.30080795288	1.18535900116	1.04046607018	2.10851478577	1.09921789169	1.46931600571	3.78657698631	0.933886051178	1.67272496223	1.09564185143	0.436210870743	0.94762301445	0.908522129059	2.74099802971	
['./treeMaker/main', '-t', '-r', '2', '-N']
1.8418841362	3.11341500282	3.21664595604	1.93753695488	2.23003697395	1.8922021389	2.3601539135	2.58585309982	2.57889580727	2.09833598137	2.38220191002	2.36202502251	2.51430511475	2.22493696213	2.05773711205	1.62544798851	3.0473048687	4.86045789719	2.13273191452	1.96622109413	2.15518403053	1.93737983704	2.58112812042	3.63612794876	3.37960195541	1.96410179138	2.64896583557	2.20220899582	1.34602284431	1.62353897095	4.22953796387	2.31929397583	8.41051197052	2.1801970005	0.994349002838	3.04445886612	2.13916397095	2.00666499138	1.70328712463	3.640843153	1.94941902161	2.98674416542	7.03531002998	1.5743868351	2.84582209587	1.85539484024	0.775819063187	1.60521697998	1.7249109745	5.72071385384	
['./treeMaker/main', '-m']
0.0456390380859	0.0661809444427	0.0681011676788	0.050136089325	0.0556888580322	0.0481488704681	0.0562710762024	0.0589559078217	0.0596070289612	0.0518190860748	0.0524959564209	0.0535809993744	0.053405046463	0.0505640506744	0.0482559204102	0.0434601306915	0.0623610019684	0.0849618911743	0.050938129425	0.0480849742889	0.0543191432953	0.0496571063995	0.0643060207367	0.0736939907074	0.0740809440613	0.0445961952209	0.0577960014343	0.050323009491	0.0401802062988	0.0426168441772	0.0755767822266	0.0533709526062	0.128618955612	0.0516240596771	0.0316178798676	0.0651710033417	0.0516290664673	0.0493040084839	0.0441219806671	0.0745630264282	0.0479159355164	0.0616748332977	0.118122816086	0.0438339710236	0.0576250553131	0.0464379787445	0.0270881652832	0.041809797287	0.0440309047699	0.0955579280853	
['./treeMaker/main', '-m', '-b']
0.0485880374908	0.0717620849609	0.0719840526581	0.0525600910187	0.0600888729095	0.0511260032654	0.0607800483704	0.0629229545593	0.0750730037689	0.0672831535339	0.0603089332581	0.060751914978	0.0692749023438	0.0564548969269	0.0545248985291	0.0482411384583	0.0677330493927	0.0940008163452	0.0556728839874	0.0539660453796	0.0562269687653	0.0509707927704	0.0646231174469	0.0754780769348	0.074324131012	0.0496430397034	0.0652611255646	0.0564830303192	0.0446608066559	0.0476260185242	0.0838899612427	0.0592098236084	0.139116048813	0.0583219528198	0.0329968929291	0.0827600955963	0.0560729503632	0.0582909584045	0.049535036087	0.0787389278412	0.0523781776428	0.068755865097	0.13059592247	0.05029296875	0.0673089027405	0.051087141037	0.0331289768219	0.0470509529114	0.0489590167999	0.109332084656	
['./treeMaker/main', '-m', '-w', '1']
0.051069021225	0.0678839683533	0.0689699649811	0.052109003067	0.0574300289154	0.0500199794769	0.0568549633026	0.0742168426514	0.0583899021149	0.0512108802795	0.0536279678345	0.0552740097046	0.0549318790436	0.0518460273743	0.0496518611908	0.0447950363159	0.0639600753784	0.0876860618591	0.052502155304	0.0493230819702	0.0521640777588	0.0474400520325	0.0594651699066	0.0720500946045	0.0700759887695	0.0439970493317	0.0574979782104	0.0500979423523	0.0402431488037	0.0428781509399	0.0755500793457	0.0530879497528	0.140954971313	0.0525929927826	0.0327610969543	0.066859960556	0.0529999732971	0.0504729747772	0.0451691150665	0.0733098983765	0.0477290153503	0.0586321353912	0.124029874802	0.0456621646881	0.0575170516968	0.0465030670166	0.0273590087891	0.0411441326141	0.0429079532623	0.0957870483398	
['./treeMaker/main', '-m', '-w', '2']
0.0587911605835	0.0633969306946	0.0720241069794	0.0528769493103	0.0603630542755	0.0481951236725	0.0564880371094	0.0602080821991	0.0721969604492	0.054890871048	0.0556490421295	0.058849811554	0.0579578876495	0.053493976593	0.0617301464081	0.0464100837708	0.0674171447754	0.0846359729767	0.0512351989746	0.0479938983917	0.0505859851837	0.0600018501282	0.0662980079651	0.0725209712982	0.0679159164429	0.0462701320648	0.0582091808319	0.0517399311066	0.0438809394836	0.0494141578674	0.0794219970703	0.055860042572	0.134484767914	0.0538728237152	0.032368183136	0.0676491260529	0.053964138031	0.0512309074402	0.0460951328278	0.0741500854492	0.048259973526	0.0595459938049	0.114208936691	0.0592269897461	0.066486120224	0.0483448505402	0.027204990387	0.0412669181824	0.0466232299805	0.0997729301453	
['./treeMaker/main', '-m', '-c', '1']
0.0442759990692	0.0685667991638	0.0729939937592	0.0525479316711	0.0607471466064	0.0496740341187	0.0578451156616	0.060210943222	0.0613441467285	0.0541019439697	0.0564069747925	0.0578451156616	0.0575799942017	0.0544002056122	0.0511498451233	0.0463769435883	0.0690889358521	0.0869669914246	0.0565721988678	0.0542509555817	0.0576560497284	0.0519411563873	0.0648670196533	0.0740110874176	0.0796699523926	0.0474190711975	0.0631730556488	0.0556828975677	0.044862985611	0.0455429553986	0.0767948627472	0.0535881519318	0.140862941742	0.0516929626465	0.0313310623169	0.0651381015778	0.0646021366119	0.0493490695953	0.0439870357513	0.0712490081787	0.0598111152649	0.0635080337524	0.120843887329	0.0609269142151	0.0568170547485	0.0462460517883	0.0269470214844	0.0410680770874	0.0424530506134	0.09539103508	
['./treeMaker/main', '-m', '-c', '2']
0.0451710224152	0.0628640651703	0.0648338794708	0.047758102417	0.0528919696808	0.045905828476	0.0535061359406	0.0560741424561	0.0566380023956	0.0494539737701	0.0518369674683	0.0527749061584	0.0528371334076	0.0499351024628	0.0620200634003	0.0474247932434	0.0686771869659	0.0895600318909	0.0542991161346	0.0543141365051	0.0534708499908	0.0531289577484	0.0599598884583	0.073842048645	0.075544834137	0.0482590198517	0.0600690841675	0.064090013504	0.0386400222778	0.0422189235687	0.0754261016846	0.0520040988922	0.132630825043	0.0526721477509	0.0317320823669	0.0868599414825	0.0523879528046	0.050225019455	0.0451769828796	0.0728118419647	0.0585918426514	0.0602390766144	0.115790128708	0.0469439029694	0.0628571510315	0.0520298480988	0.0273830890656	0.0424530506134	0.0442740917206	0.0990288257599	
['./treeMaker/main', '-m', '-a', '1']
0.0506319999695	0.068186044693	0.0710890293121	0.055214881897	0.0589249134064	0.0517258644104	0.0596129894257	0.0627059936523	0.0634648799896	0.0550019741058	0.0583090782166	0.0590670108795	0.0593039989471	0.064728975296	0.0535628795624	0.0503289699554	0.0717508792877	0.0925688743591	0.0573570728302	0.0518000125885	0.0544719696045	0.0491740703583	0.0614020824432	0.0732929706573	0.0724329948425	0.0499501228333	0.0628080368042	0.0562160015106	0.0444378852844	0.0485329627991	0.0822508335114	0.0580480098724	0.13075709343	0.0575859546661	0.0357189178467	0.0698029994965	0.0550329685211	0.052316904068	0.046797990799	0.0794951915741	0.0516831874847	0.0778021812439	0.120100021362	0.0492739677429	0.0615940093994	0.0510821342468	0.0311391353607	0.0452888011932	0.047434091568	0.0997719764709	
['./treeMaker/main', '-m', '-a', '2']
0.0456650257111	0.0636079311371	0.0653169155121	0.0485260486603	0.0542538166046	0.0476109981537	0.0557940006256	0.0582761764526	0.0590310096741	0.0511879920959	0.0536198616028	0.054918050766	0.0550818443298	0.0519168376923	0.049870967865	0.0449290275574	0.0637969970703	0.0875768661499	0.051717042923	0.0482280254364	0.0544648170471	0.0502707958221	0.0613300800323	0.0754361152649	0.075896024704	0.0459499359131	0.0572330951691	0.0531530380249	0.040990114212	0.044154882431	0.0784380435944	0.054074048996	0.129096031189	0.0517549514771	0.031396150589	0.0649509429932	0.0623848438263	0.0494360923767	0.0474681854248	0.0739119052887	0.0492739677429	0.065847158432	0.134212970734	0.0448758602142	0.0581459999084	0.0469291210175	0.0274109840393	0.0415370464325	0.0430278778076	0.0952877998352	
