25_1000_4.9e-10_0.0_470000000
25
1000
4.9e-10
0.0
470000000

['./treeMaker/main']
32.04063797	23.0924170017	2303.60420394	33.0188670158	94.3185050488	368.361175776	20.4737639427	33.3270730972	190.654711962	61.8742721081	158.834731102	35.8482160568	91.1141149998	82.2374689579	33.2124731541	23.9391329288	86.8875870705	114.833751917	1.10958194733	192.591007948	16.9673929214	15.4009540081	22.8975849152	6.68938684464	414.188884974	27.219408989	42.0205609798	7.53740906715	14.17948699	5.48442006111	25.267827034	47.1726999283	4.64375686646	963.065055847	12.5745651722	12.5613720417	246.855854034	100.977281094	25.2283489704	75.9635419846	10.5237979889	22.1685390472	454.163192987	44.5921230316	21.1394989491	302.896738052	38.8608880043	9.70873594284	28.6997671127	106.841274023	
['./treeMaker/main', '-b']
33.3127510548	23.8793880939	2328.64566112	32.9815011024	97.6976058483	412.657588959	24.2392401695	39.3065290451	204.70864296	72.6096589565	168.9339571	38.3592209816	105.324072838	94.0594649315	37.1521799564	24.7316739559	97.6331748962	133.097790003	0.933377027512	222.280237913	19.117784977	17.1622378826	25.9891200066	7.84011220932	450.51742506	27.6859409809	47.5550439358	7.87384295464	15.3774380684	5.59074497223	25.3703799248	53.5196859837	5.05237412453	977.074320078	14.262114048	13.2702269554	288.282397032	114.440672874	25.828963995	79.0938727856	11.6092989445	24.7747330666	509.883215904	51.3705718517	21.5642571449	342.181569099	45.4151511192	11.0655329227	32.3888440132	113.803664923	
['./treeMaker/main', '-u']
33.2900090218	25.5017588139	2469.32242179	32.5554180145	96.1696681976	367.154520035	21.2406620979	34.0973260403	177.322365046	62.1414189339	144.645758867	36.7561819553	91.622494936	83.0802109241	33.5743370056	27.4217050076	99.3247790337	122.821213961	0.915239095688	222.356392145	18.873996973	16.1793539524	24.4597358704	7.69099116325	473.314790964	30.1619439125	47.4229168892	8.41158413887	16.0723619461	5.59862709045	28.5378069878	49.8648607731	5.0534529686	1068.53581214	14.745650053	13.4261300564	250.866887093	110.434802055	25.5461280346	77.1020610332	11.7361052036	22.4353611469	509.593379974	48.9152140617	21.6543719769	339.97973299	40.1215429306	10.9573149681	29.1495769024	121.721511841	
['./treeMaker/main', '-t', '-r', '1']
27.5774757862	22.9478578568	314.708026886	26.4773719311	51.0392057896	113.891662121	21.0649781227	27.0758709908	66.8706321716	36.8117268085	59.2998559475	27.5540618896	49.9290537834	42.8012580872	26.0748391151	23.0792388916	49.0240688324	52.9029550552	3.65504193306	78.1969058514	18.7161500454	17.2991170883	22.8971419334	11.1890821457	109.890681028	23.0500941277	29.754308939	11.6944310665	15.4957129955	9.35313487053	22.3376760483	32.9789848328	8.70541286469	206.748195171	15.4148771763	15.2729830742	81.8361501694	48.6484429836	23.3305139542	41.1012921333	13.5271859169	20.6263439655	119.850996017	31.7479088306	21.6940710545	102.403658867	29.9345600605	13.2171139717	25.502696991	55.0930430889	
['./treeMaker/main', '-t', '-r', '2']
38.5786449909	31.7599341869	483.941376925	37.332034111	71.5075030327	160.108464003	28.7908649445	39.3504991531	105.172095776	57.2859148979	93.1437950134	41.4694991112	69.0712008476	70.0442519188	39.2153379917	31.6473701	66.606249094	79.5984420776	5.49827218056	107.958528996	25.8208818436	23.8207321167	31.1374838352	15.2750880718	169.303594828	35.9801299572	46.6987149715	16.9681348801	24.268599987	12.808398962	34.9291899204	47.9819879532	12.9721050262	272.49083519	21.7476248741	21.6359429359	125.876540899	73.7812819481	31.6392250061	65.4219720364	19.2394399643	30.0091929436	174.433480024	44.3320550919	28.7044758797	139.487606049	41.8671448231	18.3573849201	33.8828380108	74.3780508041	
['./treeMaker/main', '-t', '-r', '1', '-N']
27.3365609646	22.8796548843	308.966531038	26.5089251995	51.020991087	110.204550982	20.9113209248	27.0449991226	66.9666318893	36.7463710308	59.2098271847	27.2416889668	49.5927839279	42.3090419769	26.281908989	23.120262146	48.7608230114	52.8717911243	3.69360208511	77.8832092285	18.7679688931	17.1689841747	22.4317779541	11.1065630913	108.826373816	22.2534251213	29.3407390118	11.5025939941	15.176222086	9.31354808807	22.4740660191	33.0773620605	8.76388907433	208.933788061	15.5068590641	15.5989391804	82.3138628006	48.5487918854	23.1311538219	40.9266030788	13.4761090279	20.7574090958	118.954222202	31.6564340591	21.4592370987	101.96710515	30.2782590389	13.3917961121	25.4639539719	54.8990631104	
['./treeMaker/main', '-t', '-r', '2', '-N']
38.5910658836	32.1031429768	484.140912056	37.7012598515	71.5388438702	160.191566944	28.4001681805	39.3894138336	104.619944811	57.1985681057	92.6026921272	41.2702560425	68.393584013	69.1548230648	39.5379729271	31.2488021851	65.8553988934	80.1708788872	5.56458997726	107.574640989	25.9219608307	23.7366678715	31.2349481583	15.0664539337	170.903476	36.0758821964	47.4233100414	17.0445170403	23.8518090248	12.6420660019	34.8964290619	48.3115739822	12.7094650269	269.839783907	21.6324400902	21.6382470131	126.851092815	73.7878959179	32.2748658657	66.2737119198	19.3318481445	30.5176868439	174.65574193	44.5237259865	28.7528240681	139.045368195	41.930824995	18.2875781059	34.3577270508	75.4012861252	
['./treeMaker/main', '-m']
0.483565092087	0.422158002853	3.43317008018	0.521162033081	0.804412126541	1.39447712898	0.418922185898	0.529053211212	1.08583498001	0.69740486145	0.98069190979	0.521557092667	0.784477949142	0.752984046936	0.526789188385	0.439821004868	0.756948947906	0.874207019806	0.145190954208	1.05540800095	0.388975143433	0.37601184845	0.434218168259	0.272994995117	1.5350689888	0.492491960526	0.60011100769	0.271201133728	0.372797012329	0.242882013321	0.460561037064	0.577806949615	0.25347495079	2.14881205559	0.356370925903	0.345282077789	1.22014403343	0.838143825531	0.457684993744	0.734723091125	0.325798034668	0.433246135712	1.56090188026	0.595860958099	0.434875011444	1.26605606079	0.51913690567	0.299993991852	0.49205493927	0.823132038116	
['./treeMaker/main', '-m', '-b']
0.574244976044	0.489240884781	3.84928297997	0.560303926468	0.916854143143	1.58589696884	0.47700214386	0.58351111412	1.19556808472	0.763795137405	1.09755897522	0.601665019989	0.842528104782	0.862346172333	0.565745830536	0.500983953476	0.865076780319	1.01165390015	0.14816904068	1.18490099907	0.405173778534	0.408910989761	0.465229988098	0.290328025818	1.70182514191	0.523753166199	0.645488023758	0.300410985947	0.407841920853	0.263557910919	0.522276163101	0.658327102661	0.268857002258	2.39933300018	0.400265932083	0.389966964722	1.34056401253	0.913821935654	0.496645927429	0.832878112793	0.36572098732	0.489473104477	1.71014022827	0.643186807632	0.479567050934	1.48191094398	0.615664958954	0.327236890793	0.525632858276	0.876569986343	
['./treeMaker/main', '-m', '-w', '1']
0.523207187653	0.43949508667	3.51637506485	0.487936019897	0.808160066605	1.39346694946	0.399027109146	0.522341966629	1.05974984169	0.674161911011	0.96982383728	0.537482023239	0.7723300457	0.750787973404	0.535023927689	0.425024032593	0.735968112946	0.896003961563	0.147596120834	1.07635116577	0.387720108032	0.37451004982	0.421534061432	0.278820037842	1.51395821571	0.474370002747	0.602424860001	0.274986982346	0.355652093887	0.233580827713	0.474777936935	0.597383975983	0.241662025452	2.13779497147	0.335293054581	0.35372209549	1.1817779541	0.838721990585	0.471074104309	0.738629102707	0.325001955032	0.44433093071	1.50777816772	0.553973913193	0.418886899948	1.30793404579	0.534893035889	0.31681394577	0.49314904213	0.82248711586	
['./treeMaker/main', '-m', '-w', '2']
0.498743057251	0.428427934647	3.42852783203	0.527684926987	0.783633947372	1.43072485924	0.420861005783	0.519033908844	1.08907914162	0.661214828491	1.0133690834	0.531713008881	0.758368015289	0.798863172531	0.518421888351	0.443325042725	0.78063583374	0.863957881927	0.139257907867	1.10137104988	0.38610291481	0.361348867416	0.438241958618	0.263935089111	1.50934791565	0.488313913345	0.595952987671	0.274257183075	0.374711036682	0.244585037231	0.452584981918	0.581717014313	0.254247903824	2.1797440052	0.344419956207	0.352705001831	1.21537590027	0.795274972916	0.468528032303	0.776003837585	0.31086397171	0.422486066818	1.54500293732	0.588746070862	0.430672883987	1.3474521637	0.559010982513	0.31756401062	0.479801893234	0.816186904907	
['./treeMaker/main', '-m', '-c', '1']
0.48321890831	0.429250001907	3.43350100517	0.524829864502	0.797785043716	1.39421796799	0.402303934097	0.504842042923	1.08461689949	0.702329158783	0.978965997696	0.553246021271	0.742815971375	0.751747131348	0.497592926025	0.439874887466	0.754758119583	0.844789981842	0.138011932373	1.02525997162	0.370414018631	0.378889083862	0.447229146957	0.281378984451	1.54163002968	0.460233926773	0.589833021164	0.288521051407	0.374963998795	0.242943048477	0.451874017715	0.577982902527	0.239818096161	2.14318180084	0.35488986969	0.339559793472	1.16951107979	0.817875862122	0.448807954788	0.759464025497	0.308800935745	0.450145959854	1.54698109627	0.556173801422	0.401979923248	1.30395197868	0.547790050507	0.300606012344	0.482178926468	0.78174996376	
['./treeMaker/main', '-m', '-c', '2']
0.483235120773	0.437954902649	3.41098999977	0.485624074936	0.772104024887	1.41044998169	0.423560857773	0.522093057632	1.07273101807	0.711376905441	0.950412988663	0.55011510849	0.770869970322	0.798599004745	0.529708147049	0.430588006973	0.745018959045	0.88495016098	0.160444021225	1.04345011711	0.388085126877	0.357250928879	0.453424215317	0.279772043228	1.52104592323	0.491565942764	0.577469825745	0.284889221191	0.368942022324	0.230613946915	0.475522994995	0.603487968445	0.226774930954	2.12529015541	0.333744049072	0.350915908813	1.22161388397	0.81743812561	0.431928873062	0.722034931183	0.308557033539	0.438095092773	1.56623387337	0.595245838165	0.425242185593	1.31410098076	0.557987928391	0.298449039459	0.491266965866	0.806344032288	
['./treeMaker/main', '-m', '-a', '1']
0.514221906662	0.43757891655	3.44266009331	0.499114990234	0.800714015961	1.4760351181	0.414484977722	0.559471845627	1.09318709373	0.693692207336	0.984474897385	0.555052995682	0.788448095322	0.768573999405	0.513833045959	0.440072059631	0.775085926056	0.876448869705	0.154804944992	1.07237005234	0.40673494339	0.390450000763	0.445307016373	0.293859958649	1.5477938652	0.501511096954	0.593266963959	0.299351930618	0.383074045181	0.246328830719	0.496891021729	0.617971897125	0.256312847137	2.15441393852	0.382100105286	0.363851070404	1.23488807678	0.840268135071	0.460813045502	0.738774061203	0.323429107666	0.44838309288	1.55862402916	0.60089802742	0.416785955429	1.30828285217	0.581718921661	0.343204021454	0.510073900223	0.846346139908	
['./treeMaker/main', '-m', '-a', '2']
0.50879907608	0.442898988724	3.47275900841	0.487904071808	0.786529064178	1.4541258812	0.424654960632	0.543819189072	1.05407190323	0.692374944687	0.965667009354	0.550525903702	0.773392915726	0.750226020813	0.497700929642	0.439403057098	0.772248983383	0.902754068375	0.147503137589	1.06647992134	0.371330976486	0.376319169998	0.44193315506	0.27778506279	1.55194187164	0.499516963959	0.563959121704	0.287092924118	0.375882863998	0.244944810867	0.450136899948	0.565336942673	0.252993106842	2.15904188156	0.335332155228	0.332813978195	1.23067593575	0.838766098022	0.459391832352	0.762297153473	0.310241937637	0.434762954712	1.58095002174	0.596111059189	0.436419010162	1.32460999489	0.520776987076	0.31255698204	0.453511953354	0.782850027084	
