25_1000_2.7e-10_0.0_470000000
25
1000
2.7e-10
0.0
470000000

['./treeMaker/main']
1.1589679718	0.671536207199	1.43178510666	1.44479298592	0.640094041824	1.5799138546	0.300127983093	0.387480020523	0.306226968765	2.85602283478	2.3320338726	5.616065979	0.975760936737	1.80859804153	0.33672785759	1.02962303162	0.236408948898	3.03363490105	4.6388258934	5.48285412788	0.703325033188	1.43134593964	0.562196016312	1.94876885414	1.86806082726	2.86531305313	0.58210515976	0.572156190872	2.37839508057	1.7504761219	0.655618906021	0.433843851089	1.36277699471	9.33308911324	2.53435397148	0.379059076309	8.58077692986	0.820816993713	0.405672073364	0.889482021332	1.26654887199	8.64052700996	0.751008987427	2.07865786552	3.45811700821	2.60947108269	4.45857691765	2.09751200676	1.65744280815	1.22102499008	
['./treeMaker/main', '-b']
1.18193793297	0.68088889122	1.4738380909	1.46862602234	0.644510984421	1.73061203957	0.303796052933	0.423590898514	0.327697038651	2.81846404076	2.25582194328	5.42630600929	0.918437957764	1.81955313683	0.351366996765	1.01713299751	0.250139951706	3.15146613121	4.60504412651	4.85069298744	0.685953140259	1.45983195305	0.554028987885	1.90164804459	1.97363710403	3.06365704536	0.556694984436	0.604986906052	2.37017393112	1.81744909286	0.657445907593	0.465661048889	1.3504948616	9.19744277	2.37487506866	0.383795976639	8.60461497307	0.943431854248	0.417845010757	0.88508605957	1.21522593498	8.87810993195	0.767580986023	2.1020860672	3.43689990044	2.63252401352	4.49479603767	2.25579500198	1.65267491341	1.2256860733	
['./treeMaker/main', '-u']
1.14846920967	0.709553003311	1.31890392303	1.44868397713	0.707483053207	1.63751506805	0.302855014801	0.392964839935	0.330206871033	2.84209704399	2.34823179245	5.53634500504	0.911357879639	1.87953495979	0.338325977325	0.951615810394	0.235771894455	3.17961502075	4.70739793777	4.83678102493	0.653725862503	1.41414284706	0.558721065521	1.88235092163	1.95749998093	2.84461092949	0.585254907608	0.620138883591	2.31544208527	1.6944000721	0.694658041	0.431483030319	1.28565382957	9.12547302246	2.37185716629	0.407774925232	8.92097496986	0.821177005768	0.420939922333	0.835400104523	1.24073815346	8.79015493393	0.773689985275	1.95535993576	3.45325398445	2.66285300255	4.4877281189	2.25125098228	1.59584093094	1.22093391418	
['./treeMaker/main', '-t', '-r', '1']
4.16336393356	3.10605716705	4.61884784698	4.8242931366	3.06153297424	5.00269603729	1.89611411095	2.28766298294	1.88172388077	6.53528904915	6.05170106888	10.0841710567	3.66958594322	5.28112101555	1.98137402534	3.75942111015	1.64165902138	6.74791097641	9.33911204338	9.39441990852	3.09882998466	4.54668998718	2.56701397896	5.36595678329	5.59151387215	6.62331700325	2.81009483337	2.93908786774	5.96850585938	5.0193400383	2.97846794128	2.45925402641	4.4434440136	13.1749310493	6.22541594505	2.22920894623	12.8146750927	3.51094293594	2.38018798828	3.41685199738	4.16083192825	13.120775938	3.42388892174	5.72943806648	7.58887410164	6.50272893906	9.06622600555	5.86794495583	5.04812693596	4.14122796059	
['./treeMaker/main', '-t', '-r', '2']
5.57609081268	4.22718310356	6.36541604996	6.46066594124	4.24115800858	7.0021879673	2.63996100426	3.19677209854	2.95838713646	9.01158285141	8.4457681179	13.0266449451	4.86228704453	7.17585110664	2.93779683113	5.25121307373	2.28694987297	9.77415895462	11.6706280708	12.6545169353	4.42534399033	6.3526289463	3.71332979202	7.26022195816	7.49622392654	9.14821100235	3.82159113884	3.90054798126	7.92947888374	7.62143206596	4.22058391571	3.50418496132	6.01883506775	17.1016759872	9.15561509132	3.16948509216	17.9716260433	4.85918283463	3.24024891853	4.81380200386	5.71769118309	17.575761795	4.68389701843	7.58483791351	9.73962903023	8.7262108326	11.7386889458	7.98008489609	6.76551604271	5.69125103951	
['./treeMaker/main', '-t', '-r', '1', '-N']
4.15252780914	3.12836289406	4.54929590225	4.85315513611	3.02443194389	4.89742302895	1.97672510147	2.24628806114	1.90571212769	6.54352402687	6.03039598465	10.0488297939	3.59733605385	5.30864500999	2.05731487274	3.73027706146	1.63057589531	6.94357800484	9.32823204994	9.39611005783	3.10881590843	4.60364699364	2.63316607475	5.64855194092	5.76036405563	6.75024914742	2.77427697182	2.89814591408	6.00995612144	5.07362318039	3.06401014328	2.44847011566	4.430809021	13.2969601154	6.17800498009	2.18464708328	12.9194700718	3.57676696777	2.40361499786	3.53799390793	4.16164398193	13.117251873	3.41454315186	5.70793509483	7.3433599472	6.46588802338	8.85124993324	5.99246501923	5.16957592964	4.13626217842	
['./treeMaker/main', '-t', '-r', '2', '-N']
5.69070911407	4.32638216019	6.07641196251	6.71216607094	4.19446992874	6.94921898842	2.6773519516	3.18529200554	2.83983898163	9.06237602234	8.46069788933	13.0354800224	4.86917686462	7.2141149044	2.91522812843	5.50440216064	2.3386259079	10.1811420918	12.2022008896	12.5560069084	4.4169421196	6.28737807274	3.68755912781	7.22012901306	7.42014908791	9.16219115257	3.8628180027	3.91303086281	7.88446712494	7.33745384216	4.17612791061	3.47202801704	6.03627490997	17.0667080879	9.23786377907	3.23380494118	18.1891438961	4.84979891777	3.3122651577	4.88866996765	5.69924020767	17.4710760117	4.73550605774	7.55579900742	9.80555486679	8.54880404472	11.9206280708	7.96629714966	6.85478520393	5.74115395546	
['./treeMaker/main', '-m']
0.149675130844	0.127515077591	0.155440092087	0.159727096558	0.140897035599	0.156998872757	0.0989239215851	0.10958814621	0.0969479084015	0.202764034271	0.195974111557	0.242788076401	0.138643026352	0.170588970184	0.103687047958	0.142260789871	0.0844569206238	0.207605838776	0.231151103973	0.239816904068	0.130661010742	0.152401924133	0.115873813629	0.181011915207	0.175641059875	0.199509143829	0.134191989899	0.113848209381	0.183176040649	0.173745155334	0.120316982269	0.103806972504	0.147022008896	0.286009073257	0.196726799011	0.105335950851	0.298610210419	0.136765003204	0.115015029907	0.133279085159	0.150767087936	0.296547174454	0.134160041809	0.171146154404	0.215709924698	0.197647809982	0.216543912888	0.170444011688	0.164460897446	0.16383099556	
['./treeMaker/main', '-m', '-b']
0.165687084198	0.140126943588	0.170403957367	0.172915935516	0.126909971237	0.169760942459	0.105309963226	0.110582113266	0.102727890015	0.209738969803	0.200845956802	0.268124103546	0.146753072739	0.183096885681	0.102681875229	0.142942905426	0.0892789363861	0.21856713295	0.239987850189	0.253646850586	0.149322986603	0.173995018005	0.123908996582	0.175448894501	0.193656921387	0.214054107666	0.133374929428	0.130224943161	0.189364910126	0.175802946091	0.126597881317	0.12485408783	0.164853096008	0.320927858353	0.21189904213	0.108699083328	0.3164498806	0.147075891495	0.116291046143	0.146212816238	0.161113023758	0.327459096909	0.134536027908	0.197254896164	0.227913141251	0.217552900314	0.259021997452	0.195297956467	0.168804883957	0.163352012634	
['./treeMaker/main', '-m', '-w', '1']
0.157810926437	0.122992038727	0.145891904831	0.179446935654	0.123111963272	0.156725883484	0.0920431613922	0.119261980057	0.108287096024	0.190674066544	0.195477962494	0.251932144165	0.138487815857	0.160363912582	0.104935884476	0.142127990723	0.0914189815521	0.20467209816	0.22925901413	0.242148160934	0.130697965622	0.158687114716	0.112877845764	0.180474996567	0.170120000839	0.187170982361	0.126527070999	0.120367050171	0.184983968735	0.163311004639	0.127336025238	0.111361026764	0.146246910095	0.29522895813	0.192229032516	0.0991649627686	0.301930189133	0.149804830551	0.103353023529	0.138028144836	0.142741203308	0.306882858276	0.143373012543	0.168879032135	0.206670999527	0.184971094131	0.228886127472	0.181843996048	0.15925693512	0.148905038834	
['./treeMaker/main', '-m', '-w', '2']
0.151523113251	0.120655059814	0.150244951248	0.161576986313	0.140285968781	0.178524971008	0.0952861309052	0.103837966919	0.103286027908	0.190874814987	0.187685012817	0.262668132782	0.139653205872	0.171462059021	0.110311985016	0.138251066208	0.086051940918	0.19645190239	0.242312908173	0.253819942474	0.130488157272	0.159821033478	0.110776901245	0.161951065063	0.164830207825	0.201858043671	0.119736909866	0.122483968735	0.188407897949	0.185833930969	0.121130943298	0.113723993301	0.163332939148	0.298178911209	0.190134048462	0.0994811058044	0.303316831589	0.138286113739	0.124380111694	0.144850969315	0.151752948761	0.287250041962	0.134865999222	0.18072104454	0.219287157059	0.180989980698	0.218565225601	0.172794818878	0.165777921677	0.142954826355	
['./treeMaker/main', '-m', '-c', '1']
0.14054107666	0.132776975632	0.162688016891	0.171035051346	0.128591060638	0.15949010849	0.0999810695648	0.10907793045	0.101074934006	0.188731908798	0.18669295311	0.232985019684	0.139081954956	0.163139820099	0.0965659618378	0.154406785965	0.0881810188293	0.212063074112	0.235664129257	0.254696130753	0.129938840866	0.149760007858	0.131865024567	0.182520866394	0.181593179703	0.192371845245	0.132840156555	0.128268957138	0.174100160599	0.162926197052	0.12034201622	0.104573011398	0.147883892059	0.306057929993	0.198210954666	0.101251840591	0.285237073898	0.136846065521	0.104607820511	0.133025884628	0.144675016403	0.296887874603	0.130944013596	0.170722007751	0.217064857483	0.199338197708	0.222087860107	0.181116104126	0.172232866287	0.148730039597	
['./treeMaker/main', '-m', '-c', '2']
0.155719041824	0.13053393364	0.173312902451	0.151282072067	0.118325948715	0.166674137115	0.093868970871	0.103459119797	0.0951051712036	0.18939614296	0.199143886566	0.238010883331	0.138649940491	0.162035942078	0.0971570014954	0.134824991226	0.0851638317108	0.214815139771	0.232580900192	0.252600908279	0.129117965698	0.158213853836	0.117547035217	0.168263912201	0.17814207077	0.191982984543	0.130614995956	0.127272844315	0.183477163315	0.174293041229	0.125658035278	0.111325979233	0.160415172577	0.297348976135	0.197719812393	0.105225086212	0.304408073425	0.132920980453	0.10265994072	0.129792928696	0.146348953247	0.295533895493	0.132914066315	0.171464920044	0.208010911942	0.186003923416	0.233613967896	0.184538841248	0.170727014542	0.148900032043	
['./treeMaker/main', '-m', '-a', '1']
0.180705070496	0.136243104935	0.162199020386	0.17192196846	0.1418800354	0.183770895004	0.117073059082	0.126226902008	0.118407964706	0.212528944016	0.192976951599	0.263633012772	0.162024021149	0.177221059799	0.112757921219	0.152555942535	0.106587171555	0.209881067276	0.247694969177	0.255671024323	0.145677089691	0.186956882477	0.13604092598	0.174893140793	0.195856809616	0.216209173203	0.146306991577	0.145467042923	0.195266962051	0.189344882965	0.136260986328	0.119239091873	0.180788993835	0.30030298233	0.2233979702	0.122335910797	0.315507173538	0.148735046387	0.134780168533	0.143362998962	0.16721200943	0.31359910965	0.150948047638	0.194005012512	0.23094201088	0.196068048477	0.250945091248	0.190603971481	0.178766965866	0.156266927719	
['./treeMaker/main', '-m', '-a', '2']
0.152889966965	0.125188112259	0.151307106018	0.153268098831	0.130003213882	0.164723873138	0.101091861725	0.106469154358	0.0986449718475	0.20077586174	0.179692983627	0.242711782455	0.136852025986	0.164593935013	0.105077981949	0.141137123108	0.0950469970703	0.205346822739	0.218142032623	0.257607936859	0.128771066666	0.158653020859	0.11693406105	0.176744937897	0.167527914047	0.214682102203	0.135155916214	0.127540111542	0.194452047348	0.163222789764	0.127014875412	0.111725091934	0.154503822327	0.306427001953	0.191051006317	0.106189966202	0.308352947235	0.134119033813	0.102738857269	0.137908935547	0.163847923279	0.284808158875	0.137082099915	0.176799058914	0.210498094559	0.192406892776	0.242757081985	0.183471918106	0.171339988708	0.150223016739	
