25_1000_2.7e-10_2.7e-11_470000000
25
1000
2.7e-10
2.7e-11
470000000

['./treeMaker/main']
0.77863407135	0.285851955414	0.340486049652	0.262545824051	0.541286945343	0.938653945923	0.975769996643	0.401015996933	1.86252999306	1.54684400558	0.404693841934	2.13078522682	0.62816286087	4.29723095894	0.467012882233	1.39851808548	0.575423002243	0.449744939804	2.07719802856	0.987292051315	0.783301115036	0.607021093369	0.63171005249	0.553869962692	1.88852596283	0.960997819901	1.56907701492	0.758268117905	0.283839941025	1.57556796074	0.379339933395	0.309458017349	0.65917301178	0.722373962402	0.703810930252	0.465744972229	0.361788988113	0.613039970398	0.447829008102	1.47232604027	2.10054898262	1.99103093147	1.5006711483	1.09120607376	2.62913203239	0.350033998489	0.443980932236	1.35660982132	0.51410484314	0.610760211945	
['./treeMaker/main', '-b']
0.765450954437	0.30079293251	0.330178022385	0.276998996735	0.542692899704	0.965440034866	1.00900888443	0.420124053955	2.09921598434	1.62438797951	0.4093708992	2.15360808372	0.663311958313	4.3965139389	0.481849193573	1.42655301094	0.543581008911	0.430016040802	2.16838312149	1.01400780678	0.868033885956	0.598633050919	0.60743689537	0.53849697113	1.86168408394	1.02836203575	1.46716213226	0.79497885704	0.298882961273	1.65021586418	0.354420900345	0.354105949402	0.625767946243	0.808104991913	0.782470226288	0.509902954102	0.341048002243	0.651966094971	0.457921981812	1.62547898293	2.34428095818	2.21824002266	1.61064600945	1.15956377983	2.76114296913	0.402894020081	0.478880882263	1.41157507896	0.540314912796	0.606639862061	
['./treeMaker/main', '-u']
0.782430887222	0.296937942505	0.341234922409	0.266160011292	0.516832828522	1.00542402267	1.01021313667	0.427932024002	1.87390017509	1.64065599442	0.408095121384	2.17771291733	0.637010097504	4.26040697098	0.451056957245	1.47833991051	0.53582906723	0.426292181015	2.15070104599	1.00805592537	0.867561817169	0.582527160645	0.66602396965	0.523525953293	1.78942513466	0.930369853973	1.43826198578	0.758115053177	0.296281099319	1.57663989067	0.35326218605	0.349268913269	0.676313877106	0.790810108185	0.821249008179	0.523295164108	0.349740982056	0.624767065048	0.446853876114	1.5311050415	2.21081209183	2.02259492874	1.62992286682	1.12829709053	2.52278494835	0.398005008698	0.510457992554	1.2718539238	0.557989835739	0.616483926773	
['./treeMaker/main', '-t', '-r', '1']
3.13621497154	1.78475379944	1.88484501839	1.73424196243	2.51615595818	3.65150284767	3.57908701897	2.30299806595	5.37275791168	4.82003879547	2.27289485931	5.12969708443	3.02076792717	7.80220007896	2.52163100243	4.44146084785	2.68978977203	2.36006498337	5.48048210144	3.50640177727	3.30832600594	2.5487909317	2.92820096016	2.6383190155	5.3311920166	3.50545501709	4.66981005669	3.035790205	1.68210101128	5.02293109894	2.13637518883	1.92391204834	2.9093580246	3.24914193153	3.1634888649	2.47914600372	2.05753588676	2.81176304817	2.36704611778	4.7850048542	5.60454583168	5.75068497658	4.75820612907	4.11093187332	6.30936694145	2.11619997025	2.51659703255	4.29383516312	2.60511207581	2.87410593033	
['./treeMaker/main', '-t', '-r', '2']
4.4960231781	2.59563183784	2.79640889168	2.46845602989	3.70580911636	5.20267987251	4.95410895348	3.30508613586	7.71324801445	6.57224202156	3.15713310242	8.27384591103	4.25147891045	11.80645895	3.52348399162	6.54997110367	3.83898282051	3.37064194679	7.58023190498	5.1712911129	4.83939194679	4.22282910347	4.35855507851	3.76184201241	7.42428994179	5.44615411758	6.6968870163	4.59132599831	2.51491093636	6.72892594337	3.02153301239	2.80988097191	4.28191995621	4.68719696999	4.73355793953	3.63046097755	3.01479792595	4.18572402	3.3138859272	6.65881299973	7.99871301651	7.78595399857	6.89183402061	5.72827792168	8.43494701385	3.01982498169	3.55086898804	6.53623318672	3.64103484154	3.9754049778	
['./treeMaker/main', '-t', '-r', '1', '-N']
3.21690011024	1.79502487183	1.88408613205	1.75727820396	2.56654500961	3.63792896271	3.62508010864	2.26947593689	5.31290006638	4.78799295425	2.2165210247	5.10311293602	2.93474698067	7.96822500229	2.54700803757	4.53691697121	2.6291270256	2.34075498581	5.52691102028	3.5005979538	3.26689696312	2.57871603966	2.9277009964	2.64645504951	5.34608078003	3.53052401543	4.57842612267	3.11270594597	1.7068631649	5.04648184776	2.17251014709	1.92714810371	2.91635084152	3.19702005386	3.13361692429	2.50331711769	2.09522414207	2.73508095741	2.36110305786	4.85392618179	5.63296484947	5.59220004082	4.69692182541	4.04854893684	6.27767491341	2.15171790123	2.60513210297	4.21030688286	2.66471910477	2.79189014435	
['./treeMaker/main', '-t', '-r', '2', '-N']
4.43786215782	2.52107310295	2.82211399078	2.50004696846	3.74913096428	5.23290586472	4.93695402145	3.31377410889	7.72539901733	6.52629709244	3.21923685074	8.19962191582	4.20280194283	11.728593111	3.52410697937	6.49377703667	3.86388111115	3.44748401642	7.54972195625	5.14042186737	4.75605416298	4.22109508514	4.13313508034	3.92901802063	7.1524810791	5.30708789825	6.83481812477	4.54362607002	2.57035493851	6.72551608086	2.97271609306	2.7758769989	4.12090802193	4.80985999107	4.52838587761	3.62809610367	2.95190501213	4.1893799305	3.35144591331	6.61411309242	7.97117996216	7.94786691666	6.85768485069	5.69364690781	8.3922560215	3.07335495949	3.54121804237	6.55069303513	3.61137008667	3.90647912025	
['./treeMaker/main', '-m']
0.129058122635	0.093080997467	0.097992181778	0.0900411605835	0.112920045853	0.13693022728	0.136461019516	0.106716871262	0.18804693222	0.154554128647	0.108398199081	0.17969083786	0.130755901337	0.240583896637	0.11274600029	0.152791976929	0.112398147583	0.10657286644	0.164580106735	0.132062196732	0.135143041611	0.123026132584	0.12134885788	0.11390209198	0.179661035538	0.142050027847	0.160879135132	0.123779058456	0.0956609249115	0.172308206558	0.117754936218	0.106337070465	0.121966123581	0.12948513031	0.140906095505	0.112216949463	0.099925994873	0.121383905411	0.109179019928	0.172095060349	0.183277845383	0.175699949265	0.171827077866	0.137318134308	0.181606054306	0.0996868610382	0.112838029861	0.155934095383	0.129500865936	0.114796161652	
['./treeMaker/main', '-m', '-b']
0.137863874435	0.0974359512329	0.101969003677	0.0980541706085	0.133186101913	0.155550003052	0.14555978775	0.113161087036	0.189361095428	0.180840015411	0.121302843094	0.188935041428	0.128714799881	0.248960971832	0.11852812767	0.166759967804	0.12487411499	0.113394975662	0.183815002441	0.153891086578	0.151766061783	0.133576154709	0.127920150757	0.12158203125	0.171387195587	0.152116060257	0.164046049118	0.144382953644	0.0991261005402	0.167435884476	0.102732896805	0.10031414032	0.124181032181	0.133123159409	0.141016960144	0.119650840759	0.105324029922	0.145175933838	0.125245094299	0.17223405838	0.190534830093	0.182415962219	0.171689987183	0.15333199501	0.206588029861	0.111930847168	0.120945930481	0.165727853775	0.125945091248	0.137290000916	
['./treeMaker/main', '-m', '-w', '1']
0.127597093582	0.0927419662476	0.0988609790802	0.101319074631	0.114903926849	0.132341861725	0.13209104538	0.106691837311	0.163886070251	0.15771985054	0.112833976746	0.182728052139	0.11735701561	0.231853961945	0.113814115524	0.165121078491	0.116580963135	0.103679895401	0.177098035812	0.137173891068	0.134168148041	0.122459888458	0.119254112244	0.117131948471	0.170321941376	0.135349035263	0.174321889877	0.124567985535	0.0917940139771	0.154198884964	0.0993299484253	0.101495981216	0.12156701088	0.143997907639	0.1264731884	0.108778953552	0.108819007874	0.122732877731	0.121886014938	0.160945177078	0.1728079319	0.186550140381	0.152080059052	0.148746013641	0.193634033203	0.0996088981628	0.10745882988	0.167219877243	0.126360177994	0.11949300766	
['./treeMaker/main', '-m', '-w', '2']
0.142062902451	0.0902490615845	0.0963928699493	0.104029178619	0.113529920578	0.137444972992	0.135662078857	0.109715223312	0.185375213623	0.165548086166	0.105578899384	0.181530952454	0.1227850914	0.217432975769	0.10959982872	0.17133307457	0.114634990692	0.108536958694	0.173928022385	0.138790130615	0.144610881805	0.12464594841	0.123120069504	0.113826990128	0.168295860291	0.14280796051	0.156497001648	0.135603189468	0.110689163208	0.157474994659	0.103084802628	0.0997931957245	0.123251914978	0.141632080078	0.123589038849	0.110281944275	0.0984098911285	0.123063087463	0.108427047729	0.161944150925	0.172879934311	0.179778814316	0.160436868668	0.156558990479	0.183279037476	0.109594106674	0.111936092377	0.16553902626	0.128221035004	0.13502407074	
['./treeMaker/main', '-m', '-c', '1']
0.124135017395	0.102545976639	0.0981221199036	0.0879919528961	0.1098279953	0.131338119507	0.132078170776	0.103304862976	0.179317951202	0.159171104431	0.105904102325	0.185486793518	0.123432159424	0.238597869873	0.107616901398	0.150414228439	0.116322994232	0.109122991562	0.183723926544	0.132408857346	0.142429828644	0.122984886169	0.13475894928	0.115146875381	0.165091991425	0.140816926956	0.1592669487	0.141915082932	0.0970330238342	0.15910410881	0.104030132294	0.115428924561	0.117259025574	0.124140024185	0.121641874313	0.113661050797	0.101523160934	0.141646146774	0.107514858246	0.170592069626	0.178792953491	0.175668954849	0.166901111603	0.137562036514	0.190322875977	0.0986559391022	0.106996059418	0.157909870148	0.112569093704	0.115542888641	
['./treeMaker/main', '-m', '-c', '2']
0.130743026733	0.0927679538727	0.111901044846	0.0944919586182	0.119943141937	0.14036488533	0.140034914017	0.105737924576	0.167335987091	0.17204284668	0.107167005539	0.192461967468	0.117785930634	0.218163013458	0.11555814743	0.166918992996	0.114270925522	0.117473125458	0.171752214432	0.13757610321	0.128778934479	0.12267780304	0.115718841553	0.11371588707	0.175768852234	0.14439702034	0.160489082336	0.128587961197	0.0942978858948	0.153157949448	0.10267996788	0.0992660522461	0.129386901855	0.128969192505	0.127964019775	0.109050989151	0.0998141765594	0.117262125015	0.104713916779	0.153642892838	0.187019824982	0.17502117157	0.153282880783	0.137635946274	0.189767837524	0.107243061066	0.109494924545	0.156403064728	0.114454984665	0.119219064713	
['./treeMaker/main', '-m', '-a', '1']
0.142024993896	0.1079890728	0.11745095253	0.119789123535	0.12954211235	0.150861978531	0.147575855255	0.122319936752	0.17786693573	0.171288967133	0.120800971985	0.198625087738	0.133711099625	0.246447086334	0.1309030056	0.178936004639	0.128015995026	0.118557929993	0.1866979599	0.149873971939	0.151512861252	0.139582872391	0.129515171051	0.125136852264	0.183745145798	0.163955926895	0.174857854843	0.138897180557	0.106626987457	0.180540800095	0.115247964859	0.110551834106	0.133418083191	0.139322042465	0.142874002457	0.129237174988	0.117294073105	0.130826950073	0.122346162796	0.166761159897	0.199915885925	0.203066110611	0.176043987274	0.160899162292	0.209933996201	0.118786096573	0.125944137573	0.182996988297	0.124602079391	0.131549119949	
['./treeMaker/main', '-m', '-a', '2']
0.127228021622	0.092561006546	0.0984477996826	0.0911679267883	0.113409042358	0.139713048935	0.138830184937	0.10990691185	0.174525022507	0.161025047302	0.119518995285	0.181375026703	0.123121023178	0.228965997696	0.112019062042	0.165311098099	0.119426965714	0.106514930725	0.168321847916	0.135938882828	0.130144119263	0.121278047562	0.126692056656	0.117697954178	0.170574188232	0.137022018433	0.153506040573	0.130230903625	0.0998980998993	0.160921812057	0.103374004364	0.104624032974	0.122244119644	0.141345024109	0.127892017365	0.114109992981	0.101861953735	0.122805118561	0.109442949295	0.162453889847	0.17186999321	0.178375005722	0.152163028717	0.143052816391	0.189563035965	0.103183984756	0.108380079269	0.168025970459	0.110790967941	0.115857124329	
