25_1000_1.9e-10_1.9e-10_48000000
25
1000
1.9e-10
1.9e-10
48000000

['./treeMaker/main']
0.109462022781	0.0840790271759	0.0946781635284	0.121300935745	0.10261797905	0.141976833344	0.0965869426727	0.186354875565	0.139222145081	0.146353960037	0.116128921509	0.135106086731	0.117722034454	0.110334873199	0.110379219055	0.105330944061	0.112637996674	0.156481981277	0.0961308479309	0.126431941986	0.0966939926147	0.0989799499512	0.0945279598236	0.0839791297913	0.129556179047	0.0934569835663	0.115448951721	0.106273889542	0.116945981979	0.136541843414	0.0855131149292	0.0743651390076	0.115677118301	0.160922050476	0.162700891495	0.0959022045135	0.101073026657	0.126080989838	0.115422964096	0.084077835083	0.102417945862	0.11172914505	0.0956571102142	0.126406908035	0.103685855865	0.0892388820648	0.0953049659729	0.086846113205	0.101521968842	0.0902969837189	
['./treeMaker/main', '-b']
0.097668170929	0.0848171710968	0.103281974792	0.127340078354	0.105264902115	0.136791944504	0.103511095047	0.174749851227	0.144249200821	0.160394906998	0.1324198246	0.11936879158	0.106757164001	0.108168125153	0.105009078979	0.107506990433	0.0991480350494	0.14471077919	0.0935859680176	0.142397880554	0.101634025574	0.10333108902	0.0952382087708	0.0884420871735	0.129858016968	0.105588912964	0.1253221035	0.119081020355	0.102399110794	0.138630151749	0.083890914917	0.0738899707794	0.128612041473	0.161310911179	0.165948867798	0.0990169048309	0.101660966873	0.137457847595	0.118983030319	0.0920979976654	0.103923082352	0.113276958466	0.0972378253937	0.136398077011	0.110351085663	0.101719141006	0.11058807373	0.088399887085	0.104582071304	0.0903780460358	
['./treeMaker/main', '-u']
0.0976350307465	0.0854921340942	0.0955879688263	0.127732992172	0.107779026031	0.13775396347	0.0980989933014	0.185383081436	0.14276599884	0.14938211441	0.113833904266	0.125802993774	0.106914043427	0.107234954834	0.107294082642	0.105580091476	0.103918075562	0.151538133621	0.092719078064	0.128951072693	0.103593826294	0.10474896431	0.0939128398895	0.0903480052948	0.128993034363	0.100651979446	0.1167781353	0.106822013855	0.108047008514	0.148346185684	0.0997388362885	0.0738182067871	0.114408016205	0.158144950867	0.171527862549	0.102416992188	0.119722127914	0.128935098648	0.11497592926	0.083781003952	0.101834058762	0.111039161682	0.0936708450317	0.130138874054	0.105498790741	0.0914158821106	0.0934989452362	0.0894160270691	0.104614019394	0.0905821323395	
['./treeMaker/main', '-t', '-r', '1']
0.830853939056	0.700279951096	0.77447104454	0.996554136276	0.866113901138	1.06076383591	0.801869153976	1.29908704758	1.08984994888	1.14500617981	0.930655002594	0.945668935776	0.885689020157	0.925240039825	0.863360881805	0.871958971024	0.850974082947	1.17697691917	0.803689956665	1.07967591286	0.833132982254	0.748202800751	0.786835193634	0.735001087189	1.0721950531	0.717711210251	0.917102813721	0.874634981155	0.876770019531	1.11168217659	0.703332901001	0.63601398468	0.978965997696	1.20845890045	1.2648768425	0.749621868134	0.817052125931	1.05509209633	0.901468038559	0.710752010345	0.833064079285	0.964636087418	0.772912979126	1.051831007	0.862523078918	0.770797967911	0.776285886765	0.717576026917	0.83651804924	0.758230924606	
['./treeMaker/main', '-t', '-r', '2']
1.19029593468	1.01059293747	1.22287917137	1.51619291306	1.25459885597	1.60248184204	1.21953201294	2.19290614128	1.7353489399	1.81428790092	1.49126505852	1.55507087708	1.26811385155	1.36367988586	1.36454892159	1.30403900146	1.19488191605	1.80477118492	1.13033008575	1.62317705154	1.21688199043	1.27987003326	1.11057806015	1.03327512741	1.5404651165	1.15766906738	1.40871787071	1.33636188507	1.26730585098	1.70821213722	1.09865880013	0.910468816757	1.45992302895	1.97373390198	2.13279914856	1.13142418861	1.25600790977	1.6701669693	1.48810696602	1.05666208267	1.17716407776	1.35371804237	1.23906707764	1.65296196938	1.40438890457	1.09638476372	1.2163028717	1.06799983978	1.31757092476	1.24509191513	
['./treeMaker/main', '-t', '-r', '1', '-N']
0.830650806427	0.706079006195	0.812460899353	0.979125022888	0.826170921326	1.08310890198	0.810339927673	1.32601904869	1.12410998344	1.15897989273	0.909538984299	0.936454057693	0.844935894012	0.919838905334	0.859298944473	0.844294071198	0.834723949432	1.17048287392	0.784679889679	1.02743887901	0.829823970795	0.777685880661	0.761412143707	0.756464958191	1.00786209106	0.75202703476	0.88970208168	0.886729955673	0.893554210663	1.19498991966	0.701684951782	0.614135980606	0.926938056946	1.24409103394	1.25607609749	0.718278169632	0.844922780991	1.06225085258	0.915974140167	0.693666934967	0.851418972015	0.969842910767	0.821260929108	1.05603981018	0.889600992203	0.743755102158	0.80170583725	0.732800960541	0.865623950958	0.767726898193	
['./treeMaker/main', '-t', '-r', '2', '-N']
1.24383091927	1.05637812614	1.26806902885	1.55796384811	1.23007392883	1.56469416618	1.16690707207	2.17324090004	1.70941495895	1.84919118881	1.46643018723	1.52116799355	1.24569010735	1.36167120934	1.34869885445	1.26841402054	1.22396492958	1.7836959362	1.13380289078	1.61411118507	1.21023702621	1.24652004242	1.09298014641	1.10278487206	1.61477303505	1.23620009422	1.43607521057	1.31924891472	1.31170296669	1.69618606567	1.08984518051	0.864359855652	1.48584294319	1.99493598938	2.07623195648	1.10276603699	1.29450702667	1.65412807465	1.48805999756	1.08937883377	1.23936104774	1.36048388481	1.2487051487	1.65505194664	1.39260697365	1.08703017235	1.24532818794	1.04173398018	1.29939889908	1.19065284729	
['./treeMaker/main', '-m']
0.0553860664368	0.0533649921417	0.056303024292	0.0626811981201	0.057590007782	0.0643799304962	0.0576279163361	0.0702910423279	0.0642352104187	0.0641269683838	0.0598921775818	0.0618588924408	0.0560300350189	0.056743144989	0.0582821369171	0.0558910369873	0.0544831752777	0.0650408267975	0.0544672012329	0.0622630119324	0.0583691596985	0.0614039897919	0.0570311546326	0.0546660423279	0.0621697902679	0.0573408603668	0.0588810443878	0.0566191673279	0.0559768676758	0.06209897995	0.0534679889679	0.0502710342407	0.0604150295258	0.071839094162	0.0722877979279	0.0529971122742	0.0556359291077	0.0625948905945	0.0634789466858	0.0562510490417	0.0601580142975	0.0615770816803	0.0626749992371	0.0773439407349	0.0590498447418	0.0555949211121	0.0572018623352	0.0560050010681	0.05876994133	0.0556490421295	
['./treeMaker/main', '-m', '-b']
0.058112859726	0.0549650192261	0.0586550235748	0.0632138252258	0.0591850280762	0.0650842189789	0.0588829517365	0.072075843811	0.0782008171082	0.0686750411987	0.063579082489	0.0645790100098	0.059070110321	0.0599980354309	0.061194896698	0.058531999588	0.0575120449066	0.0688860416412	0.0565900802612	0.0639128684998	0.0590958595276	0.0617289543152	0.0575349330902	0.0556919574738	0.0631608963013	0.0721719264984	0.0639951229095	0.0575790405273	0.057984828949	0.0649809837341	0.0550019741058	0.0517480373383	0.0631248950958	0.0708432197571	0.0891687870026	0.0552759170532	0.0591418743134	0.0656478404999	0.0646619796753	0.0553870201111	0.0602331161499	0.0614249706268	0.0588409900665	0.0655009746552	0.0611760616302	0.0563759803772	0.0585949420929	0.0556559562683	0.0593791007996	0.057874917984	
['./treeMaker/main', '-m', '-w', '1']
0.056282043457	0.0538699626923	0.0566852092743	0.0622019767761	0.0574469566345	0.0640819072723	0.057431936264	0.0704288482666	0.0642569065094	0.0681810379028	0.0593688488007	0.0615229606628	0.0573871135712	0.0584180355072	0.0599639415741	0.0573489665985	0.0556418895721	0.0666840076447	0.0557091236115	0.0624461174011	0.0584099292755	0.0609650611877	0.0560648441315	0.054624080658	0.0616960525513	0.0586478710175	0.0624279975891	0.0593948364258	0.058807849884	0.0653328895569	0.0558140277863	0.0524840354919	0.0631160736084	0.0717759132385	0.0868141651154	0.0537559986115	0.0570290088654	0.0627951622009	0.0620121955872	0.0534949302673	0.0577869415283	0.0583980083466	0.0572278499603	0.0635631084442	0.0719180107117	0.0581851005554	0.0591521263123	0.0579760074615	0.0638980865479	0.0587451457977	
['./treeMaker/main', '-m', '-w', '2']
0.0625360012054	0.0577170848846	0.0610349178314	0.0757501125336	0.0579149723053	0.0654239654541	0.0728859901428	0.0756731033325	0.0672149658203	0.0823729038239	0.067409992218	0.0643510818481	0.0597238540649	0.0615839958191	0.0640361309052	0.0617320537567	0.0571060180664	0.0688669681549	0.0576601028442	0.0643589496613	0.0603649616241	0.0629720687866	0.0561549663544	0.0553641319275	0.0750839710236	0.0619621276855	0.063294172287	0.0597829818726	0.0595870018005	0.0657260417938	0.0550410747528	0.0516350269318	0.0623860359192	0.0702879428864	0.0714800357819	0.0550169944763	0.0575778484344	0.0645849704742	0.0625250339508	0.0540490150452	0.0583181381226	0.0595979690552	0.0588629245758	0.0653660297394	0.0610918998718	0.0566599369049	0.0578360557556	0.0530691146851	0.0658180713654	0.062343120575	
['./treeMaker/main', '-m', '-c', '1']
0.0607419013977	0.0638780593872	0.0582509040833	0.0637979507446	0.0575311183929	0.0635828971863	0.057361125946	0.0699670314789	0.0763378143311	0.0656909942627	0.0603778362274	0.0622539520264	0.0573689937592	0.0583829879761	0.0596799850464	0.0571179389954	0.0555150508881	0.0665149688721	0.0548181533813	0.0616660118103	0.0575959682465	0.0626940727234	0.0708360671997	0.0529689788818	0.0612637996674	0.0562970638275	0.0596849918365	0.0564780235291	0.0559310913086	0.0621700286865	0.0532331466675	0.0564498901367	0.0626928806305	0.0736248493195	0.0747790336609	0.0669221878052	0.0617899894714	0.060524225235	0.0611741542816	0.0530588626862	0.0566279888153	0.0572409629822	0.0562968254089	0.0617010593414	0.0581591129303	0.0540430545807	0.0589888095856	0.0564749240875	0.0613191127777	0.0581140518188	
['./treeMaker/main', '-m', '-c', '2']
0.0601739883423	0.059632062912	0.0598089694977	0.0753800868988	0.0561051368713	0.0618889331818	0.0562109947205	0.0689368247986	0.0634670257568	0.0652530193329	0.0602240562439	0.0609939098358	0.0563230514526	0.0576269626617	0.0585110187531	0.0589120388031	0.06138920784	0.0662472248077	0.0556819438934	0.0662159919739	0.0635280609131	0.0651438236237	0.0610680580139	0.0554268360138	0.0632779598236	0.0573608875275	0.0597190856934	0.0617139339447	0.056843996048	0.0643079280853	0.0543329715729	0.0511939525604	0.0618658065796	0.0697388648987	0.071163892746	0.0638439655304	0.0568599700928	0.0632638931274	0.0620748996735	0.0532400608063	0.0581691265106	0.0584490299225	0.0578329563141	0.0650198459625	0.0609560012817	0.0574488639832	0.0706698894501	0.0532569885254	0.057158946991	0.0599420070648	
['./treeMaker/main', '-m', '-a', '1']
0.0711050033569	0.0693140029907	0.0700058937073	0.0826010704041	0.0723090171814	0.0742280483246	0.0670619010925	0.0795409679413	0.0749409198761	0.0763010978699	0.0698630809784	0.0715389251709	0.0818898677826	0.0676448345184	0.086905002594	0.0662279129028	0.0640799999237	0.0752248764038	0.0663299560547	0.0703201293945	0.0777380466461	0.0738570690155	0.0661129951477	0.0648620128632	0.0702610015869	0.0674178600311	0.0692508220673	0.0666148662567	0.0660741329193	0.0829610824585	0.0684599876404	0.0645799636841	0.072634935379	0.0847887992859	0.0809049606323	0.0765810012817	0.0672061443329	0.0760571956635	0.0717070102692	0.0630750656128	0.066712141037	0.0786240100861	0.0710260868073	0.0737030506134	0.0673201084137	0.0644071102142	0.0652539730072	0.0628318786621	0.0671808719635	0.0655980110168	
['./treeMaker/main', '-m', '-a', '2']
0.0591390132904	0.0561370849609	0.0716009140015	0.0599451065063	0.0568468570709	0.0620048046112	0.0565481185913	0.0693061351776	0.0630710124969	0.0658400058746	0.0614409446716	0.0625309944153	0.0682201385498	0.0622398853302	0.0609290599823	0.0567579269409	0.0604140758514	0.0684750080109	0.0630159378052	0.0625369548798	0.0585260391235	0.0608961582184	0.056412935257	0.0547521114349	0.0611531734467	0.0565140247345	0.0599799156189	0.0571091175079	0.0565741062164	0.0651710033417	0.0567708015442	0.0542290210724	0.0716609954834	0.0679969787598	0.0699498653412	0.0537240505219	0.0560760498047	0.0618438720703	0.061115026474	0.0526521205902	0.0563819408417	0.0573599338531	0.0558030605316	0.062108039856	0.0579590797424	0.0538067817688	0.0689599514008	0.0552570819855	0.0605189800262	0.0595381259918	
