25_1000_4.9e-10_4.9e-10_10000
25
1000
4.9e-10
4.9e-10
10000

['./treeMaker/main']
0.480998039246	0.207659006119	0.35976600647	0.429828882217	0.909939050674	0.475092887878	0.98899102211	0.465098142624	0.364459037781	0.330425024033	0.555147171021	0.444612979889	0.387580156326	0.298963069916	0.301440954208	0.282238006592	0.736778020859	0.416806936264	0.484676122665	0.429339170456	0.513780117035	0.434638023376	0.166127204895	1.19273495674	0.755047082901	0.520407915115	0.37923002243	1.02733302116	0.52247595787	0.356346130371	0.673063993454	0.590712070465	0.526297807693	0.236030817032	0.36169719696	0.487373828888	1.42021203041	0.523936033249	0.756693124771	0.273649930954	0.327138900757	0.190069913864	0.342111110687	0.349216938019	0.64119386673	0.353729963303	0.281442165375	0.693857192993	0.520071983337	0.390475034714	
['./treeMaker/main', '-b']
0.495531797409	0.209805965424	0.361581087112	0.432504892349	0.909085035324	0.477314949036	1.02864003181	0.453267097473	0.382773160934	0.348565816879	0.552509069443	0.443561077118	0.386780977249	0.281094074249	0.301104068756	0.297048091888	0.709067106247	0.435926914215	0.510129928589	0.447846889496	0.516080141068	0.440341949463	0.167564868927	1.1614780426	0.715425014496	0.543117046356	0.355824947357	1.0166208744	0.555121898651	0.38588809967	0.640597105026	0.56839299202	0.510261058807	0.217020988464	0.344702005386	0.537619113922	1.48434710503	0.507126092911	0.750764131546	0.292969942093	0.363069057465	0.195129871368	0.353253126144	0.358139038086	0.64785194397	0.357270002365	0.30492401123	0.720452070236	0.497864961624	0.368716001511	
['./treeMaker/main', '-u']
0.454290866852	0.217562198639	0.356579065323	0.431535005569	0.924815893173	0.497816085815	0.961748838425	0.474143981934	0.351044178009	0.320087909698	0.56462097168	0.43626999855	0.376881837845	0.286628007889	0.313274145126	0.291024923325	0.748332023621	0.430274963379	0.470611095428	0.43160200119	0.516201019287	0.415601968765	0.161373853683	1.09900808334	0.751533985138	0.542189121246	0.380784988403	0.960341930389	0.58368897438	0.364943981171	0.631716966629	0.589442968369	0.514830827713	0.2348549366	0.343986988068	0.531063079834	1.48789191246	0.523009061813	0.703453063965	0.264338970184	0.355833053589	0.20275592804	0.35506606102	0.351191997528	0.635258197784	0.356245040894	0.286328792572	0.705495834351	0.540202140808	0.366959810257	
['./treeMaker/main', '-t', '-r', '1']
2.5048699379	1.52903389931	2.14333605766	2.36746287346	3.58174395561	2.39834499359	3.78006696701	2.49825406075	2.14083600044	2.01740384102	2.45278978348	2.35542201996	2.16457700729	1.83513402939	1.85329699516	1.91488814354	3.1912419796	2.35589194298	2.56331801414	2.40275907516	2.57235479355	2.40659213066	1.25644302368	4.10829901695	3.2406539917	2.63404393196	2.14844298363	3.74192404747	2.69337892532	2.11908197403	2.97514486313	2.81097197533	2.56813287735	1.52780413628	2.14456605911	2.38744306564	4.70744991302	2.57164692879	3.23355507851	1.78732609749	2.0606341362	1.34108400345	2.03460407257	2.11160612106	2.97750592232	2.02674913406	1.78608512878	3.04822993279	2.59371399879	2.0030939579	
['./treeMaker/main', '-t', '-r', '2']
4.25828409195	2.35984587669	3.47034192085	3.97425198555	5.99395394325	4.07604503632	6.36074399948	3.97777986526	3.25458908081	3.02202796936	4.89614701271	3.88914704323	3.9565038681	2.99750304222	3.13137388229	3.0286989212	5.33308386803	3.56957387924	4.52752995491	3.86951804161	3.95952105522	4.02312803268	2.05940699577	6.31889986992	5.52531003952	4.35890507698	3.46757006645	6.09920287132	4.75796818733	3.87318706512	4.9126188755	4.58599185944	4.07129406929	2.35083603859	3.31208491325	4.50729894638	7.90009999275	3.97331786156	5.25467514992	2.8083729744	3.31525993347	2.20855212212	3.38148498535	3.34611105919	4.58881211281	3.35630702972	3.09917211533	5.16711688042	4.4459002018	3.78643584251	
['./treeMaker/main', '-t', '-r', '1', '-N']
2.46998000145	1.52281999588	2.09261989594	2.35993719101	3.49174809456	2.46788096428	3.7079179287	2.51493811607	2.12068080902	2.05509805679	2.48469018936	2.38732504845	2.08640003204	1.8876991272	1.88255405426	1.89228892326	3.14762020111	2.29603981972	2.66317009926	2.3249809742	2.62687110901	2.38003611565	1.18778300285	4.07179403305	3.25114989281	2.64721488953	2.15724515915	3.78179192543	2.68231987953	2.1730890274	2.95769286156	2.75637888908	2.56436491013	1.50788903236	2.13093590736	2.31678390503	4.61882090569	2.56591415405	3.2413020134	1.85534620285	2.11753201485	1.38446187973	2.02713608742	2.05297708511	3.04445409775	2.04315304756	1.83241081238	2.98314619064	2.60688996315	1.98817896843	
['./treeMaker/main', '-t', '-r', '2', '-N']
4.27981710434	2.44180989265	3.30705499649	4.07684898376	5.94865393639	4.08943390846	6.32032799721	4.00463795662	3.28459501266	3.07424879074	4.97317099571	3.91177678108	3.99184703827	2.92809486389	3.10305690765	3.01551890373	5.32103395462	3.65761590004	4.5436501503	3.82203221321	3.93770098686	4.03747200966	2.024091959	6.21487402916	5.53246498108	4.31102800369	3.56390595436	6.26472806931	4.7907409668	3.84417891502	4.91716313362	4.56817388535	4.02185702324	2.35724687576	3.31802892685	4.58044600487	7.72634911537	4.02382111549	5.28566193581	2.78173494339	3.29717993736	2.22108101845	3.35437083244	3.28544378281	4.63266396523	3.35394406319	3.04069304466	5.15641283989	4.48999404907	3.7838602066	
['./treeMaker/main', '-m']
0.0941598415375	0.0728240013123	0.101876974106	0.0955190658569	0.115713119507	0.0947051048279	0.120437145233	0.0934400558472	0.0862979888916	0.107230901718	0.110341072083	0.093710899353	0.0940330028534	0.0947840213776	0.079745054245	0.0786838531494	0.115826845169	0.0933930873871	0.0994620323181	0.0949828624725	0.0962660312653	0.0931360721588	0.0696058273315	0.130481958389	0.116451978683	0.0945098400116	0.0923449993134	0.125851154327	0.108369827271	0.0943689346313	0.110181093216	0.107583999634	0.114421844482	0.0726919174194	0.083997964859	0.102737903595	0.149225950241	0.0928599834442	0.107082128525	0.0783128738403	0.0851399898529	0.067920923233	0.0882651805878	0.0874111652374	0.0993931293488	0.0892210006714	0.0938498973846	0.107153892517	0.0969378948212	0.103916168213	
['./treeMaker/main', '-m', '-b']
0.102906942368	0.0783269405365	0.0943989753723	0.10142493248	0.129508972168	0.104308843613	0.129669189453	0.100652933121	0.0942330360413	0.0845441818237	0.122045993805	0.0991549491882	0.0968310832977	0.0825510025024	0.100948095322	0.084223985672	0.119843959808	0.100744962692	0.108345031738	0.107971906662	0.098904132843	0.0962769985199	0.0716128349304	0.138328075409	0.116545200348	0.106048822403	0.0969989299774	0.135998010635	0.111185073853	0.0989708900452	0.126319885254	0.111520051956	0.105037927628	0.0805008411407	0.0915060043335	0.111298084259	0.154335975647	0.105526924133	0.119322061539	0.0794169902802	0.0949320793152	0.0750970840454	0.10907793045	0.0918471813202	0.108500957489	0.107291936874	0.0895159244537	0.116468906403	0.103621006012	0.0965950489044	
['./treeMaker/main', '-m', '-w', '1']
0.109497070312	0.0733780860901	0.0883212089539	0.0948038101196	0.119539022446	0.0976269245148	0.120640993118	0.0929710865021	0.0854518413544	0.0958459377289	0.109881877899	0.0896170139313	0.0912520885468	0.0851221084595	0.089451789856	0.0850260257721	0.114811897278	0.0930259227753	0.101390838623	0.097128868103	0.0977559089661	0.0941359996796	0.0799639225006	0.137273073196	0.111885070801	0.104577064514	0.0980582237244	0.123785972595	0.0984699726105	0.0886361598969	0.103165864944	0.114078998566	0.108325004578	0.0769739151001	0.0923790931702	0.112431049347	0.151825904846	0.0924389362335	0.121029138565	0.0778911113739	0.0901579856873	0.0688669681549	0.102300882339	0.0904369354248	0.119378089905	0.0855610370636	0.0966780185699	0.111772060394	0.10161113739	0.089038848877	
['./treeMaker/main', '-m', '-w', '2']
0.0936601161957	0.0723080635071	0.101105928421	0.0956649780273	0.119788885117	0.0946700572968	0.120630979538	0.0997281074524	0.0900840759277	0.0849030017853	0.111217021942	0.0955049991608	0.0954210758209	0.0946230888367	0.0810511112213	0.0808889865875	0.112402200699	0.109040975571	0.0984768867493	0.0938069820404	0.0952110290527	0.0919148921967	0.0680978298187	0.124760150909	0.114750862122	0.0987460613251	0.084949016571	0.128844022751	0.105810880661	0.0891489982605	0.112778902054	0.105824947357	0.0975301265717	0.0902729034424	0.0874099731445	0.103242874146	0.142057180405	0.0942778587341	0.115068912506	0.0779559612274	0.0861480236053	0.0744769573212	0.0881991386414	0.0874490737915	0.121473789215	0.0898129940033	0.0911908149719	0.115509986877	0.0977280139923	0.095626115799	
['./treeMaker/main', '-m', '-c', '1']
0.0964488983154	0.0744659900665	0.0888230800629	0.0954790115356	0.132822990417	0.0940480232239	0.119807004929	0.0931780338287	0.0859360694885	0.0838580131531	0.11000084877	0.0942070484161	0.0939819812775	0.0813658237457	0.0789868831635	0.0928671360016	0.126908063889	0.0906069278717	0.111764907837	0.10143494606	0.0932738780975	0.0904619693756	0.0786809921265	0.128515005112	0.108259916306	0.0943059921265	0.083890914917	0.129890918732	0.120413064957	0.0886449813843	0.10939002037	0.100509881973	0.111999988556	0.075758934021	0.0873210430145	0.108485937119	0.146632909775	0.0923640727997	0.112165927887	0.0793220996857	0.0993340015411	0.0695450305939	0.0878551006317	0.0976309776306	0.10183596611	0.086541891098	0.083359003067	0.11263012886	0.0972490310669	0.090194940567	
['./treeMaker/main', '-m', '-c', '2']
0.0948870182037	0.0712070465088	0.0910670757294	0.094633102417	0.116196155548	0.0967810153961	0.127628087997	0.0964250564575	0.0887858867645	0.0836629867554	0.11933016777	0.0899579524994	0.0903820991516	0.0780260562897	0.0820598602295	0.0921051502228	0.118435144424	0.0944700241089	0.101389884949	0.0960488319397	0.0982630252838	0.100552082062	0.0686349868774	0.128875017166	0.109972953796	0.0972390174866	0.0854978561401	0.122572898865	0.104035139084	0.0949099063873	0.106427907944	0.102941036224	0.100702047348	0.0757489204407	0.0884499549866	0.106660842896	0.140256881714	0.0932848453522	0.117554187775	0.0777499675751	0.0863180160522	0.082417011261	0.0878751277924	0.0873689651489	0.100283145905	0.0847291946411	0.0816690921783	0.106930017471	0.103225946426	0.093151807785	
['./treeMaker/main', '-m', '-a', '1']
0.103955984116	0.0819818973541	0.109354972839	0.114207983017	0.127071857452	0.101440906525	0.128361940384	0.116099119186	0.0982148647308	0.101873159409	0.116727828979	0.100629091263	0.102360010147	0.0895409584045	0.0894820690155	0.0991110801697	0.113599061966	0.0992751121521	0.113975048065	0.107476949692	0.103285074234	0.100160121918	0.0768139362335	0.139100074768	0.131693124771	0.103672027588	0.0941941738129	0.129291057587	0.10819196701	0.0976939201355	0.117503881454	0.112329006195	0.106355905533	0.0837249755859	0.0919098854065	0.110589027405	0.148240089417	0.0995678901672	0.120737791061	0.0967061519623	0.0925440788269	0.0809199810028	0.0964679718018	0.0952208042145	0.110105991364	0.0931210517883	0.0903079509735	0.114696025848	0.104721069336	0.101891040802	
['./treeMaker/main', '-m', '-a', '2']
0.096951007843	0.074107170105	0.0850789546967	0.091747045517	0.115916013718	0.0948839187622	0.12068605423	0.0936710834503	0.0860888957977	0.0808258056641	0.105923891068	0.0900621414185	0.0907230377197	0.0783112049103	0.0822670459747	0.0792369842529	0.107907056808	0.0963749885559	0.101270914078	0.0966830253601	0.0976061820984	0.0919578075409	0.0661199092865	0.131722927094	0.107996940613	0.106429100037	0.0870020389557	0.124830007553	0.102955818176	0.0889370441437	0.103583097458	0.105846881866	0.0988790988922	0.0755050182343	0.0845248699188	0.105813980103	0.159701108932	0.0929968357086	0.106472015381	0.0756549835205	0.100442886353	0.0704779624939	0.0858829021454	0.0840220451355	0.10541009903	0.0902669429779	0.0842418670654	0.110690116882	0.102907180786	0.0914540290833	
