25_1000_4.9e-10_0.0_470000000
25
1000
4.9e-10
0.0
470000000

['./treeMaker/main']
31.9290640354	22.9140970707	2375.73511696	31.9265789986	95.4491021633	375.436513186	20.6107940674	34.1716780663	185.830454111	66.5162069798	151.220265865	35.7397229671	91.4140000343	82.1484539509	33.1475629807	24.4640049934	86.7628660202	114.785885811	1.03614997864	193.876214027	16.6139390469	15.9939329624	23.3905780315	7.79234695435	414.359102011	26.4662339687	41.2605419159	8.00318193436	13.620059967	5.1687681675	25.1334328651	47.4112761021	4.68580007553	979.982471943	12.6519207954	12.8835651875	250.901893854	99.8419468403	25.9064700603	77.182311058	10.6404290199	22.2296931744	449.72040391	44.6545279026	20.9900178909	303.752460003	39.1937589645	10.1432759762	28.4715871811	105.168734074	
['./treeMaker/main', '-b']
32.4069700241	23.9263880253	2445.79297495	32.6170201302	97.0853459835	417.843546867	23.7255959511	38.7109398842	211.401912928	69.9198620319	151.375510216	41.7373819351	106.513142824	95.8512401581	36.5301499367	27.1817388535	99.0288369656	132.69968915	1.13047599792	215.219938993	18.9924430847	16.9971878529	23.5507190228	7.92063093185	483.58056283	31.0599138737	47.359511137	8.36968421936	15.9550759792	5.37278699875	28.0994441509	47.4267990589	5.0616850853	1108.58355403	13.3552279472	13.2622351646	286.878133059	101.193251133	25.7797980309	85.9422860146	11.7332019806	25.758890152	478.951445818	44.4711580276	24.1221461296	336.792152882	46.4028201103	10.4309809208	33.5277409554	119.696598053	
['./treeMaker/main', '-u']
36.604847908	27.4391560555	2345.59146285	32.4010369778	96.2408368587	367.817600965	20.7306830883	34.2837920189	176.859420061	61.6133930683	145.462680101	35.8095958233	90.8151810169	82.6313140392	38.019464016	26.1371350288	93.810710907	117.210114956	1.04330086708	207.090139866	17.6819009781	17.0164840221	26.2046990395	7.75166988373	480.47823	30.7681159973	47.1973319054	8.43452215195	14.5228919983	5.4486489296	28.4378750324	52.7705779076	5.12231612206	1070.4777658	13.8443279266	14.1615149975	280.546296835	114.271344185	25.5319099426	90.3996379375	10.6965260506	23.9501850605	506.830842972	44.4903059006	21.0118100643	344.576604843	45.2542390823	11.1948928833	32.6289560795	108.776170015	
['./treeMaker/main', '-t', '-r', '1']
26.0286478996	21.5038490295	287.618635893	25.3450181484	45.376251936	100.811393976	19.9731371403	25.4584941864	63.2385368347	34.7484240532	53.5351052284	26.0133559704	46.3902208805	40.1147789955	23.7778189182	21.9359128475	45.5623149872	49.2191839218	3.5721719265	74.095484972	18.2221400738	16.4272899628	21.2109138966	10.3727309704	101.836085081	21.6511349678	28.0112400055	11.1908321381	14.5663919449	9.04439210892	21.3284850121	31.5057649612	8.51963305473	180.035459995	15.0453588963	13.217236042	77.1426019669	46.4236638546	22.0767500401	38.4635789394	13.208837986	19.641130209	112.682221174	29.9378550053	20.4665689468	92.7282509804	28.9268820286	12.4558269978	24.2633528709	47.9466509819	
['./treeMaker/main', '-t', '-r', '2']
40.1824500561	31.9366281033	472.270259857	37.8289501667	76.1926860809	163.66315484	28.606443882	40.1596128941	105.525846004	57.7031590939	93.7663259506	43.0103440285	71.991519928	69.4298539162	39.9501287937	31.4448769093	67.4693918228	82.9714920521	5.49572896957	109.199913979	26.5393559933	24.4326779842	31.1939849854	15.2030501366	172.950204849	36.2328159809	47.2065658569	17.076086998	24.3987469673	12.905205965	35.045042038	48.3226108551	12.9683668613	274.207250118	21.9157991409	23.4033331871	125.895305872	74.1794598103	32.4320309162	65.8503379822	19.3587560654	30.4815199375	176.738540888	44.7857949734	29.1957468987	142.458417892	41.3024020195	18.5079939365	35.1129829884	74.2871160507	
['./treeMaker/main', '-t', '-r', '1', '-N']
25.78185606	21.4716300964	278.768605947	25.097342968	45.4761838913	100.49813199	19.9045159817	25.4337470531	62.8663561344	34.6213889122	53.1074459553	26.6712398529	45.9387359619	40.1297531128	23.8638718128	21.9212589264	45.9317538738	48.9421870708	3.53880405426	74.2287950516	17.6347420216	16.3235230446	21.2120261192	10.312379837	101.314553022	21.2252509594	28.0623340607	11.1319680214	14.4065020084	8.96967697144	21.308065176	31.4618098736	8.55004501343	178.369342089	14.873374939	13.2778389454	77.1249890327	46.2683498859	22.3446109295	38.4145419598	12.9882779121	19.6046800613	111.001626015	30.0720829964	20.3642549515	91.7495160103	28.2910218239	12.4989480972	24.2193448544	48.1066529751	
['./treeMaker/main', '-t', '-r', '2', '-N']
40.202272892	31.9127509594	473.309378147	38.2602348328	76.547467947	164.262162924	28.5896880627	40.0190219879	105.424296856	57.0638039112	94.5931010246	41.7548849583	71.0906910896	69.6920821667	39.2243599892	31.9103288651	66.7150299549	81.7999260426	5.45267796516	108.002182007	26.6480979919	24.6518270969	30.7961299419	15.2783720493	170.33783102	36.7074179649	47.0315179825	16.9171919823	24.073248148	12.7133688927	34.8678300381	48.2390680313	12.9503028393	273.517586946	21.5398080349	23.1202440262	125.582784891	74.2099900246	32.3884990215	66.2515480518	19.7147259712	31.0173449516	178.090355158	44.7335929871	29.1811408997	140.874783993	41.2022910118	18.5505728722	35.3152661324	74.5676088333	
['./treeMaker/main', '-m']
0.490928173065	0.429035902023	3.47642993927	0.52080988884	0.802520990372	1.45361590385	0.417470932007	0.526909828186	1.08338308334	0.701870918274	0.994506120682	0.538666963577	0.772886991501	0.800656080246	0.549206018448	0.447214126587	0.767249107361	0.902184009552	0.14671087265	1.07972598076	0.383147001266	0.379629850388	0.457472085953	0.279145956039	1.55212497711	0.503618955612	0.606258153915	0.271469831467	0.371937036514	0.233243942261	0.493396997452	0.579125881195	0.241759061813	2.11430692673	0.337033987045	0.369760990143	1.22762393951	0.808845996857	0.469475984573	0.766602039337	0.331421136856	0.443432092667	1.57208180428	0.59373998642	0.439517021179	1.27329015732	0.563790082932	0.323488950729	0.487574100494	0.827538013458	
['./treeMaker/main', '-m', '-b']
0.581629037857	0.503549098969	3.87157320976	0.575673818588	0.939864873886	1.64991188049	0.476487159729	0.603090047836	1.18315005302	0.776525974274	1.15764307976	0.574707984924	0.898417949677	0.842475891113	0.595170021057	0.507956027985	0.867141008377	0.980720043182	0.159949064255	1.15488791466	0.429291963577	0.43564414978	0.50027680397	0.313040971756	1.6730890274	0.515379190445	0.634752035141	0.313067913055	0.389059066772	0.261352062225	0.5393409729	0.636471986771	0.256422996521	2.41149711609	0.377745866776	0.399392127991	1.32380986214	0.896768093109	0.486221075058	0.816302061081	0.350625038147	0.499287128448	1.71652889252	0.663527965546	0.460037946701	1.49042701721	0.619163990021	0.34964799881	0.507093906403	0.955183029175	
['./treeMaker/main', '-m', '-w', '1']
0.521288871765	0.462684869766	3.48726797104	0.491708993912	0.802149057388	1.41992592812	0.406941175461	0.549260139465	1.03859806061	0.688189983368	1.05200791359	0.551561832428	0.774265050888	0.810484886169	0.538197994232	0.446061849594	0.792773008347	0.911599159241	0.141959190369	1.07230591774	0.389497995377	0.380241155624	0.438049077988	0.267222881317	1.50225901604	0.50120806694	0.605572938919	0.297657012939	0.379072189331	0.24546790123	0.453758001328	0.586162805557	0.2281498909	2.11418795586	0.353771209717	0.353557109833	1.21872210503	0.836004018784	0.468056917191	0.757537126541	0.323859930038	0.431561946869	1.51442885399	0.571575880051	0.434688091278	1.32047104836	0.540362119675	0.323962926865	0.47835111618	0.84254693985	
['./treeMaker/main', '-m', '-w', '2']
0.532195806503	0.457015037537	3.4890460968	0.520993947983	0.807092189789	1.42636990547	0.404978990555	0.531592130661	1.04061293602	0.705672979355	1.02027082443	0.526701927185	0.842525005341	0.80408000946	0.5053191185	0.428903102875	0.737811088562	0.895951032639	0.13930606842	1.07012414932	0.403519868851	0.376005172729	0.424695014954	0.266502857208	1.57996296883	0.501538991928	0.612833023071	0.275523900986	0.375147104263	0.235281944275	0.473904132843	0.578669071198	0.246877908707	2.15312004089	0.356008052826	0.374315977097	1.17877101898	0.816196918488	0.471851110458	0.727694034576	0.311321973801	0.432363986969	1.54099702835	0.5790579319	0.426051139832	1.3328371048	0.541759967804	0.308579921722	0.467797040939	0.8045129776	
['./treeMaker/main', '-m', '-c', '1']
0.497194051743	0.454694986343	3.44331407547	0.530644893646	0.831755161285	1.45250487328	0.40248799324	0.531117916107	1.09453606606	0.672422885895	1.02059793472	0.566148042679	0.775192022324	0.759494066238	0.542815208435	0.427233934402	0.762144804001	0.850987911224	0.137658119202	1.02734518051	0.387032985687	0.377309083939	0.422395944595	0.265301942825	1.53713297844	0.489539146423	0.583654880524	0.272239208221	0.376980066299	0.252220869064	0.489459037781	0.57759308815	0.237540960312	2.17493700981	0.353665113449	0.379151105881	1.21972799301	0.832912921906	0.454411029816	0.753929853439	0.321176052094	0.466845989227	1.54131579399	0.561569929123	0.430566072464	1.32990813255	0.563030958176	0.304134130478	0.460172176361	0.798748016357	
['./treeMaker/main', '-m', '-c', '2']
0.517822980881	0.469182014465	3.43114614487	0.491104841232	0.816107988358	1.44788384438	0.419516086578	0.546244859695	1.05009293556	0.661275148392	1.00895595551	0.556313037872	0.771699905396	0.773557901382	0.528069972992	0.44731593132	0.743768215179	0.866919994354	0.135894060135	1.07604384422	0.389325141907	0.35869884491	0.422475099564	0.279081106186	1.53970313072	0.490056991577	0.566854000092	0.285040855408	0.376206159592	0.249852895737	0.474686145782	0.607737779617	0.22906088829	2.10763096809	0.336141109467	0.355124950409	1.20875120163	0.791356086731	0.463447809219	0.720350980759	0.30888915062	0.44889998436	1.58029294014	0.590017080307	0.43302488327	1.31237792969	0.554642915726	0.32092499733	0.483925104141	0.853498935699	
['./treeMaker/main', '-m', '-a', '1']
0.537046909332	0.443870067596	3.45309209824	0.505074977875	0.868989944458	1.43718910217	0.434293031693	0.560095071793	1.07534217834	0.676862001419	1.05621385574	0.585467100143	0.788069963455	0.776241064072	0.517221927643	0.468725919724	0.748807907104	0.902338027954	0.159610033035	1.09588384628	0.399510145187	0.402791023254	0.453186988831	0.305987119675	1.5657119751	0.519921064377	0.618561029434	0.301598787308	0.390413045883	0.260575056076	0.505851984024	0.593913078308	0.243396997452	2.19449901581	0.35250210762	0.385296821594	1.23511600494	0.811848163605	0.490221977234	0.735030889511	0.323308944702	0.446479082108	1.55859398842	0.577102184296	0.443037986755	1.34238505363	0.572161912918	0.349336147308	0.515493869781	0.85865187645	
['./treeMaker/main', '-m', '-a', '2']
0.515688896179	0.477637767792	3.46550583839	0.49179816246	0.85710811615	1.48533201218	0.420017957687	0.543351888657	1.07475399971	0.667157888412	1.03639292717	0.56342792511	0.771620988846	0.795598983765	0.5361328125	0.439526081085	0.767033815384	0.893030881882	0.142713069916	1.08442497253	0.393539905548	0.376441955566	0.42481803894	0.265854120255	1.56052112579	0.505462169647	0.593630075455	0.287107944489	0.374449014664	0.233306884766	0.457448959351	0.568372964859	0.258093833923	2.11542582512	0.362503051758	0.381072044373	1.22154307365	0.809715032578	0.452408075333	0.761490821838	0.337349891663	0.444488048553	1.60512900352	0.607725858688	0.448613882065	1.27339792252	0.558052062988	0.305408000946	0.460540056229	0.802548885345	
