25_1000_4.9e-10_4.9e-10_470000000_cut_9
25
1000
4.9e-10
4.9e-10
470000000
cut_9
['./treeMaker/main']
0.093071937561	0.209752082825	0.205309867859	0.112046003342	0.126118898392	0.105309009552	0.133671998978	0.172256946564	0.145781993866	0.123976945877	0.124151945114	0.136059045792	0.137433052063	0.109376907349	0.0949308872223	0.0955281257629	0.166735172272	0.461207151413	0.15401506424	0.0990381240845	0.136512994766	0.10046005249	0.164207935333	0.23198890686	0.213027000427	0.0978729724884	0.179430961609	0.125463008881	0.0894010066986	0.0853450298309	0.323244810104	0.142794132233	1.27539420128	0.129024028778	0.0493869781494	0.198835134506	0.148849010468	0.106047868729	0.0867140293121	0.260871887207	0.0945699214935	0.191317796707	0.941689014435	0.116053819656	0.189419984818	0.104923009872	0.0347599983215	0.0814709663391	0.0817620754242	0.43110203743	
['./treeMaker/main', '-b']
0.0895841121674	0.209979057312	0.221253156662	0.114145994186	0.142232894897	0.118156909943	0.133581161499	0.163958072662	0.150511980057	0.123929977417	0.133315086365	0.129787921906	0.125508069992	0.115060806274	0.0998730659485	0.0978190898895	0.172847032547	0.442740917206	0.145869970322	0.102406978607	0.126540899277	0.10645198822	0.170607089996	0.223229885101	0.211499929428	0.0979630947113	0.163280963898	0.143123865128	0.0821959972382	0.0838830471039	0.326617002487	0.14089012146	1.27235889435	0.130328893661	0.0487718582153	0.220087051392	0.133635044098	0.106276988983	0.0869982242584	0.274495124817	0.0977749824524	0.211894989014	0.951001882553	0.106812000275	0.179807901382	0.107840061188	0.0359199047089	0.083710193634	0.0832951068878	0.444192171097	
['./treeMaker/main', '-u']
0.0911149978638	0.216881990433	0.210918903351	0.116627216339	0.131777048111	0.106032133102	0.135501861572	0.156084060669	0.150242090225	0.121283054352	0.12874007225	0.140556097031	0.12086892128	0.118853807449	0.0988171100616	0.0980470180511	0.163222074509	0.467535972595	0.140413999557	0.0962810516357	0.126110076904	0.107205152512	0.175252914429	0.212717056274	0.225224018097	0.0961079597473	0.174828052521	0.131266117096	0.0809788703918	0.0831689834595	0.320003986359	0.137200832367	1.22823691368	0.131608009338	0.0486660003662	0.21230506897	0.13685297966	0.107298851013	0.101431131363	0.255329847336	0.0964229106903	0.199714183807	0.98783493042	0.120152950287	0.178839921951	0.109803199768	0.0363509654999	0.0834059715271	0.0951359272003	0.42166018486	
['./treeMaker/main', '-t', '-r', '1']
0.940535068512	1.59421014786	1.55123806	1.01728701591	1.13317203522	0.963046073914	1.20146989822	1.40399694443	1.24555110931	1.11508822441	1.04786515236	1.07587885857	1.09163999557	0.974725961685	0.883220911026	0.96126294136	1.33633899689	2.43191814423	1.22465205193	0.880188941956	1.16536593437	1.00169181824	1.36857390404	1.50985813141	1.55741882324	0.94485783577	1.44280695915	1.20035409927	0.771505117416	0.781962156296	2.10173201561	1.22186398506	4.3905069828	1.16170406342	0.46081495285	1.38998913765	1.23895716667	0.984282970428	0.82609295845	1.9217839241	0.892507076263	1.54653787613	3.69074082375	0.978018045425	1.49123215675	1.00499987602	0.352488040924	0.842214107513	0.77793097496	2.189234972	
['./treeMaker/main', '-t', '-r', '2']
1.5404510498	2.85541415215	2.84956479073	1.79965996742	1.88968300819	1.71595001221	1.96009612083	2.26028299332	2.34179902077	1.84997701645	2.25057077408	1.9746029377	2.08823394775	1.84438109398	1.572245121	1.54514312744	2.46044993401	5.08627295494	2.228525877	1.58268094063	1.96919894218	1.88859891891	2.50959300995	2.93521595001	2.96631407738	1.72059202194	2.35954999924	2.17569303513	1.31469297409	1.39125704765	3.70384097099	2.20106911659	7.51495599747	1.94542503357	0.854044914246	3.03995990753	2.07514309883	1.64767098427	1.38678503036	3.29938411713	1.63539600372	3.15761303902	6.82117795944	1.73051691055	2.65088915825	1.75114107132	0.581591844559	1.44489216805	1.45719885826	4.7897810936	
['./treeMaker/main', '-t', '-r', '1', '-N']
0.84565615654	1.66670393944	1.56845593452	1.06565999985	1.09325814247	0.979965925217	1.16747188568	1.40480399132	1.26660203934	1.13821601868	1.08766007423	1.12177395821	1.09540200233	0.995054960251	0.903193950653	0.979809999466	1.37703609467	2.45318198204	1.23944711685	0.892302036285	1.18410491943	0.998669147491	1.36289191246	1.48145484924	1.54566979408	0.96692609787	1.46571397781	1.18014097214	0.814078092575	0.808408975601	2.11516094208	1.24002504349	4.44407296181	1.09981989861	0.468019962311	1.44911003113	1.23737311363	0.978891849518	0.832994937897	1.81177282333	0.887792825699	1.52084612846	3.81121301651	1.00593304634	1.50795197487	1.03859686852	0.337391138077	0.836559057236	0.773069858551	2.20470905304	
['./treeMaker/main', '-t', '-r', '2', '-N']
1.54220104218	2.87703800201	2.8329398632	1.86169314384	1.91964006424	1.71860384941	1.96860218048	2.26089692116	2.3611137867	1.90434098244	2.27206087112	1.95381307602	2.12156701088	1.8846218586	1.59722709656	1.63409805298	2.44124794006	5.14618611336	2.28310322762	1.59505605698	1.97157502174	1.85421895981	2.47548604012	2.96668601036	2.93173789978	1.77166390419	2.43186807632	2.19927310944	1.35221385956	1.40507388115	3.77049899101	2.1463739872	7.67815899849	1.97392392159	0.870399951935	3.07039904594	2.09822297096	1.65253686905	1.41480302811	3.26870703697	1.61859703064	3.16563677788	6.77422499657	1.74353289604	2.60895705223	1.73072099686	0.579374074936	1.44774794579	1.45291495323	4.91252708435	
['./treeMaker/main', '-m']
0.0436198711395	0.0614349842072	0.062520980835	0.0474271774292	0.0505750179291	0.0446670055389	0.0510230064392	0.0545210838318	0.0545349121094	0.0473918914795	0.051500082016	0.0500447750092	0.0503680706024	0.0479280948639	0.0451130867004	0.0428800582886	0.0577490329742	0.0859909057617	0.0518269538879	0.045284986496	0.0524430274963	0.0486690998077	0.0623400211334	0.0816240310669	0.063759803772	0.043135881424	0.0543401241302	0.0493438243866	0.0386788845062	0.040442943573	0.0722050666809	0.0512299537659	0.122472047806	0.0496900081635	0.0301108360291	0.0800960063934	0.0562870502472	0.0510699748993	0.0580351352692	0.0675029754639	0.0444951057434	0.0642728805542	0.116989850998	0.0483191013336	0.0598409175873	0.0487949848175	0.0269868373871	0.042062997818	0.0433950424194	0.092572927475	
['./treeMaker/main', '-m', '-b']
0.0468888282776	0.0689368247986	0.0698089599609	0.0612678527832	0.0550880432129	0.0496768951416	0.0566000938416	0.059995174408	0.0626602172852	0.0541958808899	0.0556530952454	0.0572159290314	0.0563750267029	0.0539569854736	0.0496652126312	0.0505478382111	0.0626640319824	0.107540845871	0.0577352046967	0.0495121479034	0.054123878479	0.0500469207764	0.0629410743713	0.071977853775	0.0723578929901	0.0478138923645	0.0608570575714	0.0551519393921	0.0414021015167	0.0424470901489	0.0773680210114	0.0543129444122	0.132511138916	0.0567669868469	0.036306142807	0.0880420207977	0.0555920600891	0.0477499961853	0.0455911159515	0.0761170387268	0.047826051712	0.0699942111969	0.126663923264	0.0509901046753	0.0632779598236	0.0523920059204	0.0282838344574	0.045254945755	0.0577070713043	0.102420091629	
['./treeMaker/main', '-m', '-w', '1']
0.0470190048218	0.0672309398651	0.0678899288177	0.0521309375763	0.0558550357819	0.0488471984863	0.0558001995087	0.05406498909	0.0550661087036	0.0467410087585	0.0507609844208	0.0491399765015	0.0495879650116	0.0473639965057	0.044529914856	0.0430068969727	0.064530134201	0.0924391746521	0.0549750328064	0.0500378608704	0.0617959499359	0.0496919155121	0.0642421245575	0.0693559646606	0.0710718631744	0.0506160259247	0.0585751533508	0.0525951385498	0.044734954834	0.0466141700745	0.0778098106384	0.0566389560699	0.129484891891	0.0534980297089	0.0344839096069	0.0713000297546	0.0554041862488	0.0534331798553	0.0454120635986	0.0733969211578	0.0481190681458	0.0666971206665	0.116401910782	0.0490570068359	0.0601739883423	0.0506911277771	0.0286149978638	0.0417239665985	0.0448389053345	0.102902173996	
['./treeMaker/main', '-m', '-w', '2']
0.0465018749237	0.067734003067	0.0698359012604	0.0519440174103	0.0542049407959	0.045902967453	0.0569000244141	0.0570619106293	0.0577909946442	0.0502259731293	0.0685420036316	0.0520470142365	0.0533199310303	0.0503368377686	0.0477049350739	0.0449709892273	0.0565690994263	0.0907690525055	0.0546009540558	0.0484309196472	0.0509791374207	0.0466589927673	0.0592110157013	0.0673949718475	0.0677111148834	0.045471906662	0.057492017746	0.0521619319916	0.0408959388733	0.0427150726318	0.07572889328	0.0524499416351	0.121510028839	0.0524041652679	0.0299010276794	0.067507982254	0.0525150299072	0.0462880134583	0.0453429222107	0.0717949867249	0.0460598468781	0.0631079673767	0.11217212677	0.0462260246277	0.0711269378662	0.0487551689148	0.027107000351	0.0423848628998	0.0437748432159	0.0930778980255	
['./treeMaker/main', '-m', '-c', '1']
0.0446100234985	0.0901448726654	0.0617280006409	0.047031879425	0.05020403862	0.0454678535461	0.0505950450897	0.0542299747467	0.0543482303619	0.0469810962677	0.0506939888	0.0496051311493	0.0499970912933	0.0596928596497	0.0497498512268	0.0473461151123	0.0646378993988	0.0919880867004	0.0563981533051	0.0479228496552	0.0510301589966	0.0468678474426	0.0594789981842	0.0674850940704	0.0677390098572	0.045695066452	0.0577921867371	0.0525169372559	0.0410649776459	0.0428259372711	0.0762090682983	0.0525879859924	0.134322881699	0.0525090694427	0.0320148468018	0.0688869953156	0.0533618927002	0.0448808670044	0.0409870147705	0.073343038559	0.0485877990723	0.0698142051697	0.127876996994	0.0447068214417	0.0559401512146	0.0456831455231	0.0250489711761	0.0431461334229	0.0432488918304	0.0924949645996	
['./treeMaker/main', '-m', '-c', '2']
0.0423581600189	0.0606739521027	0.0612189769745	0.0466639995575	0.0498199462891	0.046010017395	0.0533270835876	0.0571238994598	0.0570600032806	0.049458026886	0.0534200668335	0.0517029762268	0.0524718761444	0.0501639842987	0.0469200611115	0.0470027923584	0.0584428310394	0.0910880565643	0.055948972702	0.0525748729706	0.0548689365387	0.048446893692	0.060909986496	0.0716478824615	0.0693590641022	0.0480420589447	0.0594530105591	0.0580229759216	0.0423638820648	0.0449891090393	0.0780510902405	0.0518941879272	0.137890100479	0.0614969730377	0.0294878482819	0.0649881362915	0.0508887767792	0.0451631546021	0.040139913559	0.0682091712952	0.0428369045258	0.0622382164001	0.126515865326	0.0476930141449	0.0593249797821	0.0486259460449	0.0266230106354	0.0422449111938	0.0432090759277	0.0919308662415	
['./treeMaker/main', '-m', '-a', '1']
0.0480058193207	0.0677399635315	0.0661668777466	0.0511209964752	0.0583398342133	0.0505561828613	0.0572400093079	0.0609848499298	0.0614800453186	0.0531759262085	0.0574028491974	0.0560331344604	0.0565068721771	0.0542521476746	0.051078081131	0.0486810207367	0.0649299621582	0.0936100482941	0.0585000514984	0.0548279285431	0.0524771213531	0.0508229732513	0.0675220489502	0.0735590457916	0.0866429805756	0.0517971515656	0.061733007431	0.0552790164948	0.0457189083099	0.0471639633179	0.0792491436005	0.0611491203308	0.132102012634	0.0562448501587	0.0348901748657	0.072781085968	0.0573761463165	0.0520439147949	0.0460751056671	0.0747790336609	0.0495331287384	0.0690231323242	0.121876001358	0.052188873291	0.0630669593811	0.0522689819336	0.0297799110413	0.0451698303223	0.0469269752502	0.0970621109009	
['./treeMaker/main', '-m', '-a', '2']
0.0444810390472	0.0646269321442	0.0654609203339	0.0611519813538	0.0498950481415	0.0447421073914	0.0511960983276	0.0686619281769	0.0592200756073	0.0544798374176	0.0549621582031	0.0652871131897	0.0551018714905	0.0516338348389	0.048633813858	0.0459778308868	0.0597360134125	0.0883228778839	0.0572278499603	0.0488018989563	0.0564248561859	0.0496809482574	0.0614960193634	0.0780129432678	0.0675690174103	0.0453341007233	0.0572240352631	0.0517530441284	0.0429699420929	0.045156955719	0.0777978897095	0.0560309886932	0.142837047577	0.0527780056	0.0305480957031	0.0656728744507	0.053041934967	0.0484321117401	0.0431959629059	0.0696380138397	0.0430750846863	0.0619449615479	0.111126899719	0.0587360858917	0.0626690387726	0.0517342090607	0.0294389724731	0.0447840690613	0.0534539222717	0.0939018726349	
