25_1000_0_0_10000
25
1000
0
0
10000

['./treeMaker/main']
0.0453479290009	0.0437409877777	0.0439598560333	0.0434169769287	0.0436959266663	0.0430262088776	0.0433490276337	0.0457410812378	0.0495688915253	0.046028137207	0.0462868213654	0.0467119216919	0.0460529327393	0.0452561378479	0.0453820228577	0.0455048084259	0.0459480285645	0.048241853714	0.0457220077515	0.0467429161072	0.0458250045776	0.0448911190033	0.0466809272766	0.0458168983459	0.0464329719543	0.045018196106	0.0448520183563	0.0451898574829	0.0444049835205	0.0449559688568	0.0468099117279	0.0456681251526	0.0452098846436	0.0460259914398	0.0452330112457	0.0475559234619	0.0455532073975	0.0465080738068	0.0459280014038	0.0453689098358	0.0474629402161	0.0462028980255	0.0457899570465	0.0451769828796	0.0457530021667	0.0453758239746	0.044853925705	0.0445401668549	0.0456981658936	0.0465838909149	
['./treeMaker/main', '-b']
0.049654006958	0.0484240055084	0.0461039543152	0.056892156601	0.0456430912018	0.046070098877	0.0468189716339	0.046737909317	0.0469999313354	0.0465488433838	0.0456008911133	0.0467829704285	0.046226978302	0.0457539558411	0.0453100204468	0.0499629974365	0.0480651855469	0.0539879798889	0.0498530864716	0.0475449562073	0.0570819377899	0.048919916153	0.0464558601379	0.0456600189209	0.048810005188	0.045193195343	0.0470218658447	0.0496537685394	0.0471141338348	0.0544278621674	0.0487699508667	0.0467338562012	0.0477001667023	0.0487930774689	0.0464072227478	0.0464570522308	0.0463588237762	0.0467720031738	0.0463230609894	0.0456590652466	0.0481100082397	0.0469927787781	0.0483498573303	0.0474290847778	0.05637383461	0.0472240447998	0.0457980632782	0.0447151660919	0.0466368198395	0.0468721389771	
['./treeMaker/main', '-u']
0.0466430187225	0.0505220890045	0.0464301109314	0.0466051101685	0.0465121269226	0.0454850196838	0.0472691059113	0.0471079349518	0.0468101501465	0.0458641052246	0.0456559658051	0.0462141036987	0.0450019836426	0.0452289581299	0.0463111400604	0.0461020469666	0.0453751087189	0.0447380542755	0.0565462112427	0.046159029007	0.0439898967743	0.0450360774994	0.0460679531097	0.0460569858551	0.0454430580139	0.048269033432	0.0451319217682	0.0463721752167	0.0454998016357	0.0459489822388	0.0470809936523	0.0462839603424	0.0466878414154	0.0460040569305	0.0457317829132	0.0474538803101	0.0453078746796	0.0457108020782	0.0437028408051	0.046452999115	0.0471680164337	0.0468249320984	0.0454709529877	0.0458040237427	0.0437300205231	0.0468409061432	0.0467250347137	0.0493597984314	0.0462820529938	0.0479869842529	
['./treeMaker/main', '-t', '-r', '1']
0.377115011215	0.366533994675	0.362210035324	0.364078044891	0.365162849426	0.354569911957	0.34801697731	0.376242876053	0.370571136475	0.3678150177	0.364182949066	0.348031044006	0.371407985687	0.364665031433	0.364175081253	0.34397482872	0.347919940948	0.363723039627	0.342657804489	0.368118047714	0.369252920151	0.366160154343	0.363008975983	0.362680196762	0.363671064377	0.358359098434	0.362723112106	0.361351013184	0.360092878342	0.356036901474	0.366019964218	0.360975980759	0.359365940094	0.36216211319	0.362030982971	0.376881837845	0.366625070572	0.370466947556	0.359868049622	0.356773853302	0.364052057266	0.345571994781	0.356158971786	0.346560001373	0.359950780869	0.369911909103	0.360127925873	0.371036052704	0.367779970169	0.364177942276	
['./treeMaker/main', '-t', '-r', '2']
0.422159910202	0.414992809296	0.423335075378	0.434735059738	0.406064987183	0.401980876923	0.426985025406	0.429033041	0.44313788414	0.409115076065	0.424845933914	0.415803909302	0.418458938599	0.395295858383	0.420891046524	0.40886592865	0.414366960526	0.404072999954	0.413239002228	0.439628839493	0.401547908783	0.396512031555	0.432740926743	0.41099691391	0.41082906723	0.414521932602	0.398751020432	0.428681850433	0.426739931107	0.387087106705	0.451272964478	0.411762952805	0.401445150375	0.401391029358	0.416585206985	0.418652057648	0.414085865021	0.420104980469	0.400375127792	0.400807142258	0.425085067749	0.406745195389	0.389952898026	0.410964012146	0.400632858276	0.413328170776	0.422590017319	0.437315940857	0.437448978424	0.398740053177	
['./treeMaker/main', '-t', '-r', '1', '-N']
0.356313943863	0.36274600029	0.367444038391	0.363561868668	0.37274479866	0.363482952118	0.348227024078	0.364978075027	0.361954927444	0.358705997467	0.362951040268	0.358170032501	0.359004974365	0.344765901566	0.3640229702	0.356241941452	0.355350971222	0.367088079453	0.358335018158	0.374561071396	0.371515035629	0.358368873596	0.375144958496	0.359533786774	0.347502946854	0.34380698204	0.36967587471	0.362848043442	0.358914852142	0.367970943451	0.384248971939	0.362804889679	0.365773200989	0.359003067017	0.358646869659	0.349740982056	0.361492156982	0.368630886078	0.342666149139	0.362262010574	0.364066123962	0.360717058182	0.371502161026	0.368970155716	0.369122982025	0.362949848175	0.370293140411	0.360398054123	0.363903045654	0.344952106476	
['./treeMaker/main', '-t', '-r', '2', '-N']
0.418248176575	0.407002925873	0.413606882095	0.412237882614	0.420311927795	0.385900020599	0.437043905258	0.439058065414	0.421625137329	0.417430877686	0.423139095306	0.399642944336	0.408879041672	0.393131971359	0.427680969238	0.399346113205	0.42146396637	0.405537128448	0.406491041183	0.439586162567	0.413237094879	0.396311044693	0.402729988098	0.399029016495	0.432148933411	0.413759946823	0.39289689064	0.422281980515	0.407232999802	0.389073848724	0.464488983154	0.410083055496	0.403124809265	0.405343055725	0.408638954163	0.415735960007	0.410336971283	0.419644117355	0.39547085762	0.403083086014	0.423702001572	0.415063858032	0.374151945114	0.393772125244	0.407727003098	0.417435884476	0.409630060196	0.411017894745	0.430412054062	0.423578023911	
['./treeMaker/main', '-m']
0.0539979934692	0.0444300174713	0.0451579093933	0.0474328994751	0.044056892395	0.0426211357117	0.0482149124146	0.0448908805847	0.0447399616241	0.0451610088348	0.0455360412598	0.0442640781403	0.0454177856445	0.0448749065399	0.0460431575775	0.046952009201	0.0433461666107	0.0452239513397	0.0456631183624	0.0440890789032	0.047865152359	0.0448279380798	0.0456821918488	0.0447878837585	0.0474700927734	0.0454769134521	0.0432770252228	0.045844078064	0.0448439121246	0.0436818599701	0.0451700687408	0.0461821556091	0.0448708534241	0.049036026001	0.0442769527435	0.0460441112518	0.0474298000336	0.0457110404968	0.0436170101166	0.0437588691711	0.045266866684	0.0432500839233	0.0449521541595	0.0438799858093	0.0420639514923	0.0436408519745	0.0424737930298	0.0456540584564	0.044921875	0.0446929931641	
['./treeMaker/main', '-m', '-b']
0.0457608699799	0.0430171489716	0.0456800460815	0.0456109046936	0.0441560745239	0.0445511341095	0.0461919307709	0.0455288887024	0.046767950058	0.0455350875854	0.0429971218109	0.0441961288452	0.0429499149323	0.0450029373169	0.0466380119324	0.045567035675	0.0453670024872	0.0543658733368	0.045646905899	0.044585943222	0.0436589717865	0.0434069633484	0.0435230731964	0.0423429012299	0.0423069000244	0.0422940254211	0.0425541400909	0.0424571037292	0.0422310829163	0.0422549247742	0.0432510375977	0.0429158210754	0.0423340797424	0.0422739982605	0.0424270629883	0.0432479381561	0.0425291061401	0.0428609848022	0.0421860218048	0.0422430038452	0.0426940917969	0.0438950061798	0.0435500144958	0.0433211326599	0.041825056076	0.042690038681	0.054545879364	0.0481288433075	0.0454909801483	0.0434889793396	
['./treeMaker/main', '-m', '-w', '1']
0.0504970550537	0.0439021587372	0.0475828647614	0.0457079410553	0.0453450679779	0.0429811477661	0.0456240177155	0.0472800731659	0.0442719459534	0.0442268848419	0.0453631877899	0.0443949699402	0.044634103775	0.0444540977478	0.0459110736847	0.0449759960175	0.0439038276672	0.0442299842834	0.0455358028412	0.0443339347839	0.0451140403748	0.0460920333862	0.0457289218903	0.045933008194	0.0474998950958	0.0452070236206	0.0456809997559	0.0458958148956	0.0451629161835	0.0437319278717	0.0449481010437	0.0445721149445	0.0474109649658	0.0472378730774	0.0436658859253	0.0448529720306	0.0446667671204	0.0453817844391	0.0439581871033	0.0446240901947	0.0444459915161	0.0433359146118	0.0486669540405	0.0451059341431	0.0436270236969	0.0446228981018	0.0548779964447	0.0450360774994	0.0450630187988	0.0436239242554	
['./treeMaker/main', '-m', '-w', '2']
0.0457549095154	0.0432767868042	0.0547380447388	0.0467669963837	0.0456140041351	0.0461268424988	0.0448570251465	0.0464708805084	0.0446491241455	0.0463690757751	0.0457081794739	0.0439019203186	0.0419631004333	0.0422999858856	0.0427961349487	0.0422930717468	0.0422990322113	0.0467529296875	0.0440969467163	0.0457761287689	0.0452299118042	0.045166015625	0.0457701683044	0.0451998710632	0.0445289611816	0.0452208518982	0.0455930233002	0.0564229488373	0.0442869663239	0.0441861152649	0.0453097820282	0.0452868938446	0.044989824295	0.0453419685364	0.0429458618164	0.0456910133362	0.0444159507751	0.0479907989502	0.0469191074371	0.0440020561218	0.0548439025879	0.0425581932068	0.0496962070465	0.0458679199219	0.0458788871765	0.0458319187164	0.0474469661713	0.0445840358734	0.0450530052185	0.0450959205627	
['./treeMaker/main', '-m', '-c', '1']
0.047651052475	0.0440149307251	0.0424001216888	0.0442390441895	0.0450069904327	0.0423130989075	0.0448980331421	0.0441482067108	0.0455229282379	0.0457978248596	0.0436069965363	0.0444469451904	0.0455260276794	0.0430800914764	0.0447268486023	0.0473630428314	0.043643951416	0.0441279411316	0.0451829433441	0.0448060035706	0.0440499782562	0.0441291332245	0.0457370281219	0.0452120304108	0.044597864151	0.0445349216461	0.0441842079163	0.0451209545135	0.0443868637085	0.04465508461	0.0480499267578	0.0440399646759	0.0445439815521	0.0470499992371	0.0414218902588	0.0524930953979	0.0442728996277	0.0440270900726	0.0447549819946	0.0444569587708	0.042916059494	0.0452480316162	0.0441901683807	0.0444359779358	0.0443680286407	0.0453240871429	0.0435531139374	0.0542402267456	0.0435688495636	0.0443089008331	
['./treeMaker/main', '-m', '-c', '2']
0.044723033905	0.0444111824036	0.0451140403748	0.0442941188812	0.0445702075958	0.044606924057	0.0452680587769	0.0446310043335	0.0454528331757	0.045264005661	0.0440239906311	0.0445511341095	0.0430839061737	0.0455720424652	0.0452890396118	0.0438978672028	0.0447361469269	0.0422279834747	0.0445911884308	0.0452561378479	0.0439419746399	0.0470409393311	0.0441248416901	0.0444478988647	0.0447061061859	0.0449440479279	0.0445840358734	0.0453188419342	0.0422441959381	0.0446960926056	0.0470209121704	0.0474359989166	0.0440270900726	0.0427489280701	0.0449199676514	0.0477709770203	0.0425310134888	0.0442609786987	0.0449130535126	0.0445740222931	0.0454950332642	0.0447180271149	0.044408082962	0.0451548099518	0.0440280437469	0.0452888011932	0.0445621013641	0.044830083847	0.0446398258209	0.0447480678558	
['./treeMaker/main', '-m', '-a', '1']
0.0541679859161	0.0524969100952	0.0516090393066	0.051451921463	0.0577988624573	0.049567937851	0.0513060092926	0.0495369434357	0.050598859787	0.0500690937042	0.0477809906006	0.048849105835	0.052136182785	0.0486330986023	0.0585210323334	0.0500490665436	0.050017118454	0.0497260093689	0.0508248806	0.04860496521	0.0510730743408	0.0541260242462	0.0507290363312	0.050803899765	0.0515689849854	0.0502951145172	0.0538301467896	0.0509600639343	0.0533719062805	0.0471711158752	0.0508329868317	0.0497629642487	0.0488522052765	0.0533900260925	0.0501220226288	0.0531251430511	0.0501570701599	0.0522880554199	0.0499739646912	0.0498719215393	0.049870967865	0.0457310676575	0.046492099762	0.0472450256348	0.0576050281525	0.048919916153	0.0486619472504	0.0489411354065	0.0492551326752	0.048709154129	
['./treeMaker/main', '-m', '-a', '2']
0.0441601276398	0.0441970825195	0.0451889038086	0.0454258918762	0.0433468818665	0.0451371669769	0.0455420017242	0.0460939407349	0.0455009937286	0.0454888343811	0.0434670448303	0.0455460548401	0.0429780483246	0.0455591678619	0.0460841655731	0.0443680286407	0.0431559085846	0.0449931621552	0.058198928833	0.0431709289551	0.0426518917084	0.0422279834747	0.0424151420593	0.0421891212463	0.0428450107574	0.0424168109894	0.0421960353851	0.0427038669586	0.0426120758057	0.0420670509338	0.0438451766968	0.0428431034088	0.0425159931183	0.0422580242157	0.0424840450287	0.0432269573212	0.0424900054932	0.0427210330963	0.0423421859741	0.0423259735107	0.0427539348602	0.0426969528198	0.0423538684845	0.042778968811	0.0422029495239	0.0426030158997	0.042149066925	0.0425999164581	0.042760848999	0.042505979538	
