25_1000_1.9e-10_1.9e-10_470000000
25
1000
1.9e-10
1.9e-10
470000000

['./treeMaker/main']
0.101945161819	0.127645969391	0.107923030853	0.126163959503	0.0973019599915	0.15345287323	0.120781898499	0.12765789032	0.11838889122	0.111351013184	0.249825954437	0.147155046463	0.176218986511	0.0912308692932	0.112174034119	0.115879058838	0.117563962936	0.119226932526	0.137860059738	0.0980539321899	0.0968871116638	0.107097148895	0.11242890358	0.154713153839	0.128398895264	0.1181640625	0.135709047318	0.107944965363	0.116507053375	0.103605985641	0.0932810306549	0.0949630737305	0.0949590206146	0.132879972458	0.123644113541	0.170413017273	0.128618001938	0.104161977768	0.120646953583	0.141121149063	0.130711078644	0.13196516037	0.171007156372	0.131378173828	0.110644102097	0.101377010345	0.139363050461	0.098424911499	0.0862789154053	0.186216115952	
['./treeMaker/main', '-b']
0.0918478965759	0.123031139374	0.0999901294708	0.12242102623	0.11212015152	0.164147853851	0.112720966339	0.139516830444	0.11323595047	0.1159491539	0.26522898674	0.138433933258	0.172011852264	0.0959670543671	0.097629070282	0.112364053726	0.111922979355	0.114379882812	0.131544113159	0.101581811905	0.103780984879	0.113388061523	0.11954498291	0.157258987427	0.134775876999	0.107477903366	0.118319988251	0.108620882034	0.118326187134	0.109373807907	0.100083827972	0.0967080593109	0.101372003555	0.133679866791	0.110158920288	0.151278972626	0.12372303009	0.107626914978	0.116917133331	0.142633199692	0.122272014618	0.130535125732	0.183030843735	0.140053033829	0.11622095108	0.111258983612	0.139972925186	0.0991940498352	0.0817551612854	0.181228876114	
['./treeMaker/main', '-u']
0.0974810123444	0.1237180233	0.115921020508	0.122796058655	0.0915448665619	0.159723997116	0.112972974777	0.126163005829	0.102416038513	0.110977172852	0.250768899918	0.137600898743	0.1719789505	0.097295999527	0.10250711441	0.113888978958	0.110443115234	0.114161014557	0.147215127945	0.116518974304	0.0997240543365	0.11408996582	0.114514827728	0.163578987122	0.139323949814	0.106950998306	0.122618913651	0.111936807632	0.123605966568	0.110556840897	0.100422859192	0.0992681980133	0.103498935699	0.135833024979	0.117230176926	0.161241054535	0.116883039474	0.101311922073	0.131866931915	0.148601055145	0.121711969376	0.137138843536	0.189074993134	0.133862018585	0.111505031586	0.0968589782715	0.140393018723	0.0996098518372	0.0845010280609	0.187507152557	
['./treeMaker/main', '-t', '-r', '1']
0.830315828323	0.998255968094	0.887457847595	0.978567123413	0.834504842758	1.22204208374	0.944108009338	1.01293206215	0.879434108734	0.94890499115	1.71932911873	1.08247995377	1.32947087288	0.777002096176	0.814442157745	0.939234018326	0.95067191124	0.924428939819	1.11150193214	0.854804039001	0.86257982254	0.892225027084	0.97688794136	1.23094081879	1.05855107307	0.903424978256	1.01219391823	0.935440063477	0.973004102707	0.902710199356	0.810128927231	0.835061073303	0.857475996017	1.10408997536	0.969809055328	1.31446695328	0.986747026443	0.866024971008	0.996179103851	1.15573787689	1.04152107239	1.04796600342	1.40109992027	1.27166485786	0.951226949692	0.843672037125	1.14109802246	0.8232421875	0.720159053802	1.40305805206	
['./treeMaker/main', '-t', '-r', '2']
1.14572095871	1.41630506516	1.27681398392	1.36117815971	1.07816100121	1.64895296097	1.32913184166	1.43410086632	1.22062492371	1.33236312866	2.51996898651	1.53902196884	1.98150587082	1.13007497787	1.23312497139	1.22034287453	1.33458995819	1.35930895805	1.50731706619	1.22367095947	1.20223212242	1.32204604149	1.37670302391	1.75080609322	1.61524415016	1.23437190056	1.42842793465	1.27318882942	1.45551800728	1.24134302139	1.18442392349	1.20040583611	1.25807499886	1.4752240181	1.3077340126	1.76040506363	1.36835694313	1.27352404594	1.39367508888	1.71484804153	1.51786613464	1.57825016975	1.89723682404	1.59532189369	1.36438918114	1.13078904152	1.66009116173	1.13469815254	1.02571797371	1.94229912758	
['./treeMaker/main', '-t', '-r', '1', '-N']
0.823398113251	0.957503080368	0.879733085632	1.0190050602	0.851453065872	1.20284605026	0.903766870499	0.973662137985	0.828404188156	0.962807178497	1.69872403145	1.02803015709	1.31467485428	0.798161029816	0.814609050751	0.895299911499	0.941838979721	0.949009895325	1.11058998108	0.852343082428	0.856188058853	0.879465103149	0.986125946045	1.23375487328	1.06282997131	0.874485969543	1.02578210831	0.904034137726	1.01732993126	0.862009048462	0.830511808395	0.835874080658	0.879738092422	1.10699486732	0.950721979141	1.23652887344	0.94477891922	0.905606985092	1.01834702492	1.14587712288	1.06456494331	1.03296208382	1.40119099617	1.14482116699	0.910695075989	0.843902826309	1.17465591431	0.806671142578	0.713734149933	1.40831184387	
['./treeMaker/main', '-t', '-r', '2', '-N']
1.15453481674	1.39856290817	1.25333404541	1.35802292824	1.10085296631	1.68770503998	1.31944012642	1.38987588882	1.23367214203	1.27014994621	2.4725561142	1.53878211975	2.00902700424	1.11946702003	1.20993900299	1.25270581245	1.27979493141	1.33382797241	1.50419902802	1.20406913757	1.18943190575	1.33448290825	1.3636200428	1.76370000839	1.51388406754	1.21868920326	1.38161587715	1.22237992287	1.41913509369	1.24195098877	1.16509509087	1.13931584358	1.1585650444	1.4706530571	1.30981516838	1.71184015274	1.37112998962	1.24124503136	1.36929583549	1.70652508736	1.52464008331	1.55061006546	1.87827014923	1.55458498001	1.2734131813	1.14452409744	1.61880302429	1.0853509903	1.0548350811	1.91723394394	
['./treeMaker/main', '-m']
0.0595910549164	0.0628459453583	0.0595428943634	0.0608558654785	0.0566091537476	0.0663781166077	0.0631489753723	0.0608630180359	0.0569000244141	0.0567710399628	0.088329076767	0.0628840923309	0.0682971477509	0.0548911094666	0.0548920631409	0.055655002594	0.057058095932	0.0639898777008	0.0621387958527	0.0569090843201	0.0606470108032	0.0726969242096	0.058357000351	0.067458152771	0.0628581047058	0.0572671890259	0.0592889785767	0.0584850311279	0.0606279373169	0.0584349632263	0.0553388595581	0.0576801300049	0.0565419197083	0.0635209083557	0.0619728565216	0.0656609535217	0.0598459243774	0.0572528839111	0.060366153717	0.0644898414612	0.0599160194397	0.0611441135406	0.0693299770355	0.0638229846954	0.0609400272369	0.0570049285889	0.063686132431	0.0682640075684	0.0700581073761	0.0673718452454	
['./treeMaker/main', '-m', '-b']
0.0556130409241	0.0627889633179	0.058610200882	0.0604960918427	0.0558121204376	0.0653550624847	0.0617499351501	0.0611438751221	0.0601019859314	0.0598139762878	0.0819499492645	0.0769510269165	0.0744230747223	0.0584290027618	0.0582399368286	0.0595810413361	0.0606329441071	0.0637500286102	0.0645558834076	0.059122800827	0.0583190917969	0.0609600543976	0.0593400001526	0.0685579776764	0.0653350353241	0.0600869655609	0.061646938324	0.0609829425812	0.0628669261932	0.0602040290833	0.0573139190674	0.0595529079437	0.0578231811523	0.0768020153046	0.0635249614716	0.0695579051971	0.0624599456787	0.0717129707336	0.061411857605	0.0659720897675	0.0609400272369	0.0631020069122	0.0721979141235	0.0654618740082	0.0620849132538	0.0559778213501	0.0666608810425	0.0569851398468	0.0553109645844	0.0715079307556	
['./treeMaker/main', '-m', '-w', '1']
0.0529389381409	0.0606520175934	0.0565321445465	0.0578920841217	0.0545270442963	0.0774240493774	0.0624458789825	0.0604028701782	0.058002948761	0.0581920146942	0.0764379501343	0.0627429485321	0.0680301189423	0.0671210289001	0.0561549663544	0.0576047897339	0.0586650371552	0.0623500347137	0.0659239292145	0.0607359409332	0.0579290390015	0.0602331161499	0.0583789348602	0.0673489570618	0.0631151199341	0.057412147522	0.0584030151367	0.0573978424072	0.059473991394	0.057708978653	0.0545840263367	0.0569899082184	0.0548558235168	0.0617458820343	0.0594470500946	0.0659410953522	0.0602738857269	0.0571448802948	0.0603139400482	0.0643680095673	0.0591270923615	0.0649828910828	0.0735421180725	0.0639262199402	0.0593230724335	0.0559270381927	0.066064119339	0.056364774704	0.0541541576385	0.0723140239716	
['./treeMaker/main', '-m', '-w', '2']
0.0571730136871	0.0643570423126	0.0601451396942	0.0730900764465	0.0549380779266	0.0657081604004	0.0652601718903	0.0611600875854	0.0618100166321	0.0591149330139	0.0798599720001	0.0654089450836	0.0743319988251	0.0561051368713	0.0568330287933	0.0579640865326	0.0593230724335	0.06205701828	0.0630390644073	0.0579738616943	0.058336019516	0.0608420372009	0.0592510700226	0.0680160522461	0.0638980865479	0.0562379360199	0.0590260028839	0.0583901405334	0.0598661899567	0.0577499866486	0.0704200267792	0.0576310157776	0.0540659427643	0.0624170303345	0.0585541725159	0.0645759105682	0.0593740940094	0.0567440986633	0.0597031116486	0.0634679794312	0.0592448711395	0.0606858730316	0.068571805954	0.0748250484467	0.0598039627075	0.0566928386688	0.0673050880432	0.057037115097	0.0554411411285	0.0706400871277	
['./treeMaker/main', '-m', '-c', '1']
0.0542979240417	0.0621430873871	0.0577940940857	0.0593128204346	0.0548579692841	0.0648949146271	0.0595960617065	0.0603280067444	0.0586810112	0.0575230121613	0.0785009860992	0.0636990070343	0.069568157196	0.0559279918671	0.0560429096222	0.0570619106293	0.0585060119629	0.061980009079	0.0642039775848	0.0569529533386	0.0697710514069	0.0580439567566	0.0575220584869	0.0658538341522	0.0618209838867	0.0562200546265	0.0579090118408	0.0571329593658	0.0587120056152	0.0583539009094	0.0556769371033	0.0574908256531	0.0555181503296	0.0739359855652	0.0583078861237	0.0664858818054	0.0603268146515	0.059042930603	0.0645649433136	0.0646960735321	0.0610461235046	0.0650629997253	0.0684781074524	0.0670030117035	0.0693049430847	0.0563588142395	0.0653660297394	0.0609669685364	0.0678761005402	0.0679171085358	
['./treeMaker/main', '-m', '-c', '2']
0.0554988384247	0.0634100437164	0.0598111152649	0.0631890296936	0.0566310882568	0.0644509792328	0.0597441196442	0.0601689815521	0.058483839035	0.0574197769165	0.0779049396515	0.076404094696	0.0697779655457	0.0556290149689	0.0559310913086	0.0574979782104	0.0713031291962	0.0640680789948	0.0666439533234	0.0617849826813	0.0583691596985	0.0585799217224	0.0566971302032	0.0663378238678	0.0614721775055	0.0559711456299	0.0578391551971	0.0570089817047	0.0587079524994	0.0573809146881	0.0541470050812	0.0560009479523	0.0539400577545	0.0610558986664	0.0608429908752	0.0653939247131	0.0597958564758	0.05695104599	0.0600960254669	0.0643877983093	0.0599520206451	0.0610549449921	0.0689389705658	0.0620651245117	0.0594010353088	0.0556788444519	0.0650720596313	0.0560619831085	0.0539112091064	0.0731158256531	
['./treeMaker/main', '-m', '-a', '1']
0.0638430118561	0.0784161090851	0.0684349536896	0.0692040920258	0.0644629001617	0.072918176651	0.0697169303894	0.0698308944702	0.0841619968414	0.0659520626068	0.0855498313904	0.0798540115356	0.0839328765869	0.0721139907837	0.0680198669434	0.0726051330566	0.0684599876404	0.0735449790955	0.0716190338135	0.0676620006561	0.0690078735352	0.0859529972076	0.0709700584412	0.090029001236	0.0799450874329	0.0713720321655	0.0707530975342	0.0690438747406	0.0691649913788	0.0805571079254	0.0661499500275	0.0677268505096	0.064444065094	0.0759038925171	0.0722119808197	0.0804781913757	0.074816942215	0.0667259693146	0.080276966095	0.0744438171387	0.0698139667511	0.0718500614166	0.0786027908325	0.0718681812286	0.0831639766693	0.0639350414276	0.0848379135132	0.0763268470764	0.0702941417694	0.0803279876709	
['./treeMaker/main', '-m', '-a', '2']
0.058070898056	0.0643980503082	0.0600609779358	0.0601761341095	0.0591480731964	0.0686972141266	0.0639979839325	0.0599989891052	0.0593008995056	0.059711933136	0.0792951583862	0.0653321743011	0.071053981781	0.0565340518951	0.0594408512115	0.0610368251801	0.0601050853729	0.0634570121765	0.0671889781952	0.0588350296021	0.0596599578857	0.0600368976593	0.0580499172211	0.0672390460968	0.0626211166382	0.0577747821808	0.0603971481323	0.0585000514984	0.0609829425812	0.0580930709839	0.0547919273376	0.0568449497223	0.0596659183502	0.0813620090485	0.0577521324158	0.0643699169159	0.0588231086731	0.0560550689697	0.0594379901886	0.0635459423065	0.0591840744019	0.0604159832001	0.0676341056824	0.0616040229797	0.0627460479736	0.0562059879303	0.0653409957886	0.0562851428986	0.0541348457336	0.0701580047607	
