25_1000_4.9e-10_4.9e-10_470000000_cut_8
25
1000
4.9e-10
4.9e-10
470000000
cut_8
['./treeMaker/main']
0.0936300754547	0.206977844238	0.215350151062	0.113783836365	0.136340141296	0.120199918747	0.145447015762	0.176753044128	0.159196853638	0.124467134476	0.12208199501	0.127805948257	0.120861053467	0.124271869659	0.0994482040405	0.109533786774	0.166156053543	0.407108068466	0.149194955826	0.0976898670197	0.128149986267	0.118283987045	0.174052000046	0.220206022263	0.211184978485	0.106905937195	0.162446975708	0.12463092804	0.0840091705322	0.0836460590363	0.324370145798	0.14552116394	1.30115890503	0.137904167175	0.0475928783417	0.201783895493	0.138371944427	0.102642059326	0.0996971130371	0.285039901733	0.0957250595093	0.182741880417	1.00446486473	0.0980041027069	0.164052963257	0.107042074203	0.0359349250793	0.0851190090179	0.0836269855499	0.427128076553	
['./treeMaker/main', '-b']
0.0937550067902	0.214338064194	0.225886821747	0.130094051361	0.139063119888	0.108366966248	0.135339021683	0.163408994675	0.158326148987	0.124902009964	0.126718997955	0.128137111664	0.120810031891	0.115053892136	0.103873968124	0.113298892975	0.176461935043	0.410517930984	0.150456905365	0.103782892227	0.130303144455	0.112373113632	0.174858093262	0.224694013596	0.223922014236	0.108479976654	0.165832996368	0.128268957138	0.0819840431213	0.0835330486298	0.32824587822	0.140785932541	1.2553050518	0.132383823395	0.0613009929657	0.207385063171	0.149085044861	0.106005907059	0.0887489318848	0.262799978256	0.10214304924	0.18551492691	1.00979614258	0.105180978775	0.17399096489	0.10888504982	0.0365619659424	0.089861869812	0.0881741046906	0.454577922821	
['./treeMaker/main', '-u']
0.0935251712799	0.214230060577	0.220731973648	0.118563890457	0.136458873749	0.111433982849	0.136159896851	0.162432193756	0.167470932007	0.13592004776	0.140594959259	0.128632068634	0.12059211731	0.130825996399	0.104286909103	0.102387189865	0.167230844498	0.417140960693	0.155418872833	0.0993938446045	0.125881195068	0.104855060577	0.171590089798	0.224509000778	0.224517822266	0.110593080521	0.158432006836	0.126950025558	0.0850830078125	0.0851278305054	0.325503110886	0.15310883522	1.26859593391	0.132699966431	0.0478701591492	0.194500923157	0.132844209671	0.104575157166	0.0881488323212	0.25858092308	0.103399038315	0.196898937225	1.03987693787	0.0991170406342	0.164433956146	0.1077439785	0.0364298820496	0.0852379798889	0.0843670368195	0.440827846527	
['./treeMaker/main', '-t', '-r', '1']
0.930381059647	1.67301297188	1.64856290817	1.13245606422	1.21885800362	1.03710103035	1.2418589592	1.43432593346	1.28046894073	1.18657779694	1.1217250824	1.18790102005	1.11581611633	1.07360100746	0.99129986763	0.964867115021	1.40384984016	2.4027838707	1.29214215279	0.915493011475	1.19224286079	1.06519412994	1.48641896248	1.77365493774	1.68625712395	0.960907936096	1.46950912476	1.25680303574	0.816894054413	0.844876050949	2.22000002861	1.24368405342	4.76011395454	1.20546317101	0.487310171127	1.70866107941	1.27809882164	1.07846689224	0.862039089203	1.92246484756	0.972607851028	1.58883213997	4.05947399139	0.924683094025	1.5552880764	1.04117703438	0.385767936707	0.910425186157	0.833618879318	2.48826289177	
['./treeMaker/main', '-t', '-r', '2']
1.38154983521	2.59399604797	2.70465517044	1.76582312584	1.84754014015	1.60935592651	1.78768086433	2.15476107597	2.10564899445	1.75562000275	1.8774960041	1.82052516937	1.83018898964	1.71954894066	1.50234508514	1.50575399399	2.21954607964	4.01275682449	2.09319901466	1.50189900398	1.80997395515	1.75172877312	2.19914007187	2.57245516777	2.67013406754	1.5750451088	2.14132595062	1.95135211945	1.25610899925	1.30628800392	3.35273218155	2.03564119339	6.71906304359	1.77361297607	0.75621676445	2.60879898071	1.93491411209	1.58473682404	1.32305192947	3.00278091431	1.56072211266	2.63304805756	6.18982005119	1.41218304634	2.26030397415	1.54078984261	0.541827917099	1.33761382103	1.28410410881	4.06667709351	
['./treeMaker/main', '-t', '-r', '1', '-N']
0.935779809952	1.74427604675	1.62893509865	1.1414411068	1.21932291985	1.06538200378	1.26546788216	1.48219013214	1.31574606895	1.15812301636	1.15716409683	1.13818717003	1.13777399063	1.07921814919	1.0229818821	0.998826026917	1.40427708626	2.39042210579	1.26559090614	0.903197050095	1.20365381241	1.04711103439	1.50490903854	1.76840400696	1.70077300072	0.916746139526	1.48476815224	1.28439211845	0.854825019836	0.855297088623	2.21649599075	1.26198887825	4.82282614708	1.17858505249	0.504711866379	1.71160316467	1.31378102303	1.07723999023	0.885721206665	1.88222694397	0.920512199402	1.58455204964	3.93215990067	0.97274017334	1.5577981472	1.01010704041	0.379352092743	0.915778875351	0.834410905838	2.5183570385	
['./treeMaker/main', '-t', '-r', '2', '-N']
1.42125606537	2.59939813614	2.68446207047	1.78566002846	1.87770295143	1.61142301559	1.85304498672	2.19047403336	2.15291595459	1.73332095146	1.88088703156	1.86531305313	1.87488484383	1.74345993996	1.47453403473	1.50685310364	2.20873808861	3.98875689507	2.03351712227	1.45496916771	1.79866695404	1.73513293266	2.21833109856	2.64416003227	2.65254187584	1.63302898407	2.15060305595	1.94545292854	1.23840594292	1.3050558567	3.41167116165	1.98307204247	6.66222381592	1.80728793144	0.793924093246	2.6123020649	1.97417402267	1.64131689072	1.35137891769	3.04786992073	1.52857303619	2.71699905396	6.16729712486	1.43749785423	2.37914085388	1.56551289558	0.579087018967	1.35469603539	1.32095313072	4.09117484093	
['./treeMaker/main', '-m']
0.0531098842621	0.0622429847717	0.0651400089264	0.0486991405487	0.0541849136353	0.0451288223267	0.0514450073242	0.0551419258118	0.0548169612885	0.0493428707123	0.0522570610046	0.0511868000031	0.0521280765533	0.0494079589844	0.0455009937286	0.0488171577454	0.0668118000031	0.081573009491	0.0575869083405	0.0494210720062	0.0529301166534	0.0476109981537	0.0610699653625	0.0678570270538	0.0669529438019	0.0487048625946	0.0560960769653	0.0508868694305	0.0423548221588	0.0411431789398	0.070611000061	0.053142786026	0.119182109833	0.0559170246124	0.03276014328	0.0741951465607	0.0559659004211	0.0506489276886	0.0443150997162	0.073982000351	0.0552289485931	0.0598828792572	0.111044883728	0.0614740848541	0.0598039627075	0.0504810810089	0.0317440032959	0.044529914856	0.0474212169647	0.0871739387512	
['./treeMaker/main', '-m', '-b']
0.0478711128235	0.0694270133972	0.0698158740997	0.0544188022614	0.0576457977295	0.0502729415894	0.0566899776459	0.0636239051819	0.0602209568024	0.052855014801	0.0500650405884	0.051775932312	0.0509209632874	0.0492391586304	0.0463571548462	0.0445821285248	0.0588178634644	0.0845041275024	0.0545980930328	0.0469660758972	0.0508029460907	0.0473101139069	0.0587379932404	0.0660090446472	0.0682940483093	0.0457470417023	0.0588340759277	0.0527560710907	0.042102098465	0.0434010028839	0.0772049427032	0.0553669929504	0.138996124268	0.0522191524506	0.0314779281616	0.0635209083557	0.053295135498	0.0478150844574	0.0427629947662	0.07097697258	0.0498220920563	0.0638959407806	0.120496988297	0.0475759506226	0.0594999790192	0.0493259429932	0.0268092155457	0.0426428318024	0.0434830188751	0.100417852402	
['./treeMaker/main', '-m', '-w', '1']
0.0434880256653	0.0637621879578	0.063138961792	0.0477118492126	0.0516300201416	0.0452980995178	0.0515151023865	0.0553748607635	0.0552651882172	0.0584390163422	0.0467388629913	0.0485858917236	0.048003911972	0.0463879108429	0.0441210269928	0.0426299571991	0.0550260543823	0.0787129402161	0.051353931427	0.0443649291992	0.0480890274048	0.0439012050629	0.0550611019135	0.0603368282318	0.0626249313354	0.0422430038452	0.0545871257782	0.0609509944916	0.0451250076294	0.0428018569946	0.0732109546661	0.054680109024	0.124970912933	0.0495939254761	0.0302848815918	0.0595090389252	0.0533409118652	0.0465769767761	0.0415530204773	0.0685639381409	0.0444798469543	0.0596959590912	0.110950946808	0.0449738502502	0.0542869567871	0.0461318492889	0.0257239341736	0.0434691905975	0.0464239120483	0.086658000946	
['./treeMaker/main', '-m', '-w', '2']
0.0543909072876	0.062922000885	0.065840959549	0.0500259399414	0.0569729804993	0.0465168952942	0.0536780357361	0.0595459938049	0.0570058822632	0.0486409664154	0.0496599674225	0.0503389835358	0.0501120090485	0.0484561920166	0.0459871292114	0.0443110466003	0.0576009750366	0.0827748775482	0.0524611473083	0.0443139076233	0.0486109256744	0.0449302196503	0.0562679767609	0.0613739490509	0.0633759498596	0.0430607795715	0.055596113205	0.0502979755402	0.0407221317291	0.0417220592499	0.0726161003113	0.0524561405182	0.121524095535	0.0513408184052	0.0310430526733	0.0621371269226	0.0527789592743	0.0469601154327	0.0420191287994	0.0693171024323	0.0449709892273	0.0601630210876	0.111481189728	0.0565328598022	0.0598130226135	0.053484916687	0.0284278392792	0.0392320156097	0.0402250289917	0.0807800292969	
['./treeMaker/main', '-m', '-c', '1']
0.0419070720673	0.0591778755188	0.0612499713898	0.0477650165558	0.0572230815887	0.0455119609833	0.0520470142365	0.0526371002197	0.0555329322815	0.0477719306946	0.0492668151855	0.0499339103699	0.0496270656586	0.0477488040924	0.0454778671265	0.0416581630707	0.0547420978546	0.078439950943	0.0511400699615	0.0439729690552	0.0477519035339	0.0439620018005	0.0556108951569	0.0607569217682	0.0637249946594	0.042741060257	0.0636479854584	0.0494430065155	0.040155172348	0.0412809848785	0.0722258090973	0.0519189834595	0.118908882141	0.049910068512	0.0298149585724	0.0755581855774	0.0562400817871	0.048455953598	0.0469670295715	0.0731949806213	0.0601198673248	0.0570590496063	0.115557909012	0.0498399734497	0.0591089725494	0.0522329807281	0.0276000499725	0.0428900718689	0.0435471534729	0.085648059845	
['./treeMaker/main', '-m', '-c', '2']
0.0485348701477	0.0642991065979	0.0654571056366	0.0608720779419	0.0540540218353	0.0470499992371	0.0536201000214	0.0580701828003	0.0569422245026	0.0502531528473	0.0543100833893	0.0518269538879	0.0518782138824	0.05198097229	0.0474789142609	0.044420003891	0.0587060451508	0.0791001319885	0.0537970066071	0.0468220710754	0.0527451038361	0.0472409725189	0.0588159561157	0.0661940574646	0.0648939609528	0.0562198162079	0.0563569068909	0.0513069629669	0.0399508476257	0.0431399345398	0.072732925415	0.0519919395447	0.119042873383	0.0509920120239	0.0307838916779	0.0617489814758	0.0515899658203	0.0474610328674	0.0416181087494	0.0685329437256	0.0444359779358	0.0597288608551	0.110561132431	0.0425908565521	0.0538761615753	0.0451600551605	0.0253119468689	0.0398669242859	0.0405762195587	0.0806608200073	
['./treeMaker/main', '-m', '-a', '1']
0.0460720062256	0.0641641616821	0.0660331249237	0.0510549545288	0.0546629428864	0.0615839958191	0.0605561733246	0.0596349239349	0.0581231117249	0.0502438545227	0.0521318912506	0.052638053894	0.0535669326782	0.0513110160828	0.0490961074829	0.0476040840149	0.0599129199982	0.0969851016998	0.0570418834686	0.0495390892029	0.0640490055084	0.0507011413574	0.0633220672607	0.068587064743	0.0708448886871	0.0472009181976	0.05890417099	0.0535609722137	0.0434520244598	0.0449078083038	0.0758500099182	0.0557148456573	0.124175071716	0.0530970096588	0.0441451072693	0.0657379627228	0.0704731941223	0.0486850738525	0.0440421104431	0.0706698894501	0.047180891037	0.0643229484558	0.115457057953	0.0487539768219	0.0584850311279	0.0500111579895	0.0395438671112	0.0433750152588	0.0436291694641	0.0842599868774	
['./treeMaker/main', '-m', '-a', '2']
0.0418119430542	0.0592579841614	0.0610840320587	0.0464589595795	0.0509121417999	0.0450510978699	0.0504539012909	0.0545599460602	0.0571970939636	0.051362991333	0.0516901016235	0.0549931526184	0.0514569282532	0.0524499416351	0.0466239452362	0.0563418865204	0.0588009357452	0.0815100669861	0.0536060333252	0.0473470687866	0.0512270927429	0.0489180088043	0.0608189105988	0.063169002533	0.0640499591827	0.0484619140625	0.0564429759979	0.0520250797272	0.0440149307251	0.0450921058655	0.0721127986908	0.0538909435272	0.12036895752	0.0651159286499	0.0328521728516	0.0658941268921	0.0540480613708	0.0466940402985	0.0446019172668	0.0699689388275	0.0470209121704	0.0615990161896	0.108692884445	0.0469510555267	0.057156085968	0.0475170612335	0.0401210784912	0.0430119037628	0.0430550575256	0.0867040157318	
