25_1000_4.9e-10_0.0_470000000
25
1000
4.9e-10
0.0
470000000

['./treeMaker/main']
32.2842419147	23.4454081059	2316.69719982	32.0199298859	95.4852440357	378.640258074	20.7944829464	33.1833159924	185.102974892	63.6611039639	158.308858871	36.4863941669	90.7042450905	82.866163969	32.9766080379	23.699026823	87.0957448483	115.415616035	1.06757116318	195.4911201	16.585766077	15.6703009605	23.5957620144	6.87032794952	413.762491941	26.7274019718	42.1706261635	7.99131798744	13.6368689537	5.5102391243	24.4380540848	47.0490810871	5.20459008217	969.005308867	13.1642990112	13.2411038876	246.578346968	100.330991983	25.3006978035	75.976970911	10.7463960648	22.571434021	450.032450914	44.2799420357	20.9245610237	302.11291194	39.7785499096	9.84085893631	28.3563220501	106.040166855	
['./treeMaker/main', '-b']
32.3815181255	23.520332098	2526.03552699	32.9580080509	97.9301550388	418.304288864	23.7050840855	40.8312819004	209.674597979	72.6062250137	165.011029959	37.2844941616	103.113413095	92.5014770031	33.748278141	24.8432910442	97.4071121216	120.893149137	0.945369958878	200.71284318	18.7415978909	16.910048008	23.5293991566	7.47093701363	455.088565826	30.186549902	48.6468560696	7.9054608345	15.8121430874	5.34861111641	29.0032150745	52.3670728207	5.08096504211	1073.11505294	14.539550066	13.3211450577	260.243583202	117.866379023	25.5293021202	84.3666551113	10.6548058987	25.1920628548	491.993359089	49.8857150078	21.8241729736	328.559584856	43.9440159798	11.1112220287	33.0487380028	124.333991051	
['./treeMaker/main', '-u']
36.2969410419	26.6086068153	2359.07632589	33.945483923	96.5888271332	368.115728855	20.9134140015	34.1495921612	177.264393091	62.2371239662	147.663984776	36.5375051498	93.0647630692	82.8602490425	38.1582980156	26.8688089848	95.5726699829	119.107684135	0.905785799026	204.793780804	19.1082720757	17.2784769535	24.22645998	7.68875813484	461.708769083	27.3465268612	48.694234848	8.30859589577	16.4644730091	5.56152200699	29.1159050465	55.1035788059	5.17363810539	1102.96243501	14.4845199585	14.0709030628	290.846818924	115.276982069	26.9642159939	88.355932951	10.7005500793	22.4070501328	495.636471987	44.4303410053	22.7136170864	338.435425043	39.8419640064	11.0147278309	29.578908205	121.768989086	
['./treeMaker/main', '-t', '-r', '1']
23.8485629559	18.5788559914	243.997332811	23.3808591366	40.5918610096	87.8942980766	18.4513101578	23.8131968975	58.403908968	32.8083679676	47.3049221039	23.9282178879	40.7554860115	37.9904079437	21.6313018799	20.3595588207	41.4927120209	45.2725760937	3.38646006584	65.0461559296	16.4793350697	15.6430959702	18.7591159344	9.29871201515	94.5643100739	19.9779679775	25.9600520134	10.4035480022	13.9431738853	8.52065014839	19.8047981262	29.264177084	8.28646421432	149.724619865	14.443210125	11.7394199371	71.4982409477	43.2767081261	20.784610033	36.1043510437	12.4116811752	17.9059062004	95.7098670006	27.418596983	18.8919520378	81.6972839832	26.134950161	11.6106851101	21.5531728268	39.667853117	
['./treeMaker/main', '-t', '-r', '2']
44.2991559505	37.1901872158	513.131360054	42.4184849262	91.1824240685	187.766150951	32.9771449566	44.8216118813	117.927858829	60.3920350075	110.777537107	47.7807860374	83.0041160583	77.1078770161	44.2273609638	33.3615038395	74.7921350002	91.2899968624	5.78128409386	123.209555149	28.8770880699	27.9832918644	36.8901371956	17.4192099571	199.281934023	40.1014430523	52.7155199051	18.8579280376	26.4657068253	13.857626915	37.5776798725	53.9961321354	14.2649428844	294.433334827	23.8639438152	27.8781559467	141.376308918	79.008161068	36.2787239552	71.0593440533	21.1742939949	36.4328920841	195.826242208	50.004609108	31.647703886	147.838635921	47.348747015	20.9178209305	41.004611969	87.4974868298	
['./treeMaker/main', '-t', '-r', '1', '-N']
23.9545469284	18.5369720459	242.622891903	23.3365120888	40.6640219688	87.9034340382	18.5545530319	23.9801249504	58.3578228951	33.2542631626	47.5285010338	23.9589970112	40.5401778221	37.8068628311	21.5716018677	20.4206910133	40.8989470005	45.1016020775	3.34360194206	65.6190240383	16.5014979839	15.165446043	18.5886788368	9.32027506828	93.6994378567	20.0086538792	25.9695429802	10.3520541191	13.9970550537	8.81165289879	20.1745288372	29.3005638123	8.07128405571	150.424535036	14.0101208687	11.7011442184	70.9168319702	43.2602479458	20.6832199097	35.8945558071	12.2892289162	18.0314488411	95.264909029	27.5982139111	18.9313399792	82.1949350834	25.9134159088	11.5634591579	21.5210239887	39.3089189529	
['./treeMaker/main', '-t', '-r', '2', '-N']
44.664629221	36.6659779549	517.10870409	42.7715640068	92.5500490665	188.410149097	32.3684079647	44.6666078568	117.547078848	59.6186010838	110.513537884	47.5514118671	82.3365261555	76.9914398193	43.8973050117	32.8999738693	74.0587279797	90.4627799988	5.79297399521	122.783550978	29.0083959103	27.9656720161	36.822851181	17.1377220154	201.110515118	40.461853981	53.61307621	18.8457870483	26.1415281296	13.7935070992	37.4140820503	54.4218490124	14.1024858952	294.200303078	24.3513259888	27.8826169968	141.321197033	79.4205241203	36.1301569939	72.0000560284	21.7997090816	36.0815589428	197.26199007	50.4417879581	31.2457239628	148.068878889	47.2199969292	20.8740611076	41.0565540791	87.6560928822	
['./treeMaker/main', '-m']
0.532556056976	0.473685979843	3.8380408287	0.548415899277	0.934354066849	1.66421413422	0.438463926315	0.558765888214	1.19936394691	0.698617935181	1.13069605827	0.56925201416	0.8905210495	0.84200501442	0.560789823532	0.466572999954	0.845160961151	0.939721107483	0.154790878296	1.19058513641	0.41459107399	0.417834043503	0.499073028564	0.286754846573	1.83573889732	0.515892028809	0.634196996689	0.2926030159	0.402117967606	0.26779294014	0.490643024445	0.654546976089	0.242379188538	2.39528012276	0.376648902893	0.4244120121	1.36197304726	0.881734132767	0.476740121841	0.798962116241	0.343047142029	0.506620883942	1.75226902962	0.62074303627	0.442146062851	1.38352179527	0.588207960129	0.342092037201	0.543004989624	0.974277973175	
['./treeMaker/main', '-m', '-b']
0.607600927353	0.543736934662	4.33849000931	0.622102975845	1.08450007439	1.90423893929	0.497134923935	0.65135383606	1.31945419312	0.774383068085	1.26750397682	0.652797937393	1.00377106667	0.921123981476	0.631438970566	0.513077020645	0.950214862823	1.08526206017	0.153054952621	1.37855792046	0.44945192337	0.436839103699	0.534357070923	0.326066017151	1.97856092453	0.591952085495	0.69938993454	0.338510990143	0.415899991989	0.278301954269	0.578133106232	0.724944114685	0.274719953537	2.64605689049	0.392073869705	0.444473981857	1.52934718132	0.967157125473	0.549298048019	0.883034944534	0.359424829483	0.552495002747	1.91547298431	0.707136869431	0.469393968582	1.57420301437	0.651551961899	0.372326135635	0.601791858673	1.05031085014	
['./treeMaker/main', '-m', '-w', '1']
0.548987865448	0.511867046356	3.813560009	0.532481908798	0.941718816757	1.64122200012	0.443900823593	0.588418006897	1.14023995399	0.72429895401	1.17443609238	0.599758863449	0.865078926086	0.842216968536	0.551494121552	0.457900047302	0.817636013031	0.943746089935	0.147908210754	1.23327684402	0.416712999344	0.428103923798	0.489998102188	0.310400009155	1.78548598289	0.526962041855	0.635898113251	0.305994987488	0.391423940659	0.257974863052	0.474467992783	0.633607149124	0.265919923782	2.37213397026	0.358640909195	0.421923160553	1.34637308121	0.885818958282	0.487071990967	0.81730389595	0.348026990891	0.507196903229	1.72432613373	0.629425048828	0.457759857178	1.41243696213	0.603007078171	0.344050168991	0.552174091339	0.941243886948	
['./treeMaker/main', '-m', '-w', '2']
0.566883087158	0.492077827454	3.81522488594	0.541333913803	0.937389135361	1.61611104012	0.465532064438	0.599067926407	1.15256690979	0.716016769409	1.17025208473	0.607982158661	0.904232978821	0.854304790497	0.577723026276	0.480866909027	0.843097925186	0.982927083969	0.143290996552	1.22598385811	0.42116689682	0.399271965027	0.501116991043	0.286155939102	1.83224511147	0.530034065247	0.641462802887	0.29638004303	0.400681972504	0.268290996552	0.494216918945	0.644858837128	0.243090867996	2.3322250843	0.361868858337	0.423743963242	1.31103515625	0.884505987167	0.49200296402	0.811387062073	0.328870773315	0.477658033371	1.7283821106	0.645447969437	0.429699897766	1.43750691414	0.614355802536	0.353780984879	0.555214881897	0.926800966263	
['./treeMaker/main', '-m', '-c', '1']
0.533087968826	0.490995168686	3.78688192368	0.547795772552	0.936028957367	1.60782814026	0.43640089035	0.558503866196	1.1999399662	0.684287071228	1.17015790939	0.582816839218	0.898089170456	0.825870990753	0.553702116013	0.473083019257	0.797235012054	0.949676036835	0.143036842346	1.19603896141	0.403707027435	0.422026872635	0.486895084381	0.312747001648	1.83728599548	0.513580799103	0.651010990143	0.317883968353	0.3978099823	0.255988836288	0.490306138992	0.648979902267	0.252206087112	2.39218592644	0.375291109085	0.417063951492	1.35615420341	0.890630960464	0.510051965714	0.784509897232	0.325371980667	0.482480049133	1.75021505356	0.606755971909	0.441865921021	1.40992999077	0.601449966431	0.327670812607	0.517235040665	0.919697999954	
['./treeMaker/main', '-m', '-c', '2']
0.548871040344	0.501712083817	3.83667707443	0.532666921616	0.965229988098	1.62837505341	0.450949907303	0.575011968613	1.13915419579	0.709203004837	1.13378000259	0.583062171936	0.866899013519	0.825134038925	0.555535078049	0.458137989044	0.848834037781	0.959193944931	0.143380880356	1.24483799934	0.42898106575	0.394555091858	0.472398042679	0.31475687027	1.83995580673	0.524981021881	0.650587081909	0.309849977493	0.394789934158	0.2458589077	0.510941982269	0.62646484375	0.241203069687	2.34812998772	0.356667995453	0.435268878937	1.35950803757	0.842974185944	0.486811876297	0.7947909832	0.32567191124	0.513959884644	1.76660203934	0.623903036118	0.449882030487	1.36431908607	0.573075056076	0.326694965363	0.550537824631	0.95840716362	
['./treeMaker/main', '-m', '-a', '1']
0.574839115143	0.48936009407	3.84386110306	0.548220157623	1.01173210144	1.62989187241	0.453382968903	0.589136123657	1.19745397568	0.69886803627	1.20742893219	0.616707086563	0.892941951752	0.87052989006	0.554274082184	0.473174095154	0.816447019577	0.9935131073	0.172698020935	1.23896312714	0.433669805527	0.427839994431	0.525010824203	0.315227985382	1.81249594688	0.535719871521	0.680779933929	0.327298164368	0.415911912918	0.273353099823	0.517049074173	0.65328001976	0.28165602684	2.3962059021	0.374068975449	0.439800024033	1.38242483139	0.879281044006	0.514823913574	0.813780069351	0.341487884521	0.52344918251	1.71700716019	0.624949932098	0.454269170761	1.41988492012	0.610502958298	0.360762834549	0.557052850723	0.984607934952	
['./treeMaker/main', '-m', '-a', '2']
0.55885887146	0.496330976486	3.85054588318	0.533285856247	0.978114843369	1.67294502258	0.464051961899	0.573646068573	1.14551186562	0.708744049072	1.15800094604	0.582390069962	0.86673116684	0.839833021164	0.552006006241	0.479558944702	0.840600013733	0.942963838577	0.149083852768	1.23112392426	0.410550117493	0.416373968124	0.490067958832	0.312839984894	1.85015797615	0.537292957306	0.633145093918	0.31093287468	0.402857065201	0.267616033554	0.506865978241	0.623198032379	0.263273954391	2.39485216141	0.372202157974	0.40035700798	1.35465288162	0.880553007126	0.472763776779	0.785038948059	0.341557979584	0.503887176514	1.76512408257	0.647619962692	0.459891080856	1.39994812012	0.590516090393	0.346137046814	0.511985063553	0.956610918045	
