25_1000_1.9e-10_9.5e-11_470000000
25
1000
1.9e-10
9.5e-11
470000000

['./treeMaker/main']
0.143754959106	0.237342119217	0.228440999985	0.133680820465	0.298063993454	0.229244232178	0.178193092346	0.158513069153	0.268440008163	0.127419948578	0.106787204742	0.103280067444	0.184291124344	0.119990110397	0.206442117691	0.14378619194	0.213817119598	0.148845911026	0.258020877838	0.242503881454	0.249755144119	0.334656953812	0.183132886887	0.136077880859	0.172255992889	0.474646091461	0.173142910004	0.210386991501	0.494880914688	0.10378408432	0.148129940033	0.131680965424	0.115090847015	0.251573085785	0.258744001389	0.254368066788	0.163216114044	0.212464094162	0.218804121017	0.158811092377	0.11590886116	0.105458021164	0.130138158798	0.187229156494	0.47345495224	0.191197872162	0.184830904007	0.525517940521	0.22234416008	0.127650022507	
['./treeMaker/main', '-b']
0.162261009216	0.237684011459	0.250581979752	0.137892961502	0.278011798859	0.2231361866	0.184203863144	0.175640106201	0.254380941391	0.116766929626	0.107651948929	0.100661993027	0.178397893906	0.123471975327	0.203368186951	0.148019790649	0.196069955826	0.14658498764	0.250505208969	0.233023166656	0.258021116257	0.325143098831	0.177083969116	0.149405956268	0.174219846725	0.494954109192	0.163587808609	0.237426996231	0.482413053513	0.107476949692	0.157315969467	0.137702941895	0.119467973709	0.241206884384	0.260917901993	0.284986019135	0.165592908859	0.22628903389	0.208604097366	0.161604881287	0.11905503273	0.105058908463	0.127043962479	0.203976869583	0.487422943115	0.182214975357	0.18247795105	0.501717090607	0.202168941498	0.124629974365	
['./treeMaker/main', '-u']
0.14195895195	0.242129087448	0.245043039322	0.132797002792	0.305545091629	0.222158908844	0.172600030899	0.160305976868	0.253824949265	0.117105007172	0.108076095581	0.11837220192	0.183404922485	0.121484994888	0.192965984344	0.155418872833	0.195875167847	0.151056051254	0.247169017792	0.235834121704	0.243680953979	0.359325170517	0.176730871201	0.139054059982	0.18158698082	0.487902879715	0.179095983505	0.212516069412	0.478318929672	0.108253002167	0.155289173126	0.132322072983	0.116266012192	0.257810115814	0.278252124786	0.282143115997	0.180500030518	0.203014850616	0.231323003769	0.171759843826	0.119713068008	0.109728097916	0.144462108612	0.189450025558	0.482763051987	0.190731048584	0.187459945679	0.529470920563	0.209810972214	0.124796152115	
['./treeMaker/main', '-t', '-r', '1']
1.1524848938	1.60220909119	1.59404397011	1.07359099388	1.81570601463	1.52775192261	1.30425906181	1.26259899139	1.7094681263	0.966528892517	0.841526985168	0.821425914764	1.28219795227	1.00111508369	1.45305895805	1.10159301758	1.42253518105	1.16645789146	1.71509099007	1.5527279377	1.58357691765	2.0183608532	1.30306386948	1.05354404449	1.30559802055	2.44938397408	1.22830915451	1.48012804985	2.39194488525	0.874922037125	1.17390799522	1.07990098	0.924514055252	1.62326312065	1.74120903015	1.62274503708	1.27315187454	1.53430199623	1.44269609451	1.15182685852	0.948173999786	0.870455026627	1.00175309181	1.34598994255	2.39919900894	1.29236197472	1.31354498863	2.55814981461	1.49055814743	0.99226808548	
['./treeMaker/main', '-t', '-r', '2']
1.57252693176	2.46848511696	2.30516004562	1.51502084732	2.67353105545	2.27225089073	1.87628006935	1.74772119522	2.55463290215	1.37127494812	1.16407299042	1.11500287056	1.74870300293	1.30995798111	2.04485011101	1.65437984467	2.20243787766	1.61820006371	2.43827319145	2.42787098885	2.48452496529	2.9114010334	1.92139101028	1.48141813278	1.86176896095	3.72021603584	1.8132789135	2.17228794098	3.62304997444	1.20931696892	1.66194915771	1.5325088501	1.35519599915	2.36677312851	2.43896603584	2.67781591415	1.82776212692	2.27175617218	2.15954589844	1.65925908089	1.34551405907	1.20835995674	1.49476289749	1.9161491394	3.66860389709	1.88408207893	2.09207701683	3.62989807129	2.14066195488	1.38674807549	
['./treeMaker/main', '-t', '-r', '1', '-N']
1.09822392464	1.60760784149	1.57522201538	1.06197190285	1.81278705597	1.56051898003	1.2644970417	1.28546094894	1.6814699173	0.960433006287	0.842626094818	0.838249921799	1.26831889153	0.924463033676	1.40373182297	1.13639497757	1.40920805931	1.15818500519	1.69075679779	1.56687784195	1.58281993866	2.03648900986	1.31026411057	1.06796097755	1.34248709679	2.42559194565	1.27547097206	1.57390785217	2.45936989784	0.874582052231	1.11817193031	1.08462691307	0.96031498909	1.66298890114	1.69066500664	1.66029286385	1.33842277527	1.54374408722	1.49284005165	1.19706201553	0.958112001419	0.879884004593	1.01938486099	1.35078787804	2.53606510162	1.32368707657	1.37369394302	2.58814692497	1.46713018417	0.992043972015	
['./treeMaker/main', '-t', '-r', '2', '-N']
1.62735199928	2.36655712128	2.38712596893	1.47209906578	2.73883914948	2.33256816864	1.88580489159	1.76222896576	2.53584218025	1.34581899643	1.16964197159	1.15941500664	1.72705197334	1.35764813423	2.00497698784	1.61386990547	2.16157197952	1.60947203636	2.43636918068	2.44984912872	2.44625902176	2.90529608727	1.87812709808	1.45106196404	1.82030391693	3.6961607933	2.00703191757	2.23257899284	3.65278506279	1.20928215981	1.61103105545	1.45759296417	1.38762497902	2.39664793015	2.29760813713	2.64350795746	1.80197405815	2.23586297035	2.18278002739	1.65348505974	1.29936003685	1.18313193321	1.48764204979	1.90943694115	3.58173799515	1.92532086372	2.00766301155	3.64902305603	2.14104700089	1.40534496307	
['./treeMaker/main', '-m']
0.0687780380249	0.0819430351257	0.0982739925385	0.0699439048767	0.102958917618	0.0849530696869	0.0808479785919	0.0742161273956	0.0855100154877	0.0634641647339	0.0616269111633	0.0597188472748	0.0704829692841	0.0641520023346	0.0910999774933	0.0720040798187	0.0896468162537	0.0754849910736	0.0862979888916	0.0849797725677	0.0875768661499	0.0925889015198	0.0766839981079	0.0685861110687	0.0869519710541	0.11022901535	0.0774369239807	0.084841966629	0.105189085007	0.0602071285248	0.0767030715942	0.0712201595306	0.0659310817719	0.0884218215942	0.0850670337677	0.095134973526	0.0749890804291	0.0791499614716	0.0831079483032	0.0785081386566	0.0670039653778	0.0781080722809	0.0649709701538	0.0734260082245	0.0978329181671	0.0726451873779	0.0749039649963	0.103749036789	0.0799448490143	0.0669717788696	
['./treeMaker/main', '-m', '-b']
0.0744750499725	0.0910060405731	0.0917489528656	0.0760278701782	0.0966069698334	0.0914399623871	0.092524766922	0.0885300636292	0.104873895645	0.0708131790161	0.0673639774323	0.0634000301361	0.0744979381561	0.0677218437195	0.0813319683075	0.0874221324921	0.0815439224243	0.0721001625061	0.0906889438629	0.101974010468	0.0854890346527	0.0964641571045	0.0781939029694	0.0677180290222	0.0759270191193	0.107190847397	0.0742809772491	0.0856940746307	0.112194061279	0.0649859905243	0.088082075119	0.0740349292755	0.0685861110687	0.101058959961	0.0877509117126	0.0933949947357	0.077999830246	0.0840768814087	0.0848958492279	0.0748209953308	0.0700221061707	0.0639729499817	0.0701088905334	0.0807540416718	0.108633995056	0.0803430080414	0.0835230350494	0.109843969345	0.0846271514893	0.0714399814606	
['./treeMaker/main', '-m', '-w', '1']
0.0684568881989	0.0801589488983	0.0808908939362	0.0673048496246	0.0909950733185	0.0847799777985	0.0766041278839	0.0738608837128	0.0887959003448	0.0778138637543	0.0619430541992	0.0605700016022	0.0734338760376	0.0651021003723	0.0764791965485	0.0835618972778	0.0794258117676	0.0682330131531	0.096638917923	0.084114074707	0.0815660953522	0.0930950641632	0.0771079063416	0.0679931640625	0.0719120502472	0.101100921631	0.0746519565582	0.0830969810486	0.105055093765	0.0640549659729	0.0701971054077	0.0665218830109	0.0629529953003	0.0829691886902	0.0811681747437	0.0893499851227	0.0848550796509	0.0766990184784	0.0785269737244	0.0711889266968	0.0622699260712	0.0606780052185	0.0655229091644	0.0735878944397	0.106534004211	0.0739488601685	0.0726089477539	0.104239940643	0.0803868770599	0.0689060688019	
['./treeMaker/main', '-m', '-w', '2']
0.0677480697632	0.0845808982849	0.0836470127106	0.0662379264832	0.0931470394135	0.0843868255615	0.087996006012	0.0754289627075	0.0897459983826	0.0747609138489	0.0785939693451	0.0617241859436	0.0726139545441	0.0659489631653	0.0791699886322	0.0712919235229	0.081845998764	0.0850009918213	0.082535982132	0.0994770526886	0.0850820541382	0.093034029007	0.0759530067444	0.0681788921356	0.0764009952545	0.106679916382	0.0769858360291	0.0815470218658	0.101925134659	0.0771310329437	0.0718200206757	0.0727090835571	0.0650429725647	0.0883281230927	0.0859289169312	0.0905928611755	0.0772888660431	0.0771868228912	0.0796349048615	0.0711650848389	0.0626330375671	0.0612099170685	0.0661528110504	0.0853040218353	0.0995938777924	0.0746078491211	0.0766890048981	0.105048894882	0.0799219608307	0.0659351348877	
['./treeMaker/main', '-m', '-c', '1']
0.0678839683533	0.0810110569	0.0825371742249	0.0654559135437	0.0868730545044	0.0809769630432	0.0764269828796	0.0744879245758	0.0888941287994	0.0660381317139	0.0607521533966	0.0598809719086	0.0731899738312	0.0651819705963	0.0776119232178	0.070601940155	0.0806980133057	0.0708060264587	0.0945928096771	0.0831339359283	0.0838649272919	0.092071056366	0.0749750137329	0.0677659511566	0.0857679843903	0.101099014282	0.0713539123535	0.0814230442047	0.102929115295	0.0623350143433	0.0715589523315	0.0655951499939	0.0650160312653	0.085629940033	0.0835628509521	0.0882740020752	0.0723600387573	0.0914459228516	0.0787439346313	0.0747110843658	0.0750639438629	0.060115814209	0.0654859542847	0.0736401081085	0.0979948043823	0.0720498561859	0.07794880867	0.107547998428	0.0813698768616	0.0728189945221	
['./treeMaker/main', '-m', '-c', '2']
0.0676589012146	0.0814990997314	0.0967869758606	0.0812621116638	0.0902559757233	0.0872259140015	0.0778942108154	0.0851609706879	0.0838050842285	0.0635139942169	0.0615558624268	0.0599949359894	0.0767300128937	0.0727369785309	0.0751819610596	0.071671962738	0.0903859138489	0.070111989975	0.08709192276	0.0844600200653	0.0841581821442	0.0918889045715	0.0749609470367	0.0686240196228	0.0865578651428	0.104512929916	0.0734539031982	0.0796730518341	0.0998630523682	0.0618970394135	0.0708770751953	0.0672011375427	0.0640161037445	0.0980169773102	0.0819528102875	0.0860331058502	0.0712678432465	0.0808439254761	0.0809469223022	0.0718040466309	0.0625450611115	0.0612480640411	0.0773031711578	0.0754699707031	0.101550102234	0.0743720531464	0.0757842063904	0.103484869003	0.0792818069458	0.0662298202515	
['./treeMaker/main', '-m', '-a', '1']
0.0813407897949	0.0965619087219	0.0929980278015	0.0803389549255	0.104194164276	0.109000921249	0.0864610671997	0.0838160514832	0.0973541736603	0.0778739452362	0.0899760723114	0.0790359973907	0.0826349258423	0.0769951343536	0.0926461219788	0.0954530239105	0.104990959167	0.08673787117	0.0972459316254	0.0936908721924	0.0944788455963	0.105998039246	0.0887460708618	0.0807540416718	0.0864410400391	0.113898038864	0.0845878124237	0.0912210941315	0.116361856461	0.076189994812	0.095272064209	0.087553024292	0.0817821025848	0.103204011917	0.109988927841	0.103785037994	0.087338924408	0.0947499275208	0.0958139896393	0.0879230499268	0.078222990036	0.077929019928	0.0809729099274	0.0885879993439	0.128488063812	0.0883460044861	0.0906081199646	0.117829084396	0.0926101207733	0.094566822052	
['./treeMaker/main', '-m', '-a', '2']
0.0711159706116	0.0846018791199	0.0943369865417	0.0825848579407	0.0905649662018	0.0880780220032	0.0781002044678	0.0804960727692	0.0853040218353	0.065397977829	0.06285405159	0.0629529953003	0.0722029209137	0.0647270679474	0.0929539203644	0.0709540843964	0.0937697887421	0.0703139305115	0.0860140323639	0.0966157913208	0.083340883255	0.0901918411255	0.0740609169006	0.0668070316315	0.0875279903412	0.104475975037	0.0736861228943	0.0781760215759	0.104253053665	0.0625381469727	0.0718460083008	0.0686659812927	0.0642960071564	0.0851390361786	0.0837578773499	0.0885891914368	0.0730900764465	0.0782749652863	0.0792529582977	0.0729200839996	0.0641338825226	0.0623869895935	0.0673258304596	0.0757880210876	0.101096153259	0.0863370895386	0.0743629932404	0.103680849075	0.0776610374451	0.065691947937	
