25_1000_4.9e-10_4.9e-10_470000000_cut_4
25
1000
4.9e-10
4.9e-10
470000000
cut_4
['./treeMaker/main']
0.0971779823303	0.214322090149	0.229614973068	0.110197067261	0.144611120224	0.11429810524	0.159149169922	0.168096065521	0.170190095901	0.130880832672	0.134026050568	0.159515857697	0.147651910782	0.134426832199	0.12920498848	0.0972781181335	0.184583187103	0.414774894714	0.152450084686	0.107381105423	0.129471063614	0.1018409729	0.172605037689	0.254236936569	0.224922180176	0.102692842484	0.174833059311	0.130185842514	0.0904211997986	0.0934131145477	0.338539123535	0.160843133926	1.29866790771	0.138403177261	0.0506899356842	0.192130088806	0.138884067535	0.117835998535	0.0972011089325	0.267916917801	0.102341175079	0.181090831757	0.929610013962	0.100174188614	0.177764892578	0.115715026855	0.0378329753876	0.089460849762	0.0817701816559	0.533729076385	
['./treeMaker/main', '-b']
0.111170053482	0.216187000275	0.230627059937	0.128285884857	0.160972118378	0.132812023163	0.158061027527	0.171509981155	0.157351970673	0.132426023483	0.141966104507	0.142153978348	0.141546964645	0.138025999069	0.114072084427	0.0988140106201	0.206566095352	0.412528991699	0.139063119888	0.108039855957	0.126322031021	0.106611013412	0.166037797928	0.254697084427	0.227447032928	0.119415998459	0.176821947098	0.130376815796	0.0919840335846	0.0911068916321	0.357936143875	0.159150123596	1.28131008148	0.140538930893	0.0521171092987	0.194961071014	0.140605926514	0.119771957397	0.0973079204559	0.270268917084	0.110764026642	0.194180965424	0.940567016602	0.102612018585	0.180085897446	0.117904186249	0.0387289524078	0.0910179615021	0.0836770534515	0.550951957703	
['./treeMaker/main', '-u']
0.0921580791473	0.21413898468	0.212835073471	0.130084037781	0.156620979309	0.112445116043	0.143841981888	0.163544178009	0.163077831268	0.134610891342	0.134774923325	0.150537014008	0.1370408535	0.150907993317	0.112365961075	0.0983519554138	0.188662052155	0.40406703949	0.137099981308	0.107583999634	0.13062787056	0.115735054016	0.159938097	0.262538909912	0.233770132065	0.103749036789	0.173970937729	0.128040075302	0.10346698761	0.106096982956	0.351930856705	0.160444974899	1.34624004364	0.143676996231	0.0526249408722	0.193094015121	0.138849020004	0.11810708046	0.100286006927	0.266376972198	0.107423782349	0.180668115616	1.00113391876	0.102655887604	0.17825293541	0.134702205658	0.0439970493317	0.0937170982361	0.0899059772491	0.548821926117	
['./treeMaker/main', '-t', '-r', '1']
0.900905847549	1.7093641758	1.60126399994	1.03431105614	1.31579899788	1.10002398491	1.36862587929	1.50077104568	1.37866687775	1.28745508194	1.25646114349	1.28354811668	1.26492404938	1.23307585716	1.13300704956	1.00055813789	1.66997790337	2.26894593239	1.22195005417	0.97637295723	1.23126101494	0.966100931168	1.41991996765	1.91656398773	1.754529953	1.02872419357	1.62374997139	1.27451395988	0.920262098312	0.933324813843	2.25861787796	1.37352705002	4.85314011574	1.24007916451	0.531066179276	1.68269491196	1.28264594078	1.18452095985	0.98436999321	1.96341300011	0.97719502449	1.58453798294	3.8401529789	0.970597982407	1.5747320652	1.09467601776	0.425474882126	0.964411973953	0.827065944672	2.7658290863	
['./treeMaker/main', '-t', '-r', '2']
1.38402605057	2.67290997505	2.77523493767	1.7013168335	1.94835186005	1.7227768898	1.93073391914	2.22258496284	2.2871530056	1.93370604515	2.11695504189	1.98208212852	2.12224006653	1.90611290932	1.6428539753	1.54905295372	2.51319885254	3.98757505417	1.98673295975	1.71110510826	1.86594700813	1.62107110023	2.12625384331	3.01627421379	2.84261393547	1.6742579937	2.35399913788	2.00467610359	1.3754799366	1.44110012054	3.60731697083	2.12113595009	6.97173690796	1.96877598763	0.857650995255	2.57790398598	2.05312609673	1.8589348793	1.49023890495	3.11618995667	1.66342782974	2.65526795387	6.12088489532	1.52145886421	2.51664495468	1.67195606232	0.651546001434	1.45769810677	1.32702088356	4.66719913483	
['./treeMaker/main', '-t', '-r', '1', '-N']
0.900583982468	1.754322052	1.68321585655	1.0850110054	1.28722691536	1.10749411583	1.39035820961	1.47667479515	1.39448094368	1.26684784889	1.21376109123	1.29456782341	1.26048898697	1.22801280022	1.10604095459	1.00175595284	1.58286881447	2.35962820053	1.24163389206	1.03336501122	1.19951820374	0.960345983505	1.42663502693	1.92648816109	1.7860121727	0.952629804611	1.54630589485	1.18557500839	0.928891897202	0.879963874817	2.32803893089	1.4408659935	4.8859899044	1.2914121151	0.529220104218	1.64613199234	1.29286789894	1.17336797714	0.985513925552	2.02486801147	1.02804493904	1.53801393509	3.83690404892	1.02298998833	1.61722207069	1.15810799599	0.419263124466	0.981323003769	0.813239097595	2.75543689728	
['./treeMaker/main', '-t', '-r', '2', '-N']
1.4254219532	2.79613494873	2.67452001572	1.64365720749	2.01523208618	1.73257184029	1.98783898354	2.26137208939	2.2552781105	1.90890789032	2.07764697075	2.06852006912	2.11988282204	1.98775005341	1.64785194397	1.51173686981	2.45667886734	3.97641277313	1.96045899391	1.65576100349	1.81886291504	1.60343885422	2.13606500626	2.98652410507	2.86405515671	1.71563196182	2.3400580883	1.95267701149	1.40449595451	1.46061992645	3.65970492363	2.18086409569	6.91283106804	1.94863796234	0.911206960678	2.56848883629	2.07354187965	1.8767888546	1.4717028141	3.05473995209	1.72285509109	2.66845488548	6.13054990768	1.54920101166	2.48861598969	1.66997003555	0.628026008606	1.45479798317	1.38019394875	4.6398859024	
['./treeMaker/main', '-m']
0.0432028770447	0.0616550445557	0.0633981227875	0.0471210479736	0.0527191162109	0.0461039543152	0.0564930438995	0.0573811531067	0.0604429244995	0.0512280464172	0.0550220012665	0.0566399097443	0.052001953125	0.0522179603577	0.0521748065948	0.0446360111237	0.0611190795898	0.0830059051514	0.0542960166931	0.0465259552002	0.0516750812531	0.0481929779053	0.0564429759979	0.0641419887543	0.0640921592712	0.0457201004028	0.0575931072235	0.0502939224243	0.0422780513763	0.0488150119781	0.0731041431427	0.0543308258057	0.121323823929	0.0523090362549	0.0328800678253	0.0584540367126	0.0519559383392	0.0485739707947	0.044230222702	0.077632188797	0.0460960865021	0.0621380805969	0.108501195908	0.0569961071014	0.0622780323029	0.0501561164856	0.0287981033325	0.0426671504974	0.043084859848	0.0990190505981	
['./treeMaker/main', '-m', '-b']
0.0442380905151	0.0632040500641	0.0650990009308	0.0482640266418	0.0541648864746	0.0470290184021	0.0535070896149	0.0578038692474	0.0572488307953	0.0505790710449	0.0531170368195	0.0535299777985	0.052787065506	0.0511209964752	0.0478539466858	0.0448508262634	0.0607650279999	0.0986268520355	0.054172039032	0.0488269329071	0.0515630245209	0.0475130081177	0.0576188564301	0.0702879428864	0.0694649219513	0.0474689006805	0.0715010166168	0.0535731315613	0.0433259010315	0.0459609031677	0.0791351795197	0.0582468509674	0.131719112396	0.0540161132812	0.0325520038605	0.0616381168365	0.0530650615692	0.0622520446777	0.0531799793243	0.0722620487213	0.0491969585419	0.0631959438324	0.116913080215	0.0471210479736	0.0597758293152	0.050124168396	0.0275349617004	0.0432608127594	0.0431730747223	0.10303401947	
['./treeMaker/main', '-m', '-w', '1']
0.0462219715118	0.0623219013214	0.0680980682373	0.0488791465759	0.0572681427002	0.0517380237579	0.0554170608521	0.0612590312958	0.0714049339294	0.0486600399017	0.0507898330688	0.0621058940887	0.0518388748169	0.0489249229431	0.0467391014099	0.0437870025635	0.0583260059357	0.087886095047	0.0522511005402	0.047739982605	0.053817987442	0.0459949970245	0.0607280731201	0.0846049785614	0.0634860992432	0.0454239845276	0.0547320842743	0.0476109981537	0.0394229888916	0.0406391620636	0.0708351135254	0.051441192627	0.115607023239	0.0494570732117	0.0302951335907	0.0586199760437	0.0503780841827	0.0466170310974	0.0419449806213	0.0660309791565	0.0431442260742	0.056627035141	0.104658126831	0.0434730052948	0.0549628734589	0.0464339256287	0.0260000228882	0.0404629707336	0.0400171279907	0.0860989093781	
['./treeMaker/main', '-m', '-w', '2']
0.0439829826355	0.0605609416962	0.0626621246338	0.0466818809509	0.0527441501617	0.0575160980225	0.0532290935516	0.0555319786072	0.0561878681183	0.0483958721161	0.0530469417572	0.0537312030792	0.0520429611206	0.0514159202576	0.048751115799	0.0465188026428	0.0634889602661	0.0930168628693	0.0536081790924	0.049054145813	0.0490090847015	0.0465481281281	0.057284116745	0.0797839164734	0.0630488395691	0.0436189174652	0.0587430000305	0.0497229099274	0.0411121845245	0.0421378612518	0.0739469528198	0.0534958839417	0.120521068573	0.0515508651733	0.0315058231354	0.0616438388824	0.0522320270538	0.0483510494232	0.0434899330139	0.0663499832153	0.0436360836029	0.057051897049	0.110838890076	0.0452611446381	0.0569269657135	0.0477499961853	0.0267369747162	0.0536398887634	0.0403389930725	0.0904009342194	
['./treeMaker/main', '-m', '-c', '1']
0.0427558422089	0.0612678527832	0.067284822464	0.0496048927307	0.0544259548187	0.0479381084442	0.0545449256897	0.0566620826721	0.0593030452728	0.0503900051117	0.052276134491	0.0531711578369	0.0527839660645	0.0488309860229	0.0505421161652	0.0444540977478	0.0731909275055	0.0861079692841	0.0520098209381	0.0481328964233	0.0589780807495	0.0462658405304	0.0550780296326	0.0694119930267	0.0655319690704	0.0475301742554	0.0599558353424	0.0521321296692	0.0429351329803	0.044173002243	0.0752990245819	0.0530488491058	0.115406036377	0.0500531196594	0.0306329727173	0.0586531162262	0.0504751205444	0.0467250347137	0.0425250530243	0.0800039768219	0.0451109409332	0.0619130134583	0.124230146408	0.046422958374	0.05832695961	0.0495700836182	0.0298421382904	0.0432381629944	0.0438709259033	0.0985760688782	
['./treeMaker/main', '-m', '-c', '2']
0.0445461273193	0.0613098144531	0.0670919418335	0.0473539829254	0.0531830787659	0.0465798377991	0.0541110038757	0.0552470684052	0.0551280975342	0.048595905304	0.0507040023804	0.0519351959229	0.0510749816895	0.0497031211853	0.0466599464417	0.0437099933624	0.0608820915222	0.0843660831451	0.0556287765503	0.0520339012146	0.0526900291443	0.0472869873047	0.0579550266266	0.0660960674286	0.0654149055481	0.0447490215302	0.0563471317291	0.0495309829712	0.0423159599304	0.0423758029938	0.0871698856354	0.0525131225586	0.120523929596	0.0516109466553	0.0316770076752	0.0614678859711	0.0525729656219	0.0487179756165	0.0437450408936	0.0685970783234	0.0452518463135	0.0591931343079	0.121528863907	0.0503280162811	0.0593938827515	0.0493938922882	0.0280640125275	0.0414538383484	0.043751001358	0.095538854599	
['./treeMaker/main', '-m', '-a', '1']
0.0494439601898	0.0666241645813	0.0688810348511	0.0528149604797	0.0565631389618	0.0499110221863	0.0562698841095	0.0591747760773	0.0594921112061	0.0522618293762	0.0546889305115	0.0558948516846	0.0551428794861	0.0536079406738	0.0507400035858	0.0473711490631	0.0623819828033	0.0941801071167	0.05531001091	0.0524361133575	0.056410074234	0.0515480041504	0.0600409507751	0.0707180500031	0.0699639320374	0.0487499237061	0.0600478649139	0.0529360771179	0.0442869663239	0.0549149513245	0.0784878730774	0.0584800243378	0.128034830093	0.0546259880066	0.0346579551697	0.0648589134216	0.0625131130219	0.0506839752197	0.0453491210938	0.0703511238098	0.0476610660553	0.0610640048981	0.127744913101	0.0500519275665	0.0627191066742	0.0527911186218	0.0323688983917	0.0472249984741	0.0465831756592	0.0963749885559	
['./treeMaker/main', '-m', '-a', '2']
0.0462419986725	0.0615711212158	0.0644631385803	0.0482060909271	0.0543320178986	0.0484380722046	0.0549130439758	0.0611870288849	0.0570969581604	0.0492961406708	0.0493979454041	0.0505180358887	0.0497269630432	0.0483989715576	0.0454359054565	0.0476009845734	0.0604708194733	0.0805270671844	0.0515460968018	0.0464382171631	0.0492198467255	0.0452468395233	0.0532281398773	0.0640051364899	0.0643911361694	0.0443170070648	0.0555031299591	0.0483598709106	0.0400171279907	0.0409729480743	0.0707700252533	0.0514440536499	0.11526799202	0.0495610237122	0.0311639308929	0.0594441890717	0.0511379241943	0.0469210147858	0.0424590110779	0.065770149231	0.0435860157013	0.057569026947	0.124699831009	0.0457899570465	0.0557060241699	0.0506408214569	0.0270919799805	0.0400569438934	0.0412168502808	0.0907950401306	
