25_1000_4.9e-10_4.9e-10_48000000
25
1000
4.9e-10
4.9e-10
48000000

['./treeMaker/main']
0.422842025757	0.732102155685	0.450953006744	0.849632978439	0.982836961746	0.339881181717	0.333925008774	0.220783948898	0.420475959778	0.311218976974	0.392011880875	0.427093982697	0.450185060501	0.668994903564	0.355534076691	0.694088935852	0.63388800621	0.47129201889	0.244444847107	1.65747499466	0.408000946045	0.366293907166	0.194040060043	0.40604019165	1.2732758522	1.28017091751	0.555156946182	0.563195943832	0.32488322258	0.230531215668	0.210669994354	0.302968025208	0.360983848572	0.59730386734	0.142242193222	0.295001029968	0.375910043716	0.334349870682	1.16886496544	0.255458116531	0.317592144012	0.617973089218	0.250424861908	1.08012294769	0.168293952942	1.20739388466	0.421341180801	0.416647911072	0.649342060089	0.715236902237	
['./treeMaker/main', '-b']
0.419697999954	0.74707698822	0.449029922485	0.840893983841	0.980827093124	0.34162402153	0.335128068924	0.244262218475	0.440570116043	0.326508998871	0.39256477356	0.419034004211	0.456672906876	0.662354946136	0.367901086807	0.735726833344	0.625011920929	0.467432975769	0.255038022995	1.68920302391	0.40805888176	0.358406066895	0.192497014999	0.399232149124	1.30092287064	1.34161400795	0.568883180618	0.567516088486	0.317806005478	0.245201826096	0.212646007538	0.324736118317	0.364227056503	0.588205099106	0.143604040146	0.294574022293	0.380378961563	0.319738864899	1.18697810173	0.273225069046	0.334048986435	0.588006973267	0.258272886276	1.07094693184	0.187500953674	1.20670008659	0.43572807312	0.416009902954	0.637174129486	0.730261802673	
['./treeMaker/main', '-u']
0.417648077011	0.743227958679	0.458133935928	0.854545116425	0.949508905411	0.361121892929	0.338449954987	0.250654935837	0.41869187355	0.320542097092	0.390182971954	0.427105903625	0.442018985748	0.6801841259	0.363051176071	0.712069988251	0.617867946625	0.467535972595	0.237390995026	1.71426606178	0.411322116852	0.365759134293	0.199720859528	0.39838385582	1.29325008392	1.33016419411	0.554332017899	0.565822124481	0.319154024124	0.25084400177	0.210117101669	0.313009023666	0.368762969971	0.566443920135	0.158570051193	0.299916028976	0.381624937057	0.321531057358	1.1725230217	0.249622106552	0.333094120026	0.599454879761	0.270648002625	1.06018590927	0.175797939301	1.24013018608	0.422788858414	0.408356904984	0.641655921936	0.739259004593	
['./treeMaker/main', '-t', '-r', '1']
2.38850498199	3.12489390373	2.39112710953	3.33635497093	3.58255195618	1.97739481926	1.92388916016	1.59558415413	2.39764499664	1.88192200661	2.16610813141	2.23631215096	2.29949188232	3.06024503708	2.09198880196	3.18123102188	2.88396000862	2.34530997276	1.70886492729	5.11638212204	2.21428513527	1.82784295082	1.37005591393	2.22746086121	4.13717889786	3.8622469902	2.70872807503	2.87313604355	1.88130617142	1.63078999519	1.45317316055	1.92778897285	2.09235692024	2.76359200478	1.15731596947	1.81155586243	2.13758397102	1.94811701775	4.03111410141	1.60018801689	1.94928503036	2.90490794182	1.72371506691	3.81723284721	1.32385277748	4.12900018692	2.33807015419	2.35601091385	2.89658880234	3.06559300423	
['./treeMaker/main', '-t', '-r', '2']
3.90607094765	5.09816098213	4.31057500839	6.11528396606	6.21746182442	3.55410790443	3.25118398666	2.47452807426	4.2121591568	3.12220215797	3.72058391571	3.91165399551	3.74419093132	5.15760707855	3.60712599754	5.1392390728	4.93992495537	4.13475894928	2.57174706459	8.64671278	4.10543012619	3.77465581894	2.22765278816	3.87683081627	7.41681408882	7.99956798553	4.56156492233	4.48438692093	3.45401501656	2.46652913094	2.67676615715	3.04638195038	3.23220181465	4.65657091141	1.81632709503	2.85804796219	3.61940312386	3.38081407547	7.05124092102	2.72863197327	3.31505298615	4.46870207787	2.83199095726	6.33345794678	2.10783910751	6.94921183586	3.91544795036	3.76343894005	5.00307106972	5.45751094818	
['./treeMaker/main', '-t', '-r', '1', '-N']
2.33429002762	3.11810994148	2.36024403572	3.30962204933	3.57637500763	2.01294398308	1.91043686867	1.5622010231	2.35197687149	1.86868715286	2.13382506371	2.22036910057	2.29202508926	3.07522082329	2.14232110977	3.10285496712	2.91853713989	2.36005020142	1.71474909782	5.07029390335	2.1874191761	1.86638903618	1.41034793854	2.21835303307	4.11441493034	3.84186196327	2.66804504395	2.8999569416	1.89236783981	1.61135101318	1.4542119503	1.9129049778	2.10758304596	2.73713517189	1.14598107338	1.77801585197	2.14386606216	1.9380698204	4.06545591354	1.63668203354	1.86571478844	2.89890408516	1.70358419418	3.88970398903	1.27410912514	4.02884984016	2.37066698074	2.28517699242	2.88607001305	3.06855893135	
['./treeMaker/main', '-t', '-r', '2', '-N']
3.90403294563	5.03846287727	4.30198907852	6.04877185822	6.17058205605	3.62560105324	3.25750017166	2.50968408585	4.36936378479	3.03309893608	3.63363909721	3.87273597717	3.76058101654	5.09418988228	3.60037899017	5.07585597038	4.99238610268	4.13392591476	2.58355283737	8.68793797493	4.10298705101	3.75690317154	2.19824314117	3.81523299217	7.3650598526	8.01927614212	4.55362510681	4.36206293106	3.43814992905	2.46364212036	2.68516612053	3.05062198639	3.26916599274	4.76575899124	1.77747106552	2.76065182686	3.62412309647	3.30662798882	7.15164494514	2.708507061	3.32031798363	4.5121011734	2.84374308586	6.39155983925	2.04663515091	6.91099691391	3.90814399719	3.81144404411	4.99170899391	5.38604903221	
['./treeMaker/main', '-m']
0.107626914978	0.119398117065	0.0943839550018	0.117148160934	0.135977983475	0.089674949646	0.0873939990997	0.0734140872955	0.0942120552063	0.0830299854279	0.0960078239441	0.111107826233	0.0906109809875	0.118372917175	0.0887961387634	0.109272956848	0.109375	0.10745716095	0.0766878128052	0.146627902985	0.093955039978	0.091365814209	0.0704019069672	0.0905818939209	0.131225824356	0.140651941299	0.0993900299072	0.0956468582153	0.0873420238495	0.074688911438	0.092052936554	0.0835430622101	0.0866348743439	0.105994939804	0.0646178722382	0.083918094635	0.0903050899506	0.0894010066986	0.132503032684	0.0812468528748	0.0881249904633	0.103657007217	0.0784819126129	0.121001958847	0.0708110332489	0.133649110794	0.0935001373291	0.0929520130157	0.109153985977	0.117293834686	
['./treeMaker/main', '-m', '-b']
0.0961549282074	0.113172054291	0.101196050644	0.146499872208	0.133069038391	0.0942149162292	0.0906779766083	0.0762498378754	0.100108861923	0.0872747898102	0.0939431190491	0.106922864914	0.113121032715	0.113451957703	0.0947971343994	0.118013143539	0.114619016647	0.101260900497	0.0793368816376	0.174423933029	0.0993690490723	0.0982549190521	0.0749650001526	0.111722946167	0.158000946045	0.15304017067	0.117547988892	0.106077194214	0.096431016922	0.0803198814392	0.0805170536041	0.0893790721893	0.0896940231323	0.108199119568	0.070326089859	0.0866158008575	0.092954158783	0.0922899246216	0.137991905212	0.0828590393066	0.0941309928894	0.11016201973	0.0870850086212	0.135176897049	0.073098897934	0.144061088562	0.0999619960785	0.0988581180573	0.117272138596	0.125037908554	
['./treeMaker/main', '-m', '-w', '1']
0.0926029682159	0.110103130341	0.0967299938202	0.12295293808	0.118339061737	0.0880408287048	0.0847198963165	0.0724101066589	0.109128952026	0.084529876709	0.0914580821991	0.0974369049072	0.0933620929718	0.1101770401	0.0886151790619	0.119787931442	0.110241174698	0.0989770889282	0.0785331726074	0.168401002884	0.0970370769501	0.0948481559753	0.0723941326141	0.0939519405365	0.133178949356	0.14124584198	0.0992419719696	0.101120948792	0.0918118953705	0.0780208110809	0.0792338848114	0.0835020542145	0.0868821144104	0.101650953293	0.0695750713348	0.0834538936615	0.0902180671692	0.0890419483185	0.130384922028	0.0793340206146	0.0861368179321	0.116976976395	0.0804409980774	0.124715089798	0.0704159736633	0.133265972137	0.0931680202484	0.0991570949554	0.105365037918	0.112287998199	
['./treeMaker/main', '-m', '-w', '2']
0.0908169746399	0.106876134872	0.0957899093628	0.118678808212	0.118330001831	0.0879089832306	0.101811885834	0.077064037323	0.118444919586	0.0894989967346	0.0962147712708	0.103202104568	0.0939221382141	0.111968040466	0.0898189544678	0.113620996475	0.113744974136	0.100013017654	0.0771269798279	0.151428937912	0.0954740047455	0.0926170349121	0.0719559192657	0.0965850353241	0.138874053955	0.146584033966	0.10684299469	0.104437112808	0.0935990810394	0.0827839374542	0.0816988945007	0.0874228477478	0.0901710987091	0.108371019363	0.06924700737	0.08633685112	0.0939209461212	0.0925550460815	0.134510040283	0.0797600746155	0.08607006073	0.103350162506	0.0803909301758	0.137185096741	0.080246925354	0.133888959885	0.0973069667816	0.0965750217438	0.110014915466	0.117046833038	
['./treeMaker/main', '-m', '-c', '1']
0.0928030014038	0.10924911499	0.097962141037	0.121418952942	0.121555089951	0.0865409374237	0.0856320858002	0.0728118419647	0.0945470333099	0.0825860500336	0.091038942337	0.0977358818054	0.0937478542328	0.110220909119	0.0881268978119	0.108986139297	0.106757879257	0.0956020355225	0.0752849578857	0.161013841629	0.109163045883	0.0937519073486	0.0728590488434	0.0939180850983	0.137505054474	0.146022081375	0.101334095001	0.101124048233	0.090411901474	0.0766661167145	0.078106880188	0.0837519168854	0.0993139743805	0.100733041763	0.0627360343933	0.0806550979614	0.0874569416046	0.0898418426514	0.137890815735	0.0845141410828	0.0926630496979	0.108175039291	0.0889539718628	0.123404979706	0.0706300735474	0.129856824875	0.0925621986389	0.0970418453217	0.1085460186	0.115504026413	
['./treeMaker/main', '-m', '-c', '2']
0.0924520492554	0.109040021896	0.0977959632874	0.121241092682	0.12206196785	0.0999870300293	0.0847079753876	0.0846009254456	0.096843957901	0.0846800804138	0.0912849903107	0.097668170929	0.0931379795074	0.110939979553	0.0891079902649	0.112137079239	0.111466169357	0.108743906021	0.0742568969727	0.144824981689	0.0938360691071	0.0918660163879	0.0846178531647	0.0963609218597	0.138375997543	0.145745038986	0.105002880096	0.0985569953918	0.0893738269806	0.0752739906311	0.0776579380035	0.0836110115051	0.0866410732269	0.100350856781	0.0636808872223	0.0860462188721	0.0902309417725	0.0896961688995	0.129526138306	0.0802700519562	0.0857100486755	0.101692914963	0.0786468982697	0.138378143311	0.0748720169067	0.129221200943	0.0910820960999	0.0911481380463	0.106318950653	0.112064123154	
['./treeMaker/main', '-m', '-a', '1']
0.0971210002899	0.120270013809	0.102119922638	0.124486923218	0.139178037643	0.098680973053	0.0955111980438	0.0925490856171	0.104206085205	0.110510110855	0.098356962204	0.102882146835	0.099956035614	0.115651845932	0.0986149311066	0.130960941315	0.130429983139	0.105888128281	0.0836000442505	0.159564971924	0.105095148087	0.099200963974	0.0788831710815	0.111092805862	0.140769004822	0.15115404129	0.111442089081	0.108849048615	0.0993058681488	0.0837287902832	0.0876228809357	0.0929169654846	0.113679885864	0.10987496376	0.0719330310822	0.0934841632843	0.0971188545227	0.0978379249573	0.138480901718	0.0894861221313	0.0970098972321	0.111075878143	0.0865910053253	0.127466917038	0.0849380493164	0.14151096344	0.0972890853882	0.0972559452057	0.112440109253	0.118880033493	
['./treeMaker/main', '-m', '-a', '2']
0.0896968841553	0.111541032791	0.108170986176	0.122230052948	0.12219285965	0.0911750793457	0.0876071453094	0.0747020244598	0.0968821048737	0.0872490406036	0.092157125473	0.112857103348	0.0963051319122	0.114046096802	0.0991268157959	0.113162994385	0.11206817627	0.0975699424744	0.0767998695374	0.145680189133	0.0986330509186	0.0945558547974	0.076014995575	0.093691110611	0.132996082306	0.158231019974	0.111112117767	0.0953061580658	0.0901520252228	0.076651096344	0.0905940532684	0.0849900245667	0.0983409881592	0.103188991547	0.0644028186798	0.0823400020599	0.0870499610901	0.0888779163361	0.13254404068	0.0812718868256	0.0986242294312	0.10990190506	0.0798599720001	0.125513076782	0.0705029964447	0.133316040039	0.102663993835	0.104681968689	0.108603000641	0.127038002014	
