25_1000_4.9e-10_4.9e-10_470000000_cut_2
25
1000
4.9e-10
4.9e-10
470000000
cut_2
['./treeMaker/main']
0.0998139381409	0.233048915863	0.24578499794	0.118849992752	0.152222156525	0.105424880981	0.158067941666	0.167134046555	0.165457963943	0.155045986176	0.145810127258	0.150161027908	0.14336180687	0.148678064346	0.114873170853	0.0970380306244	0.204774856567	0.453465938568	0.130555868149	0.11013007164	0.150535821915	0.110451936722	0.17741894722	0.249601125717	0.267179012299	0.0992319583893	0.197205066681	0.121421813965	0.0846681594849	0.0945069789886	0.366051912308	0.168126106262	1.42956614494	0.147869825363	0.0561130046844	0.197175979614	0.139786958694	0.122280836105	0.102208137512	0.304985046387	0.122327804565	0.17929816246	1.04570007324	0.102880001068	0.190072059631	0.110558986664	0.0387659072876	0.089791059494	0.0878078937531	0.546521902084	
['./treeMaker/main', '-b']
0.104614973068	0.238224983215	0.257280111313	0.135301113129	0.15321803093	0.104000091553	0.159306049347	0.197514057159	0.169039011002	0.156394004822	0.16380906105	0.168888092041	0.156239032745	0.138122797012	0.120871067047	0.100768089294	0.195505857468	0.460047006607	0.134098052979	0.113141059875	0.134752035141	0.109132051468	0.189289093018	0.252783060074	0.270784139633	0.101581096649	0.192137956619	0.14261507988	0.0869801044464	0.105420827866	0.342896938324	0.156277894974	1.32714390755	0.144361972809	0.0551741123199	0.198010921478	0.142461061478	0.125196933746	0.10470199585	0.312277078629	0.125694036484	0.187799930573	1.090061903	0.102858066559	0.196794033051	0.115437984467	0.0405359268188	0.0940370559692	0.0918121337891	0.585315942764	
['./treeMaker/main', '-u']
0.100908994675	0.247721195221	0.245541095734	0.11622095108	0.151826858521	0.103350162506	0.160498142242	0.170077800751	0.16734790802	0.143662929535	0.145304918289	0.148876905441	0.144623994827	0.132009029388	0.120352983475	0.099800825119	0.200828075409	0.436547040939	0.147849082947	0.112730979919	0.147959947586	0.115514993668	0.170778989792	0.269982099533	0.254726171494	0.103390932083	0.188827037811	0.122386932373	0.101398944855	0.0984139442444	0.362921953201	0.156722068787	1.31971788406	0.142499923706	0.0552167892456	0.196337938309	0.147620916367	0.136736154556	0.10528588295	0.305769920349	0.109308004379	0.187698125839	1.09614992142	0.103623867035	0.195926904678	0.137423038483	0.0408279895782	0.0945360660553	0.0906159877777	0.583806991577	
['./treeMaker/main', '-t', '-r', '1']
0.985435009003	1.80578303337	1.7501308918	1.08681702614	1.34659981728	1.02947807312	1.46193003654	1.46888685226	1.36626410484	1.31576514244	1.29283809662	1.36139202118	1.28848004341	1.22226691246	1.12475705147	1.01300406456	1.63644003868	2.46912193298	1.16290688515	1.07217001915	1.29619288445	0.995446920395	1.4888651371	1.89538884163	1.83160400391	0.951437950134	1.69876599312	1.16156291962	0.90958404541	1.00176596642	2.33608293533	1.40794205666	4.98183917999	1.26020503044	0.574915885925	1.67718815804	1.26450204849	1.19674801826	1.05384778976	2.04681277275	1.09317994118	1.48415493965	3.97156596184	0.943070888519	1.64600777626	1.08999085426	0.437242031097	0.941453933716	0.921863079071	2.84252882004	
['./treeMaker/main', '-t', '-r', '2']
1.51090192795	2.81615900993	2.89448690414	1.77020096779	2.10090708733	1.60742402077	2.10943698883	2.29354500771	2.30537009239	1.99901294708	2.19413399696	2.15651583672	2.15260505676	1.99224591255	1.6915781498	1.49852991104	2.5368950367	4.14576196671	1.96632504463	1.72827911377	1.89585900307	1.78448605537	2.17348909378	3.09822893143	3.00507593155	1.72641777992	2.45354914665	1.95297694206	1.33157014847	1.53684806824	3.69514894485	2.13129901886	7.13426494598	1.98565602303	0.965954065323	2.61234712601	2.03603696823	1.89445304871	1.57841897011	3.31260204315	1.80529403687	2.58246588707	6.39107608795	1.4260969162	2.63133001328	1.64640212059	0.682590961456	1.45473718643	1.46242809296	4.76550197601	
['./treeMaker/main', '-t', '-r', '1', '-N']
1.02074503899	1.83950519562	1.73614287376	1.09343099594	1.35570502281	0.985444068909	1.41239714622	1.51827597618	1.36915707588	1.31515812874	1.2839679718	1.38872098923	1.30987596512	1.20186018944	1.16858792305	0.981438875198	1.64660787582	2.44166016579	1.16490912437	1.06116700172	1.26161003113	1.03449296951	1.44577717781	1.8599050045	1.83672118187	0.949992895126	1.61162209511	1.20549583435	0.870750188828	0.987426042557	2.35219502449	1.36170291901	4.9722661972	1.30801510811	0.59246301651	1.75533008575	1.27201986313	1.2361228466	1.08092808723	2.00097417831	1.0696349144	1.50902700424	3.95858502388	0.945946216583	1.71473097801	1.10955691338	0.43354010582	0.970613002777	0.919856071472	2.85859394073	
['./treeMaker/main', '-t', '-r', '2', '-N']
1.54762005806	2.83403491974	2.82905912399	1.78229498863	2.14078307152	1.58487296104	2.07951283455	2.21252298355	2.30506086349	1.98003101349	2.19320702553	2.16043186188	2.16215896606	2.028455019	1.68954586983	1.50494885445	2.53285813332	4.18398618698	1.95043802261	1.72701621056	1.96438407898	1.82652878761	2.21955490112	3.06367397308	2.93259501457	1.66382408142	2.49897003174	1.95206403732	1.28881716728	1.55157589912	3.68236398697	2.12865805626	7.20658016205	1.94881010056	0.947277069092	2.6180460453	2.05315208435	1.88740110397	1.5966360569	3.27385997772	1.7716178894	2.60366821289	6.32727813721	1.51396107674	2.61322402954	1.60100603104	0.642978906631	1.42159795761	1.37474703789	4.80687999725	
['./treeMaker/main', '-m']
0.0441269874573	0.0619609355927	0.0674479007721	0.0461611747742	0.0520348548889	0.043340921402	0.0515191555023	0.0542430877686	0.0545089244843	0.0481250286102	0.0546081066132	0.055743932724	0.0540359020233	0.0508840084076	0.0498068332672	0.0536749362946	0.0599279403687	0.0823509693146	0.0514469146729	0.0482001304626	0.0517959594727	0.0554630756378	0.0572218894958	0.0675711631775	0.0668678283691	0.0519008636475	0.0638201236725	0.0503859519958	0.0452449321747	0.0459849834442	0.0794789791107	0.0541779994965	0.127760887146	0.0648138523102	0.0397748947144	0.0595188140869	0.0514550209045	0.0488500595093	0.0432159900665	0.0688951015472	0.0453450679779	0.0578801631927	0.111183166504	0.0442368984222	0.0574979782104	0.0464520454407	0.0270230770111	0.0408380031586	0.0418381690979	0.0923261642456	
['./treeMaker/main', '-m', '-b']
0.0483288764954	0.0647399425507	0.0705831050873	0.0501410961151	0.0565319061279	0.046804189682	0.055820941925	0.0584738254547	0.0588319301605	0.0523898601532	0.0544331073761	0.0556519031525	0.0545380115509	0.0526299476624	0.0490679740906	0.045746088028	0.0647988319397	0.0877149105072	0.0563449859619	0.0518388748169	0.0547058582306	0.0476279258728	0.0601139068604	0.0704779624939	0.0718290805817	0.0508990287781	0.062313079834	0.0517430305481	0.0438289642334	0.0568249225616	0.0849030017853	0.0611188411713	0.125682830811	0.052433013916	0.0325949192047	0.0621831417084	0.0533299446106	0.0490901470184	0.0448470115662	0.083979845047	0.0476610660553	0.0618281364441	0.120574951172	0.0470080375671	0.0613849163055	0.0494220256805	0.0284881591797	0.043359041214	0.0442891120911	0.104172945023	
['./treeMaker/main', '-m', '-w', '1']
0.0452980995178	0.0633749961853	0.0776329040527	0.0507991313934	0.0585520267487	0.044440984726	0.0533900260925	0.0562338829041	0.0585508346558	0.0526711940765	0.0549399852753	0.0570411682129	0.0544550418854	0.0499279499054	0.0467171669006	0.0435121059418	0.0594429969788	0.0825929641724	0.0508720874786	0.0466418266296	0.0499460697174	0.0459549427032	0.0556988716125	0.0666170120239	0.0664970874786	0.0446200370789	0.0574018955231	0.0484979152679	0.0401020050049	0.042811870575	0.0735590457916	0.0502619743347	0.134370088577	0.0515351295471	0.0322711467743	0.0606710910797	0.0520949363708	0.0485692024231	0.0441539287567	0.0698890686035	0.045825958252	0.0573899745941	0.107284069061	0.0429840087891	0.0556838512421	0.0527610778809	0.0270938873291	0.0409600734711	0.0420677661896	0.0903630256653	
['./treeMaker/main', '-m', '-w', '2']
0.0450329780579	0.0608808994293	0.0628299713135	0.0464661121368	0.0534720420837	0.0448200702667	0.0512111186981	0.0543389320374	0.0544450283051	0.0485670566559	0.0508677959442	0.0517280101776	0.0506241321564	0.0485248565674	0.0452039241791	0.0423240661621	0.0605618953705	0.0835790634155	0.0499370098114	0.045725107193	0.0488629341125	0.0449380874634	0.0579240322113	0.0694768428802	0.0704729557037	0.0471889972687	0.0608620643616	0.0491449832916	0.0444538593292	0.0490021705627	0.0772390365601	0.0549559593201	0.122349977493	0.0547249317169	0.0337610244751	0.0637249946594	0.0530369281769	0.0522379875183	0.0467569828033	0.0752551555634	0.0512280464172	0.0617098808289	0.11107301712	0.0447661876678	0.0573308467865	0.0456809997559	0.0267770290375	0.0402069091797	0.0411789417267	0.0885169506073	
['./treeMaker/main', '-m', '-c', '1']
0.0427649021149	0.0605311393738	0.0631220340729	0.0459730625153	0.0522329807281	0.0437769889832	0.0538239479065	0.0554881095886	0.0555629730225	0.0495119094849	0.0514779090881	0.0528800487518	0.051619052887	0.0498678684235	0.0466461181641	0.0407779216766	0.0575618743896	0.0822620391846	0.0507960319519	0.0470490455627	0.0498769283295	0.0459079742432	0.0556168556213	0.0661640167236	0.0645680427551	0.0432209968567	0.0557849407196	0.0471289157867	0.0385479927063	0.0416159629822	0.0707240104675	0.0506899356842	0.116868972778	0.0492799282074	0.030660867691	0.0581481456757	0.0498969554901	0.0464360713959	0.0421447753906	0.0665290355682	0.0437350273132	0.055694103241	0.106846809387	0.0426478385925	0.05544090271	0.050085067749	0.0266990661621	0.0412981510162	0.0421860218048	0.0904040336609	
['./treeMaker/main', '-m', '-c', '2']
0.0445189476013	0.062625169754	0.0647799968719	0.0475821495056	0.0532989501953	0.0445871353149	0.0525629520416	0.0556600093842	0.0677969455719	0.0472218990326	0.0496048927307	0.050420999527	0.0496039390564	0.0482621192932	0.0449528694153	0.0416758060455	0.0572559833527	0.0795321464539	0.0495009422302	0.0455439090729	0.051805973053	0.0474760532379	0.057058095932	0.0859749317169	0.0634298324585	0.0429909229279	0.0554399490356	0.0468199253082	0.0385799407959	0.0412170886993	0.0708501338959	0.0510640144348	0.116680860519	0.0491740703583	0.0307371616364	0.0583548545837	0.0500040054321	0.0464768409729	0.0422828197479	0.0662868022919	0.047189950943	0.0581538677216	0.122230052948	0.0421578884125	0.0701148509979	0.0576410293579	0.0292410850525	0.0420279502869	0.0428159236908	0.0913920402527	
['./treeMaker/main', '-m', '-a', '1']
0.0486660003662	0.0678381919861	0.0696160793304	0.0528440475464	0.0562200546265	0.0511469841003	0.0571491718292	0.0600321292877	0.0624499320984	0.0536770820618	0.0592188835144	0.0594642162323	0.0679450035095	0.0573530197144	0.052542924881	0.0509560108185	0.0661158561707	0.0932989120483	0.0588369369507	0.0574290752411	0.0580389499664	0.0531120300293	0.0625739097595	0.0729629993439	0.0754899978638	0.0505330562592	0.0626511573792	0.0573949813843	0.0437939167023	0.0514788627625	0.079904794693	0.0588648319244	0.122761011124	0.0534429550171	0.0347368717194	0.0631029605865	0.0548651218414	0.0510730743408	0.0464808940887	0.0709819793701	0.0479388237	0.0609431266785	0.111804008484	0.0471878051758	0.0587899684906	0.0488538742065	0.0290338993073	0.0428819656372	0.0443050861359	0.0911059379578	
['./treeMaker/main', '-m', '-a', '2']
0.0425248146057	0.0603649616241	0.0625519752502	0.0458061695099	0.0516290664673	0.042918920517	0.0508182048798	0.0622279644012	0.0592329502106	0.0549628734589	0.055016040802	0.0561261177063	0.0531349182129	0.0507140159607	0.0479581356049	0.0470359325409	0.0663349628448	0.0821809768677	0.0511159896851	0.0464398860931	0.0498559474945	0.058091878891	0.0576341152191	0.0685760974884	0.0633878707886	0.042897939682	0.0712089538574	0.0500221252441	0.0418829917908	0.0464351177216	0.076208114624	0.064649105072	0.11686706543	0.0492098331451	0.0308520793915	0.0584330558777	0.0504500865936	0.0468831062317	0.0423448085785	0.0669960975647	0.0440399646759	0.0562841892242	0.106886148453	0.0430819988251	0.0554161071777	0.0448260307312	0.0261790752411	0.0395429134369	0.0404951572418	0.0876190662384	
