25_1000_4.9e-10_4.9e-10_470000000_cut_5
25
1000
4.9e-10
4.9e-10
470000000
cut_5
['./treeMaker/main']
0.0920522212982	0.188066005707	0.210197925568	0.112031936646	0.139362096786	0.107434034348	0.14731502533	0.167664051056	0.1587870121	0.126139879227	0.130230903625	0.152043104172	0.128403902054	0.128722906113	0.121343135834	0.0953969955444	0.18333697319	0.405444860458	0.137408018112	0.106180906296	0.122178077698	0.110118865967	0.16349697113	0.243860006332	0.245562076569	0.0989558696747	0.17099905014	0.121724128723	0.088604927063	0.0877959728241	0.359031915665	0.160223007202	1.33368206024	0.132740020752	0.0493969917297	0.19969201088	0.139631032944	0.122031211853	0.0983698368073	0.273644924164	0.106252193451	0.188882827759	0.99622297287	0.0993990898132	0.181895017624	0.119087934494	0.0388150215149	0.088662147522	0.0886459350586	0.551338911057	
['./treeMaker/main', '-b']
0.102660179138	0.207432031631	0.226441860199	0.120545148849	0.156292915344	0.108196020126	0.143702030182	0.167410135269	0.168705940247	0.129012107849	0.131911993027	0.145671129227	0.136595010757	0.154331922531	0.112092018127	0.0966608524323	0.190174102783	0.408231973648	0.133859157562	0.108566999435	0.120234966278	0.108082056046	0.164267063141	0.229277133942	0.230662822723	0.11264705658	0.169296979904	0.129179954529	0.092866897583	0.0919451713562	0.362639188766	0.153204917908	1.32370996475	0.135885000229	0.0512340068817	0.204291820526	0.142623901367	0.120176076889	0.0971291065216	0.289494991302	0.102680921555	0.186271905899	0.998008012772	0.116047143936	0.192669153214	0.120136976242	0.0396740436554	0.089038848877	0.0880079269409	0.564429044724	
['./treeMaker/main', '-u']
0.09748005867	0.197635173798	0.210268974304	0.114103078842	0.159020185471	0.108972072601	0.142319917679	0.164433956146	0.158823013306	0.135573863983	0.134215831757	0.137134075165	0.134999990463	0.144434928894	0.106810092926	0.0937860012054	0.18133687973	0.40015411377	0.149588108063	0.105360031128	0.120126962662	0.107010126114	0.162528991699	0.235399961472	0.232936859131	0.103083133698	0.171174049377	0.138932943344	0.0937080383301	0.0897161960602	0.356408119202	0.150249004364	1.30935406685	0.139091968536	0.0523347854614	0.209550142288	0.141256093979	0.132895946503	0.109710931778	0.261302947998	0.107037782669	0.183202028275	1.03504419327	0.118190765381	0.196719884872	0.118901014328	0.0397088527679	0.0883569717407	0.0880489349365	0.540457010269	
['./treeMaker/main', '-t', '-r', '1']
0.977827072144	1.62889194489	1.60230302811	1.08608913422	1.30618715286	1.07871699333	1.27847886086	1.51971483231	1.32796192169	1.24807596207	1.27120280266	1.23692417145	1.24290418625	1.24099683762	1.09019589424	0.931064128876	1.55663490295	2.33149194717	1.19370913506	1.00157809258	1.17140102386	1.08077096939	1.4336950779	1.85912585258	1.85674595833	1.01671409607	1.49499106407	1.19808912277	0.940614938736	0.905781984329	2.31478190422	1.38477802277	5.02835702896	1.21221494675	0.51997089386	1.72894191742	1.30584001541	1.14936494827	0.9518430233	1.98032617569	1.01093506813	1.52673816681	3.97247695923	0.974364042282	1.70374393463	1.08249616623	0.391916036606	0.941560029984	0.905019044876	2.82790398598	
['./treeMaker/main', '-t', '-r', '2']
1.42407488823	2.54860591888	2.68781685829	1.68065309525	1.93528318405	1.61298203468	1.94619894028	2.1706969738	2.22891879082	1.83984994888	2.04853391647	1.98554801941	1.95003199577	1.9815261364	1.53610920906	1.40924596786	2.43572497368	3.89910197258	2.02053999901	1.53653311729	1.72538304329	1.82430505753	2.10359692574	2.64015698433	2.82731318474	1.62545204163	2.26625800133	1.8952960968	1.38053297997	1.41608214378	3.56099390984	2.09197306633	6.86789798737	1.79865407944	0.822102069855	2.63619804382	2.06981992722	1.74016594887	1.44206500053	3.00865197182	1.65497612953	2.64199900627	6.09599900246	1.44044613838	2.44147610664	1.65121507645	0.595758914948	1.37697505951	1.32540297508	4.64517998695	
['./treeMaker/main', '-t', '-r', '1', '-N']
0.955351114273	1.63909101486	1.64972901344	1.07934188843	1.27955818176	1.03961491585	1.33371496201	1.52892208099	1.38535094261	1.20640015602	1.20930099487	1.23972392082	1.17308306694	1.22137999535	1.08165788651	0.931269884109	1.60492491722	2.28819704056	1.18099808693	0.964576005936	1.16623401642	1.09865283966	1.44550490379	1.86226797104	1.8519949913	0.988666057587	1.53250718117	1.19016385078	0.896014213562	0.880984067917	2.33098292351	1.39777302742	4.9986140728	1.20063710213	0.549670934677	1.73422122002	1.37023305893	1.14167714119	1.01482820511	1.89899802208	0.984847068787	1.55347704887	3.86791205406	0.965594053268	1.73979592323	1.08543205261	0.391185045242	0.893517017365	0.874488115311	2.81512308121	
['./treeMaker/main', '-t', '-r', '2', '-N']
1.4331240654	2.49933505058	2.7144510746	1.70990991592	1.88179993629	1.63964700699	1.87925100327	2.2419629097	2.26695609093	1.80929708481	1.98048782349	1.98493504524	2.00810098648	1.8773291111	1.55860996246	1.46610307693	2.3481388092	4.01995706558	2.00622296333	1.55291104317	1.77203392982	1.81845998764	2.12461590767	2.65651297569	2.79165410995	1.67875099182	2.23518395424	1.90031003952	1.3835849762	1.36995697021	3.58893680573	2.11406087875	6.88747000694	1.84711194038	0.825940847397	2.70835590363	2.03117084503	1.71292805672	1.49751996994	3.02670693398	1.62529110909	2.67006397247	6.05611276627	1.5032749176	2.52190899849	1.67051005363	0.625185966492	1.38478207588	1.37085819244	4.54394197464	
['./treeMaker/main', '-m']
0.0582718849182	0.0652651786804	0.0636348724365	0.0491800308228	0.0554270744324	0.0490460395813	0.0550608634949	0.060662984848	0.056932926178	0.0533289909363	0.0513701438904	0.0635619163513	0.0568721294403	0.0526180267334	0.048681974411	0.0463910102844	0.0618159770966	0.0811150074005	0.0527448654175	0.0463190078735	0.0520739555359	0.0481431484222	0.0591402053833	0.0658211708069	0.0681738853455	0.0465230941772	0.0585749149323	0.0542631149292	0.0463659763336	0.0437219142914	0.0750000476837	0.0551550388336	0.122586011887	0.0525529384613	0.0316870212555	0.0624220371246	0.0507318973541	0.0465128421783	0.0426580905914	0.0685620307922	0.0451180934906	0.0592851638794	0.110719919205	0.0548968315125	0.0550899505615	0.0455830097198	0.0258269309998	0.0394468307495	0.043114900589	0.087247133255	
['./treeMaker/main', '-m', '-b']
0.0465190410614	0.0682129859924	0.0685160160065	0.0521559715271	0.0552649497986	0.0477449893951	0.0552010536194	0.0588200092316	0.0586159229279	0.0522229671478	0.0529289245605	0.0544648170471	0.0516581535339	0.0505900382996	0.0469810962677	0.05788397789	0.0644769668579	0.0843510627747	0.0563778877258	0.0512669086456	0.055557012558	0.0504469871521	0.0619511604309	0.0698978900909	0.0730350017548	0.0496571063995	0.0616941452026	0.054671049118	0.0460901260376	0.0488469600677	0.0811221599579	0.0590651035309	0.136887073517	0.0517799854279	0.0318381786346	0.0635640621185	0.0539469718933	0.0488588809967	0.0461239814758	0.0715928077698	0.0465998649597	0.0739631652832	0.119088888168	0.0476310253143	0.0610039234161	0.049770116806	0.0275459289551	0.0442328453064	0.0458500385284	0.0932168960571	
['./treeMaker/main', '-m', '-w', '1']
0.0459718704224	0.0624868869781	0.0663499832153	0.0466520786285	0.0561780929565	0.0471708774567	0.0531179904938	0.056627035141	0.056009054184	0.0505521297455	0.0548679828644	0.0524671077728	0.0500259399414	0.0528581142426	0.0455739498138	0.045431137085	0.0624530315399	0.0801401138306	0.0649261474609	0.0479171276093	0.0544431209564	0.0485019683838	0.0575778484344	0.0655651092529	0.0699310302734	0.0461270809174	0.0586009025574	0.0519361495972	0.0422399044037	0.0440740585327	0.0773680210114	0.0515580177307	0.115942001343	0.0494530200958	0.0307559967041	0.0606651306152	0.051570892334	0.0466380119324	0.0424959659576	0.0662059783936	0.0440020561218	0.0576379299164	0.105751037598	0.0480749607086	0.0575139522552	0.048192024231	0.0266950130463	0.0402081012726	0.0456349849701	0.0901849269867	
['./treeMaker/main', '-m', '-w', '2']
0.0474078655243	0.0651490688324	0.0648059844971	0.0494649410248	0.0527801513672	0.0456290245056	0.0525550842285	0.0560100078583	0.0559179782867	0.0492980480194	0.0503089427948	0.051717042923	0.051167011261	0.050271987915	0.0462939739227	0.0437879562378	0.0591781139374	0.0808491706848	0.0517361164093	0.0583479404449	0.0472600460052	0.0449352264404	0.0542650222778	0.0621981620789	0.0652320384979	0.0441248416901	0.0548059940338	0.0486981868744	0.0404920578003	0.0415019989014	0.0823819637299	0.0552389621735	0.119009971619	0.0638208389282	0.035413980484	0.0652980804443	0.0669889450073	0.046914100647	0.0426580905914	0.0672280788422	0.044303894043	0.0578329563141	0.107222080231	0.0463330745697	0.0578401088715	0.04763007164	0.0261299610138	0.040568113327	0.042906999588	0.0858759880066	
['./treeMaker/main', '-m', '-c', '1']
0.0428199768066	0.0618329048157	0.0628268718719	0.0469861030579	0.0521740913391	0.0450139045715	0.0522260665894	0.0555679798126	0.0554089546204	0.0484681129456	0.0497581958771	0.0511908531189	0.0508451461792	0.0496661663055	0.0459041595459	0.0430870056152	0.0683958530426	0.0793459415436	0.0508320331573	0.0458371639252	0.0570461750031	0.049544095993	0.0565972328186	0.065288066864	0.0687680244446	0.0462400913239	0.0567111968994	0.0527281761169	0.0442960262299	0.0435678958893	0.0710499286652	0.0669288635254	0.121113061905	0.0493381023407	0.0309951305389	0.0645320415497	0.054044008255	0.0504679679871	0.0449049472809	0.0703468322754	0.0471479892731	0.0608019828796	0.111882925034	0.0452518463135	0.05526304245	0.0455257892609	0.0256760120392	0.0393581390381	0.0404379367828	0.084822177887	
['./treeMaker/main', '-m', '-c', '2']
0.0435259342194	0.0601251125336	0.0760831832886	0.0595891475677	0.0558540821075	0.0491631031036	0.0564389228821	0.0601801872253	0.0572729110718	0.0534341335297	0.0516450405121	0.0518898963928	0.0531249046326	0.0520370006561	0.0473928451538	0.0447449684143	0.0618779659271	0.0962460041046	0.0502319335938	0.043821811676	0.0480828285217	0.044783115387	0.054319858551	0.0614869594574	0.0772891044617	0.055615901947	0.0536680221558	0.0478758811951	0.0403847694397	0.0418481826782	0.0713829994202	0.0517210960388	0.115573883057	0.0495519638062	0.0304090976715	0.0596430301666	0.0508649349213	0.0461559295654	0.0417110919952	0.0659999847412	0.0437400341034	0.0616052150726	0.122063875198	0.0431880950928	0.0690870285034	0.0684351921082	0.0251319408417	0.0543320178986	0.0412268638611	0.0840361118317	
['./treeMaker/main', '-m', '-a', '1']
0.0465278625488	0.0637929439545	0.0680780410767	0.0528059005737	0.0609378814697	0.049115896225	0.057941198349	0.0640940666199	0.0577139854431	0.050922870636	0.0532069206238	0.0533301830292	0.0530188083649	0.0520780086517	0.0484299659729	0.045793056488	0.0638761520386	0.0871679782867	0.0557489395142	0.0503170490265	0.0527818202972	0.049751996994	0.059986114502	0.0652310848236	0.068706035614	0.0501050949097	0.06303191185	0.0559241771698	0.047914981842	0.0480709075928	0.078999042511	0.0606861114502	0.122502088547	0.0547828674316	0.0349268913269	0.0662541389465	0.0696361064911	0.0491290092468	0.0451669692993	0.0870110988617	0.051521062851	0.0650129318237	0.12150812149	0.0512640476227	0.0616409778595	0.052925825119	0.0329208374023	0.0472509860992	0.0475068092346	0.0994160175323	
['./treeMaker/main', '-m', '-a', '2']
0.0453240871429	0.0624709129333	0.064826965332	0.0500719547272	0.0525488853455	0.0453779697418	0.0524561405182	0.0558729171753	0.0565190315247	0.0598390102386	0.0520651340485	0.0534181594849	0.0507619380951	0.0530281066895	0.0475289821625	0.04456615448	0.0606079101562	0.0815019607544	0.0522539615631	0.0569291114807	0.0495979785919	0.0503430366516	0.0566279888153	0.0659708976746	0.0687789916992	0.0465068817139	0.0593290328979	0.0505650043488	0.0421769618988	0.0447089672089	0.0734119415283	0.0551400184631	0.12153506279	0.059152841568	0.0336899757385	0.0637581348419	0.0503149032593	0.0463800430298	0.0425279140472	0.0667488574982	0.0442769527435	0.0576910972595	0.106586933136	0.0449340343475	0.0559270381927	0.0473430156708	0.0263700485229	0.0400428771973	0.0409071445465	0.0836849212646	
