25_1000_1.9e-10_9.5e-11_470000000
25
1000
1.9e-10
9.5e-11
470000000

['./treeMaker/main']
0.146325111389	0.245122909546	0.238914012909	0.134020090103	0.293914079666	0.223800897598	0.179073095322	0.178790807724	0.275490999222	0.131912231445	0.116578817368	0.102884054184	0.16291308403	0.122534036636	0.199584960938	0.14657998085	0.209384918213	0.154908180237	0.260755062103	0.24072098732	0.246675014496	0.355595827103	0.172574996948	0.139491796494	0.179602861404	0.491693019867	0.173654079437	0.222026824951	0.442625045776	0.106184005737	0.149344921112	0.131429195404	0.116650819778	0.238820075989	0.258990049362	0.280851840973	0.170286178589	0.206767082214	0.22581911087	0.160557985306	0.118589162827	0.105749130249	0.127455949783	0.185405015945	0.468744039536	0.182507991791	0.181041955948	0.531543970108	0.213483095169	0.129539012909	
['./treeMaker/main', '-b']
0.149956941605	0.255539894104	0.253080129623	0.144489049911	0.295403003693	0.222040891647	0.173643112183	0.177756071091	0.267746925354	0.117172956467	0.108288049698	0.101150035858	0.164887905121	0.125893115997	0.196964979172	0.149868965149	0.219528913498	0.146723031998	0.278244018555	0.250360012054	0.266813993454	0.346848011017	0.183704137802	0.150802135468	0.184404850006	0.501667022705	0.185729980469	0.21350312233	0.492168903351	0.111675024033	0.152951955795	0.137792110443	0.121224880219	0.253032922745	0.248565196991	0.269096136093	0.165975093842	0.207404851913	0.209863185883	0.156111955643	0.119447946548	0.109643936157	0.126266002655	0.180907964706	0.464400053024	0.185068130493	0.191829919815	0.498974084854	0.213061094284	0.125845193863	
['./treeMaker/main', '-u']
0.143517017365	0.253173112869	0.243144989014	0.135940790176	0.286256074905	0.224045991898	0.173338890076	0.160835027695	0.252379179001	0.118551969528	0.108918905258	0.122328996658	0.164348840714	0.123349905014	0.202428102493	0.14208984375	0.206439971924	0.162974834442	0.262866973877	0.258917093277	0.26092004776	0.354689836502	0.191087961197	0.139986038208	0.181468009949	0.491269111633	0.18340587616	0.224352836609	0.44428396225	0.114012002945	0.157198905945	0.147631168365	0.117079019547	0.253692865372	0.248110055923	0.278839111328	0.185980796814	0.215584039688	0.207962036133	0.156271934509	0.1216609478	0.109850883484	0.134354114532	0.182508945465	0.472846031189	0.182520866394	0.182078838348	0.486809015274	0.200786113739	0.142981052399	
['./treeMaker/main', '-t', '-r', '1']
1.16187500954	1.72786998749	1.56131196022	1.07214593887	1.90658593178	1.62941908836	1.32829594612	1.30521917343	1.76346206665	0.972015857697	0.866535902023	0.821543931961	1.33323907852	1.02346491814	1.52901887894	1.10490202904	1.47399306297	1.1824028492	1.78811097145	1.63762593269	1.71841192245	2.07085990906	1.33361291885	1.0818810463	1.36129307747	2.54871296883	1.30949997902	1.5470199585	2.53786206245	0.873862981796	1.17851495743	1.11956214905	0.942708015442	1.66928696632	1.73938512802	1.81736493111	1.2846570015	1.5015411377	1.55865812302	1.24630308151	0.966314077377	0.901458024979	1.04694390297	1.4387049675	2.58229804039	1.36356496811	1.39861488342	2.65110397339	1.53969717026	1.03037595749	
['./treeMaker/main', '-t', '-r', '2']
1.58959102631	2.34209513664	2.40649390221	1.47758603096	2.74652099609	2.34503006935	1.86053609848	1.80894494057	2.45332193375	1.33621191978	1.19778084755	1.11505794525	1.69656991959	1.35167312622	2.03308391571	1.65648603439	2.09909701347	1.64933896065	2.40088105202	2.4855260849	2.44176888466	2.88615298271	1.89890694618	1.50801110268	1.8430287838	3.70997905731	1.79178595543	2.22385883331	3.57845306396	1.28442406654	1.60555005074	1.47064495087	1.37425398827	2.34100198746	2.34630179405	2.51549196243	1.76728415489	2.31559181213	2.1705429554	1.65591883659	1.38431882858	1.21452999115	1.50265908241	1.94413781166	3.54456710815	1.86561393738	1.95540785789	3.69069290161	2.10249495506	1.40398788452	
['./treeMaker/main', '-t', '-r', '1', '-N']
1.17169094086	1.69380712509	1.60747718811	1.08640813828	1.89194607735	1.58440899849	1.38600897789	1.2483921051	1.73492407799	1.00689911842	0.909101009369	0.869339942932	1.28729009628	0.98383808136	1.43516111374	1.10372900963	1.44764113426	1.15093517303	1.76665496826	1.65327310562	1.71106600761	2.08491492271	1.32763004303	1.06507205963	1.36426401138	2.57246088982	1.3011329174	1.54023814201	2.51732110977	0.884514093399	1.16932892799	1.10850715637	0.955179929733	1.68722105026	1.75606417656	1.81271481514	1.31179094315	1.55371880531	1.5788500309	1.24721503258	0.964834928513	0.902107954025	1.018045187	1.41947388649	2.51079010963	1.37637209892	1.43389391899	2.66763210297	1.51715016365	1.02662491798	
['./treeMaker/main', '-t', '-r', '2', '-N']
1.57662701607	2.30552601814	2.3520629406	1.45039081573	2.68023204803	2.33059310913	1.86211204529	1.79458403587	2.45844697952	1.38157296181	1.24656581879	1.1446750164	1.73590183258	1.33904004097	2.04743099213	1.60592603683	2.11314511299	1.58542704582	2.41386508942	2.41259717941	2.48579192162	2.85377407074	1.87650704384	1.44592404366	1.85861611366	3.7195751667	1.82100009918	2.20841002464	3.50733995438	1.22595286369	1.65483283997	1.50651597977	1.37642598152	2.32512807846	2.33652186394	2.48919892311	1.78015398979	2.24161100388	2.17223787308	1.65689992905	1.34645295143	1.25711894035	1.50191378593	1.93600416183	3.50823688507	1.8136639595	2.03530216217	3.49843502045	2.16201591492	1.42792606354	
['./treeMaker/main', '-m']
0.0707819461823	0.0812199115753	0.0822429656982	0.0706129074097	0.0898299217224	0.0876708030701	0.0774049758911	0.07368516922	0.0880250930786	0.0631711483002	0.0616018772125	0.0602848529816	0.0702090263367	0.0642700195312	0.0761449337006	0.0722980499268	0.0791730880737	0.0702850818634	0.0881547927856	0.0840289592743	0.0850069522858	0.0951290130615	0.0757660865784	0.0688610076904	0.0772278308868	0.105345010757	0.076936006546	0.0867121219635	0.10337805748	0.0767500400543	0.0694360733032	0.0733451843262	0.0671260356903	0.0940699577332	0.0838329792023	0.0849080085754	0.086277961731	0.0799610614777	0.0816400051117	0.0757608413696	0.0659527778625	0.0661389827728	0.0675599575043	0.0734848976135	0.0980100631714	0.0722868442535	0.0908899307251	0.103250026703	0.0803508758545	0.0661790370941	
['./treeMaker/main', '-m', '-b']
0.0860998630524	0.088700056076	0.0904040336609	0.0729269981384	0.0958878993988	0.0901000499725	0.0940761566162	0.0806789398193	0.09215092659	0.0807819366455	0.0673429965973	0.0641131401062	0.0747210979462	0.0676879882812	0.0816941261292	0.0732269287109	0.0824060440063	0.0722169876099	0.0870289802551	0.0876219272614	0.0879788398743	0.111075878143	0.0782260894775	0.0814909934998	0.075001001358	0.106187105179	0.0749220848083	0.0816700458527	0.107058048248	0.0681660175323	0.0765080451965	0.0767118930817	0.0692660808563	0.0912709236145	0.0876069068909	0.0898840427399	0.0769538879395	0.0836479663849	0.0848288536072	0.0767319202423	0.0674710273743	0.0832459926605	0.0704181194305	0.0792369842529	0.107671976089	0.0786309242249	0.0816929340363	0.121705055237	0.0845310688019	0.0702221393585	
['./treeMaker/main', '-m', '-w', '1']
0.0684070587158	0.0796229839325	0.0816910266876	0.067519903183	0.086571931839	0.0843830108643	0.0770599842072	0.0736978054047	0.0871770381927	0.0653948783875	0.0644137859344	0.0605800151825	0.0706720352173	0.0649299621582	0.091185092926	0.0693299770355	0.0801470279694	0.0855519771576	0.082267999649	0.0853638648987	0.0949668884277	0.0897178649902	0.0737900733948	0.0676620006561	0.0881049633026	0.0999698638916	0.0872230529785	0.0844941139221	0.104157209396	0.0652740001678	0.0734820365906	0.0660018920898	0.0627431869507	0.0826539993286	0.081423997879	0.0832450389862	0.0725698471069	0.0814719200134	0.0780839920044	0.0706450939178	0.062283039093	0.0611050128937	0.0654768943787	0.0734829902649	0.0981080532074	0.0743560791016	0.0870192050934	0.0999131202698	0.0814380645752	0.066241979599	
['./treeMaker/main', '-m', '-w', '2']
0.0844171047211	0.0794110298157	0.0836129188538	0.079931974411	0.0859940052032	0.0838470458984	0.0763881206512	0.0790500640869	0.0865540504456	0.0678720474243	0.0654361248016	0.0643048286438	0.0719721317291	0.0664358139038	0.0793387889862	0.0712888240814	0.0797860622406	0.0713939666748	0.0848150253296	0.0817718505859	0.0860569477081	0.0939271450043	0.0759959220886	0.0685291290283	0.0747609138489	0.104489088058	0.0794579982758	0.0803661346436	0.113648891449	0.0640878677368	0.0746071338654	0.0791659355164	0.078577041626	0.0874061584473	0.0860719680786	0.0884840488434	0.0759139060974	0.0961058139801	0.0789959430695	0.0713829994202	0.0628941059113	0.0616850852966	0.0661649703979	0.0751450061798	0.100234985352	0.0824348926544	0.0758349895477	0.105215072632	0.0807039737701	0.0672490596771	
['./treeMaker/main', '-m', '-c', '1']
0.0670869350433	0.0926609039307	0.0819480419159	0.0798490047455	0.0852761268616	0.0802059173584	0.0908138751984	0.0764479637146	0.0881180763245	0.0679807662964	0.0803020000458	0.0599489212036	0.0700559616089	0.0647990703583	0.0775129795074	0.0706679821014	0.0786299705505	0.0708320140839	0.0844659805298	0.0822739601135	0.101444005966	0.0923030376434	0.0750210285187	0.0676960945129	0.0747740268707	0.102927923203	0.071634054184	0.0933291912079	0.101212978363	0.0629179477692	0.0714159011841	0.0828061103821	0.0621411800385	0.0843420028687	0.0830619335175	0.0841720104218	0.0878109931946	0.0785138607025	0.0801439285278	0.0864601135254	0.0650060176849	0.0617718696594	0.0657060146332	0.0734639167786	0.0980889797211	0.0721869468689	0.0890200138092	0.106492996216	0.0816349983215	0.0663561820984	
['./treeMaker/main', '-m', '-c', '2']
0.0680990219116	0.0959138870239	0.0824840068817	0.0722949504852	0.0914821624756	0.0866260528564	0.0772240161896	0.075325012207	0.0840818881989	0.0635118484497	0.0616898536682	0.0600011348724	0.0695149898529	0.0653178691864	0.0755112171173	0.0683898925781	0.07834815979	0.0698180198669	0.0841279029846	0.0833630561829	0.0833652019501	0.091787815094	0.0747559070587	0.0679278373718	0.0732600688934	0.105047941208	0.0738451480865	0.0805311203003	0.0974471569061	0.0616848468781	0.0698719024658	0.0667459964752	0.0774250030518	0.0840389728546	0.0824630260468	0.083573102951	0.0719158649445	0.0776498317719	0.0801389217377	0.0724899768829	0.0616748332977	0.0615990161896	0.0660150051117	0.0781269073486	0.10204410553	0.0743010044098	0.0752310752869	0.104098796844	0.0791149139404	0.0659790039062	
['./treeMaker/main', '-m', '-a', '1']
0.0803740024567	0.109454870224	0.110557079315	0.0804469585419	0.0988500118256	0.0962781906128	0.0870389938354	0.0841889381409	0.0956928730011	0.0781149864197	0.0763459205627	0.077330827713	0.087856054306	0.0756959915161	0.0885541439056	0.084536075592	0.0901908874512	0.0936942100525	0.0972521305084	0.108916044235	0.0930991172791	0.101422071457	0.0879211425781	0.080629825592	0.087247133255	0.112659931183	0.0844571590424	0.0919420719147	0.109580993652	0.0768179893494	0.0857059955597	0.0894620418549	0.0807769298553	0.104286909103	0.0993709564209	0.109647989273	0.0871980190277	0.0940880775452	0.0939819812775	0.087877035141	0.0786089897156	0.0778601169586	0.0953550338745	0.0887248516083	0.113414049149	0.0884130001068	0.089723110199	0.117938995361	0.106407165527	0.0793969631195	
['./treeMaker/main', '-m', '-a', '2']
0.0713648796082	0.0832750797272	0.0839221477509	0.0687479972839	0.1013879776	0.0829689502716	0.0772519111633	0.0777430534363	0.0853719711304	0.0651409626007	0.0625879764557	0.0619370937347	0.0715861320496	0.0796430110931	0.0775730609894	0.0724921226501	0.0795149803162	0.0703780651093	0.083281993866	0.0830190181732	0.0824511051178	0.0900020599365	0.0734779834747	0.0665640830994	0.0731999874115	0.106098890305	0.0739290714264	0.0942490100861	0.0980780124664	0.0629451274872	0.0716500282288	0.0692498683929	0.0645380020142	0.0844190120697	0.0842981338501	0.0853040218353	0.0739760398865	0.0791711807251	0.0779101848602	0.0874161720276	0.0642240047455	0.0626749992371	0.0676500797272	0.0757641792297	0.101567983627	0.0745298862457	0.0739660263062	0.117360830307	0.0798649787903	0.0636060237885	
