25_1000_4.9e-10_4.9e-10_470000000_cut_6
25
1000
4.9e-10
4.9e-10
470000000
cut_6
['./treeMaker/main']
0.0987660884857	0.226386785507	0.207027196884	0.120560884476	0.144722938538	0.106219053268	0.145756959915	0.159538030624	0.155714035034	0.125849962234	0.122573137283	0.13285112381	0.126277923584	0.127948999405	0.10262298584	0.0971510410309	0.170161008835	0.437372922897	0.142575979233	0.115505933762	0.116900920868	0.122697114944	0.168959856033	0.23273897171	0.232024908066	0.101107120514	0.16553401947	0.13734793663	0.0976550579071	0.0857980251312	0.349871873856	0.142779111862	1.21767497063	0.143635034561	0.0477330684662	0.201596975327	0.135440826416	0.112205028534	0.0927858352661	0.267631053925	0.105625867844	0.210141897202	1.03289699554	0.107279062271	0.187866926193	0.114971160889	0.0369400978088	0.0864458084106	0.0913181304932	0.474203824997	
['./treeMaker/main', '-b']
0.0968770980835	0.241489171982	0.209233999252	0.118354082108	0.141834020615	0.109051942825	0.14000916481	0.162285804749	0.167666196823	0.130801916122	0.124953985214	0.138851881027	0.127487897873	0.131784915924	0.106840848923	0.097941160202	0.179109811783	0.40154504776	0.14427280426	0.106313943863	0.118131160736	0.107001066208	0.171813964844	0.250813961029	0.230653047562	0.112544775009	0.175882101059	0.123381853104	0.0870399475098	0.0836429595947	0.348986148834	0.153929948807	1.32280683517	0.149457931519	0.0527448654175	0.206008911133	0.157244920731	0.115521192551	0.0940251350403	0.256448984146	0.103376150131	0.19225692749	1.0263710022	0.102269887924	0.174937009811	0.118176937103	0.0377550125122	0.0885360240936	0.0891878604889	0.459888935089	
['./treeMaker/main', '-u']
0.0936000347137	0.232570886612	0.207098007202	0.117480993271	0.141168117523	0.108062028885	0.141746997833	0.171633958817	0.170882940292	0.138396978378	0.126846075058	0.135782003403	0.14147901535	0.130834102631	0.106011152267	0.0968849658966	0.169605970383	0.42452287674	0.151572942734	0.105293989182	0.135116100311	0.104743003845	0.171907901764	0.235901832581	0.228369951248	0.0988290309906	0.16068482399	0.135704994202	0.0976500511169	0.0829632282257	0.341634988785	0.166821956635	1.26172780991	0.13138794899	0.0481910705566	0.201925992966	0.140919923782	0.115283966064	0.0941250324249	0.27171087265	0.103278160095	0.205862998962	1.04444599152	0.105692148209	0.180380105972	0.121248006821	0.0395739078522	0.0913419723511	0.089320898056	0.456681966782	
['./treeMaker/main', '-t', '-r', '1']
0.926054954529	1.81434297562	1.62782883644	1.14066505432	1.25877904892	1.08756899834	1.31373310089	1.44973492622	1.31963086128	1.20021796227	1.18418717384	1.24256896973	1.15973305702	1.16097307205	1.00055885315	0.973706007004	1.50663113594	2.43578886986	1.23435902596	0.949769020081	1.14286112785	1.07252407074	1.43703317642	1.79820299149	1.70070004463	0.99555182457	1.4480471611	1.19684410095	0.87736582756	0.86904001236	2.27607917786	1.28346610069	4.78519105911	1.22108197212	0.485113859177	1.79350399971	1.32210803032	1.11375403404	0.914118051529	1.94339990616	0.975064992905	1.60640907288	3.94841694832	1.00330495834	1.64849495888	1.14175200462	0.377691984177	0.896068096161	0.884217977524	2.58037900925	
['./treeMaker/main', '-t', '-r', '2']
1.44195604324	2.76757407188	2.63796806335	1.78033399582	1.99641680717	1.66161489487	1.88836312294	2.15772294998	2.10814905167	1.82932186127	1.88868689537	1.89632892609	1.95649600029	1.87381100655	1.48791599274	1.5177359581	2.26275396347	4.0374751091	1.98099803925	1.49817490578	1.71545004845	1.76353502274	2.13659214973	2.69369006157	2.79505491257	1.6187889576	2.18811488152	1.91850399971	1.33114099503	1.28009796143	3.46419596672	2.04808592796	6.73410415649	1.77686905861	0.799946069717	2.64711999893	2.00259780884	1.58943605423	1.44262003899	3.01915597916	1.6729528904	2.69375896454	6.13851094246	1.49734592438	2.36157298088	1.67099189758	0.610997915268	1.38853788376	1.35383605957	4.22353005409	
['./treeMaker/main', '-t', '-r', '1', '-N']
0.956408977509	1.81735992432	1.6611790657	1.14058685303	1.27997899055	1.06962299347	1.25070786476	1.49877119064	1.34852099419	1.22823810577	1.18353199959	1.25973796844	1.20607495308	1.14703297615	1.05282402039	0.966824054718	1.47515392303	2.40940713882	1.21932697296	0.976253032684	1.15607213974	1.07815384865	1.4818379879	1.8608288765	1.72182297707	0.974993944168	1.47127604485	1.20787596703	0.901372909546	0.831347942352	2.25153183937	1.29848313332	4.80164313316	1.23148989677	0.531356096268	1.75446200371	1.26802110672	1.06285786629	0.986063957214	1.92988395691	0.981677055359	1.66286587715	3.91781902313	0.985818862915	1.63998508453	1.10500502586	0.389941930771	0.946092844009	0.835512161255	2.60646104813	
['./treeMaker/main', '-t', '-r', '2', '-N']
1.42178797722	2.81898212433	2.63446497917	1.7359931469	1.99713683128	1.67028212547	1.88468289375	2.15866303444	2.19596099854	1.81337594986	1.89280295372	1.97562098503	1.97844791412	1.88357877731	1.55120205879	1.51670694351	2.23896598816	4.07111406326	1.99471902847	1.53283810616	1.7349460125	1.77613115311	2.21681594849	2.69833898544	2.6964058876	1.66393184662	2.16237401962	1.92704701424	1.2921769619	1.31806993484	3.55775594711	1.98392987251	6.84825110435	1.8291079998	0.805937051773	2.68273997307	1.99171805382	1.67340993881	1.48693180084	3.00332307816	1.64776301384	2.77276086807	6.18043804169	1.44586896896	2.38926386833	1.6950469017	0.607450008392	1.38519597054	1.32727980614	4.21684908867	
['./treeMaker/main', '-m']
0.0534889698029	0.0613231658936	0.0622370243073	0.0475859642029	0.0515339374542	0.044585943222	0.0506091117859	0.053936958313	0.0537550449371	0.0473868846893	0.0477828979492	0.0496790409088	0.0500831604004	0.0611159801483	0.0481979846954	0.0463671684265	0.0601441860199	0.0850989818573	0.0542600154877	0.049309015274	0.0500700473785	0.0485270023346	0.0586810112	0.0651059150696	0.0638859272003	0.0428149700165	0.0563039779663	0.0489299297333	0.0408279895782	0.0413181781769	0.0726079940796	0.0520021915436	0.119434833527	0.0550529956818	0.0325839519501	0.0653150081635	0.06742811203	0.0453178882599	0.0413827896118	0.0656821727753	0.0437359809875	0.0609600543976	0.110870838165	0.0466539859772	0.0572979450226	0.0483481884003	0.0267601013184	0.0415608882904	0.0404350757599	0.0974268913269	
['./treeMaker/main', '-m', '-b']
0.0553641319275	0.0704679489136	0.0677011013031	0.0508069992065	0.0573568344116	0.0489780902863	0.0553040504456	0.0589900016785	0.0627830028534	0.0634829998016	0.0573599338531	0.0563199520111	0.0566730499268	0.0567028522491	0.0511269569397	0.0491759777069	0.0633602142334	0.086837053299	0.0592119693756	0.0502281188965	0.0499699115753	0.0527019500732	0.0611259937286	0.0689811706543	0.0693898200989	0.0483558177948	0.0588068962097	0.0521891117096	0.0429639816284	0.0431959629059	0.0780470371246	0.0553188323975	0.129906892776	0.0646071434021	0.0316050052643	0.0673570632935	0.0558459758759	0.0507700443268	0.0466198921204	0.0728249549866	0.0482861995697	0.0647220611572	0.119790077209	0.0475931167603	0.0670020580292	0.0479319095612	0.0270080566406	0.0537059307098	0.0431361198425	0.0917689800262	
['./treeMaker/main', '-m', '-w', '1']
0.0472540855408	0.0738401412964	0.0632100105286	0.0500218868256	0.0542099475861	0.047355890274	0.0548861026764	0.0560040473938	0.055958032608	0.0505788326263	0.04909491539	0.050910949707	0.0505440235138	0.048858165741	0.0457689762115	0.0442540645599	0.0576140880585	0.0823931694031	0.0629110336304	0.0445461273193	0.047954082489	0.0472869873047	0.0576429367065	0.066596031189	0.0682260990143	0.0444509983063	0.0556519031525	0.0492548942566	0.0408539772034	0.0413529872894	0.082524061203	0.0541598796844	0.115510940552	0.0576829910278	0.0320739746094	0.0639178752899	0.0534269809723	0.0469789505005	0.0427629947662	0.0683960914612	0.0451731681824	0.0603561401367	0.111670017242	0.045923948288	0.0564589500427	0.0476651191711	0.0263760089874	0.0549020767212	0.041620016098	0.0825848579407	
['./treeMaker/main', '-m', '-w', '2']
0.0434470176697	0.0625879764557	0.0686640739441	0.050745010376	0.0508699417114	0.0446801185608	0.0506279468536	0.054093837738	0.0537660121918	0.0472681522369	0.0481269359589	0.064553976059	0.05362200737	0.054132938385	0.0492730140686	0.0460059642792	0.0633230209351	0.0852439403534	0.0501909255981	0.0449948310852	0.0474348068237	0.0454740524292	0.0560297966003	0.06218791008	0.0638780593872	0.0433931350708	0.0545699596405	0.0485332012177	0.0404360294342	0.0412249565125	0.083722114563	0.0524518489838	0.120413064957	0.0628249645233	0.0316121578217	0.0640771389008	0.0542459487915	0.0478789806366	0.0452890396118	0.0699679851532	0.0589528083801	0.0647008419037	0.11403799057	0.0483651161194	0.0589702129364	0.0504970550537	0.0282850265503	0.0435719490051	0.0450818538666	0.0925719738007	
['./treeMaker/main', '-m', '-c', '1']
0.0461750030518	0.0631489753723	0.0612502098083	0.049546957016	0.0539529323578	0.0474100112915	0.0530819892883	0.0568599700928	0.0545070171356	0.0525710582733	0.0513441562653	0.051698923111	0.0534749031067	0.0491590499878	0.0481638908386	0.0431220531464	0.0580401420593	0.0823500156403	0.0544378757477	0.0468428134918	0.0483460426331	0.0454168319702	0.0572738647461	0.0633170604706	0.0650861263275	0.046058177948	0.0552108287811	0.0492358207703	0.0411050319672	0.0426878929138	0.0730829238892	0.0541169643402	0.116849899292	0.0579500198364	0.0339539051056	0.0620450973511	0.0555958747864	0.0513579845428	0.0446288585663	0.068412065506	0.0458431243896	0.0644760131836	0.1136469841	0.0473039150238	0.0551340579987	0.046492099762	0.0259990692139	0.0401659011841	0.0415959358215	0.0828909873962	
['./treeMaker/main', '-m', '-c', '2']
0.0429019927979	0.0625541210175	0.0619671344757	0.0470199584961	0.0523290634155	0.0449140071869	0.0507559776306	0.0535690784454	0.0677509307861	0.051041841507	0.0661928653717	0.0492880344391	0.0488739013672	0.0475881099701	0.0578169822693	0.0457100868225	0.0602459907532	0.0798358917236	0.052717924118	0.0477700233459	0.0497510433197	0.0470960140228	0.0574479103088	0.0643210411072	0.077840089798	0.0433480739594	0.0553748607635	0.0491049289703	0.0408370494843	0.0412499904633	0.0727648735046	0.0628268718719	0.117039203644	0.0526058673859	0.0332190990448	0.0650188922882	0.055587053299	0.046028137207	0.0428540706635	0.0681509971619	0.0450999736786	0.0601999759674	0.110493898392	0.0453431606293	0.0551648139954	0.0460288524628	0.0259330272675	0.0398669242859	0.040237903595	0.0823609828949	
['./treeMaker/main', '-m', '-a', '1']
0.0463089942932	0.0655958652496	0.0660238265991	0.0507700443268	0.058424949646	0.0618100166321	0.0545160770416	0.0596849918365	0.0583438873291	0.0510890483856	0.0516741275787	0.0541291236877	0.0536801815033	0.0593359470367	0.0488090515137	0.0493659973145	0.063117980957	0.10110616684	0.0554780960083	0.060998916626	0.0655560493469	0.0521907806396	0.0627548694611	0.0696890354156	0.0667638778687	0.0481970310211	0.0590291023254	0.0530159473419	0.0443530082703	0.0450069904327	0.076014995575	0.0569009780884	0.121819972992	0.0608780384064	0.0367081165314	0.0672800540924	0.05925989151	0.0535070896149	0.0461220741272	0.0719790458679	0.0489490032196	0.0644240379333	0.115769863129	0.048907995224	0.0600919723511	0.0512709617615	0.029324054718	0.0446531772614	0.0452258586884	0.0900359153748	
['./treeMaker/main', '-m', '-a', '2']
0.0434710979462	0.0636649131775	0.0627889633179	0.0484158992767	0.0530500411987	0.0454680919647	0.0523660182953	0.0558981895447	0.0555160045624	0.0482811927795	0.0484180450439	0.0519280433655	0.0517611503601	0.0502760410309	0.0465450286865	0.0446739196777	0.061989068985	0.0851891040802	0.0495369434357	0.0443000793457	0.0476410388947	0.0452969074249	0.0570499897003	0.063362121582	0.0650248527527	0.0439071655273	0.0553059577942	0.0494630336761	0.0409119129181	0.0416481494904	0.0735688209534	0.063943862915	0.118191003799	0.063668012619	0.0443789958954	0.0601890087128	0.050831079483	0.046159029007	0.0421109199524	0.0660409927368	0.0447959899902	0.0594301223755	0.107475042343	0.044508934021	0.0568549633026	0.0474970340729	0.0264248847961	0.0411779880524	0.0414700508118	0.0847218036652	
