25_1000_4.9e-10_4.9e-10_470000000_cut_8
25
1000
4.9e-10
4.9e-10
470000000
cut_8
['./treeMaker/main']
0.0913310050964	0.211977005005	0.210326194763	0.128577947617	0.1347219944	0.103997945786	0.136069059372	0.157593011856	0.151878118515	0.120289802551	0.127277851105	0.127474069595	0.133149862289	0.112964868546	0.0998299121857	0.0981829166412	0.175586938858	0.421962976456	0.14143204689	0.102658033371	0.128124952316	0.105348110199	0.176239967346	0.23056602478	0.209544897079	0.0948150157928	0.158174991608	0.138084888458	0.0963530540466	0.0823540687561	0.324326038361	0.143157958984	1.2807199955	0.130722045898	0.0463950634003	0.204786062241	0.131464004517	0.11786699295	0.0890579223633	0.258445978165	0.0952558517456	0.18223285675	1.00009489059	0.0957300662994	0.164318084717	0.106168031693	0.0350859165192	0.0841090679169	0.0840997695923	0.4770860672	
['./treeMaker/main', '-b']
0.092141866684	0.207695960999	0.20876789093	0.123701095581	0.152915000916	0.10723900795	0.136795043945	0.178624868393	0.152496099472	0.12332701683	0.127394914627	0.127091884613	0.120001077652	0.12045788765	0.104140043259	0.0970439910889	0.179140090942	0.409646987915	0.147897958755	0.102252006531	0.141468048096	0.108228206635	0.189780950546	0.23348402977	0.212888002396	0.0975530147552	0.178905010223	0.127043008804	0.0807919502258	0.0835599899292	0.312597990036	0.140828132629	1.2069580555	0.129869937897	0.047297000885	0.206839084625	0.132571935654	0.105777978897	0.088182926178	0.271641969681	0.09783411026	0.20002579689	1.037555933	0.0998921394348	0.18186211586	0.112288951874	0.036169052124	0.0878469944	0.0868220329285	0.462865114212	
['./treeMaker/main', '-u']
0.0907218456268	0.205865859985	0.210222959518	0.118135929108	0.147873163223	0.111910104752	0.135390043259	0.162528038025	0.153367996216	0.11971116066	0.13139295578	0.128834962845	0.121500015259	0.116458892822	0.101989984512	0.102288961411	0.165394067764	0.404759883881	0.155449151993	0.0990059375763	0.124961137772	0.103941917419	0.184854030609	0.215954065323	0.219040870667	0.0933301448822	0.158212184906	0.141403198242	0.0822539329529	0.0844101905823	0.332215070724	0.145153999329	1.19866704941	0.128688097	0.0467619895935	0.196383953094	0.132051944733	0.104362010956	0.0868630409241	0.273538827896	0.0991058349609	0.184509992599	1.00582313538	0.0968880653381	0.163853883743	0.106532096863	0.0354511737823	0.0847060680389	0.087525844574	0.458471775055	
['./treeMaker/main', '-t', '-r', '1']
0.899626016617	1.63767290115	1.59036278725	1.06341099739	1.17807006836	1.04408192635	1.20453882217	1.40038084984	1.25096797943	1.12795114517	1.15661692619	1.15433216095	1.08420991898	1.05936813354	0.98917388916	0.983164072037	1.42845201492	2.36831998825	1.24918007851	0.892019987106	1.21120905876	1.03564596176	1.47584199905	1.60033202171	1.61506485939	0.935505867004	1.44915795326	1.17165803909	0.828116893768	0.791754961014	2.1439678669	1.23072385788	4.59292006493	1.13918709755	0.469472885132	1.55718803406	1.28640699387	1.0215780735	0.841496944427	1.91449308395	0.967211008072	1.60157179832	3.83733582497	0.914482116699	1.46371293068	1.05693292618	0.347501993179	0.880225896835	0.813813924789	2.39505314827	
['./treeMaker/main', '-t', '-r', '2']
1.44455909729	2.63550615311	2.65371108055	1.71814799309	1.83047795296	1.61448597908	1.79769301414	2.16162991524	2.14093399048	1.70291399956	1.88509202003	1.83771896362	1.88611507416	1.73531603813	1.49089622498	1.51370978355	2.2295191288	3.9692401886	2.07769489288	1.51247000694	1.77931904793	1.6962249279	2.23647904396	2.70773792267	2.60238695145	1.57247400284	2.10256409645	2.00125288963	1.22506713867	1.30906009674	3.35348010063	2.0564699173	6.82711100578	1.86048793793	0.784977197647	2.66927289963	1.92493605614	1.50172781944	1.34777998924	2.97553110123	1.53129196167	2.64157700539	6.10096001625	1.42123198509	2.32320308685	1.57772517204	0.531877994537	1.36699104309	1.33273410797	4.27588701248	
['./treeMaker/main', '-t', '-r', '1', '-N']
0.933773040771	1.69531488419	1.60780096054	1.09300708771	1.19839406013	1.06386613846	1.2266690731	1.47712683678	1.25806498528	1.15702795982	1.10109782219	1.16364312172	1.10823297501	1.05812120438	1.01398801804	0.951051950455	1.3746919632	2.36788892746	1.20059704781	0.906991958618	1.19911193848	1.00750017166	1.50020909309	1.65973901749	1.67583584785	0.910930156708	1.49083209038	1.22790408134	0.819548845291	0.832166910172	2.2188129425	1.22805690765	4.62370085716	1.17439198494	0.461906909943	1.52735090256	1.26996517181	1.00721287727	0.831095933914	1.85979413986	0.943711996078	1.55039596558	3.79255795479	0.953928947449	1.49473905563	1.02033901215	0.359755039215	0.912149906158	0.838026046753	2.42388010025	
['./treeMaker/main', '-t', '-r', '2', '-N']
1.45062279701	2.62253594398	2.7772731781	1.76050209999	1.86513805389	1.63856196404	1.84986615181	2.21346783638	2.09716796875	1.7016479969	1.94865393639	1.79210710526	1.86678195	1.68178105354	1.46956801414	1.57667303085	2.21578001976	3.98896789551	2.08048605919	1.48070383072	1.80771994591	1.69716095924	2.34174108505	2.71385097504	2.63620400429	1.58845615387	2.19821596146	2.04084610939	1.20688009262	1.33131194115	3.41705298424	1.97719597816	6.82836604118	1.89257788658	0.756330966949	2.73486208916	2.00663399696	1.5527510643	1.34901118279	2.97679114342	1.52065205574	2.67339301109	6.41238689423	1.43336606026	2.26687812805	1.61683392525	0.567843198776	1.34015703201	1.34462285042	4.15635108948	
['./treeMaker/main', '-m']
0.0473551750183	0.0622119903564	0.0637850761414	0.0482368469238	0.0511009693146	0.0451970100403	0.0508980751038	0.0656988620758	0.0569620132446	0.0537447929382	0.0520710945129	0.0529260635376	0.0504751205444	0.0502138137817	0.0470921993256	0.0476489067078	0.0576679706573	0.0916721820831	0.0547428131104	0.0489270687103	0.0541980266571	0.0467121601105	0.0583629608154	0.0670220851898	0.0685188770294	0.051924943924	0.0577580928802	0.0503311157227	0.0410039424896	0.0428671836853	0.0725409984589	0.054191827774	0.126909971237	0.0544540882111	0.0425159931183	0.0679538249969	0.0544998645782	0.0484919548035	0.04518699646	0.0781497955322	0.0450320243835	0.060889005661	0.108035087585	0.0546720027924	0.060124874115	0.0485861301422	0.0277369022369	0.0434520244598	0.0439810752869	0.0880310535431	
['./treeMaker/main', '-m', '-b']
0.0499589443207	0.0679919719696	0.0719590187073	0.0532519817352	0.0600509643555	0.0496048927307	0.0573470592499	0.060791015625	0.0639600753784	0.0506770610809	0.0509510040283	0.0514140129089	0.0508601665497	0.0486631393433	0.0459649562836	0.0446200370789	0.0581150054932	0.083792924881	0.054407119751	0.046394109726	0.0505449771881	0.046893119812	0.05863904953	0.0703401565552	0.0685019493103	0.0455169677734	0.0579929351807	0.0530369281769	0.0419919490814	0.0429611206055	0.0769259929657	0.0546708106995	0.124455928802	0.0515899658203	0.0311050415039	0.0658111572266	0.0525450706482	0.0475680828094	0.0425961017609	0.0821959972382	0.0459451675415	0.0638651847839	0.119496822357	0.0468351840973	0.0590779781342	0.0488171577454	0.0268619060516	0.0423140525818	0.0433168411255	0.0937860012054	
['./treeMaker/main', '-m', '-w', '1']
0.0533518791199	0.0602788925171	0.0622560977936	0.0474410057068	0.0512819290161	0.0452229976654	0.051185131073	0.0556411743164	0.0548150539398	0.045264005661	0.047963142395	0.0483410358429	0.0478360652924	0.0461759567261	0.0442430973053	0.0423040390015	0.054603099823	0.0780918598175	0.0510458946228	0.0442988872528	0.047994852066	0.0435221195221	0.0547318458557	0.0619180202484	0.0621359348297	0.043977022171	0.0666148662567	0.0502269268036	0.0427229404449	0.0428249835968	0.0724020004272	0.0637061595917	0.138865947723	0.0484459400177	0.0298988819122	0.0723350048065	0.0509819984436	0.0462861061096	0.0412890911102	0.0689859390259	0.0440609455109	0.0596821308136	0.121001005173	0.0431859493256	0.0544829368591	0.0450909137726	0.0372598171234	0.0426728725433	0.0430901050568	0.0878381729126	
['./treeMaker/main', '-m', '-w', '2']
0.0427000522614	0.061861038208	0.0654039382935	0.047345161438	0.0599420070648	0.0484929084778	0.0550649166107	0.0577080249786	0.0549249649048	0.0482530593872	0.0501358509064	0.0502438545227	0.0501608848572	0.048280954361	0.0457968711853	0.0440409183502	0.057147026062	0.0949800014496	0.0507340431213	0.0445330142975	0.0485208034515	0.044508934021	0.0558168888092	0.0627930164337	0.0629549026489	0.0461950302124	0.0553591251373	0.0499949455261	0.0402739048004	0.0414478778839	0.0720210075378	0.0535609722137	0.119850873947	0.0506889820099	0.030914068222	0.0641040802002	0.0519821643829	0.0467128753662	0.0417721271515	0.0682649612427	0.0445408821106	0.0602719783783	0.122073888779	0.0476090908051	0.0586860179901	0.0503869056702	0.0271182060242	0.0390980243683	0.0399990081787	0.0832300186157	
['./treeMaker/main', '-m', '-c', '1']
0.0413908958435	0.0603730678558	0.0605270862579	0.0572900772095	0.0510399341583	0.045667886734	0.0502228736877	0.0536289215088	0.0542140007019	0.0483319759369	0.0497150421143	0.0497291088104	0.0494019985199	0.047700881958	0.044116973877	0.0419900417328	0.0544140338898	0.0781409740448	0.0508029460907	0.0438358783722	0.0479300022125	0.0435090065002	0.0550141334534	0.0623002052307	0.062490940094	0.0418918132782	0.0545780658722	0.0493879318237	0.0396499633789	0.041109085083	0.0713350772858	0.0648400783539	0.114684820175	0.0487470626831	0.0293810367584	0.0650720596313	0.0541820526123	0.0478727817535	0.0440628528595	0.0703780651093	0.0417699813843	0.0723669528961	0.1112241745	0.0490238666534	0.0608191490173	0.048278093338	0.0309569835663	0.0425450801849	0.0435521602631	0.0869688987732	
['./treeMaker/main', '-m', '-c', '2']
0.0453119277954	0.0666489601135	0.0716559886932	0.0524799823761	0.0541679859161	0.0456390380859	0.0528211593628	0.057893037796	0.0568408966064	0.0497200489044	0.0520520210266	0.0524771213531	0.051698923111	0.0487699508667	0.0498189926147	0.0453970432281	0.0600538253784	0.0809080600739	0.0536880493164	0.0468311309814	0.0539388656616	0.0455148220062	0.0578701496124	0.0645859241486	0.0687899589539	0.0451879501343	0.0550358295441	0.0498259067535	0.0416879653931	0.0427000522614	0.0713710784912	0.0515160560608	0.118676900864	0.0501298904419	0.0304210186005	0.0633339881897	0.0511448383331	0.0463259220123	0.0414209365845	0.06764793396	0.0443150997162	0.0596699714661	0.107439994812	0.0430760383606	0.0536890029907	0.0446448326111	0.0249860286713	0.0396649837494	0.0403668880463	0.0828671455383	
['./treeMaker/main', '-m', '-a', '1']
0.0457379817963	0.0640008449554	0.0656490325928	0.0508110523224	0.0545160770416	0.0510890483856	0.0603029727936	0.0725648403168	0.0568220615387	0.0499489307404	0.0534329414368	0.0528991222382	0.0529770851135	0.0508489608765	0.0489230155945	0.0470581054688	0.0598771572113	0.0858850479126	0.0566580295563	0.0492749214172	0.0564479827881	0.0513799190521	0.0609939098358	0.0831079483032	0.0681931972504	0.0468440055847	0.0586440563202	0.0531439781189	0.0432169437408	0.044842004776	0.0753490924835	0.0552270412445	0.119844913483	0.0525290966034	0.0332610607147	0.0676469802856	0.052992105484	0.0490911006927	0.0440981388092	0.0704669952393	0.0494678020477	0.0638101100922	0.114016056061	0.0482270717621	0.0580930709839	0.0493609905243	0.0282218456268	0.0419609546661	0.0432817935944	0.0859971046448	
['./treeMaker/main', '-m', '-a', '2']
0.0414459705353	0.058944940567	0.0604228973389	0.0466530323029	0.0504829883575	0.0443918704987	0.0499849319458	0.0681750774384	0.0599529743195	0.0526189804077	0.0525388717651	0.0525660514832	0.0517210960388	0.0499920845032	0.0487577915192	0.0451059341431	0.0607450008392	0.0815849304199	0.0532360076904	0.0446019172668	0.0504510402679	0.0474760532379	0.0573019981384	0.0643711090088	0.0674350261688	0.0431461334229	0.0557389259338	0.0521049499512	0.0414378643036	0.0436220169067	0.0715270042419	0.053680896759	0.116859912872	0.0538220405579	0.0359718799591	0.065239906311	0.0531730651855	0.0492057800293	0.0440721511841	0.0713849067688	0.0483200550079	0.0690228939056	0.111392021179	0.0455160140991	0.0571751594543	0.0472910404205	0.0266120433807	0.0428149700165	0.0423309803009	0.0898640155792	
