25_1000_4.9e-10_4.9e-10_470000000_cut_7
25
1000
4.9e-10
4.9e-10
470000000
cut_7
['./treeMaker/main']
0.104504108429	0.22477388382	0.222405195236	0.145858049393	0.139578104019	0.111209154129	0.143320798874	0.166606903076	0.149251937866	0.123619794846	0.130697011948	0.136223077774	0.120934963226	0.121697902679	0.103199958801	0.10289311409	0.168672084808	0.410403013229	0.135282993317	0.0999178886414	0.119819164276	0.103130102158	0.168130874634	0.235333919525	0.227235078812	0.110034942627	0.168897867203	0.138360023499	0.0865020751953	0.0975489616394	0.344286203384	0.143261909485	1.24926614761	0.132771968842	0.0494070053101	0.21208190918	0.137142896652	0.110721111298	0.092276096344	0.258682966232	0.102859020233	0.210694074631	0.955557823181	0.10493016243	0.175096035004	0.114253044128	0.0367088317871	0.088879108429	0.0890080928802	0.488398790359	
['./treeMaker/main', '-b']
0.103059053421	0.223567008972	0.221534013748	0.120401859283	0.139444112778	0.116302013397	0.147178173065	0.172935009003	0.157833814621	0.125598907471	0.127843856812	0.140289068222	0.126496076584	0.11943602562	0.106342077255	0.116199970245	0.167074203491	0.413157224655	0.144177913666	0.117273807526	0.11671090126	0.107385873795	0.170112133026	0.2322909832	0.21564412117	0.105698108673	0.174464225769	0.125503063202	0.100288152695	0.0864038467407	0.34391784668	0.162222146988	1.21610093117	0.133713006973	0.0615620613098	0.212408065796	0.155455827713	0.109607934952	0.106078147888	0.280283212662	0.106142044067	0.202486991882	0.966741085052	0.103278160095	0.17428612709	0.119390964508	0.0379238128662	0.092090845108	0.0929989814758	0.517003059387	
['./treeMaker/main', '-u']
0.0887961387634	0.220404863358	0.221127033234	0.123764038086	0.134662866592	0.11277794838	0.138273954391	0.181850910187	0.155091047287	0.124549865723	0.126655101776	0.137311935425	0.120594024658	0.121787071228	0.113843917847	0.105771064758	0.185842037201	0.405882120132	0.156632900238	0.112246990204	0.123699903488	0.103301048279	0.170065164566	0.229560852051	0.222441911697	0.102880001068	0.174216032028	0.138794898987	0.0840101242065	0.083890914917	0.337282180786	0.140638828278	1.26337194443	0.131836891174	0.0475549697876	0.19774889946	0.134058952332	0.119072914124	0.0928690433502	0.266288995743	0.104910135269	0.193644046783	1.02820587158	0.117638111115	0.177528142929	0.129566907883	0.0380280017853	0.0912618637085	0.105949878693	0.516993045807	
['./treeMaker/main', '-t', '-r', '1']
0.841633081436	1.67031812668	1.58939981461	1.04250597954	1.15617799759	1.05629897118	1.25085711479	1.44178295135	1.30427408218	1.17211389542	1.10194611549	1.14929008484	1.10071206093	1.05129790306	0.920137882233	1.00615096092	1.44077587128	2.32222008705	1.18207907677	0.892758131027	1.07190585136	0.930447816849	1.40888690948	1.55673098564	1.60785579681	0.981210947037	1.4079208374	1.13610196114	0.826996088028	0.834728002548	2.12791609764	1.23826098442	4.53361797333	1.20492982864	0.457678079605	1.60682415962	1.24300503731	0.994299888611	0.850146055222	1.86447381973	0.953336000443	1.54203796387	3.73197507858	0.96528506279	1.50551199913	1.04187989235	0.373087882996	0.917411088943	0.856387853622	2.4333460331	
['./treeMaker/main', '-t', '-r', '2']
1.46578598022	2.89886498451	2.89519405365	1.94490885735	1.92943811417	1.8366560936	2.10406017303	2.35772395134	2.40050601959	1.91114902496	2.17110991478	2.11607193947	2.02157998085	2.02580690384	1.65783596039	1.66216897964	2.36450505257	4.47742819786	2.18101096153	1.6992161274	1.89008307457	1.93534517288	2.38471794128	3.00988912582	2.8729660511	1.85483503342	2.3844139576	2.08688902855	1.39468693733	1.44017291069	4.0004529953	2.23273277283	7.66628885269	1.93504810333	0.810013055801	2.8557100296	2.19522714615	1.7670249939	1.52107906342	3.35485005379	1.7407989502	2.94017291069	6.99873805046	1.66870880127	2.50523400307	1.90938210487	0.649904966354	1.49695491791	1.53833007812	5.31187701225	
['./treeMaker/main', '-t', '-r', '1', '-N']
0.89099407196	1.74540996552	1.58806204796	1.08920192719	1.19997119904	1.07174515724	1.32993602753	1.42327094078	1.28022503853	1.18841481209	1.12447285652	1.19344711304	1.13053011894	1.10789704323	0.942609071732	1.01234483719	1.43075108528	2.29108905792	1.18976998329	0.900676965714	1.09178614616	0.922319173813	1.36245298386	1.52685403824	1.63479399681	0.916475057602	1.45625400543	1.13950109482	0.806574106216	0.829050064087	2.14367485046	1.21473503113	4.52576208115	1.19528794289	0.484444856644	1.60630297661	1.18392801285	0.986783981323	0.933515071869	1.87986803055	0.993544101715	1.57150697708	3.75224614143	0.946292877197	1.52869915962	1.04786491394	0.388301849365	0.879431009293	0.829821109772	2.47541809082	
['./treeMaker/main', '-t', '-r', '2', '-N']
1.53896713257	2.88114213943	2.89801597595	1.95201611519	2.00612998009	1.84220218658	2.04830884933	2.41791582108	2.41852879524	1.92218899727	2.20931601524	2.13658690453	2.00263905525	1.96846604347	1.68367004395	1.68066215515	2.41992807388	4.47464489937	2.16225218773	1.66811919212	1.8952050209	1.94984412193	2.44025707245	3.07844495773	2.87306499481	1.90326499939	2.34812402725	2.08502793312	1.36863708496	1.42449188232	3.98695492744	2.19438505173	7.56907105446	2.01728987694	0.838346004486	2.97921800613	2.26017093658	1.79369783401	1.53804993629	3.2880718708	1.77575206757	2.97296094894	7.00366401672	1.66917204857	2.55678892136	1.84618020058	0.618459939957	1.49833679199	1.56032299995	5.23190593719	
['./treeMaker/main', '-m']
0.0436201095581	0.076630115509	0.0748281478882	0.052698135376	0.0533862113953	0.0487959384918	0.0543279647827	0.0577011108398	0.0589380264282	0.0506608486176	0.0544171333313	0.0559039115906	0.0500111579895	0.0527341365814	0.0485470294952	0.0507910251617	0.0673599243164	0.0844089984894	0.0510740280151	0.0455799102783	0.0478949546814	0.0467147827148	0.0570070743561	0.0647220611572	0.0642719268799	0.0456612110138	0.054869890213	0.0492870807648	0.0399858951569	0.0408761501312	0.0749208927155	0.0528230667114	0.122655153275	0.05051612854	0.0422959327698	0.0637989044189	0.0538530349731	0.0483388900757	0.0435500144958	0.0672850608826	0.0596549510956	0.0654449462891	0.121547937393	0.0519609451294	0.0582590103149	0.0505721569061	0.030769109726	0.0411069393158	0.0421988964081	0.0916700363159	
['./treeMaker/main', '-m', '-b']
0.0447409152985	0.066123008728	0.081937789917	0.0535178184509	0.0558359622955	0.0495538711548	0.0565538406372	0.0610101222992	0.0603468418121	0.0522570610046	0.0573220252991	0.0555129051208	0.0529320240021	0.0524840354919	0.0495181083679	0.0476830005646	0.061909198761	0.0919179916382	0.0693280696869	0.048103094101	0.0510239601135	0.0501918792725	0.061252117157	0.0701220035553	0.068953037262	0.0492038726807	0.05881690979	0.052992105484	0.0427629947662	0.0444219112396	0.094419002533	0.0559818744659	0.133777141571	0.0537950992584	0.0319118499756	0.0662529468536	0.0562629699707	0.0500538349152	0.0453960895538	0.0765080451965	0.0487599372864	0.0658838748932	0.12713098526	0.0606689453125	0.0592391490936	0.0503668785095	0.0265758037567	0.0429990291595	0.0444319248199	0.0985391139984	
['./treeMaker/main', '-m', '-w', '1']
0.0430591106415	0.0620889663696	0.0635468959808	0.0491251945496	0.0514640808105	0.0464279651642	0.0525648593903	0.0602300167084	0.0592749118805	0.0515959262848	0.0519218444824	0.0533611774445	0.0508670806885	0.0499949455261	0.0469999313354	0.0451369285583	0.0600111484528	0.0853629112244	0.0642659664154	0.0487849712372	0.0531640052795	0.0495941638947	0.06001496315	0.0688331127167	0.0801517963409	0.0464160442352	0.0674321651459	0.0490951538086	0.0405089855194	0.0415029525757	0.0749220848083	0.0592758655548	0.12907910347	0.0524032115936	0.0437729358673	0.0769221782684	0.0557961463928	0.0536580085754	0.0464751720428	0.0750041007996	0.0521719455719	0.0651159286499	0.117761850357	0.0458610057831	0.0564031600952	0.0484640598297	0.0266098976135	0.0423278808594	0.043673992157	0.0950047969818	
['./treeMaker/main', '-m', '-w', '2']
0.0443749427795	0.0642290115356	0.065896987915	0.0507848262787	0.0534088611603	0.0455369949341	0.0523061752319	0.0587468147278	0.055478811264	0.0482711791992	0.0504050254822	0.0520899295807	0.0498220920563	0.0491359233856	0.0463418960571	0.0481119155884	0.0609910488129	0.0963311195374	0.0516741275787	0.046128988266	0.0491859912872	0.0472781658173	0.0576961040497	0.0658929347992	0.0660898685455	0.0464448928833	0.0561721324921	0.0510339736938	0.0414538383484	0.0423190593719	0.0782339572906	0.0545170307159	0.141048908234	0.0502309799194	0.0305449962616	0.0667481422424	0.0563089847565	0.0522730350494	0.0460209846497	0.0739498138428	0.0496861934662	0.0634300708771	0.130732059479	0.0502920150757	0.0610880851746	0.0494601726532	0.0267269611359	0.0422790050507	0.0441899299622	0.107530117035	
['./treeMaker/main', '-m', '-c', '1']
0.047868013382	0.0698959827423	0.0789749622345	0.0498991012573	0.052873134613	0.0471251010895	0.0533931255341	0.057590007782	0.0569181442261	0.0492630004883	0.0603079795837	0.0543200969696	0.0524401664734	0.0511419773102	0.048534154892	0.0471239089966	0.0625081062317	0.0845701694489	0.0525989532471	0.0612511634827	0.0519859790802	0.0519669055939	0.0632879734039	0.070249080658	0.0713300704956	0.0523581504822	0.058700799942	0.0538060665131	0.0437021255493	0.0472259521484	0.0828421115875	0.0600411891937	0.128221988678	0.0551669597626	0.0335819721222	0.069473028183	0.0555200576782	0.0519912242889	0.0575790405273	0.0669021606445	0.0450310707092	0.0596170425415	0.112576007843	0.0463349819183	0.0578761100769	0.0488610267639	0.0266439914703	0.0419449806213	0.043515920639	0.0945749282837	
['./treeMaker/main', '-m', '-c', '2']
0.0444397926331	0.06316614151	0.0662760734558	0.0524218082428	0.0621750354767	0.0476229190826	0.0562419891357	0.0610420703888	0.0576560497284	0.0510067939758	0.0543999671936	0.0564560890198	0.0516149997711	0.0507559776306	0.0477061271667	0.0473108291626	0.0574378967285	0.0854768753052	0.0573718547821	0.0493061542511	0.0545160770416	0.0535612106323	0.0608339309692	0.0690779685974	0.0710248947144	0.0525450706482	0.0571849346161	0.0535180568695	0.0414988994598	0.0423171520233	0.0798361301422	0.0541980266571	0.130874872208	0.0511040687561	0.0305230617523	0.0634500980377	0.0538949966431	0.0480298995972	0.0435960292816	0.069671869278	0.0458719730377	0.0613579750061	0.114598035812	0.045844078064	0.0563390254974	0.0476531982422	0.0261578559875	0.0403728485107	0.0423989295959	0.108350038528	
['./treeMaker/main', '-m', '-a', '1']
0.0506839752197	0.0697729587555	0.0687828063965	0.0529098510742	0.0555438995361	0.0498080253601	0.0562038421631	0.0604059696198	0.059271812439	0.0518689155579	0.0544600486755	0.0563941001892	0.0543529987335	0.0540270805359	0.0502760410309	0.0615890026093	0.0688779354095	0.091784954071	0.0613100528717	0.0544488430023	0.057245016098	0.0539309978485	0.0679659843445	0.0711090564728	0.071084022522	0.0501120090485	0.0591371059418	0.0537259578705	0.0565841197968	0.0496439933777	0.085520029068	0.0632419586182	0.136626005173	0.0568099021912	0.0369319915771	0.0699601173401	0.0589160919189	0.0523080825806	0.0472390651703	0.0740070343018	0.050194978714	0.0657539367676	0.132918119431	0.0492668151855	0.0595459938049	0.0567088127136	0.0318510532379	0.0493190288544	0.0533821582794	0.100128889084	
['./treeMaker/main', '-m', '-a', '2']
0.0459129810333	0.062469959259	0.0653500556946	0.0600860118866	0.0527460575104	0.0470058917999	0.0535390377045	0.0579869747162	0.0568339824677	0.047464132309	0.0508718490601	0.0530397891998	0.0509698390961	0.050106048584	0.0499980449677	0.0496280193329	0.0599291324615	0.0855989456177	0.0573298931122	0.0480959415436	0.0542318820953	0.0506880283356	0.07169008255	0.0700521469116	0.0683760643005	0.050176858902	0.0592269897461	0.0521359443665	0.045243024826	0.0418498516083	0.0756769180298	0.0551030635834	0.125257015228	0.0527799129486	0.0332040786743	0.0642778873444	0.0579700469971	0.0493109226227	0.0563020706177	0.0728938579559	0.0440480709076	0.0594520568848	0.11270904541	0.0451700687408	0.0562150478363	0.0473191738129	0.0258240699768	0.0408198833466	0.0429720878601	0.0946891307831	
