25_1000_4.9e-10_4.9e-10_470000000_cut_0
25
1000
4.9e-10
4.9e-10
470000000
cut_0
['./treeMaker/main']
0.110448122025	0.237357139587	0.271497964859	0.127789020538	0.173561811447	0.112890958786	0.190469026566	0.1752140522	0.173976898193	0.147417068481	0.135823011398	0.160894155502	0.172162055969	0.142781019211	0.130015850067	0.104772090912	0.216836929321	0.460509061813	0.137616872787	0.121812105179	0.135192871094	0.112591028214	0.18461894989	0.281284809113	0.258550167084	0.113866090775	0.204517126083	0.133727073669	0.0905270576477	0.10432100296	0.349447011948	0.157532930374	1.47113490105	0.166546106339	0.0536699295044	0.219769001007	0.158089160919	0.132026910782	0.10959982872	0.333033084869	0.119209051132	0.196830034256	1.1158220768	0.103995084763	0.196521043777	0.121291160583	0.0433189868927	0.0953989028931	0.101493120193	0.609797000885	
['./treeMaker/main', '-b']
0.111622810364	0.255261898041	0.273021936417	0.139955997467	0.174133062363	0.113303899765	0.17227602005	0.176707983017	0.177171945572	0.155709981918	0.148566007614	0.157446861267	0.162672996521	0.138890981674	0.126996040344	0.10217499733	0.212515830994	0.461529970169	0.135228157043	0.125360965729	0.153157949448	0.113264083862	0.200760126114	0.286371946335	0.267477989197	0.113177061081	0.206994056702	0.133064985275	0.102160930634	0.105002164841	0.367388010025	0.160029172897	1.43840193748	0.167294979095	0.054260969162	0.215252161026	0.149895191193	0.136756181717	0.108350038528	0.328591108322	0.117347955704	0.200828075409	1.10827088356	0.103132009506	0.209702014923	0.123525857925	0.0442969799042	0.0975451469421	0.101014137268	0.640568971634	
['./treeMaker/main', '-u']
0.110810041428	0.24475479126	0.285404920578	0.128845214844	0.164288043976	0.110195875168	0.174365997314	0.176064968109	0.176861047745	0.147099971771	0.137798070908	0.17386507988	0.153393983841	0.153547048569	0.125509023666	0.115468025208	0.215772151947	0.456138134003	0.1330909729	0.124554872513	0.150263786316	0.111778974533	0.193582057953	0.290404081345	0.24867105484	0.113056182861	0.204269886017	0.134943008423	0.0868349075317	0.115947008133	0.366818904877	0.166782855988	1.46984887123	0.150481939316	0.053582906723	0.233438014984	0.148691892624	0.135709047318	0.106445074081	0.329450130463	0.117720127106	0.212864875793	1.09498620033	0.102385997772	0.208114147186	0.123557090759	0.0454909801483	0.0997140407562	0.0939869880676	0.645112991333	
['./treeMaker/main', '-t', '-r', '1']
1.06166791916	1.86721205711	1.91950702667	1.22039198875	1.45105099678	1.10088586807	1.58414793015	1.5100607872	1.41122698784	1.41182518005	1.24573683739	1.39998888969	1.40779685974	1.23606991768	1.26357698441	1.07816386223	1.89886403084	2.5230140686	1.23960709572	1.13875293732	1.35381102562	1.01591205597	1.60345005989	2.02284002304	1.93225717545	1.05802416801	1.65912389755	1.26610898972	0.921721935272	1.13116002083	2.30086302757	1.43745708466	5.29262089729	1.33936405182	0.563999891281	1.81003189087	1.27250599861	1.27538609505	1.11917591095	2.21493411064	1.14578104019	1.61778998375	4.1530520916	1.00221681595	1.84179806709	1.10525393486	0.46825003624	0.961157083511	0.967988014221	3.04493498802	
['./treeMaker/main', '-t', '-r', '2']
1.61024904251	2.84950590134	3.02574205399	1.90066099167	2.13666200638	1.64660692215	2.23202300072	2.31460905075	2.37785100937	2.06036400795	2.05502414703	2.14140105247	2.32801508904	2.03969192505	1.78583407402	1.54675006866	2.69690799713	4.23386693001	1.9525680542	1.80378603935	1.97289896011	1.806235075	2.34326100349	3.29266285896	2.99300193787	1.76696109772	2.52360200882	2.01489305496	1.34337210655	1.62028098106	3.64425706863	2.09309887886	7.39727401733	2.0763001442	0.928421020508	2.71312093735	2.06571388245	1.97757411003	1.6543571949	3.43758010864	1.81958198547	2.67301702499	6.4405272007	1.4796860218	2.67020988464	1.69057607651	0.733874082565	1.47809886932	1.48064494133	5.2508058548	
['./treeMaker/main', '-t', '-r', '1', '-N']
1.06944084167	1.84784007072	1.93849205971	1.24764299393	1.47669577599	1.11051392555	1.52880787849	1.50948500633	1.41389989853	1.39615416527	1.23167085648	1.40715503693	1.42612504959	1.30092096329	1.19801092148	1.01769208908	1.76462697983	2.56877493858	1.23787903786	1.08362984657	1.3128221035	1.02315497398	1.59056806564	2.04161190987	1.9102230072	1.05512094498	1.71811580658	1.24855804443	0.946383953094	0.986096858978	2.43937206268	1.44871497154	5.18467879295	1.33468008041	0.602025985718	1.82318615913	1.27498197556	1.34510803223	1.11877298355	2.19002699852	1.0971660614	1.57252001762	4.05660009384	1.00498318672	1.76812720299	1.15493607521	0.511031150818	0.996474981308	0.961512088776	2.98452711105	
['./treeMaker/main', '-t', '-r', '2', '-N']
1.65648007393	3.03061795235	3.02476501465	1.8470261097	2.13047099113	1.74678516388	2.27377414703	2.36856579781	2.46453309059	2.06553411484	2.0135281086	2.12653493881	2.29359197617	2.0636370182	1.84838008881	1.51969599724	2.72395300865	4.28107190132	1.90382790565	1.89984416962	1.98468399048	1.85877490044	2.34447622299	3.29401612282	2.97898197174	1.74900007248	2.51832008362	2.06189012527	1.39306879044	1.60030293465	3.62763404846	2.07149195671	7.27597618103	2.04891705513	0.892729043961	2.68255996704	2.12502002716	1.97969508171	1.65531587601	3.45964312553	1.90505695343	2.69131493568	6.55735898018	1.47379112244	2.75051903725	1.74910283089	0.726339101791	1.47639393806	1.52460598946	5.07510304451	
['./treeMaker/main', '-m']
0.0444729328156	0.0733239650726	0.0708220005035	0.0505239963531	0.0539288520813	0.0566580295563	0.0557038784027	0.0562539100647	0.0614528656006	0.0525448322296	0.0518839359283	0.0621221065521	0.0555489063263	0.0521578788757	0.0521619319916	0.0487520694733	0.0629169940948	0.085709810257	0.0533249378204	0.0523679256439	0.0532438755035	0.047914981842	0.0591518878937	0.0701169967651	0.0670630931854	0.0462970733643	0.0621929168701	0.0525109767914	0.0426981449127	0.0485920906067	0.0744209289551	0.0500929355621	0.118937015533	0.0503101348877	0.0308718681335	0.0595679283142	0.0502829551697	0.0478270053864	0.0426549911499	0.0684170722961	0.0449340343475	0.0573110580444	0.124755859375	0.0437998771667	0.058130979538	0.0468590259552	0.0273358821869	0.0409009456635	0.0425579547882	0.103639125824	
['./treeMaker/main', '-m', '-b']
0.0457890033722	0.0688309669495	0.0707190036774	0.0519161224365	0.054948091507	0.046345949173	0.0555300712585	0.0578880310059	0.0581529140472	0.051050901413	0.0513668060303	0.0543940067291	0.0553500652313	0.0515909194946	0.0560231208801	0.0497279167175	0.0666658878326	0.0863649845123	0.0527799129486	0.0491001605988	0.0518338680267	0.0480020046234	0.0584609508514	0.0710570812225	0.0724420547485	0.0491847991943	0.0613059997559	0.0524070262909	0.0421361923218	0.0456209182739	0.0785660743713	0.055685043335	0.144309043884	0.0529811382294	0.0322940349579	0.0637698173523	0.0535790920258	0.0517461299896	0.0466511249542	0.0742840766907	0.0484898090363	0.0612349510193	0.116697072983	0.0461280345917	0.0620160102844	0.0495040416718	0.0285401344299	0.0428700447083	0.0447700023651	0.103245019913	
['./treeMaker/main', '-m', '-w', '1']
0.0482699871063	0.0645489692688	0.0710489749908	0.0521931648254	0.0544581413269	0.0500419139862	0.060122013092	0.0584070682526	0.0622129440308	0.0494349002838	0.0502481460571	0.0531170368195	0.0534701347351	0.0501539707184	0.0480418205261	0.0436351299286	0.0598740577698	0.0833058357239	0.0511739253998	0.0475590229034	0.0507171154022	0.046483039856	0.0575540065765	0.0683259963989	0.0667109489441	0.0463888645172	0.0576560497284	0.0496230125427	0.0403919219971	0.0434980392456	0.0734610557556	0.0531949996948	0.135965824127	0.0541188716888	0.0356619358063	0.0645480155945	0.0561559200287	0.0510840415955	0.0446939468384	0.0730760097504	0.0485429763794	0.0615200996399	0.113144874573	0.0440969467163	0.0582051277161	0.0468690395355	0.0274078845978	0.0522489547729	0.0439720153809	0.0939810276031	
['./treeMaker/main', '-m', '-w', '2']
0.0456421375275	0.0661389827728	0.0644631385803	0.0478808879852	0.0525190830231	0.0445249080658	0.0527579784393	0.0549569129944	0.0549418926239	0.0486769676208	0.0636510848999	0.0559358596802	0.055627822876	0.0528860092163	0.0501298904419	0.0486710071564	0.0634689331055	0.0824680328369	0.0498518943787	0.0468838214874	0.0493998527527	0.0451769828796	0.0570549964905	0.0804989337921	0.0651278495789	0.0497350692749	0.0635159015656	0.0504860877991	0.0422530174255	0.0454089641571	0.0760178565979	0.069048166275	0.137878894806	0.0524768829346	0.0321829319	0.0590689182281	0.0646409988403	0.048919916153	0.0445489883423	0.071576833725	0.0466639995575	0.0598120689392	0.112434148788	0.0449569225311	0.0586810112	0.0471551418304	0.0276629924774	0.0411841869354	0.0430731773376	0.0946850776672	
['./treeMaker/main', '-m', '-c', '1']
0.0444121360779	0.0637149810791	0.0666749477386	0.0491759777069	0.0541739463806	0.0457248687744	0.0539300441742	0.0558428764343	0.0573530197144	0.0498309135437	0.0499708652496	0.0529580116272	0.0530500411987	0.0485379695892	0.0462689399719	0.0420641899109	0.057774066925	0.0804598331451	0.0493099689484	0.0456938743591	0.0488259792328	0.0446710586548	0.0599398612976	0.0657000541687	0.0773718357086	0.0463690757751	0.0580639839172	0.0494329929352	0.0400178432465	0.0432300567627	0.0732979774475	0.0521221160889	0.118547201157	0.0502009391785	0.0308921337128	0.0596280097961	0.0509548187256	0.0473530292511	0.0428528785706	0.0688309669495	0.0451059341431	0.0585920810699	0.112944126129	0.0443658828735	0.0580019950867	0.0469369888306	0.0271608829498	0.040834903717	0.0551040172577	0.0932881832123	
['./treeMaker/main', '-m', '-c', '2']
0.044145822525	0.0624918937683	0.0647120475769	0.0480968952179	0.0528829097748	0.0443389415741	0.066309928894	0.0592060089111	0.0549321174622	0.0487241744995	0.0490419864655	0.0543489456177	0.0554740428925	0.0530700683594	0.0452971458435	0.0419690608978	0.0577130317688	0.079806804657	0.0505919456482	0.0477111339569	0.0503969192505	0.046215057373	0.0571081638336	0.0681200027466	0.0669260025024	0.0459699630737	0.0576939582825	0.0492408275604	0.0390501022339	0.0418059825897	0.0770170688629	0.0525200366974	0.12680888176	0.0519001483917	0.0353441238403	0.0629708766937	0.0526230335236	0.0497279167175	0.0471670627594	0.0761439800262	0.0485661029816	0.0630819797516	0.112065076828	0.0428159236908	0.0559449195862	0.0449950695038	0.0263850688934	0.0392878055573	0.0426421165466	0.094288110733	
['./treeMaker/main', '-m', '-a', '1']
0.0508639812469	0.0687019824982	0.0701770782471	0.0540428161621	0.0591950416565	0.0514252185822	0.0604720115662	0.0618569850922	0.0594418048859	0.0519511699677	0.0527050495148	0.0559599399567	0.0562138557434	0.0534608364105	0.0507438182831	0.0461719036102	0.061784029007	0.0908989906311	0.0579609870911	0.0546379089355	0.0595090389252	0.0542950630188	0.0597729682922	0.0700159072876	0.0688400268555	0.0484411716461	0.0600941181183	0.0521919727325	0.0428900718689	0.0462529659271	0.0749039649963	0.0612878799438	0.130151987076	0.0684790611267	0.0344521999359	0.0654709339142	0.0560669898987	0.0526559352875	0.0473799705505	0.0742630958557	0.0503079891205	0.0637948513031	0.127400159836	0.0475800037384	0.0639629364014	0.0516200065613	0.0316741466522	0.0444750785828	0.046541929245	0.0943069458008	
['./treeMaker/main', '-m', '-a', '2']
0.0432138442993	0.0608780384064	0.0636780261993	0.0471231937408	0.0520610809326	0.0437228679657	0.0597829818726	0.0613059997559	0.0567228794098	0.0526039600372	0.0531170368195	0.055114030838	0.0554001331329	0.0527491569519	0.0517001152039	0.0537719726562	0.0608441829681	0.083025932312	0.0517129898071	0.0460870265961	0.0494558811188	0.0449478626251	0.0553839206696	0.0665140151978	0.0657458305359	0.0445010662079	0.0605900287628	0.0496561527252	0.0406019687653	0.0434470176697	0.0739929676056	0.0525031089783	0.119273900986	0.0515630245209	0.0319011211395	0.0621659755707	0.0661408901215	0.0472640991211	0.0427780151367	0.0682940483093	0.0585908889771	0.0593409538269	0.107599973679	0.0432860851288	0.0561249256134	0.045501947403	0.026496887207	0.0394990444183	0.0549328327179	0.100534915924	
