25_1000_4.9e-10_4.9e-10_10000
25
1000
4.9e-10
4.9e-10
10000

['./treeMaker/main']
0.449609041214	0.221838951111	0.384989023209	0.442572116852	0.905042886734	0.470711946487	1.03164887428	0.458980083466	0.361430883408	0.336886882782	0.557077884674	0.450251102448	0.381931066513	0.273096084595	0.294102907181	0.291883945465	0.688321828842	0.42099404335	0.500276088715	0.447171926498	0.517534971237	0.450178861618	0.175526857376	1.1616461277	0.705672979355	0.531337976456	0.364159107208	1.03193092346	0.535680055618	0.349144220352	0.653921127319	0.554958105087	0.525377035141	0.210954904556	0.359808206558	0.48251414299	1.4925570488	0.493474960327	0.749395847321	0.285395145416	0.323448181152	0.1986348629	0.350500106812	0.347277879715	0.634882926941	0.341130018234	0.278534889221	0.697893857956	0.523176908493	0.38392996788	
['./treeMaker/main', '-b']
0.453145027161	0.216176986694	0.380183935165	0.465369224548	0.847375154495	0.469950914383	0.995517015457	0.447918176651	0.353035926819	0.33366394043	0.56102514267	0.451159000397	0.388949871063	0.294463157654	0.296900033951	0.294667005539	0.737159013748	0.431431055069	0.515075206757	0.465819120407	0.50212097168	0.447413921356	0.178018093109	1.09399390221	0.728485107422	0.5334649086	0.377130031586	1.02429890633	0.561514139175	0.353897094727	0.630703926086	0.575892210007	0.475603103638	0.235742807388	0.366943120956	0.512320041656	1.54925394058	0.510431051254	0.762508869171	0.274514913559	0.345562934875	0.205754995346	0.349328994751	0.345059156418	0.633949041367	0.362576007843	0.286875009537	0.658338069916	0.541610956192	0.364050865173	
['./treeMaker/main', '-u']
0.44789814949	0.213145017624	0.380357027054	0.464583873749	0.894248962402	0.505107879639	1.01481604576	0.478596925735	0.3651471138	0.343483924866	0.556618928909	0.451267004013	0.371659994125	0.283083200455	0.305927991867	0.300498962402	0.737447977066	0.44136095047	0.466881036758	0.461698055267	0.473278999329	0.413659095764	0.158859968185	1.14782786369	0.7647960186	0.531199932098	0.375550985336	0.953242063522	0.5289311409	0.361284971237	0.657091140747	0.540787935257	0.497786045074	0.220034122467	0.362081050873	0.487710952759	1.41890883446	0.482167005539	0.699015855789	0.263603925705	0.346071004868	0.182374000549	0.351680040359	0.347478151321	0.601397037506	0.358595132828	0.290812015533	0.706474065781	0.491972923279	0.379971027374	
['./treeMaker/main', '-t', '-r', '1']
2.59091901779	1.59321689606	2.21491599083	2.39048504829	3.71622300148	2.59111881256	3.79631996155	2.56226587296	2.1636531353	2.09735989571	2.67135596275	2.40335512161	2.25738692284	1.90490794182	1.96955108643	1.99994516373	3.2371711731	2.32562589645	2.61217999458	2.44786787033	2.69457316399	2.54511594772	1.24979400635	4.22993516922	3.44933795929	2.70609712601	2.18667697906	3.85159301758	2.79754304886	2.21320414543	3.06559109688	2.97898411751	2.67322397232	1.57080411911	2.23467803001	2.58702397346	4.92543792725	2.63508296013	3.32847189903	1.87621498108	2.04531598091	1.4767768383	2.11149597168	2.12494802475	3.13093304634	2.13335394859	1.85733485222	3.02397012711	2.75437903404	2.19093990326	
['./treeMaker/main', '-t', '-r', '2']
3.87895298004	2.24718999863	3.0531680584	3.67659401894	5.23989915848	3.61391997337	5.66239690781	3.65717101097	3.00464200974	2.9389231205	4.43022203445	3.45538282394	3.42227005959	2.75003886223	2.76711893082	2.86981487274	4.71443510056	3.28865790367	4.01469993591	3.5098400116	3.55878305435	3.46426391602	1.80552506447	5.68591094017	4.7913248539	3.84270787239	3.16564893723	5.37072610855	4.41600608826	3.31929993629	4.29238700867	4.24156188965	3.65909314156	2.1265130043	3.09938311577	4.16646099091	6.99444699287	3.57607007027	4.77518987656	2.57613801956	3.04294896126	1.94629096985	2.98892211914	2.94859409332	4.25323605537	2.95343399048	2.72265410423	4.52373409271	3.91640710831	3.32939696312	
['./treeMaker/main', '-t', '-r', '1', '-N']
2.56112217903	1.5993168354	2.19758105278	2.46440410614	3.78667402267	2.56207084656	3.79250597954	2.59158992767	2.18154788017	2.10516905785	2.72689080238	2.42598700523	2.22779488564	1.93195986748	1.91551208496	1.98814511299	3.31309580803	2.3506000042	2.69447493553	2.44353699684	2.63725590706	2.49289917946	1.24843096733	4.16346693039	3.43507194519	2.69953203201	2.2129778862	3.86627483368	2.82175302505	2.15831184387	3.0793659687	2.91921615601	2.66326999664	1.55718111992	2.18996882439	2.51309299469	4.77642607689	2.67971992493	3.40579295158	1.84457397461	2.17239499092	1.46764016151	2.1528429985	2.15785598755	3.07953500748	2.04906702042	1.90420413017	3.13710999489	2.72819495201	2.18201994896	
['./treeMaker/main', '-t', '-r', '2', '-N']
3.91970705986	2.20090794563	3.05436611176	3.69988918304	5.18830108643	3.58052301407	5.56242394447	3.56519699097	3.06015276909	2.935090065	4.42285895348	3.47002696991	3.49356794357	2.66020512581	2.85088586807	2.84884786606	4.72864198685	3.24146604538	4.04921102524	3.53234601021	3.60389399529	3.52161002159	1.8410050869	5.63024401665	4.78680896759	3.86379909515	3.25096106529	5.41108512878	4.43543386459	3.3321428299	4.34606194496	4.13738584518	3.58574604988	2.09469413757	3.05775713921	4.08980107307	6.99190092087	3.65674591064	4.76533484459	2.68716406822	3.04560804367	1.95199799538	3.10778307915	2.97006106377	4.25960588455	2.98152709007	2.78728103638	4.54518795013	3.98209404945	3.25373291969	
['./treeMaker/main', '-m']
0.0890648365021	0.0702121257782	0.0877261161804	0.0892732143402	0.106394052505	0.0895278453827	0.1131939888	0.0887749195099	0.081995010376	0.0832440853119	0.103668212891	0.0875821113586	0.0977649688721	0.0767838954926	0.0915739536285	0.0763750076294	0.105280160904	0.0880579948425	0.0971162319183	0.0914890766144	0.0929708480835	0.0908288955688	0.0654170513153	0.122015953064	0.103097200394	0.106647014618	0.0836420059204	0.119783878326	0.0999958515167	0.0864579677582	0.103118896484	0.100356817245	0.0906879901886	0.0690720081329	0.0794899463654	0.0964469909668	0.139835834503	0.0878341197968	0.114139080048	0.0747308731079	0.079432964325	0.0763478279114	0.0829219818115	0.0941460132599	0.0953838825226	0.0823879241943	0.0778369903564	0.0997149944305	0.0909759998322	0.0884149074554	
['./treeMaker/main', '-m', '-b']
0.0974879264832	0.0752308368683	0.090029001236	0.0960240364075	0.11994099617	0.0985059738159	0.120661973953	0.111894130707	0.1032538414	0.0830619335175	0.111643075943	0.0891449451447	0.0895049571991	0.0793149471283	0.0851290225983	0.0822689533234	0.111529827118	0.0958001613617	0.100934028625	0.112231016159	0.0952870845795	0.105799913406	0.0683839321136	0.132090091705	0.105820894241	0.110364198685	0.092845916748	0.128239870071	0.125237941742	0.0921220779419	0.107980966568	0.116328954697	0.0998339653015	0.0757310390472	0.0875911712646	0.106602191925	0.143858909607	0.0975890159607	0.121069908142	0.0771069526672	0.0896811485291	0.0695450305939	0.091127872467	0.0872189998627	0.102225780487	0.0888090133667	0.0850899219513	0.106139183044	0.0977540016174	0.0894029140472	
['./treeMaker/main', '-m', '-w', '1']
0.0932919979095	0.0713188648224	0.0845971107483	0.0897688865662	0.111337900162	0.092353105545	0.112156867981	0.0884110927582	0.0813918113708	0.0832371711731	0.11505317688	0.0847458839417	0.084547996521	0.0807039737701	0.0795238018036	0.0797441005707	0.102885007858	0.104610204697	0.0941250324249	0.0921270847321	0.0930428504944	0.0888137817383	0.0649681091309	0.123972892761	0.114512205124	0.0909729003906	0.0857081413269	0.131574869156	0.0937211513519	0.0828778743744	0.0961439609528	0.100867033005	0.100694894791	0.0757639408112	0.0856819152832	0.10329413414	0.15056681633	0.0876879692078	0.106773853302	0.0760798454285	0.0805158615112	0.0651280879974	0.0881631374359	0.0878250598907	0.107846021652	0.0786430835724	0.0817630290985	0.103744983673	0.109552145004	0.0843639373779	
['./treeMaker/main', '-m', '-w', '2']
0.0886280536652	0.069256067276	0.0873470306396	0.0910329818726	0.112951993942	0.0891969203949	0.113932847977	0.0938770771027	0.0857379436493	0.0823700428009	0.104655981064	0.0892169475555	0.0881021022797	0.0764570236206	0.092875957489	0.0777509212494	0.105182886124	0.0885860919952	0.0923390388489	0.0895199775696	0.0909428596497	0.0863859653473	0.0640242099762	0.118783950806	0.10453915596	0.107088088989	0.0819771289825	0.118481874466	0.0975799560547	0.0843110084534	0.1044049263	0.108751058578	0.0966157913208	0.0746891498566	0.094377040863	0.0973269939423	0.134398937225	0.0891919136047	0.11157989502	0.0764849185944	0.0840058326721	0.0684099197388	0.0841989517212	0.0849280357361	0.11149597168	0.0887868404388	0.0837571620941	0.117151975632	0.0925688743591	0.0871651172638	
['./treeMaker/main', '-m', '-c', '1']
0.0913209915161	0.0705759525299	0.084587097168	0.089173078537	0.108434915543	0.0890030860901	0.112524986267	0.0885720252991	0.0985550880432	0.0809020996094	0.105182170868	0.0874769687653	0.0869159698486	0.0881860256195	0.0762782096863	0.079488992691	0.10177397728	0.0873429775238	0.0998561382294	0.108789920807	0.0892431735992	0.0849609375	0.0678160190582	0.121838092804	0.0984029769897	0.0888481140137	0.0800869464874	0.119835853577	0.0958459377289	0.0833508968353	0.100125074387	0.0943119525909	0.0953807830811	0.0720021724701	0.0829751491547	0.100930929184	0.149174928665	0.100596189499	0.104737043381	0.0757501125336	0.0817890167236	0.0800478458405	0.0829541683197	0.0809378623962	0.0974440574646	0.0805809497833	0.0778529644012	0.103955030441	0.0907199382782	0.0850789546967	
['./treeMaker/main', '-m', '-c', '2']
0.0881788730621	0.0681800842285	0.0844938755035	0.0987470149994	0.109328985214	0.0933361053467	0.116868972778	0.0922348499298	0.0846939086914	0.081750869751	0.100558042526	0.0846269130707	0.0834498405457	0.0883431434631	0.07821393013	0.075257062912	0.106048107147	0.0898408889771	0.0945191383362	0.092376947403	0.0935120582581	0.0869731903076	0.0651700496674	0.122569084167	0.105813980103	0.0913190841675	0.0870070457458	0.116657972336	0.0981020927429	0.0868258476257	0.101361989975	0.0973310470581	0.0924429893494	0.0721099376678	0.0974109172821	0.111463069916	0.132009029388	0.0885379314423	0.107594013214	0.0752439498901	0.0799100399017	0.0675191879272	0.0832450389862	0.093729019165	0.0958690643311	0.07981300354	0.0772171020508	0.0995328426361	0.095113992691	0.0871040821075	
['./treeMaker/main', '-m', '-a', '1']
0.0982840061188	0.0786240100861	0.0903580188751	0.0988759994507	0.128676176071	0.0963249206543	0.119438886642	0.104252099991	0.093994140625	0.0955011844635	0.12632393837	0.0941729545593	0.0951101779938	0.084489107132	0.0849921703339	0.0809888839722	0.106260061264	0.113131046295	0.10685300827	0.101398944855	0.0982069969177	0.093367099762	0.0725648403168	0.127991914749	0.108258962631	0.0971899032593	0.0903010368347	0.12192606926	0.102691888809	0.0920569896698	0.106669902802	0.106061935425	0.100153923035	0.0793449878693	0.0862319469452	0.104835033417	0.139207839966	0.0946929454803	0.110512971878	0.0819439888	0.0880839824677	0.0736780166626	0.0910110473633	0.0898189544678	0.102084875107	0.0879402160645	0.0856318473816	0.107566833496	0.0982389450073	0.0955100059509	
['./treeMaker/main', '-m', '-a', '2']
0.0914809703827	0.0815930366516	0.0824069976807	0.0866410732269	0.107824802399	0.0906810760498	0.113461971283	0.0890369415283	0.0823979377747	0.0782499313354	0.0996010303497	0.085128068924	0.0837988853455	0.0872819423676	0.0787880420685	0.0775909423828	0.099002122879	0.0893268585205	0.0943150520325	0.0918538570404	0.0933530330658	0.084214925766	0.0634911060333	0.122464895248	0.0982778072357	0.0945091247559	0.0837841033936	0.117397069931	0.108623981476	0.0833818912506	0.096549987793	0.0984621047974	0.100713014603	0.0722789764404	0.0822160243988	0.113910913467	0.134860992432	0.0881230831146	0.100227117538	0.0727460384369	0.0851330757141	0.0668880939484	0.0798089504242	0.0801649093628	0.100399017334	0.0810351371765	0.0806632041931	0.10216999054	0.0944969654083	0.0831429958344	
