25_1000_5.2e-11_5.2e-11_470000000
25
1000
5.2e-11
5.2e-11
470000000

['./treeMaker/main']
0.0561878681183	0.0560691356659	0.0547521114349	0.0566520690918	0.0592939853668	0.0531179904938	0.058865070343	0.0559520721436	0.0545120239258	0.0640480518341	0.0547881126404	0.0568120479584	0.0573418140411	0.0562400817871	0.064423084259	0.058483839035	0.0547518730164	0.0530769824982	0.0613839626312	0.0575749874115	0.0613758563995	0.0540289878845	0.06693816185	0.0695822238922	0.0518817901611	0.0551800727844	0.0595471858978	0.0521261692047	0.0625550746918	0.054575920105	0.0541009902954	0.0610339641571	0.0569250583649	0.0613889694214	0.0587260723114	0.0539960861206	0.053365945816	0.0530881881714	0.0535969734192	0.0622620582581	0.0723729133606	0.0723638534546	0.0547468662262	0.059417963028	0.0552539825439	0.056725025177	0.0501029491425	0.0555248260498	0.0602481365204	0.0601801872253	
['./treeMaker/main', '-b']
0.0579609870911	0.0583999156952	0.0675311088562	0.0590109825134	0.0594789981842	0.0554111003876	0.0605170726776	0.0574419498444	0.0580530166626	0.0657479763031	0.0543467998505	0.0568380355835	0.0588138103485	0.0568671226501	0.0670540332794	0.0591421127319	0.0559089183807	0.0569970607758	0.0628168582916	0.0611498355865	0.0739350318909	0.0578191280365	0.0850331783295	0.0538218021393	0.0531799793243	0.0551340579987	0.0601620674133	0.0671482086182	0.0659749507904	0.0602660179138	0.0566840171814	0.0629160404205	0.0694220066071	0.0643410682678	0.0722420215607	0.0569870471954	0.0584831237793	0.0555438995361	0.0542898178101	0.0538229942322	0.0630850791931	0.079610824585	0.0542151927948	0.0708611011505	0.0566232204437	0.0599088668823	0.0509572029114	0.0557951927185	0.0614330768585	0.0605890750885	
['./treeMaker/main', '-u']
0.0588839054108	0.0689702033997	0.0552051067352	0.0591130256653	0.0743510723114	0.0542080402374	0.0608649253845	0.057806968689	0.05610704422	0.0663049221039	0.056245803833	0.0562250614166	0.0616779327393	0.0708200931549	0.0678210258484	0.0616109371185	0.064178943634	0.0520820617676	0.0606670379639	0.0583071708679	0.062292098999	0.0567619800568	0.068678855896	0.0587289333344	0.0603699684143	0.0665879249573	0.0632920265198	0.0556371212006	0.0740361213684	0.0608019828796	0.0576448440552	0.0629751682281	0.061586856842	0.065150976181	0.0631861686707	0.0574588775635	0.0562341213226	0.0576069355011	0.0567979812622	0.0529499053955	0.0653150081635	0.0799508094788	0.0541930198669	0.0606319904327	0.0565669536591	0.0579710006714	0.0529489517212	0.05646276474	0.0632009506226	0.0662441253662	
['./treeMaker/main', '-t', '-r', '1']
0.472566843033	0.476214170456	0.456561088562	0.469326972961	0.521755933762	0.462764024734	0.508240938187	0.462943077087	0.450597047806	0.566824913025	0.474323034286	0.463711023331	0.4937479496	0.46527504921	0.566568851471	0.491920948029	0.451753139496	0.440577030182	0.547943115234	0.497230052948	0.507512807846	0.452915906906	0.589812040329	0.474199056625	0.480099201202	0.497906923294	0.509171009064	0.442165851593	0.566689968109	0.48270201683	0.471868038177	0.535482883453	0.501514911652	0.57058095932	0.53179693222	0.47757601738	0.469642877579	0.467670917511	0.470012903214	0.442568063736	0.534489870071	0.538954973221	0.439837932587	0.495745182037	0.468126058578	0.497505903244	0.423887968063	0.471249103546	0.523414134979	0.500248908997	
['./treeMaker/main', '-t', '-r', '2']
0.63666510582	0.6067070961	0.591380119324	0.617974996567	0.69372010231	0.561975002289	0.663822174072	0.64074587822	0.582650899887	0.717966079712	0.574464082718	0.596065998077	0.627157211304	0.616722106934	0.710358858109	0.641451120377	0.573105096817	0.559412002563	0.67191696167	0.633615016937	0.658485174179	0.586915969849	0.747904062271	0.600975990295	0.567075967789	0.600664138794	0.677869081497	0.588676929474	0.713536024094	0.65302491188	0.602772951126	0.693526029587	0.668544054031	0.770323038101	0.698800086975	0.633388996124	0.614588975906	0.584344148636	0.611288070679	0.579192876816	0.690449953079	0.722615003586	0.574589967728	0.658320903778	0.611091136932	0.597005844116	0.494155168533	0.595415115356	0.671831846237	0.647267818451	
['./treeMaker/main', '-t', '-r', '1', '-N']
0.489453792572	0.452149152756	0.473603010178	0.488507032394	0.531085014343	0.465070962906	0.494901180267	0.468974113464	0.488045930862	0.578641891479	0.477835178375	0.464951038361	0.500540018082	0.478296041489	0.575947999954	0.484817028046	0.455609083176	0.431603193283	0.527780056	0.476332902908	0.516527175903	0.463918924332	0.556504011154	0.473286151886	0.445271015167	0.487751960754	0.52645611763	0.473416090012	0.565963983536	0.464700937271	0.473536014557	0.54659485817	0.522072076797	0.564558982849	0.512442111969	0.470613002777	0.487535953522	0.457700014114	0.48070192337	0.455811977386	0.588423013687	0.567623853683	0.460211992264	0.509858846664	0.456194877625	0.480778932571	0.429756879807	0.465131044388	0.507068157196	0.514714956284	
['./treeMaker/main', '-t', '-r', '2', '-N']
0.606846809387	0.608285188675	0.612370014191	0.653935909271	0.695820093155	0.611041069031	0.636787176132	0.611123085022	0.603724956512	0.72173500061	0.586806058884	0.590091943741	0.607858181	0.591571092606	0.693302154541	0.657718896866	0.604688882828	0.555933952332	0.685252189636	0.641497850418	0.66025519371	0.555516004562	0.796337842941	0.596143960953	0.568345069885	0.613784074783	0.697786092758	0.581142902374	0.714723825455	0.6095058918	0.618100881577	0.68710899353	0.619150161743	0.713750839233	0.69426202774	0.629852056503	0.604924917221	0.593405008316	0.607151031494	0.555390119553	0.691358089447	0.754151105881	0.582385778427	0.632457017899	0.594319105148	0.603120088577	0.495734214783	0.568974018097	0.642670869827	0.663875818253	
['./treeMaker/main', '-m']
0.0445120334625	0.0449349880219	0.0493929386139	0.0484631061554	0.0452871322632	0.047219991684	0.0484840869904	0.0500221252441	0.0456318855286	0.0501589775085	0.0472409725189	0.0494430065155	0.0474820137024	0.0471239089966	0.0491828918457	0.0476930141449	0.0605580806732	0.0503220558167	0.0504059791565	0.0493130683899	0.0593571662903	0.0450720787048	0.0498991012573	0.0487608909607	0.0473079681396	0.0465109348297	0.0508849620819	0.0466749668121	0.0500798225403	0.0568809509277	0.0482702255249	0.0575098991394	0.048150062561	0.048789024353	0.0478911399841	0.0469288825989	0.0461359024048	0.0446529388428	0.0503659248352	0.0465250015259	0.0509188175201	0.0488760471344	0.0468029975891	0.0478010177612	0.0470058917999	0.0565659999847	0.0457429885864	0.0455589294434	0.0497210025787	0.0488917827606	
['./treeMaker/main', '-m', '-b']
0.0481150150299	0.0472810268402	0.0462071895599	0.0482640266418	0.0476870536804	0.0461711883545	0.0511808395386	0.0471858978271	0.0483548641205	0.050283908844	0.0500571727753	0.0491688251495	0.0478918552399	0.0466299057007	0.0493772029877	0.0493609905243	0.0503652095795	0.0493159294128	0.0489609241486	0.0480690002441	0.0500409603119	0.047553062439	0.0493381023407	0.0473570823669	0.0464880466461	0.0473279953003	0.0478119850159	0.0466952323914	0.0512659549713	0.0483090877533	0.0513432025909	0.0497999191284	0.0486359596252	0.0495510101318	0.0494599342346	0.0508868694305	0.0498991012573	0.047847032547	0.0479879379272	0.0462357997894	0.0498261451721	0.060409784317	0.0467188358307	0.04731798172	0.0477180480957	0.0514760017395	0.0445320606232	0.0475831031799	0.0497999191284	0.0531899929047	
['./treeMaker/main', '-m', '-w', '1']
0.0509970188141	0.0457038879395	0.0507998466492	0.047721862793	0.0474369525909	0.0455009937286	0.0491681098938	0.0467760562897	0.046560049057	0.0501270294189	0.0449171066284	0.0494649410248	0.0473639965057	0.049152135849	0.0497081279755	0.0523080825806	0.0484251976013	0.0467479228973	0.0499098300934	0.0479118824005	0.049782037735	0.0465021133423	0.0505399703979	0.0472528934479	0.0482759475708	0.0466830730438	0.0484569072723	0.0450229644775	0.0503661632538	0.0467779636383	0.0469779968262	0.0484848022461	0.056116104126	0.0476319789886	0.0483357906342	0.0459840297699	0.0459969043732	0.0459578037262	0.0464141368866	0.0456669330597	0.0484139919281	0.0524988174438	0.0492930412292	0.0479428768158	0.0471971035004	0.0467960834503	0.0430691242218	0.0462758541107	0.0611901283264	0.0518879890442	
['./treeMaker/main', '-m', '-w', '2']
0.051481962204	0.0488860607147	0.0548310279846	0.0474219322205	0.0487360954285	0.0489737987518	0.0487499237061	0.0471360683441	0.0458509922028	0.0498220920563	0.047257900238	0.0468401908875	0.0480229854584	0.0471529960632	0.0491609573364	0.0483899116516	0.0497930049896	0.0444431304932	0.0469381809235	0.0475699901581	0.0503811836243	0.0455639362335	0.0508990287781	0.0472428798676	0.0464918613434	0.0482709407806	0.0520088672638	0.0455341339111	0.0507750511169	0.0475060939789	0.0510230064392	0.0489649772644	0.0469930171967	0.049113035202	0.046571969986	0.0470979213715	0.0466229915619	0.045872926712	0.0465679168701	0.0453681945801	0.0484797954559	0.0500462055206	0.0459749698639	0.0472161769867	0.0463778972626	0.0461919307709	0.0458579063416	0.0468800067902	0.0493519306183	0.049259185791	
['./treeMaker/main', '-m', '-c', '1']
0.0463240146637	0.0499789714813	0.0487270355225	0.0517568588257	0.0527811050415	0.047003030777	0.048376083374	0.0460071563721	0.0465679168701	0.048611164093	0.0464880466461	0.0467128753662	0.047217130661	0.0565309524536	0.050968170166	0.0470099449158	0.0467200279236	0.0488770008087	0.0474011898041	0.0455920696259	0.0515961647034	0.0483751296997	0.0495231151581	0.0502309799194	0.0463540554047	0.0468559265137	0.0465559959412	0.0460569858551	0.0491280555725	0.0553629398346	0.058454990387	0.0501780509949	0.0565679073334	0.0471589565277	0.050754070282	0.0475039482117	0.0457541942596	0.0460948944092	0.0458250045776	0.0459389686584	0.0517928600311	0.049751996994	0.0463359355927	0.0485210418701	0.0517208576202	0.0460209846497	0.044960975647	0.0449910163879	0.0475449562073	0.0475561618805	
['./treeMaker/main', '-m', '-c', '2']
0.0565810203552	0.0469708442688	0.045982837677	0.0472869873047	0.04731798172	0.0446510314941	0.0488879680634	0.0478570461273	0.0476109981537	0.0494070053101	0.0482940673828	0.0484111309052	0.054102897644	0.0469119548798	0.0522439479828	0.0482177734375	0.0480470657349	0.0473659038544	0.0472130775452	0.0490372180939	0.0498278141022	0.0483129024506	0.0495538711548	0.051479101181	0.0472979545593	0.0478539466858	0.0485599040985	0.0469601154327	0.0515189170837	0.0467121601105	0.0592498779297	0.0505430698395	0.0477979183197	0.0524971485138	0.0489912033081	0.0561530590057	0.0466690063477	0.049742937088	0.0476980209351	0.0485320091248	0.04714012146	0.0494859218597	0.0467429161072	0.0599660873413	0.0479371547699	0.0490500926971	0.0469880104065	0.0477941036224	0.0495400428772	0.0573260784149	
['./treeMaker/main', '-m', '-a', '1']
0.0643000602722	0.0612730979919	0.0613639354706	0.0619139671326	0.0614550113678	0.0612618923187	0.0614151954651	0.0598051548004	0.0600800514221	0.0646698474884	0.0607960224152	0.0604181289673	0.0721900463104	0.0626578330994	0.0625631809235	0.0652031898499	0.0742301940918	0.057471036911	0.0573630332947	0.0582458972931	0.059385061264	0.0565841197968	0.0622220039368	0.0570650100708	0.057284116745	0.0599770545959	0.0610690116882	0.058965921402	0.0653591156006	0.0600469112396	0.0579071044922	0.0602488517761	0.0604240894318	0.0658340454102	0.0669639110565	0.0635600090027	0.0645968914032	0.0565390586853	0.0574350357056	0.0557630062103	0.0590629577637	0.0601170063019	0.0566380023956	0.0585370063782	0.0567500591278	0.0578439235687	0.0565588474274	0.0566329956055	0.0605058670044	0.0602939128876	
['./treeMaker/main', '-m', '-a', '2']
0.0500540733337	0.0465428829193	0.0466749668121	0.0465989112854	0.047208070755	0.0456230640411	0.0459229946136	0.0452239513397	0.0435528755188	0.0474581718445	0.044517993927	0.0444331169128	0.0454089641571	0.0443999767303	0.046777009964	0.0448880195618	0.0479350090027	0.0457577705383	0.0582981109619	0.0476310253143	0.0486760139465	0.0462551116943	0.0491440296173	0.0483360290527	0.0461580753326	0.0474290847778	0.0482549667358	0.0458118915558	0.050595998764	0.0483331680298	0.0499877929688	0.0537810325623	0.0488200187683	0.0524940490723	0.0482668876648	0.0605199337006	0.0456049442291	0.0573470592499	0.0499200820923	0.0483450889587	0.0520160198212	0.0518400669098	0.0485880374908	0.0481970310211	0.0508029460907	0.048299074173	0.0492799282074	0.0462620258331	0.04860496521	0.0484290122986	
