25_1000_1.9e-10_1.9e-10_190000000
25
1000
1.9e-10
1.9e-10
190000000

['./treeMaker/main']
0.115576028824	0.0809528827667	0.13095498085	0.100798130035	0.131518125534	0.11407494545	0.104144096375	0.112199068069	0.143042087555	0.0945739746094	0.0885210037231	0.128357887268	0.14958190918	0.110153198242	0.117463111877	0.146885871887	0.105664968491	0.0995571613312	0.212817907333	0.13453912735	0.115444898605	0.105888128281	0.12895488739	0.11890912056	0.0743050575256	0.0984261035919	0.134251117706	0.084401845932	0.0969088077545	0.115612983704	0.119365930557	0.106126070023	0.17854809761	0.0934929847717	0.140560150146	0.154157161713	0.0870850086212	0.094419002533	0.0975759029388	0.0811960697174	0.128117084503	0.0860919952393	0.0991680622101	0.130744934082	0.115805864334	0.126296043396	0.118658065796	0.0937130451202	0.12296795845	0.0787420272827	
['./treeMaker/main', '-b']
0.129716873169	0.0792379379272	0.123738050461	0.104966878891	0.121855020523	0.113955020905	0.104831933975	0.126934051514	0.163488864899	0.0955240726471	0.0897359848022	0.120591878891	0.161016941071	0.112421989441	0.118409872055	0.137166023254	0.103735208511	0.093061208725	0.22007393837	0.13175702095	0.11785697937	0.0981879234314	0.114087104797	0.116270065308	0.0787229537964	0.100272893906	0.132094144821	0.09614610672	0.099748134613	0.114053010941	0.12039899826	0.108129024506	0.166749000549	0.0991449356079	0.125658035278	0.141488075256	0.0886490345001	0.101147890091	0.102961778641	0.0867290496826	0.148362159729	0.0824959278107	0.102566003799	0.122843027115	0.110768079758	0.12934589386	0.123138189316	0.0965368747711	0.119219064713	0.0755298137665	
['./treeMaker/main', '-u']
0.117197990417	0.0784738063812	0.123991966248	0.100735902786	0.115813016891	0.109425067902	0.100640058517	0.113198041916	0.151660919189	0.0932669639587	0.0869059562683	0.121325969696	0.157351970673	0.122721910477	0.134907960892	0.1343729496	0.101784229279	0.0930390357971	0.213530063629	0.11777806282	0.114967823029	0.101740121841	0.119194030762	0.11586689949	0.0793309211731	0.0900249481201	0.137059926987	0.0881798267365	0.0993759632111	0.10991191864	0.134882926941	0.107921123505	0.167752981186	0.0912380218506	0.128798961639	0.142092943192	0.0900120735168	0.10222196579	0.104256153107	0.0819149017334	0.129812955856	0.0884900093079	0.115394830704	0.118192911148	0.102966070175	0.121023178101	0.114351034164	0.0917131900787	0.118865966797	0.0764219760895	
['./treeMaker/main', '-t', '-r', '1']
0.987201929092	0.683346986771	1.00352287292	0.886061906815	0.980256080627	0.990694046021	0.876877069473	0.964922904968	1.19892978668	0.820623159409	0.772458076477	0.977818012238	1.26364207268	0.917843103409	1.00980615616	1.13915205002	0.870937108994	0.807256937027	1.63204598427	1.02072715759	0.990072011948	0.883640050888	1.00423812866	0.9519739151	0.661767959595	0.741034030914	1.14692902565	0.772041082382	0.879804134369	0.95072388649	1.00973105431	0.899993896484	1.30377411842	0.807199954987	1.07363200188	1.20543718338	0.751196861267	0.848804950714	0.879204034805	0.756531000137	1.11147809029	0.74910402298	0.875917196274	1.0562081337	0.908512830734	1.06232500076	1.00548005104	0.822460889816	1.05815792084	0.68506193161	
['./treeMaker/main', '-t', '-r', '2']
1.38977599144	0.913631916046	1.35843110085	1.23116803169	1.37430596352	1.29521608353	1.17111611366	1.29336094856	1.66087698936	1.1306951046	1.02992105484	1.33560204506	1.67802381516	1.34723496437	1.37114405632	1.5710041523	1.22375488281	1.09243702888	2.24424290657	1.51114082336	1.29288506508	1.15390777588	1.38781619072	1.29268980026	0.903762102127	1.01179289818	1.60179901123	1.03971099854	1.23423886299	1.30315279961	1.34293293953	1.25572991371	1.86328577995	1.06972002983	1.46979093552	1.68737983704	0.954334020615	1.18232703209	1.16297912598	0.993157148361	1.54377508163	0.998404979706	1.12063717842	1.3421459198	1.2999920845	1.41399097443	1.33184719086	1.12514901161	1.40222096443	0.936516046524	
['./treeMaker/main', '-t', '-r', '1', '-N']
1.00170278549	0.684649944305	1.02233910561	0.883601903915	1.00177001953	0.99859380722	0.860024929047	0.981295108795	1.21050906181	0.817509174347	0.742098093033	0.977779150009	1.29928779602	0.937665939331	1.04056310654	1.14273905754	0.871617078781	0.83647608757	1.62444400787	1.02405405045	0.976861000061	0.880404949188	1.01468610764	0.956450939178	0.66859793663	0.759834051132	1.14256000519	0.777145862579	0.860480070114	0.941416978836	1.0329349041	0.897219896317	1.33012413979	0.832072973251	1.11184501648	1.2065050602	0.746725797653	0.857002973557	0.873379945755	0.731396198273	1.15806102753	0.752981901169	0.867260217667	1.06203007698	0.894299030304	1.02221608162	1.00026583672	0.826550006866	1.03452801704	0.689872980118	
['./treeMaker/main', '-t', '-r', '2', '-N']
1.36294484138	0.902184963226	1.37979602814	1.24236822128	1.36225795746	1.30121397972	1.17595601082	1.33489704132	1.65999817848	1.09943294525	1.04709792137	1.32558894157	1.69153690338	1.33143305779	1.34559798241	1.56074810028	1.20951890945	1.10397696495	2.28946709633	1.44681978226	1.31506085396	1.14620995522	1.33666396141	1.26452589035	0.889282226562	1.00039291382	1.61679792404	1.04981780052	1.15802192688	1.29921412468	1.3563580513	1.23825716972	1.8775498867	1.04821705818	1.47495603561	1.6982831955	1.00430202484	1.16561508179	1.16908693314	1.01856207848	1.54335999489	0.990116834641	1.10574698448	1.38286805153	1.32117486	1.41767406464	1.34478211403	1.15564894676	1.40012812614	0.928161859512	
['./treeMaker/main', '-m']
0.0647399425507	0.0513129234314	0.0613970756531	0.0580761432648	0.0614879131317	0.0581378936768	0.0580041408539	0.0592849254608	0.0642938613892	0.0560431480408	0.0538790225983	0.0595788955688	0.0660328865051	0.0596141815186	0.072918176651	0.0699470043182	0.0605669021606	0.0571799278259	0.076210975647	0.0571370124817	0.0562591552734	0.0670199394226	0.0633361339569	0.0729930400848	0.0499138832092	0.0506210327148	0.0604009628296	0.051638841629	0.0537819862366	0.0569939613342	0.0718331336975	0.0567381381989	0.0706398487091	0.0516939163208	0.0584771633148	0.0618410110474	0.051155090332	0.0551409721375	0.0540850162506	0.0499610900879	0.0582709312439	0.0507221221924	0.0533559322357	0.0566389560699	0.0619239807129	0.060839176178	0.0574288368225	0.0517630577087	0.0564699172974	0.0492939949036	
['./treeMaker/main', '-m', '-b']
0.059562921524	0.0502200126648	0.0596299171448	0.0562989711761	0.0601170063019	0.0567851066589	0.056144952774	0.0582790374756	0.0630431175232	0.0691249370575	0.0589621067047	0.0667369365692	0.0673799514771	0.0576889514923	0.058357000351	0.0637240409851	0.0579009056091	0.057464838028	0.0772199630737	0.0660970211029	0.0659301280975	0.0603449344635	0.0639269351959	0.0640630722046	0.0671601295471	0.0561549663544	0.0657141208649	0.0590450763702	0.0581431388855	0.0613620281219	0.0636019706726	0.0592160224915	0.0679950714111	0.0532579421997	0.0603020191193	0.064218044281	0.0525460243225	0.0697658061981	0.0716369152069	0.0571269989014	0.0665369033813	0.061577796936	0.0610618591309	0.0659148693085	0.0648019313812	0.0660560131073	0.0658259391785	0.0599739551544	0.0632879734039	0.0688450336456	
['./treeMaker/main', '-m', '-w', '1']
0.0705480575562	0.0547089576721	0.0627861022949	0.0589151382446	0.0693538188934	0.0582149028778	0.0579349994659	0.0594701766968	0.064521074295	0.0561590194702	0.0530989170074	0.0566561222076	0.0618410110474	0.0555431842804	0.0560019016266	0.0614140033722	0.0577569007874	0.0527460575104	0.0693590641022	0.0654230117798	0.0607669353485	0.0601019859314	0.0629100799561	0.0640819072723	0.0549290180206	0.0565319061279	0.0687448978424	0.0519120693207	0.0542120933533	0.0564739704132	0.0568859577179	0.0541558265686	0.0686888694763	0.0554752349854	0.0602748394012	0.0617561340332	0.050929069519	0.0533969402313	0.0539181232452	0.0497400760651	0.0608441829681	0.0528190135956	0.055538892746	0.0565130710602	0.0556139945984	0.0583298206329	0.0560460090637	0.0516769886017	0.0564520359039	0.0495688915253	
['./treeMaker/main', '-m', '-w', '2']
0.0588960647583	0.0503079891205	0.0584180355072	0.0570418834686	0.0582709312439	0.0553240776062	0.0543329715729	0.0565099716187	0.0614628791809	0.0530109405518	0.0511240959167	0.0573840141296	0.0622861385345	0.0563349723816	0.0569221973419	0.0623650550842	0.0573508739471	0.0577199459076	0.0741829872131	0.063413143158	0.0617249011993	0.0632078647614	0.0648200511932	0.0606369972229	0.0521500110626	0.0538530349731	0.0646729469299	0.052102804184	0.0545921325684	0.0578742027283	0.0576109886169	0.0546720027924	0.0677590370178	0.0554709434509	0.0587730407715	0.0626809597015	0.0518140792847	0.0541670322418	0.0544559955597	0.0512471199036	0.0613329410553	0.0515940189362	0.0711798667908	0.0631620883942	0.0582571029663	0.0625998973846	0.0585310459137	0.0552368164062	0.0611908435822	0.0534369945526	
['./treeMaker/main', '-m', '-c', '1']
0.0620529651642	0.0523300170898	0.0618109703064	0.0582668781281	0.0616800785065	0.0584650039673	0.0577700138092	0.0598471164703	0.0643210411072	0.055960893631	0.0537919998169	0.0596249103546	0.0655698776245	0.0670149326324	0.0558729171753	0.0655970573425	0.0595560073853	0.0556640625	0.0735850334167	0.061233997345	0.0598680973053	0.0574610233307	0.0579721927643	0.0611329078674	0.0538909435272	0.0520849227905	0.0627620220184	0.0555028915405	0.0570638179779	0.0607759952545	0.072016954422	0.0572950839996	0.071398973465	0.0568180084229	0.063460111618	0.0761239528656	0.0596389770508	0.0593550205231	0.0598340034485	0.0534949302673	0.0636308193207	0.0567169189453	0.061320066452	0.0625748634338	0.0611751079559	0.0646650791168	0.0754971504211	0.0516312122345	0.0572688579559	0.0494692325592	
['./treeMaker/main', '-m', '-c', '2']
0.0573840141296	0.0489039421082	0.0587182044983	0.0555059909821	0.0590579509735	0.0546441078186	0.0539040565491	0.0554730892181	0.061735868454	0.0520751476288	0.0504610538483	0.0734548568726	0.0707468986511	0.0612199306488	0.0619330406189	0.066782951355	0.0612809658051	0.0580809116364	0.0747590065002	0.0570201873779	0.0561878681183	0.0534319877625	0.0570530891418	0.0558309555054	0.0484387874603	0.0509278774261	0.060033082962	0.0509388446808	0.0548100471497	0.0568270683289	0.0614550113678	0.0542340278625	0.0637261867523	0.0517349243164	0.0574951171875	0.0647940635681	0.0650320053101	0.0561609268188	0.0571441650391	0.0529689788818	0.0615310668945	0.0538239479065	0.0565619468689	0.0600919723511	0.0593831539154	0.0638258457184	0.056529045105	0.0547759532928	0.0600640773773	0.0526900291443	
['./treeMaker/main', '-m', '-a', '1']
0.0723390579224	0.0632779598236	0.0692219734192	0.0806868076324	0.0717420578003	0.0696821212769	0.0645020008087	0.0652420520782	0.0698430538177	0.0637619495392	0.0601758956909	0.0655491352081	0.0770280361176	0.0700950622559	0.0690891742706	0.0755949020386	0.07137799263	0.0655641555786	0.0823028087616	0.0717279911041	0.0698869228363	0.0686850547791	0.0715639591217	0.0702459812164	0.067615032196	0.0745959281921	0.0728919506073	0.0672609806061	0.0682761669159	0.0706310272217	0.0717070102692	0.0643558502197	0.0772218704224	0.0655190944672	0.0709149837494	0.0707199573517	0.0645051002502	0.0791139602661	0.0631029605865	0.0637941360474	0.0709638595581	0.0645930767059	0.0677230358124	0.0661180019379	0.0672969818115	0.0686368942261	0.0686719417572	0.0772051811218	0.0660700798035	0.0606439113617	
['./treeMaker/main', '-m', '-a', '2']
0.0687711238861	0.0520370006561	0.0615890026093	0.0582740306854	0.0614280700684	0.0585608482361	0.0581300258636	0.0596871376038	0.064612865448	0.0560870170593	0.0539541244507	0.0600991249084	0.0657298564911	0.0711390972137	0.0556669235229	0.0620517730713	0.0559861660004	0.0599400997162	0.0776948928833	0.059326171875	0.0588228702545	0.0573379993439	0.0614368915558	0.0598781108856	0.0521121025085	0.0545060634613	0.0641751289368	0.0547511577606	0.0574040412903	0.0602331161499	0.0604529380798	0.0572018623352	0.0678551197052	0.0517649650574	0.0592548847198	0.0637350082397	0.0581691265106	0.0595550537109	0.0626459121704	0.0587980747223	0.0575830936432	0.0507321357727	0.0537440776825	0.0566210746765	0.0566160678864	0.0586850643158	0.0563111305237	0.0544080734253	0.0576391220093	0.0519530773163	
