25_1000_4.9e-10_4.9e-10_190000000
25
1000
4.9e-10
4.9e-10
190000000

['./treeMaker/main']
0.432291030884	0.368698120117	0.209949970245	0.256635904312	0.246115922928	0.342629909515	0.368860006332	0.441943883896	0.534554958344	0.394166946411	0.322163105011	0.259425878525	0.244886875153	0.524386882782	1.26536393166	0.409723997116	0.2898209095	0.771034955978	0.46581697464	0.474678993225	0.314300060272	0.965996026993	0.475871086121	0.688824892044	0.353183031082	0.495521068573	0.403705120087	0.558493852615	0.619014978409	0.350989103317	0.856494903564	0.970791101456	0.295495986938	0.129419088364	0.694682121277	0.324459075928	0.267148971558	0.381350040436	0.316312074661	0.208611965179	0.454751968384	0.484127998352	0.42958688736	0.435981988907	0.3228931427	0.253309011459	0.317761898041	0.63081908226	0.466903924942	0.646441936493	
['./treeMaker/main', '-b']
0.440617084503	0.34726691246	0.224884986877	0.27206993103	0.261822938919	0.347015142441	0.413406133652	0.427636861801	0.55281496048	0.40052986145	0.305548906326	0.251279115677	0.263669013977	0.518050193787	1.28158998489	0.417694091797	0.309630155563	0.783059120178	0.434957027435	0.485072135925	0.301969051361	0.968669176102	0.45351600647	0.726999998093	0.35843706131	0.489734888077	0.403411865234	0.571408987045	0.669160842896	0.348212003708	0.828638792038	0.967144966125	0.31697010994	0.13377904892	0.698759078979	0.355322122574	0.253664016724	0.395342111588	0.305425167084	0.211733818054	0.465248823166	0.500105857849	0.439069986343	0.455768108368	0.327183008194	0.25907087326	0.347548961639	0.670902967453	0.44938993454	0.647258996964	
['./treeMaker/main', '-u']
0.408773899078	0.360594034195	0.200726985931	0.266137838364	0.246011018753	0.360293865204	0.390995025635	0.438320875168	0.532841920853	0.374927043915	0.316283941269	0.257654905319	0.272362947464	0.512268066406	1.27576899529	0.409745931625	0.305150985718	0.766413927078	0.426050901413	0.472420930862	0.297305107117	0.896157979965	0.443921089172	0.673506975174	0.32356595993	0.484688997269	0.400254964828	0.548238039017	0.64298081398	0.357008934021	0.853032112122	0.980688095093	0.297363042831	0.131354093552	0.665675878525	0.347957134247	0.264224052429	0.394050121307	0.303978919983	0.21414899826	0.478204965591	0.441265106201	0.46270108223	0.44601392746	0.304160118103	0.23671412468	0.320996046066	0.662329912186	0.46456193924	0.6436419487	
['./treeMaker/main', '-t', '-r', '1']
2.26714992523	2.09443902969	1.45934486389	1.67692089081	1.63471102715	1.98892307281	2.16005301476	2.31072282791	2.4743719101	2.27814292908	1.83477902412	1.68501091003	1.69439101219	2.54431200027	4.01154708862	2.31232786179	1.89132809639	3.31008791924	2.36226892471	2.33703899384	1.74504780769	3.00841403008	2.38834905624	3.00836396217	2.06647396088	2.37574291229	2.11527585983	2.71775007248	2.86359715462	2.03501701355	3.27818608284	3.54583501816	1.8364648819	1.04054284096	2.89422821999	2.07122707367	1.67230391502	2.10749316216	1.92368292809	1.4122300148	2.41853713989	2.37755084038	2.38324785233	2.35987305641	1.93156790733	1.67396306992	1.87516498566	2.99531006813	2.37839698792	2.72777986526	
['./treeMaker/main', '-t', '-r', '2']
3.91929483414	3.37329506874	2.42847299576	2.94210791588	2.54686903954	3.64089202881	3.58727288246	4.03419208527	4.65903806686	3.4686319828	3.28733205795	2.92037081718	2.59505200386	4.32786011696	7.08848714828	3.84181404114	3.10064697266	5.41497993469	4.0894010067	4.42364311218	3.21330308914	6.58306407928	4.18176198006	4.93467211723	3.29335212708	4.53395915031	3.5896320343	4.51253318787	5.01518893242	3.55044603348	5.68134403229	6.58039188385	2.96061086655	1.59129190445	5.23608183861	3.33749604225	2.85848689079	3.5370349884	3.3706510067	2.32794308662	4.14755702019	4.02566194534	4.09545207024	3.98465585709	3.13246107101	2.80794477463	3.52022385597	4.94126415253	4.28636717796	5.14847683907	
['./treeMaker/main', '-t', '-r', '1', '-N']
2.29259681702	2.07038807869	1.4349861145	1.68034696579	1.64005088806	1.97976398468	2.1823348999	2.29945802689	2.52132296562	2.24879312515	1.84543800354	1.66512298584	1.70934581757	2.58612394333	4.07495594025	2.34460902214	1.88279104233	3.25495290756	2.31149601936	2.32702898979	1.76665401459	3.07341384888	2.38125705719	3.00309181213	2.07477283478	2.30812096596	2.21507096291	2.68351602554	2.80489492416	2.00559186935	3.32035398483	3.53445506096	1.8230099678	1.02305102348	2.91230988503	2.02082896233	1.66580891609	2.17174196243	1.88457989693	1.46453499794	2.41487503052	2.35236001015	2.42649483681	2.33755803108	1.99458098412	1.64265704155	1.88239598274	2.90736484528	2.40487098694	2.73537683487	
['./treeMaker/main', '-t', '-r', '2', '-N']
3.99008917809	3.31829309464	2.41657090187	2.8961160183	2.53842687607	3.56565499306	3.56173086166	3.9549639225	4.58950591087	3.45458579063	3.25394201279	2.88308978081	2.5822660923	4.36262798309	7.06530189514	3.77665781975	3.08701992035	5.3189201355	4.07954478264	4.375467062	3.16777396202	6.66193985939	4.14191889763	4.85811781883	3.19733405113	4.48492097855	3.59297609329	4.43946480751	5.12063908577	3.46674489975	5.7380259037	6.62183904648	2.95567107201	1.59942793846	5.23062705994	3.32027006149	2.80767202377	3.50381016731	3.33144807816	2.32619905472	4.20632410049	4.08005309105	3.98715496063	4.02713012695	3.28035187721	2.7313849926	3.45635986328	4.93571019173	4.30085396767	5.21892499924	
['./treeMaker/main', '-m']
0.0995409488678	0.103374958038	0.0732011795044	0.0925390720367	0.0797770023346	0.0892510414124	0.086991071701	0.0966880321503	0.117825984955	0.0919809341431	0.0891280174255	0.0824379920959	0.0808141231537	0.102134943008	0.131325960159	0.0928490161896	0.08393907547	0.11079287529	0.0972008705139	0.0992660522461	0.0827300548553	0.130748033524	0.106496095657	0.10891699791	0.0882110595703	0.10183596611	0.0877759456635	0.100161075592	0.111263990402	0.0992708206177	0.111887931824	0.124611139297	0.0876710414886	0.0634698867798	0.107753038406	0.0876770019531	0.080826997757	0.0885510444641	0.0861921310425	0.0754060745239	0.0947289466858	0.106167078018	0.0942671298981	0.108892917633	0.084716796875	0.0772080421448	0.085825920105	0.108340978622	0.0945508480072	0.108382940292	
['./treeMaker/main', '-m', '-b']
0.112071990967	0.0935020446777	0.0766551494598	0.0855309963226	0.0820071697235	0.0973000526428	0.0957238674164	0.10177397728	0.12276506424	0.091924905777	0.0903379917145	0.0825939178467	0.0798828601837	0.102566003799	0.143260955811	0.11079287529	0.0876111984253	0.114914178848	0.099622964859	0.103044986725	0.0879411697388	0.149781942368	0.103199958801	0.113608121872	0.0875380039215	0.105895996094	0.0942490100861	0.110431909561	0.114434957504	0.0953059196472	0.125449180603	0.149088859558	0.0865080356598	0.064169883728	0.115661144257	0.089164018631	0.0826380252838	0.0944199562073	0.0916249752045	0.0775389671326	0.111783027649	0.0980770587921	0.0999510288239	0.104335069656	0.0893831253052	0.091814994812	0.090852022171	0.112233161926	0.104037046432	0.120177984238	
['./treeMaker/main', '-m', '-w', '1']
0.0940418243408	0.0852379798889	0.0725059509277	0.0807979106903	0.0776000022888	0.091511964798	0.0863769054413	0.0983619689941	0.104823827744	0.0895888805389	0.0875649452209	0.0801079273224	0.0903561115265	0.0954129695892	0.126446962357	0.10688996315	0.097855091095	0.10711312294	0.0941669940948	0.0958878993988	0.083037853241	0.137162923813	0.0980529785156	0.113897800446	0.0869588851929	0.0996358394623	0.0895478725433	0.101718187332	0.123198986053	0.0869870185852	0.116451025009	0.123555898666	0.0844130516052	0.0662529468536	0.119052886963	0.0859589576721	0.0803740024567	0.0882339477539	0.0861179828644	0.08656001091	0.091423034668	0.0969960689545	0.0947110652924	0.0987269878387	0.0842959880829	0.089457988739	0.0870690345764	0.108487129211	0.097767829895	0.127328157425	
['./treeMaker/main', '-m', '-w', '2']
0.101042032242	0.0925838947296	0.0744440555573	0.0963079929352	0.0780870914459	0.091863155365	0.0909149646759	0.0960512161255	0.105319023132	0.0904719829559	0.0872631072998	0.0816938877106	0.0800340175629	0.0998780727386	0.132297039032	0.0933299064636	0.0903480052948	0.109770059586	0.099310874939	0.100360155106	0.0863618850708	0.149554014206	0.0943179130554	0.107878923416	0.0854551792145	0.103868961334	0.091903924942	0.104393005371	0.106783151627	0.0857701301575	0.118269920349	0.128448963165	0.0854589939117	0.063688993454	0.111998796463	0.090164899826	0.0823321342468	0.0911779403687	0.088299036026	0.0758378505707	0.0960290431976	0.096076965332	0.101227045059	0.110811948776	0.100474834442	0.078332901001	0.0989079475403	0.112983942032	0.102700948715	0.124790906906	
['./treeMaker/main', '-m', '-c', '1']
0.095715045929	0.0902500152588	0.0726449489594	0.0805201530457	0.0774400234222	0.0913798809052	0.0884048938751	0.0961718559265	0.104421854019	0.0881588459015	0.0862641334534	0.0795180797577	0.0776288509369	0.0956900119781	0.127016067505	0.0929110050201	0.0840578079224	0.12251996994	0.09415102005	0.0952610969543	0.0830600261688	0.136415958405	0.0935151576996	0.107270956039	0.0835430622101	0.098179101944	0.0939130783081	0.103538990021	0.122437953949	0.0870170593262	0.116457223892	0.126756906509	0.0843899250031	0.0609910488129	0.107834100723	0.0843379497528	0.0783779621124	0.0857291221619	0.0916981697083	0.0756189823151	0.107340812683	0.092029094696	0.0926849842072	0.0925250053406	0.0818860530853	0.0763621330261	0.0870099067688	0.118231058121	0.0948519706726	0.108534812927	
['./treeMaker/main', '-m', '-c', '2']
0.0910890102386	0.085343837738	0.0847270488739	0.0798568725586	0.074893951416	0.102237939835	0.0898940563202	0.0953030586243	0.104596138	0.0900590419769	0.0845530033112	0.0926628112793	0.0771930217743	0.0956029891968	0.12628698349	0.0893681049347	0.0823090076447	0.112687110901	0.097076177597	0.0995390415192	0.0856051445007	0.136176109314	0.0972411632538	0.116319894791	0.0823919773102	0.10436296463	0.0914890766144	0.111721038818	0.123626947403	0.0867121219635	0.123425006866	0.123903989792	0.0861489772797	0.0645749568939	0.111196994781	0.0867450237274	0.0802490711212	0.0864999294281	0.087541103363	0.0738980770111	0.093817949295	0.0935649871826	0.0944008827209	0.102796077728	0.0841751098633	0.0776989459991	0.0990390777588	0.10849404335	0.113430023193	0.112801790237	
['./treeMaker/main', '-m', '-a', '1']
0.10224199295	0.0958871841431	0.0809180736542	0.0874438285828	0.0834181308746	0.0992369651794	0.106038093567	0.100036144257	0.11536693573	0.0972509384155	0.0966300964355	0.0871560573578	0.0859689712524	0.106633901596	0.154273033142	0.100116968155	0.0917859077454	0.117929935455	0.105284929276	0.117994070053	0.0919570922852	0.156285047531	0.10085105896	0.118260145187	0.104196071625	0.106295824051	0.0962889194489	0.114003896713	0.117569923401	0.0959270000458	0.133391141891	0.128581047058	0.0900700092316	0.0705819129944	0.131922006607	0.107537031174	0.0923678874969	0.104020118713	0.0941751003265	0.0931789875031	0.0995221138	0.10026884079	0.100996017456	0.106374979019	0.105700969696	0.0836560726166	0.107112169266	0.11484503746	0.106477975845	0.122405052185	
['./treeMaker/main', '-m', '-a', '2']
0.0939240455627	0.0880899429321	0.0725309848785	0.0913698673248	0.0775690078735	0.0979959964752	0.0880877971649	0.095113992691	0.103480100632	0.103170156479	0.0900118350983	0.0828769207001	0.0778460502625	0.0962519645691	0.12734913826	0.0893969535828	0.0825550556183	0.110176086426	0.0966789722443	0.0993258953094	0.0864818096161	0.134886026382	0.0940608978271	0.113651990891	0.097179889679	0.100548028946	0.0903120040894	0.101173877716	0.121629953384	0.0868270397186	0.112135887146	0.122220039368	0.0823330879211	0.0622849464417	0.107530117035	0.0841429233551	0.0784230232239	0.0888781547546	0.0866198539734	0.0740599632263	0.0914781093597	0.0926060676575	0.0935139656067	0.0947949886322	0.0844769477844	0.0868649482727	0.0904381275177	0.109658956528	0.0978970527649	0.125082969666	
