25_1000_5.2e-11_5.2e-11_470000000
25
1000
5.2e-11
5.2e-11
470000000

['./treeMaker/main']
0.0576059818268	0.055921792984	0.05499792099	0.0576407909393	0.0603971481323	0.0538790225983	0.0593359470367	0.0565922260284	0.0550630092621	0.0646741390228	0.0552110671997	0.0543520450592	0.0579359531403	0.0569620132446	0.0652949810028	0.0586199760437	0.055330991745	0.0540509223938	0.0622601509094	0.0581889152527	0.0620551109314	0.0544559955597	0.0676319599152	0.0569031238556	0.0548229217529	0.0553948879242	0.060161113739	0.0528042316437	0.063747882843	0.0556027889252	0.0539169311523	0.0620059967041	0.0575568675995	0.0620231628418	0.0592150688171	0.0539360046387	0.0539219379425	0.0531959533691	0.0541739463806	0.05157995224	0.0642321109772	0.0659561157227	0.0549600124359	0.0613608360291	0.0645370483398	0.0576560497284	0.0516090393066	0.0589039325714	0.0595529079437	0.0595870018005	
['./treeMaker/main', '-b']
0.0602688789368	0.0604448318481	0.0587739944458	0.0592260360718	0.0651359558105	0.0575330257416	0.0607678890228	0.0585808753967	0.0558371543884	0.0664720535278	0.0576989650726	0.056755065918	0.0588960647583	0.0557310581207	0.0687780380249	0.061231136322	0.058965921402	0.0555899143219	0.0636990070343	0.0605449676514	0.0607988834381	0.059711933136	0.0707020759583	0.0569338798523	0.0532629489899	0.0559210777283	0.0606560707092	0.0528659820557	0.0688891410828	0.0600938796997	0.0546441078186	0.0636839866638	0.0598089694977	0.0666410923004	0.0825290679932	0.0654518604279	0.060152053833	0.0542089939117	0.0564968585968	0.0537991523743	0.0657470226288	0.0666019916534	0.0569839477539	0.0610821247101	0.0641510486603	0.0593180656433	0.0510859489441	0.0565559864044	0.0623469352722	0.061607837677	
['./treeMaker/main', '-u']
0.0594420433044	0.0577478408813	0.0655920505524	0.0594041347504	0.0636410713196	0.0580179691315	0.0612599849701	0.058620929718	0.0564389228821	0.0670409202576	0.0569951534271	0.0563588142395	0.0608870983124	0.0628201961517	0.0779349803925	0.0626180171967	0.0564241409302	0.0535800457001	0.0633320808411	0.0590589046478	0.0628309249878	0.0575139522552	0.0703060626984	0.058944940567	0.0570261478424	0.0590980052948	0.0631699562073	0.0582449436188	0.0662388801575	0.061322927475	0.0583598613739	0.064551115036	0.0618767738342	0.0666718482971	0.060469865799	0.0609381198883	0.0581750869751	0.0581569671631	0.0604240894318	0.0554659366608	0.0650298595428	0.0666618347168	0.0571808815002	0.0615768432617	0.0570521354675	0.0582869052887	0.0522530078888	0.055958032608	0.0643889904022	0.0644328594208	
['./treeMaker/main', '-t', '-r', '1']
0.518343925476	0.4607629776	0.493584156036	0.479821205139	0.531359910965	0.476108074188	0.523811101913	0.49695110321	0.506682872772	0.547075033188	0.49169588089	0.480448961258	0.497338056564	0.499184846878	0.559747934341	0.505462169647	0.477964878082	0.452373027802	0.539374113083	0.508366107941	0.559448003769	0.466418981552	0.591892004013	0.486705064774	0.476097106934	0.498131036758	0.524636030197	0.453314065933	0.568778038025	0.483024120331	0.488154172897	0.565244913101	0.517942905426	0.58557510376	0.542829990387	0.49312710762	0.466294050217	0.471055984497	0.485425949097	0.462836027145	0.565124034882	0.553061008453	0.452342033386	0.507248878479	0.462902069092	0.515523910522	0.432821989059	0.484061956406	0.505186080933	0.512298822403	
['./treeMaker/main', '-t', '-r', '2']
0.623575925827	0.594174861908	0.616820812225	0.621517896652	0.676728010178	0.567444086075	0.631916046143	0.621517896652	0.586879014969	0.720067977905	0.610346078873	0.571300983429	0.629794836044	0.597571849823	0.723268032074	0.642937898636	0.574323892593	0.559887886047	0.68176484108	0.60684800148	0.65966296196	0.565077066422	0.757544994354	0.595508098602	0.586624860764	0.588128089905	0.698704004288	0.590608119965	0.72031211853	0.640201091766	0.614992141724	0.710269212723	0.638005018234	0.759334087372	0.702315092087	0.632920026779	0.582129001617	0.595301151276	0.602472066879	0.564707040787	0.697338104248	0.723542928696	0.632257223129	0.636065006256	0.598502159119	0.598233938217	0.507331132889	0.571192026138	0.684365987778	0.671851158142	
['./treeMaker/main', '-t', '-r', '1', '-N']
0.501178026199	0.493177175522	0.463794946671	0.518059015274	0.552266836166	0.485550880432	0.539167881012	0.482919931412	0.4715487957	0.56302690506	0.486443996429	0.4780189991	0.507468223572	0.492551088333	0.557420015335	0.486655950546	0.461859941483	0.461564064026	0.547930002213	0.498044967651	0.549277067184	0.457707166672	0.576037883759	0.475143909454	0.46108007431	0.49379992485	0.562331914902	0.47763800621	0.569828987122	0.510800123215	0.46409201622	0.558043003082	0.51144194603	0.572525024414	0.53910279274	0.483782052994	0.500271081924	0.469554901123	0.499245882034	0.440598011017	0.562030076981	0.581828117371	0.481752872467	0.531916856766	0.497654914856	0.49143409729	0.441344976425	0.483294963837	0.531717061996	0.522612094879	
['./treeMaker/main', '-t', '-r', '2', '-N']
0.632395982742	0.596588134766	0.616811990738	0.63809299469	0.704536914825	0.602751016617	0.651317834854	0.614548921585	0.618409156799	0.730271100998	0.587286949158	0.57266998291	0.644689083099	0.600097894669	0.726187944412	0.630635023117	0.594673156738	0.560312986374	0.732996940613	0.623429059982	0.66265296936	0.566463947296	0.801294088364	0.597134828568	0.618270874023	0.634056091309	0.706903934479	0.580588817596	0.749583005905	0.621917963028	0.610711097717	0.7291431427	0.633718013763	0.701604127884	0.711305141449	0.617071151733	0.609623193741	0.600640058517	0.617311954498	0.574282884598	0.728204965591	0.739948034286	0.613065958023	0.634124994278	0.615391016006	0.705024003983	0.559046030045	0.611670017242	0.637428045273	0.660866975784	
['./treeMaker/main', '-m']
0.0476560592651	0.044203042984	0.0601079463959	0.0520148277283	0.0474920272827	0.046205997467	0.048919916153	0.047590970993	0.0455989837646	0.0501840114594	0.0545260906219	0.0478489398956	0.0502109527588	0.046413898468	0.0486490726471	0.047572851181	0.0466890335083	0.0572669506073	0.0494019985199	0.0482451915741	0.0539221763611	0.0453319549561	0.0496408939362	0.0466639995575	0.0452868938446	0.0455160140991	0.0476830005646	0.0453629493713	0.0495181083679	0.046315908432	0.0486788749695	0.0503869056702	0.0503120422363	0.0518608093262	0.0486030578613	0.0496680736542	0.0486857891083	0.0473718643188	0.0477440357208	0.0472149848938	0.0491919517517	0.0477590560913	0.0472898483276	0.0515389442444	0.050849199295	0.0512809753418	0.0464260578156	0.0473129749298	0.0490388870239	0.0496909618378	
['./treeMaker/main', '-m', '-b']
0.0484449863434	0.0503008365631	0.0477650165558	0.0476648807526	0.0517129898071	0.0463671684265	0.0491271018982	0.0484220981598	0.046658039093	0.0508658885956	0.0488719940186	0.0458660125732	0.0505790710449	0.048928976059	0.0495221614838	0.0473251342773	0.0481011867523	0.0469629764557	0.0475709438324	0.0513529777527	0.0503830909729	0.0454370975494	0.0515778064728	0.0489480495453	0.046816110611	0.0483021736145	0.0483391284943	0.0463988780975	0.0500218868256	0.0482230186462	0.0476741790771	0.0495500564575	0.0500359535217	0.0505700111389	0.053414106369	0.050938129425	0.047935962677	0.0478708744049	0.0478541851044	0.0462560653687	0.0524301528931	0.0518360137939	0.0477349758148	0.0488510131836	0.0476138591766	0.0482709407806	0.0460438728333	0.0482068061829	0.0504739284515	0.0494508743286	
['./treeMaker/main', '-m', '-w', '1']
0.0505690574646	0.0461671352386	0.0484149456024	0.0488860607147	0.0486578941345	0.0458219051361	0.048837184906	0.0466229915619	0.0470609664917	0.0493309497833	0.0467360019684	0.0471251010895	0.0485351085663	0.0464510917664	0.048672914505	0.0599508285522	0.0496871471405	0.0532100200653	0.0467529296875	0.0446889400482	0.0564181804657	0.0451219081879	0.0499839782715	0.0452630519867	0.0461728572845	0.0476839542389	0.0478370189667	0.0456709861755	0.0502610206604	0.0483059883118	0.0469150543213	0.0492970943451	0.047269821167	0.0533428192139	0.0481429100037	0.0445129871368	0.0459840297699	0.0470099449158	0.0464959144592	0.0478358268738	0.0486600399017	0.0508298873901	0.0466020107269	0.0501670837402	0.0498440265656	0.0482230186462	0.0470819473267	0.0467998981476	0.0594391822815	0.0606529712677	
['./treeMaker/main', '-m', '-w', '2']
0.0511300563812	0.0501399040222	0.0540001392365	0.0486781597137	0.0514991283417	0.0504200458527	0.0490159988403	0.0490379333496	0.0458838939667	0.0498011112213	0.0493998527527	0.0464842319489	0.0519578456879	0.0499398708344	0.0577909946442	0.0472700595856	0.0479078292847	0.0472798347473	0.0486860275269	0.0480499267578	0.0487241744995	0.0449950695038	0.0514969825745	0.0553221702576	0.0478360652924	0.048211812973	0.0488369464874	0.0471880435944	0.0501940250397	0.0469951629639	0.0476479530334	0.0497531890869	0.0495851039886	0.0485820770264	0.0470199584961	0.0468778610229	0.0462369918823	0.0466179847717	0.0464770793915	0.0457398891449	0.0495219230652	0.049998998642	0.0458250045776	0.050509929657	0.0463888645172	0.0474009513855	0.045462846756	0.0473589897156	0.0508899688721	0.0493040084839	
['./treeMaker/main', '-m', '-c', '1']
0.0591650009155	0.0478420257568	0.0465919971466	0.0477929115295	0.0501139163971	0.0502059459686	0.0578908920288	0.0514850616455	0.0457980632782	0.0497579574585	0.045991897583	0.0492250919342	0.0478940010071	0.0468270778656	0.0522749423981	0.044823884964	0.0468878746033	0.0462899208069	0.0482549667358	0.0506479740143	0.0487852096558	0.0460269451141	0.0523278713226	0.0483131408691	0.0473339557648	0.046847820282	0.0506570339203	0.0457501411438	0.049241065979	0.0479810237885	0.0559599399567	0.0537719726562	0.0509059429169	0.0495030879974	0.0477740764618	0.0445690155029	0.046364068985	0.0466289520264	0.0469870567322	0.0456221103668	0.0508010387421	0.050244808197	0.0492179393768	0.048614025116	0.0448839664459	0.0479898452759	0.0564608573914	0.0444478988647	0.0514600276947	0.0480999946594	
['./treeMaker/main', '-m', '-c', '2']
0.0466270446777	0.0563879013062	0.0447030067444	0.0476388931274	0.046539068222	0.0569109916687	0.0491940975189	0.0586519241333	0.0471038818359	0.0513751506805	0.0507168769836	0.0479800701141	0.0497570037842	0.0574810504913	0.0474581718445	0.0467150211334	0.0504529476166	0.0482609272003	0.0490329265594	0.048553943634	0.0534060001373	0.0472331047058	0.0501019954681	0.0479459762573	0.0464050769806	0.0518958568573	0.0494430065155	0.0471751689911	0.0506360530853	0.0473201274872	0.0516591072083	0.0541589260101	0.0513980388641	0.0502600669861	0.0595138072968	0.0455009937286	0.0463740825653	0.0471360683441	0.0479619503021	0.0493528842926	0.0511090755463	0.0494039058685	0.0481810569763	0.0455408096313	0.0491831302643	0.0496361255646	0.0465271472931	0.0465199947357	0.0500299930573	0.048327922821	
['./treeMaker/main', '-m', '-a', '1']
0.0648241043091	0.0621728897095	0.0608510971069	0.0617609024048	0.0629620552063	0.0628280639648	0.0614440441132	0.0595641136169	0.0577549934387	0.0638489723206	0.0625882148743	0.063759803772	0.0619540214539	0.061185836792	0.0657379627228	0.072242975235	0.0625760555267	0.0633618831635	0.0575909614563	0.0581150054932	0.0594069957733	0.0566391944885	0.061075925827	0.0577890872955	0.0573480129242	0.0723350048065	0.0602881908417	0.0593478679657	0.061821937561	0.0602421760559	0.0592019557953	0.0613100528717	0.0615289211273	0.0660538673401	0.067850112915	0.0622019767761	0.0621240139008	0.064398765564	0.0571520328522	0.0563340187073	0.0589950084686	0.0600049495697	0.0573778152466	0.0583310127258	0.0572328567505	0.0582139492035	0.0566039085388	0.0573658943176	0.0598700046539	0.0598940849304	
['./treeMaker/main', '-m', '-a', '2']
0.0455169677734	0.046441078186	0.0469350814819	0.0469450950623	0.0479679107666	0.0458490848541	0.0457110404968	0.0451419353485	0.0435268878937	0.0476899147034	0.0443820953369	0.0444748401642	0.0456929206848	0.0447268486023	0.0471680164337	0.0450618267059	0.044960975647	0.0462939739227	0.0475549697876	0.0566670894623	0.0526561737061	0.0554919242859	0.0503480434418	0.0480580329895	0.0465009212494	0.0478329658508	0.0486009120941	0.0466470718384	0.0494360923767	0.0475220680237	0.0508840084076	0.0533599853516	0.0496997833252	0.0492699146271	0.0492250919342	0.0471730232239	0.0497620105743	0.0457680225372	0.0490548610687	0.0480289459229	0.0518248081207	0.0526549816132	0.0485081672668	0.0603430271149	0.0511021614075	0.049299955368	0.0464148521423	0.0457108020782	0.0488848686218	0.0612990856171	
