25_1000_4.9e-10_4.9e-10_470000000_cut_6
25
1000
4.9e-10
4.9e-10
470000000
cut_6
['./treeMaker/main']
0.0945360660553	0.229125022888	0.205084085464	0.119261026382	0.159070014954	0.107149124146	0.142568826675	0.161941051483	0.155378103256	0.123901128769	0.12593793869	0.132616043091	0.140007019043	0.138020992279	0.104501962662	0.097188949585	0.171858072281	0.40745306015	0.140326976776	0.101981878281	0.132570028305	0.107291221619	0.186625957489	0.24663901329	0.228876829147	0.100407838821	0.172960042953	0.127698898315	0.0883810520172	0.0864119529724	0.352241039276	0.144076108932	1.22841310501	0.133869171143	0.0476658344269	0.206670999527	0.144860982895	0.117912769318	0.0938501358032	0.267609119415	0.106091022491	0.192972898483	1.04218482971	0.104137897491	0.174873113632	0.116180181503	0.0368502140045	0.0876109600067	0.0884659290314	0.489730119705	
['./treeMaker/main', '-b']
0.100903987885	0.224083185196	0.210025072098	0.120007038116	0.143676042557	0.109797000885	0.140957117081	0.165457963943	0.159246921539	0.131275892258	0.128424882889	0.151741981506	0.14234995842	0.133045911789	0.105619192123	0.0989639759064	0.200006961823	0.405640125275	0.143643856049	0.121921062469	0.120199918747	0.10729598999	0.174356222153	0.231584072113	0.243773937225	0.105690002441	0.163247108459	0.125901937485	0.086718082428	0.0844709873199	0.354006052017	0.151270866394	1.3151910305	0.136123895645	0.0507001876831	0.212238073349	0.143460988998	0.117149114609	0.0947699546814	0.259342908859	0.103904008865	0.19695019722	0.95627784729	0.102293968201	0.177717924118	0.119368076324	0.0376498699188	0.0896880626678	0.0918769836426	0.50240111351	
['./treeMaker/main', '-u']
0.0942430496216	0.238102197647	0.208281993866	0.117788076401	0.142011880875	0.120716094971	0.152951955795	0.168596982956	0.15264081955	0.13076210022	0.129805088043	0.137465953827	0.128618001938	0.131348848343	0.103632926941	0.0974628925323	0.172395944595	0.421867847443	0.156285047531	0.110551834106	0.123186826706	0.106408834457	0.175179004669	0.245985031128	0.243594884872	0.0993709564209	0.161679983139	0.129387140274	0.0874319076538	0.0836930274963	0.351731061935	0.162756919861	1.27524018288	0.133464813232	0.0481569766998	0.213850021362	0.140933990479	0.114387989044	0.0942080020905	0.270175933838	0.102869033813	0.201496839523	1.01897406578	0.105845928192	0.182018041611	0.122345924377	0.0394570827484	0.0921289920807	0.090451002121	0.462809085846	
['./treeMaker/main', '-t', '-r', '1']
0.930966854095	1.78303480148	1.57034993172	1.08178305626	1.20727705956	1.03131318092	1.26823997498	1.36136579514	1.26683688164	1.15074801445	1.07263112068	1.15967512131	1.14423584938	1.10812592506	0.952500104904	0.955937862396	1.40395212173	2.35503792763	1.19151496887	0.938815116882	1.11207389832	1.0196390152	1.36067199707	1.55626392365	1.65471506119	0.964776039124	1.44021987915	1.13757300377	0.837453126907	0.824551105499	2.13148403168	1.27987384796	4.50259494781	1.15828204155	0.511661052704	1.43989300728	1.28797698021	1.0452709198	0.878630161285	1.93634486198	0.962579965591	1.50499296188	3.68495106697	0.97996711731	1.55333709717	1.12200880051	0.362480163574	0.893831014633	0.844177961349	2.37932896614	
['./treeMaker/main', '-t', '-r', '2']
1.59017205238	3.1452319622	2.76511883736	1.91142106056	2.17378783226	1.78890514374	2.08662605286	2.34064698219	2.38772392273	1.89316797256	2.2486770153	2.0667181015	2.19140219688	2.0955619812	1.66926193237	1.65440988541	2.55518507957	4.69143509865	2.23816895485	1.66777515411	1.89386582375	1.81535482407	2.55078101158	3.17416620255	3.17514801025	1.7403819561	2.31652784348	2.13311600685	1.38362598419	1.36630988121	3.92516994476	2.30548787117	7.94444012642	2.05138278008	0.875655889511	3.06097817421	2.13310980797	1.71970200539	1.54820513725	3.27395892143	1.71101903915	3.10896682739	6.86749505997	1.64184784889	2.63524985313	1.88789200783	0.642773866653	1.54135203362	1.55985713005	5.03324198723	
['./treeMaker/main', '-t', '-r', '1', '-N']
0.9223279953	1.77364587784	1.55222892761	1.0841999054	1.21972203255	0.980217933655	1.23403906822	1.41363096237	1.31472611427	1.19853591919	1.12545013428	1.1935198307	1.16546082497	1.08699178696	0.983805894852	0.970215797424	1.44382190704	2.34718108177	1.15389609337	0.970074892044	1.13197493553	1.03120088577	1.41539001465	1.56285500526	1.6030600071	0.914427042007	1.41832613945	1.11056280136	0.88047504425	0.789510965347	2.19507193565	1.24209904671	4.5038318634	1.16352295876	0.475486040115	1.46826505661	1.21701693535	1.00636696815	0.927807092667	1.94136786461	0.950892925262	1.56280708313	3.69839000702	0.935364961624	1.54538011551	1.1055419445	0.391128063202	0.907340049744	0.810707807541	2.42208695412	
['./treeMaker/main', '-t', '-r', '2', '-N']
1.60165691376	3.19580888748	2.79115009308	1.91006016731	2.121986866	1.82934188843	2.04367399216	2.35888290405	2.3740401268	1.88279294968	2.23892521858	2.0966629982	2.16934514046	2.05809211731	1.69782590866	1.62689805031	2.59524416924	4.59444308281	2.21246194839	1.73581314087	1.85193800926	1.85719013214	2.59069013596	3.15935516357	3.14834189415	1.81390881538	2.35602092743	2.12181305885	1.36661291122	1.40437889099	3.97067904472	2.22011089325	7.94355797768	2.10293889046	0.850969076157	3.16753196716	2.11974787712	1.73337292671	1.55924105644	3.31705307961	1.76825404167	3.14671897888	6.97620391846	1.58822607994	2.63774490356	1.90493583679	0.651968002319	1.53460407257	1.49657893181	4.97145581245	
['./treeMaker/main', '-m']
0.044459104538	0.0638980865479	0.0637621879578	0.0489251613617	0.0529160499573	0.0462329387665	0.0526399612427	0.0560939311981	0.0553679466248	0.0486280918121	0.0515971183777	0.0512070655823	0.0514869689941	0.0518250465393	0.0531678199768	0.0479061603546	0.0631699562073	0.0872628688812	0.0562009811401	0.0487570762634	0.0517728328705	0.0487720966339	0.0607750415802	0.0707981586456	0.0661010742188	0.0440230369568	0.0561108589172	0.0513370037079	0.0411720275879	0.0416579246521	0.0763928890228	0.0546808242798	0.129124164581	0.0664069652557	0.0324559211731	0.0700809955597	0.0529799461365	0.0466458797455	0.0422348976135	0.0677628517151	0.0446429252625	0.0642220973969	0.116822004318	0.0459609031677	0.0595819950104	0.0496280193329	0.0270199775696	0.0423581600189	0.0422580242157	0.096116065979	
['./treeMaker/main', '-m', '-b']
0.0492868423462	0.0708479881287	0.0715780258179	0.0533428192139	0.0578241348267	0.0519800186157	0.0582818984985	0.0611701011658	0.0634670257568	0.0558869838715	0.0590908527374	0.0586318969727	0.0590269565582	0.057422876358	0.052570104599	0.0497288703918	0.0666961669922	0.097678899765	0.0573952198029	0.0508861541748	0.0534029006958	0.0508368015289	0.0665798187256	0.0727088451385	0.0776450634003	0.0472469329834	0.0603837966919	0.0549409389496	0.0434350967407	0.0440130233765	0.0826749801636	0.0575559139252	0.140981912613	0.0583989620209	0.0342788696289	0.0737659931183	0.0578961372375	0.0539479255676	0.0470659732819	0.0754730701447	0.0657560825348	0.0688829421997	0.12735915184	0.0608570575714	0.0732879638672	0.0501930713654	0.0275719165802	0.0453820228577	0.0459408760071	0.101831197739	
['./treeMaker/main', '-m', '-w', '1']
0.048406124115	0.0668339729309	0.0647430419922	0.0506641864777	0.055242061615	0.049467086792	0.0574059486389	0.0577709674835	0.0577340126038	0.0496640205383	0.0530791282654	0.0524201393127	0.0525698661804	0.0523769855499	0.0473229885101	0.0449118614197	0.0604209899902	0.0867428779602	0.0529320240021	0.046019077301	0.0539960861206	0.0484120845795	0.0629789829254	0.0684421062469	0.0696520805359	0.045389175415	0.0568399429321	0.0516021251678	0.0415060520172	0.0419180393219	0.0855479240417	0.0559601783752	0.127238988876	0.0535900592804	0.0310487747192	0.0680510997772	0.0532088279724	0.0481839179993	0.0436599254608	0.0703210830688	0.046306848526	0.064523935318	0.118917942047	0.0466010570526	0.0587069988251	0.048975944519	0.0267658233643	0.0440862178802	0.0428268909454	0.0903751850128	
['./treeMaker/main', '-m', '-w', '2']
0.0441551208496	0.0644979476929	0.0656940937042	0.0664508342743	0.0522129535675	0.046117067337	0.052402973175	0.055547952652	0.0553300380707	0.0482888221741	0.0517809391022	0.0646450519562	0.0547351837158	0.0546000003815	0.048789024353	0.0469861030579	0.0683698654175	0.100454092026	0.0525088310242	0.0465879440308	0.0490300655365	0.0457720756531	0.0588059425354	0.066771030426	0.0676708221436	0.0444030761719	0.0559370517731	0.0506949424744	0.0413370132446	0.0413429737091	0.0805730819702	0.0544719696045	0.129927158356	0.0650238990784	0.0338821411133	0.0691640377045	0.0540590286255	0.0525450706482	0.0455269813538	0.0755560398102	0.0496699810028	0.066694021225	0.121077060699	0.0484890937805	0.0647690296173	0.0516278743744	0.032026052475	0.0437247753143	0.0459899902344	0.0930209159851	
['./treeMaker/main', '-m', '-c', '1']
0.0456628799438	0.0667068958282	0.0632820129395	0.0504128932953	0.055018901825	0.0467481613159	0.0544281005859	0.0584950447083	0.0582849979401	0.0514450073242	0.0520470142365	0.0568928718567	0.0573101043701	0.0522899627686	0.0482912063599	0.0468580722809	0.0615479946136	0.0872399806976	0.057030916214	0.046480178833	0.050085067749	0.0463070869446	0.0593769550323	0.0682058334351	0.0690889358521	0.0446751117706	0.0565760135651	0.0515959262848	0.0544979572296	0.0461349487305	0.0767970085144	0.054979801178	0.13880610466	0.05548787117	0.032968044281	0.0720119476318	0.0541038513184	0.0471000671387	0.0451021194458	0.0707159042358	0.0478839874268	0.0676641464233	0.119055986404	0.065153837204	0.0570249557495	0.0483648777008	0.026447057724	0.04194688797	0.0424098968506	0.0913619995117	
['./treeMaker/main', '-m', '-c', '2']
0.0442349910736	0.0642189979553	0.0632100105286	0.0489130020142	0.0530588626862	0.0468809604645	0.0522668361664	0.0553300380707	0.062970161438	0.0512130260468	0.0525789260864	0.0512969493866	0.0510499477386	0.0496628284454	0.0574290752411	0.0466771125793	0.0689051151276	0.0877277851105	0.0571358203888	0.0497970581055	0.0536329746246	0.0498189926147	0.0604629516602	0.0692689418793	0.0707931518555	0.0449969768524	0.0567741394043	0.0514719486237	0.0414931774139	0.0417900085449	0.076817035675	0.0571329593658	0.126382827759	0.053416967392	0.0356910228729	0.0689051151276	0.0658268928528	0.0475149154663	0.0437428951263	0.0702230930328	0.0463650226593	0.0640089511871	0.117076873779	0.0445830821991	0.057088136673	0.0479040145874	0.0263919830322	0.0413680076599	0.0426049232483	0.0903730392456	
['./treeMaker/main', '-m', '-a', '1']
0.0470840930939	0.0680468082428	0.0671489238739	0.0520050525665	0.06272315979	0.0502059459686	0.0561578273773	0.0618288516998	0.0596790313721	0.052038192749	0.0557219982147	0.0556790828705	0.0557680130005	0.058926820755	0.0524580478668	0.0509519577026	0.0648460388184	0.094083070755	0.0581760406494	0.0497889518738	0.0564601421356	0.0519731044769	0.0664808750153	0.0890419483185	0.0708408355713	0.0490770339966	0.0601551532745	0.0553839206696	0.0449869632721	0.0457699298859	0.0823569297791	0.0623199939728	0.13423204422	0.0575590133667	0.0395369529724	0.0725538730621	0.0577459335327	0.0517718791962	0.0469000339508	0.0742061138153	0.0502200126648	0.068097114563	0.122195005417	0.0501141548157	0.0626471042633	0.0528931617737	0.0297889709473	0.0463039875031	0.0471591949463	0.0980260372162	
['./treeMaker/main', '-m', '-a', '2']
0.0446689128876	0.066153049469	0.0643270015717	0.0495848655701	0.0544271469116	0.0473320484161	0.0544850826263	0.0573709011078	0.0570940971375	0.0478119850159	0.0518310070038	0.0537340641022	0.0540640354156	0.0526299476624	0.0481791496277	0.0457880496979	0.0653131008148	0.102127075195	0.0522351264954	0.0459539890289	0.0623660087585	0.045923948288	0.0596380233765	0.06831407547	0.0689339637756	0.0450899600983	0.056627035141	0.0519499778748	0.0415458679199	0.0420899391174	0.0771911144257	0.0644431114197	0.128808021545	0.0555739402771	0.0306780338287	0.0672788619995	0.0517208576202	0.0474810600281	0.0430688858032	0.0686490535736	0.0455808639526	0.0623850822449	0.126935958862	0.0459039211273	0.0589900016785	0.0487480163574	0.0267691612244	0.0423209667206	0.0436100959778	0.100281000137	
