25_1000_4.9e-10_4.9e-10_470000000
25
1000
4.9e-10
4.9e-10
470000000

['./treeMaker/main']
0.342350006104	0.816236019135	0.937561988831	0.455019950867	0.512986898422	0.387217998505	0.50679397583	0.695709943771	0.577172040939	0.494062185287	0.515936136246	0.572019100189	0.458443164825	0.43625998497	0.391644001007	0.385473012924	0.703572034836	1.53459000587	0.574172973633	0.385338068008	0.515053987503	0.444186925888	0.634196996689	0.895458936691	0.846396207809	0.368149995804	0.718502044678	0.459609985352	0.313263177872	0.340616941452	1.17560100555	0.538249015808	3.49119997025	0.481408834457	0.197084188461	0.878778934479	0.527281045914	0.397510051727	0.329393863678	0.993443012238	0.375921010971	0.746009111404	3.18707680702	0.410622119904	0.692466974258	0.432457923889	0.149703979492	0.322077035904	0.304853916168	1.70480298996	
['./treeMaker/main', '-b']
0.328810930252	0.829960107803	0.882899045944	0.463965892792	0.494665145874	0.404760122299	0.535914182663	0.688685894012	0.593702077866	0.496541023254	0.533797979355	0.557090044022	0.501965999603	0.454101085663	0.415144920349	0.391800880432	0.671816825867	1.57820010185	0.539498090744	0.366513967514	0.522637844086	0.443177938461	0.68496799469	0.859837055206	0.913000822067	0.375682115555	0.74595117569	0.471543073654	0.319347143173	0.317795991898	1.22453808784	0.522022008896	3.55150914192	0.483196020126	0.20126914978	0.81027007103	0.515160083771	0.406434059143	0.341865062714	0.919310092926	0.390991926193	0.7580909729	3.22316002846	0.386684894562	0.686053037643	0.429265975952	0.148890972137	0.31040596962	0.321049928665	1.70058298111	
['./treeMaker/main', '-u']
0.327937841415	0.854506969452	0.913140058517	0.453876018524	0.470878124237	0.378329992294	0.534470081329	0.681264162064	0.525790929794	0.492129087448	0.496901988983	0.532689094543	0.456753969193	0.458080053329	0.408951997757	0.372586965561	0.685195922852	1.50058603287	0.514997959137	0.385548830032	0.514258861542	0.41429400444	0.649666070938	0.891077041626	0.88299202919	0.385946035385	0.640269994736	0.425307035446	0.320239067078	0.327889919281	1.04727983475	0.490404844284	3.36991095543	0.432887077332	0.187363862991	0.73859500885	0.537748098373	0.382585048676	0.323861837387	0.914531946182	0.35213804245	0.71786904335	3.23721981049	0.396801948547	0.671139955521	0.439975976944	0.1536860466	0.317738056183	0.309375047684	1.70374298096	
['./treeMaker/main', '-t', '-r', '1']
1.97907209396	3.39059710503	3.31654500961	2.22962403297	2.42699813843	2.16737389565	2.54561209679	2.93376898766	2.54783201218	2.51700401306	2.39316701889	2.48804712296	2.39778900146	2.2796330452	2.1831510067	2.21338295937	3.07832098007	4.37335991859	2.60090398788	1.96467900276	2.51631808281	2.11262011528	2.82491898537	3.0120871067	3.28208994865	1.98381400108	3.14118123055	2.39038586617	1.93949198723	1.91779494286	3.86601209641	2.64337611198	7.18449401855	2.34702396393	1.34477996826	3.3919198513	2.53364300728	2.23224210739	1.85912585258	3.42006587982	2.06130981445	3.04831314087	6.42468500137	2.13409399986	2.97857499123	2.23463988304	1.10658717155	1.94006085396	1.79852700233	4.45703411102	
['./treeMaker/main', '-t', '-r', '2']
3.28744411469	5.70275306702	5.95575284958	4.0940079689	4.0354218483	3.75896286964	4.15392613411	4.81205010414	4.68995523453	4.06807112694	4.73257493973	4.60285902023	4.3120341301	4.28593492508	3.7675511837	3.45151805878	5.06245803833	8.28614091873	4.58350896835	3.78860616684	4.25014305115	4.46517801285	4.78750085831	5.84026193619	5.58339691162	4.05970096588	5.14565396309	4.11392211914	3.20958781242	3.28226113319	7.29762196541	4.40543985367	12.4908139706	3.93919301033	2.39598798752	5.85720014572	4.46005797386	3.83752894402	3.30354309082	6.159263134	3.85542798042	5.52435088158	11.7260680199	3.73603796959	4.98252987862	3.78862190247	1.88838219643	3.3390390873	3.31201791763	9.61729502678	
['./treeMaker/main', '-t', '-r', '1', '-N']
2.05878901482	3.4362180233	3.22949695587	2.32817602158	2.39777398109	2.28174090385	2.57979297638	2.92404484749	2.57513189316	2.52088713646	2.36049199104	2.59546995163	2.32748889923	2.24305915833	2.21236205101	2.18291902542	2.966588974	4.33144903183	2.74965000153	2.04962706566	2.4942138195	2.16047286987	2.83045506477	3.00268912315	3.2632420063	1.97476696968	3.0723118782	2.38050103188	1.92792487144	1.93951797485	3.88583612442	2.57532382011	7.1945130825	2.42486286163	1.37450289726	3.43696689606	2.66697978973	2.19273686409	1.91062307358	3.49518108368	2.11176490784	2.9999370575	6.25809693336	2.12199687958	2.98632502556	2.20810103416	1.09338021278	1.90199804306	1.84753084183	4.43215298653	
['./treeMaker/main', '-t', '-r', '2', '-N']
3.22325921059	5.80118608475	5.90698695183	4.10925912857	4.05697107315	3.80100703239	4.14567399025	4.82058906555	4.66743588448	4.1590950489	4.84528493881	4.63615703583	4.30454683304	4.06264090538	3.75169682503	3.43861198425	5.02025103569	8.32050013542	4.54105901718	3.81379508972	4.32222700119	4.49357891083	4.87901520729	5.87544083595	5.64052200317	4.03308081627	5.09127807617	4.15191102028	3.14452600479	3.38383793831	7.30957794189	4.43847608566	12.2373452187	3.96033811569	2.35803103447	5.67213582993	4.53403711319	3.84372997284	3.38894200325	6.15430808067	3.6977751255	5.50218200684	11.8852028847	3.54496788979	5.0265390873	3.78939294815	1.93590188026	3.31060194969	3.23929405212	9.45488715172	
['./treeMaker/main', '-m']
0.0863859653473	0.115113973618	0.117798089981	0.0983779430389	0.0972130298615	0.0918500423431	0.0994050502777	0.109044075012	0.11048412323	0.0932011604309	0.100915193558	0.10137796402	0.0991640090942	0.0989601612091	0.107370138168	0.091078042984	0.113393068314	0.150393009186	0.10520195961	0.0929441452026	0.09716796875	0.0994608402252	0.114567041397	0.120126962662	0.121633768082	0.107414007187	0.112227916718	0.0996940135956	0.0869989395142	0.0898611545563	0.138119935989	0.104520082474	0.199864149094	0.0946419239044	0.0730500221252	0.128625154495	0.102749109268	0.0949759483337	0.0849959850311	0.122215032578	0.0905339717865	0.124737977982	0.18216085434	0.094034910202	0.10841012001	0.0902791023254	0.0657901763916	0.0832879543304	0.0867800712585	0.163081884384	
['./treeMaker/main', '-m', '-b']
0.10284280777	0.120026111603	0.134089946747	0.105043172836	0.104463100433	0.110631942749	0.102415084839	0.116199016571	0.113056898117	0.10311293602	0.112090826035	0.109045028687	0.10204911232	0.10124707222	0.0967919826508	0.102635860443	0.131691932678	0.154284000397	0.112024068832	0.0995759963989	0.107086896896	0.109307050705	0.111680984497	0.140899896622	0.143899917603	0.103528022766	0.120220899582	0.103588104248	0.0920939445496	0.0914850234985	0.144954919815	0.106692075729	0.214433908463	0.10351395607	0.0904951095581	0.126643896103	0.105757951736	0.0975518226624	0.0874960422516	0.12627696991	0.0954480171204	0.134010076523	0.206400871277	0.0989639759064	0.137475013733	0.101002931595	0.0707759857178	0.103530883789	0.091381072998	0.179416894913	
['./treeMaker/main', '-m', '-w', '1']
0.0866839885712	0.117162227631	0.117249011993	0.0979599952698	0.0944721698761	0.0888478755951	0.101385831833	0.109481811523	0.100901126862	0.0956168174744	0.104382991791	0.115570068359	0.0955150127411	0.0954308509827	0.0950858592987	0.0899879932404	0.112175941467	0.153150081635	0.101810932159	0.0901560783386	0.0956361293793	0.0975639820099	0.103687047958	0.117770195007	0.117129087448	0.0968160629272	0.124038934708	0.0961360931396	0.0860319137573	0.0971357822418	0.135493040085	0.0963659286499	0.201324939728	0.0954577922821	0.0720789432526	0.113508939743	0.0994219779968	0.0960621833801	0.0967381000519	0.125494003296	0.0980291366577	0.118580102921	0.202862024307	0.0906600952148	0.104253053665	0.0907599925995	0.0658268928528	0.0831158161163	0.0853819847107	0.17683506012	
['./treeMaker/main', '-m', '-w', '2']
0.0837709903717	0.115718841553	0.124225854874	0.0983729362488	0.0990879535675	0.0899770259857	0.0965900421143	0.111243009567	0.11761713028	0.0971949100494	0.105359077454	0.101451873779	0.0965049266815	0.0965502262115	0.0923130512238	0.0874929428101	0.121538877487	0.150219202042	0.102873086929	0.0927221775055	0.101388931274	0.10319519043	0.108686923981	0.123579025269	0.119148015976	0.0973858833313	0.112627983093	0.0983278751373	0.0856730937958	0.0975739955902	0.130486965179	0.0984778404236	0.209774017334	0.102791070938	0.0776400566101	0.122097015381	0.105861902237	0.098326921463	0.0819149017334	0.123891115189	0.0940759181976	0.111479997635	0.189858913422	0.0902979373932	0.105751991272	0.0927379131317	0.0666680335999	0.0998990535736	0.089143037796	0.175354003906	
['./treeMaker/main', '-m', '-c', '1']
0.0955910682678	0.130210876465	0.121171951294	0.0989029407501	0.102339029312	0.0927929878235	0.102746963501	0.110362052917	0.104104995728	0.0952320098877	0.103819131851	0.113360881805	0.113296985626	0.0948190689087	0.0910830497742	0.0909991264343	0.113188028336	0.149909973145	0.104912042618	0.0955519676208	0.100057125092	0.101790904999	0.122312068939	0.117262125015	0.124047994614	0.0929138660431	0.107153892517	0.0935380458832	0.0819602012634	0.0886719226837	0.135512113571	0.0965478420258	0.202534198761	0.0923008918762	0.0719840526581	0.121159076691	0.103485107422	0.0908238887787	0.0817930698395	0.123852968216	0.0933458805084	0.110963106155	0.199934005737	0.0939490795135	0.108511924744	0.0937919616699	0.0675449371338	0.0846829414368	0.0876741409302	0.171140909195	
['./treeMaker/main', '-m', '-c', '2']
0.088406085968	0.125229120255	0.120529174805	0.0968518257141	0.102079868317	0.0919759273529	0.0960319042206	0.105309963226	0.116535186768	0.107682943344	0.100709915161	0.101130008698	0.096314907074	0.100609064102	0.0944409370422	0.0898449420929	0.111263036728	0.148766994476	0.10005402565	0.0945010185242	0.100602865219	0.103406906128	0.106046915054	0.117757081985	0.124686002731	0.0964949131012	0.106276988983	0.0980257987976	0.0849010944366	0.0870940685272	0.131986856461	0.102604150772	0.201952934265	0.0969388484955	0.0768311023712	0.117866039276	0.0994420051575	0.092129945755	0.0976409912109	0.122590065002	0.093080997467	0.115675926208	0.181462049484	0.0903289318085	0.110460996628	0.0941591262817	0.0673451423645	0.0852160453796	0.0839378833771	0.166079998016	
['./treeMaker/main', '-m', '-a', '1']
0.105628967285	0.135225057602	0.130051851273	0.117755889893	0.101642131805	0.102484941483	0.107053995132	0.12552189827	0.114077806473	0.109459877014	0.109747886658	0.122123003006	0.108968019485	0.105895042419	0.117429971695	0.0978059768677	0.1208589077	0.165620088577	0.115106105804	0.100853919983	0.105727910995	0.108613014221	0.115966081619	0.130823850632	0.134407997131	0.103064060211	0.115281105042	0.108547925949	0.0912017822266	0.0950889587402	0.142014980316	0.109587192535	0.203774213791	0.114151000977	0.0811660289764	0.128993988037	0.107097148895	0.0992839336395	0.0890090465546	0.12410902977	0.098582983017	0.119787931442	0.202013015747	0.102442979813	0.110894918442	0.105406045914	0.0814850330353	0.106817960739	0.0941331386566	0.165225982666	
['./treeMaker/main', '-m', '-a', '2']
0.0866589546204	0.112225055695	0.122624158859	0.0939099788666	0.0954549312592	0.0889570713043	0.109136104584	0.109824895859	0.105777025223	0.0943911075592	0.100734949112	0.118071079254	0.0992548465729	0.0991089344025	0.10684800148	0.0867931842804	0.121700048447	0.151875972748	0.100844860077	0.0952570438385	0.100025892258	0.102030038834	0.108729839325	0.122913837433	0.122136116028	0.0969431400299	0.106969118118	0.0944139957428	0.082592010498	0.0848200321198	0.130889892578	0.0997049808502	0.202297925949	0.0969400405884	0.085401058197	0.116369009018	0.102243185043	0.0971331596375	0.0853250026703	0.122449874878	0.0967359542847	0.115812063217	0.193433046341	0.0931429862976	0.108613967896	0.0945560932159	0.0678131580353	0.0849339962006	0.0900690555573	0.1773250103	
