25_1000_2.7e-10_2.7e-11_470000000
25
1000
2.7e-10
2.7e-11
470000000

['./treeMaker/main']
0.774953126907	0.270315170288	0.344402074814	0.281938076019	0.525103092194	0.986621856689	1.00966191292	0.40691614151	1.95486807823	1.57020497322	0.41234588623	2.17954897881	0.667137145996	4.22549986839	0.470843076706	1.36118388176	0.594404935837	0.436845064163	2.05207800865	0.99161195755	0.765335083008	0.561492204666	0.602394104004	0.542029857635	1.78246998787	0.897300004959	1.46015000343	0.754282951355	0.26477599144	1.63474297523	0.349011898041	0.336003065109	0.623679876328	0.775291919708	0.781939983368	0.478459835052	0.366395950317	0.625788927078	0.410551071167	1.62395191193	2.11516404152	1.98333501816	1.47084403038	1.15543293953	2.53469800949	0.398008108139	0.470798015594	1.3250169754	0.484018087387	0.603222846985	
['./treeMaker/main', '-b']
0.768619060516	0.284185171127	0.332196950912	0.288236141205	0.527432918549	0.995138168335	1.0106549263	0.455458164215	2.01225209236	1.65009593964	0.3928129673	2.17822885513	0.673144817352	4.30893707275	0.496412038803	1.45508885384	0.556598901749	0.432080030441	2.12467217445	1.02848815918	0.844409942627	0.583509922028	0.665395975113	0.545305967331	1.96847605705	0.945101976395	1.59044408798	0.725945949554	0.281625032425	1.63040399551	0.355857849121	0.33740901947	0.627262830734	0.747058153152	0.782127857208	0.526601076126	0.360752105713	0.632671117783	0.464241981506	1.65970301628	2.30302405357	2.27966618538	1.61239409447	1.10645794868	2.6384780407	0.39289689064	0.502440929413	1.38352918625	0.559141159058	0.632615089417	
['./treeMaker/main', '-u']
0.792291164398	0.283503055573	0.334654092789	0.282513856888	0.531803846359	1.03221392632	1.01408410072	0.437216997147	2.09968209267	1.60364413261	0.439951896667	2.23396396637	0.687530994415	4.15767121315	0.460057020187	1.32033991814	0.535559892654	0.422431945801	2.130382061	1.0130610466	0.856263875961	0.58204293251	0.650374174118	0.559011936188	1.79123783112	1.0094461441	1.4410200119	0.719818115234	0.281346797943	1.69745516777	0.353682994843	0.338649988174	0.649495124817	0.741213083267	0.800303936005	0.505654811859	0.36088013649	0.643378019333	0.428202867508	1.67239999771	2.16743397713	2.20538687706	1.62214803696	1.19041013718	2.70055890083	0.394604921341	0.477010011673	1.36568617821	0.549689054489	0.59460401535	
['./treeMaker/main', '-t', '-r', '1']
3.25005817413	1.81145787239	2.05906915665	1.78291320801	2.67008185387	3.72784686089	3.73898887634	2.37270212173	5.42254114151	4.85683917999	2.27268505096	5.47032308578	3.00576400757	8.2024731636	2.52345204353	4.62197899818	2.76767992973	2.4385740757	5.62512397766	3.6763279438	3.32802009583	2.95229887962	3.01024508476	2.71331596375	5.46193194389	3.75819206238	4.79352903366	3.18471598625	1.80879497528	5.04827284813	2.11642599106	2.00596499443	2.95995092392	3.3063120842	3.31175613403	2.57786989212	2.1085319519	2.85941505432	2.39317297935	4.99959897995	5.80427193642	5.73665213585	4.90933895111	4.17554497719	6.51126384735	2.16504621506	2.61453199387	4.34956288338	2.64258098602	2.98075008392	
['./treeMaker/main', '-t', '-r', '2']
4.40922689438	2.57022595406	2.84328508377	2.46314120293	3.65222215652	5.14330482483	4.92691588402	3.35105991364	7.71301603317	6.45079302788	3.27584290504	7.85288596153	4.22422409058	11.5116159916	3.68575692177	6.30980300903	3.79844379425	3.40041208267	7.6791498661	5.12643313408	4.75700902939	4.02433490753	4.05176186562	3.92175316811	7.20415997505	5.18704605103	6.54330897331	4.56139206886	2.59769296646	6.69243001938	2.99549412727	2.7304880619	4.1501429081	4.82130503654	4.55064296722	3.66121602058	2.91444993019	4.16617703438	3.24282598495	6.56890392303	8.0162088871	7.81864619255	6.71856093407	5.76065707207	8.52908802032	3.10122895241	3.58192300797	6.45076704025	3.64438295364	3.97756195068	
['./treeMaker/main', '-t', '-r', '1', '-N']
3.19068694115	1.80209207535	1.99254012108	1.81512308121	2.58855295181	3.7553730011	3.7248840332	2.33416604996	5.60287499428	4.91680192947	2.25024604797	5.34511017799	3.06374597549	8.16791987419	2.69902586937	4.70060801506	2.71761584282	2.43881082535	5.63162302971	3.69611406326	3.36523294449	2.85205316544	3.01825904846	2.76758098602	5.53190588951	3.72305798531	4.82252812386	3.14470815659	1.80113601685	4.99115610123	2.19776296616	2.05136203766	2.94387793541	3.37990498543	3.41140794754	2.57128000259	2.03718996048	2.90656685829	2.39322495461	4.95928692818	5.70671701431	5.77441883087	5.16302990913	4.18408608437	6.48479795456	2.22858691216	2.58290100098	4.35288095474	2.64520120621	2.94966888428	
['./treeMaker/main', '-t', '-r', '2', '-N']
4.39250802994	2.5323331356	2.8502869606	2.5047647953	3.70579504967	5.11543178558	4.85417413712	3.26555895805	7.62688302994	6.49108600616	3.24248600006	7.88571095467	4.20804405212	11.4109630585	3.50137996674	6.25451087952	3.83557915688	3.36605906487	7.54097509384	5.11983013153	4.76937294006	3.91961812973	4.07206606865	3.72926306725	7.31078791618	5.34643816948	6.40800309181	4.53573298454	2.55248999596	6.69709205627	2.96130800247	2.77809095383	4.10796093941	4.71615505219	4.52140402794	3.58730697632	2.87290215492	4.15824484825	3.22657108307	6.78954601288	8.03686904907	7.81711983681	6.80738902092	5.69049406052	8.39203596115	3.00958204269	3.53116893768	6.42832589149	3.67557406425	4.03565001488	
['./treeMaker/main', '-m']
0.134870052338	0.0918898582458	0.0968039035797	0.0939140319824	0.110892057419	0.133114099503	0.145683050156	0.106590986252	0.170655012131	0.153918981552	0.102856874466	0.174289941788	0.11801815033	0.225238084793	0.122234106064	0.157860040665	0.111978054047	0.102879047394	0.165890932083	0.130954027176	0.126709938049	0.11735200882	0.119379043579	0.112993955612	0.165448904037	0.135469913483	0.157231092453	0.129724025726	0.0955748558044	0.158998966217	0.105404138565	0.0959630012512	0.124368906021	0.12845993042	0.1216609478	0.114948987961	0.0996389389038	0.128292798996	0.108034133911	0.159451961517	0.180095911026	0.192368030548	0.158662080765	0.137836933136	0.194043874741	0.0997788906097	0.108685970306	0.150796890259	0.1164021492	0.1155128479	
['./treeMaker/main', '-m', '-b']
0.130036115646	0.0986618995667	0.104970932007	0.0934190750122	0.119385957718	0.140405893326	0.148393154144	0.114130020142	0.194948911667	0.171017885208	0.107659816742	0.189246177673	0.140655994415	0.249288082123	0.119452953339	0.164067983627	0.123003959656	0.113250017166	0.184971094131	0.155498027802	0.142176151276	0.121662139893	0.126449108124	0.119305849075	0.193170070648	0.140752077103	0.180857896805	0.131605148315	0.099839925766	0.169857025146	0.10186290741	0.0997428894043	0.12327504158	0.132256984711	0.144609928131	0.126004934311	0.107563972473	0.127106904984	0.116888999939	0.175625801086	0.18882393837	0.192173957825	0.167829990387	0.151255130768	0.204225063324	0.113255023956	0.12042593956	0.168829917908	0.124139785767	0.128069877625	
['./treeMaker/main', '-m', '-w', '1']
0.129563093185	0.0936031341553	0.0984091758728	0.104244947433	0.115067005157	0.137985944748	0.130784988403	0.10324215889	0.16351890564	0.1687541008	0.104063987732	0.167829990387	0.122419118881	0.227771997452	0.10922908783	0.151772022247	0.118139982224	0.11779499054	0.164443969727	0.13917183876	0.144999027252	0.117211103439	0.119265079498	0.110078811646	0.165982961655	0.155823945999	0.168480157852	0.125043153763	0.0911350250244	0.151871919632	0.102387905121	0.0959229469299	0.120296001434	0.134203910828	0.130311012268	0.123872995377	0.09743309021	0.131422996521	0.111056089401	0.175228834152	0.179179906845	0.182960987091	0.152973175049	0.136894226074	0.193412065506	0.116394042969	0.106755018234	0.158781051636	0.114070177078	0.119749069214	
['./treeMaker/main', '-m', '-w', '2']
0.141753911972	0.0921227931976	0.0957970619202	0.0895030498505	0.116322040558	0.136883020401	0.137872934341	0.103718996048	0.171551942825	0.15490603447	0.108915090561	0.176928043365	0.124415874481	0.23562002182	0.108798027039	0.161947965622	0.115181922913	0.121078968048	0.172927856445	0.138175964355	0.132682085037	0.114786863327	0.134920835495	0.117801904678	0.158807039261	0.138369083405	0.157624959946	0.141130924225	0.0952818393707	0.17351102829	0.0996220111847	0.098130941391	0.122119903564	0.129542827606	0.124216079712	0.109586000443	0.0991380214691	0.132452964783	0.107691049576	0.171024084091	0.186285972595	0.168743848801	0.15864610672	0.144320964813	0.184126138687	0.113644123077	0.113901138306	0.148530960083	0.117506027222	0.116009950638	
['./treeMaker/main', '-m', '-c', '1']
0.140002012253	0.0895040035248	0.100094079971	0.10188293457	0.107547044754	0.130749940872	0.131880998611	0.103143930435	0.177143096924	0.154720067978	0.105798006058	0.18883395195	0.121990919113	0.235507011414	0.129710197449	0.147068023682	0.126658916473	0.107069969177	0.171986103058	0.133020877838	0.126752853394	0.119683980942	0.119075059891	0.116405963898	0.175059080124	0.136538028717	0.155745983124	0.128654003143	0.0993559360504	0.163689851761	0.106192827225	0.1000020504	0.123023033142	0.123616218567	0.120902061462	0.112851142883	0.101135015488	0.120534181595	0.10905790329	0.158413171768	0.172198057175	0.173921823502	0.157978057861	0.137567043304	0.179974079132	0.114823102951	0.105945110321	0.158535957336	0.116054058075	0.112756967545	
['./treeMaker/main', '-m', '-c', '2']
0.123430967331	0.0929670333862	0.0987138748169	0.0955450534821	0.116019964218	0.139428853989	0.13916683197	0.113925933838	0.16619181633	0.155704021454	0.117756128311	0.176656007767	0.118954896927	0.228234052658	0.107712030411	0.153068780899	0.113009929657	0.104218006134	0.173685073853	0.136856079102	0.13125705719	0.12727689743	0.13334608078	0.122124910355	0.175840139389	0.138928174973	0.157171964645	0.128674983978	0.0938971042633	0.158006906509	0.0979981422424	0.0973889827728	0.138025999069	0.131731033325	0.126349925995	0.124575853348	0.110355854034	0.118942975998	0.103065013885	0.152335882187	0.169511795044	0.176980018616	0.170205116272	0.136249065399	0.180809020996	0.108227968216	0.113089084625	0.14727306366	0.113121986389	0.117414951324	
['./treeMaker/main', '-m', '-a', '1']
0.151947975159	0.112188100815	0.112457036972	0.107536077499	0.126487970352	0.162972927094	0.152901887894	0.133145093918	0.194524049759	0.181012153625	0.119833946228	0.201088905334	0.138292074203	0.243559122086	0.12441110611	0.169031858444	0.136596918106	0.116855859756	0.190892934799	0.151387929916	0.141829013824	0.132378101349	0.147720098495	0.12327003479	0.174293994904	0.161463975906	0.173454999924	0.15594291687	0.106391906738	0.16624712944	0.118041038513	0.109485149384	0.131868124008	0.139327049255	0.13601398468	0.126122951508	0.116942167282	0.151535987854	0.13373708725	0.183375120163	0.198738098145	0.185237884521	0.179361104965	0.158019065857	0.216380119324	0.119878053665	0.125243186951	0.16840004921	0.125229120255	0.129364013672	
['./treeMaker/main', '-m', '-a', '2']
0.139724969864	0.0933899879456	0.0981559753418	0.0911378860474	0.111996889114	0.14760684967	0.140825033188	0.10733294487	0.171832799911	0.157425165176	0.105560064316	0.177520990372	0.135484933853	0.226360082626	0.121343135834	0.163727045059	0.117881059647	0.105134010315	0.167768001556	0.135977983475	0.129489898682	0.117365121841	0.11923789978	0.116772890091	0.177622795105	0.140542984009	0.149289131165	0.123543977737	0.0959451198578	0.161908864975	0.103729009628	0.101781129837	0.123920917511	0.129401922226	0.126816034317	0.113143920898	0.102454185486	0.121026039124	0.108748912811	0.172265052795	0.181672811508	0.167011022568	0.169551134109	0.14999294281	0.187975883484	0.104159116745	0.106331825256	0.16298699379	0.115541934967	0.114128112793	
