25_1000_1.9e-10_1.9e-10_470000000
25
1000
1.9e-10
1.9e-10
470000000

['./treeMaker/main']
0.100075960159	0.130172014236	0.107085943222	0.12529706955	0.0990061759949	0.154824018478	0.118310928345	0.120743989944	0.106266021729	0.111878871918	0.266465187073	0.136946201324	0.177505016327	0.0890581607819	0.103183984756	0.114813804626	0.117351055145	0.121284008026	0.144747018814	0.0990090370178	0.0976798534393	0.107717990875	0.113327980042	0.154975891113	0.128896951675	0.112044811249	0.120762109756	0.107131958008	0.117254018784	0.103046178818	0.0933799743652	0.0962181091309	0.0961270332336	0.135486125946	0.114583015442	0.154019832611	0.119967937469	0.10530090332	0.135146856308	0.143057823181	0.12716293335	0.133270025253	0.173057794571	0.131854057312	0.127362012863	0.102984905243	0.145467042923	0.0980250835419	0.0869579315186	0.200793027878	
['./treeMaker/main', '-b']
0.105359792709	0.136427164078	0.11718416214	0.136278152466	0.100394010544	0.158998966217	0.112700223923	0.128234863281	0.111423015594	0.116158008575	0.253507852554	0.151934146881	0.189918041229	0.0966460704803	0.0951039791107	0.119318962097	0.111639022827	0.115705013275	0.130617141724	0.117944955826	0.104277849197	0.115207910538	0.121125936508	0.156928062439	0.134624004364	0.108918190002	0.118526935577	0.106662988663	0.134882211685	0.110636949539	0.111809968948	0.111595153809	0.101585865021	0.1328561306	0.109909057617	0.177418231964	0.124037981033	0.121519088745	0.116875171661	0.146652936935	0.12264585495	0.132560014725	0.20240187645	0.140489816666	0.116563796997	0.0981669425964	0.159691095352	0.112936019897	0.0820660591125	0.199628829956	
['./treeMaker/main', '-u']
0.0974509716034	0.133733034134	0.108350992203	0.133365869522	0.0923671722412	0.154421806335	0.111901044846	0.136236906052	0.102125167847	0.122276067734	0.254294157028	0.138936042786	0.174440860748	0.0961768627167	0.0991749763489	0.109373092651	0.110936880112	0.115211963654	0.136775016785	0.102597951889	0.099191904068	0.115117073059	0.134930849075	0.164402008057	0.137521028519	0.11918091774	0.123947143555	0.112451791763	0.124960184097	0.111284017563	0.111389875412	0.0981950759888	0.101633071899	0.150527954102	0.120102882385	0.163702964783	0.115944862366	0.101840019226	0.123300075531	0.150053977966	0.121342897415	0.130087852478	0.176117897034	0.134048938751	0.110610961914	0.0970561504364	0.162977933884	0.112354040146	0.0969889163971	0.189965963364	
['./treeMaker/main', '-t', '-r', '1']
0.785990953445	0.964020013809	0.84298992157	0.964479923248	0.789863824844	1.1831638813	0.906738042831	0.98718214035	0.830307006836	0.929123163223	1.6082239151	1.01896500587	1.24239587784	0.767956018448	0.783360004425	0.908947229385	0.920846939087	0.860164880753	1.05083417892	0.834491014481	0.818458080292	0.811841964722	0.930277109146	1.18252396584	0.997784137726	0.794942855835	0.974453926086	0.887789011002	0.97580909729	0.866790056229	0.789808988571	0.79391503334	0.833160877228	1.07229399681	0.905642986298	1.20674490929	0.963335990906	0.836621046066	0.943721055984	1.1117939949	1.0077021122	1.01016688347	1.35068416595	1.11069512367	0.924009084702	0.808576107025	1.09717488289	0.801850795746	0.67068195343	1.30385708809	
['./treeMaker/main', '-t', '-r', '2']
1.20524215698	1.47000908852	1.34525203705	1.54639792442	1.19172382355	1.87443399429	1.45610117912	1.54224991798	1.30797815323	1.43863296509	2.9251241684	1.70314979553	2.21236515045	1.2964360714	1.28968000412	1.31909704208	1.40225505829	1.42185616493	1.58318686485	1.33408498764	1.28365707397	1.47033500671	1.49623513222	1.89851593971	1.69829106331	1.33894705772	1.51380205154	1.31386089325	1.6280040741	1.34474110603	1.25063180923	1.2736260891	1.24772882462	1.58349299431	1.39078998566	1.93617987633	1.49363303185	1.38023281097	1.4395878315	1.95202803612	1.69995093346	1.62921214104	2.12860703468	1.70745491982	1.38260006905	1.24982476234	1.88340592384	1.19751596451	1.06420898438	2.13519906998	
['./treeMaker/main', '-t', '-r', '1', '-N']
0.774932861328	0.982486963272	0.84218788147	0.980833053589	0.783715009689	1.20791482925	0.873564958572	0.962736129761	0.813941001892	0.931411981583	1.61874508858	0.978142023087	1.25716710091	0.759405136108	0.788376092911	0.860908985138	0.89263010025	0.910310029984	1.09086799622	0.828660011292	0.83339715004	0.846302986145	0.947400808334	1.18976402283	1.03293395042	0.763927936554	0.961202144623	0.883439064026	0.957100868225	0.872347831726	0.775990962982	0.800153017044	0.836277008057	1.03871703148	0.908082962036	1.16214704514	0.908756017685	0.843003988266	0.970410108566	1.12098407745	0.981182098389	0.988336086273	1.3299870491	1.09554100037	0.898602962494	0.797732830048	1.11322999001	0.766685009003	0.670064210892	1.29201483727	
['./treeMaker/main', '-t', '-r', '2', '-N']
1.18580102921	1.50015592575	1.38347506523	1.51859092712	1.19850707054	1.87493300438	1.41618108749	1.47452306747	1.36438894272	1.37587690353	2.93171095848	1.68843102455	2.21767115593	1.18136000633	1.27909612656	1.32202315331	1.34771990776	1.40955805779	1.60232400894	1.26406097412	1.28031897545	1.43901205063	1.51837515831	1.91108894348	1.64219093323	1.34353399277	1.49971795082	1.33995103836	1.62998700142	1.36317300797	1.23958396912	1.26120710373	1.24362301826	1.61672282219	1.44056415558	1.96517109871	1.48618793488	1.30334496498	1.46177387238	1.89250898361	1.67466592789	1.62517499924	2.10958003998	1.66283988953	1.35214400291	1.27167391777	1.86763000488	1.19554901123	1.06178402901	2.18021416664	
['./treeMaker/main', '-m']
0.0564539432526	0.0638499259949	0.0610580444336	0.0615110397339	0.0607619285583	0.0693030357361	0.0612618923187	0.0734429359436	0.058650970459	0.0580630302429	0.0816640853882	0.0648422241211	0.0726418495178	0.055764913559	0.0555739402771	0.0569539070129	0.0585927963257	0.0629601478577	0.0631139278412	0.0583920478821	0.0608258247375	0.0652859210968	0.0600800514221	0.0691521167755	0.0643811225891	0.060683965683	0.0606698989868	0.059928894043	0.0629408359528	0.0602600574493	0.0566079616547	0.0604300498962	0.0603468418121	0.0645589828491	0.0597088336945	0.0685939788818	0.0620379447937	0.0588140487671	0.0619142055511	0.0663089752197	0.0622160434723	0.0692448616028	0.0725948810577	0.0655519962311	0.0620441436768	0.0576958656311	0.0668799877167	0.0591328144073	0.0580520629883	0.0711860656738	
['./treeMaker/main', '-m', '-b']
0.0555942058563	0.0638480186462	0.0602650642395	0.0618939399719	0.0574321746826	0.0681130886078	0.0628111362457	0.0743479728699	0.0621349811554	0.061460018158	0.0873990058899	0.0692369937897	0.0768058300018	0.0584580898285	0.0590949058533	0.0604770183563	0.0619900226593	0.0648791790009	0.0664660930634	0.0590431690216	0.0595700740814	0.0640649795532	0.0610251426697	0.0826599597931	0.0666348934174	0.0630421638489	0.0629408359528	0.0620741844177	0.0655069351196	0.0624771118164	0.0586111545563	0.0609459877014	0.0583031177521	0.0720250606537	0.0671939849854	0.0718188285828	0.0644979476929	0.0621881484985	0.0627419948578	0.0684530735016	0.0674800872803	0.0646018981934	0.0752749443054	0.0669691562653	0.0773680210114	0.0585539340973	0.0693271160126	0.0581319332123	0.055881023407	0.0750339031219	
['./treeMaker/main', '-m', '-w', '1']
0.0540192127228	0.0621209144592	0.0583720207214	0.0595088005066	0.0556709766388	0.0799450874329	0.0633678436279	0.0597100257874	0.0592150688171	0.0596709251404	0.0806760787964	0.0646970272064	0.0723688602448	0.0577130317688	0.0576910972595	0.0585889816284	0.0689880847931	0.0661389827728	0.0646328926086	0.0581459999084	0.0589628219604	0.0634059906006	0.0599291324615	0.0692908763885	0.064600944519	0.0597810745239	0.0594279766083	0.0585260391235	0.0615570545197	0.0592269897461	0.0555920600891	0.0575230121613	0.0551829338074	0.0771141052246	0.0599529743195	0.0688359737396	0.0617609024048	0.0587949752808	0.0617189407349	0.0773048400879	0.0636949539185	0.0653929710388	0.0758678913116	0.0798530578613	0.0609569549561	0.0578429698944	0.0696189403534	0.0575459003448	0.0546481609344	0.0822899341583	
['./treeMaker/main', '-m', '-w', '2']
0.0569140911102	0.0642349720001	0.0600800514221	0.0636231899261	0.0567278862	0.078253030777	0.0644180774689	0.0620200634003	0.0623240470886	0.0604310035706	0.0837199687958	0.0684440135956	0.0861520767212	0.0568010807037	0.0575211048126	0.0592830181122	0.0605399608612	0.0631229877472	0.0638999938965	0.0595180988312	0.0594079494476	0.0642650127411	0.0606269836426	0.0698828697205	0.0780098438263	0.0594189167023	0.0601530075073	0.0597021579742	0.0626318454742	0.0594329833984	0.0676448345184	0.0727510452271	0.055312871933	0.0654349327087	0.060035943985	0.0676498413086	0.0612769126892	0.0582919120789	0.0612270832062	0.0656130313873	0.061341047287	0.0620310306549	0.0709590911865	0.0672838687897	0.0617880821228	0.0592710971832	0.0702040195465	0.0586040019989	0.0558891296387	0.0737149715424	
['./treeMaker/main', '-m', '-c', '1']
0.0549960136414	0.0631949901581	0.0589799880981	0.0606300830841	0.0573949813843	0.0669989585876	0.0616550445557	0.0615651607513	0.0605828762054	0.0590660572052	0.0832538604736	0.0665760040283	0.0734081268311	0.0572788715363	0.0569272041321	0.0583090782166	0.069953918457	0.0657331943512	0.0625290870667	0.058228969574	0.0584659576416	0.0617167949677	0.0589070320129	0.0675489902496	0.0632700920105	0.0598781108856	0.0593159198761	0.059210062027	0.0753009319305	0.0600218772888	0.0569930076599	0.0586252212524	0.0561690330505	0.064756155014	0.0612211227417	0.0706419944763	0.0625281333923	0.0607850551605	0.0623848438263	0.0680949687958	0.0636830329895	0.0638420581818	0.0751149654388	0.079381942749	0.0709478855133	0.0598289966583	0.081130027771	0.0605318546295	0.0545768737793	0.0713939666748	
['./treeMaker/main', '-m', '-c', '2']
0.0553200244904	0.0650541782379	0.0633020401001	0.0644998550415	0.0556039810181	0.0669448375702	0.0614960193634	0.0610530376434	0.0602629184723	0.0587301254272	0.082515001297	0.0656569004059	0.0722050666809	0.0695359706879	0.0569310188293	0.0624151229858	0.0670170783997	0.065397977829	0.0649540424347	0.0585830211639	0.0605399608612	0.0604150295258	0.0583820343018	0.0670518875122	0.0626699924469	0.0597109794617	0.0591049194336	0.0585660934448	0.0611429214478	0.0587470531464	0.0554320812225	0.0571489334106	0.0546059608459	0.0631849765778	0.0600187778473	0.0687091350555	0.0615799427032	0.0586240291595	0.0616478919983	0.0664319992065	0.0618958473206	0.062490940094	0.0716331005096	0.0639550685883	0.060576915741	0.0577628612518	0.0673799514771	0.0573408603668	0.0548541545868	0.072704076767	
['./treeMaker/main', '-m', '-a', '1']
0.0781168937683	0.0872519016266	0.0701949596405	0.0687820911407	0.0663909912109	0.0756549835205	0.0834510326385	0.0717089176178	0.0722019672394	0.0688149929047	0.0913820266724	0.0774137973785	0.0886251926422	0.0778830051422	0.0693979263306	0.0681891441345	0.0703270435333	0.075187921524	0.073215007782	0.0695810317993	0.0705859661102	0.0869669914246	0.070188999176	0.0840890407562	0.0805020332336	0.0748679637909	0.070347070694	0.0829918384552	0.071671962738	0.0735378265381	0.0680458545685	0.0691549777985	0.0810010433197	0.0776150226593	0.0732090473175	0.0806529521942	0.0847098827362	0.0683310031891	0.0751760005951	0.0772919654846	0.0720620155334	0.0737829208374	0.0816130638123	0.0741698741913	0.0709588527679	0.0663030147552	0.0809359550476	0.0691640377045	0.0673859119415	0.0823678970337	
['./treeMaker/main', '-m', '-a', '2']
0.0575821399689	0.0638158321381	0.059919834137	0.0614268779755	0.0585532188416	0.0691089630127	0.0792729854584	0.0693740844727	0.0627589225769	0.0607841014862	0.083909034729	0.0672280788422	0.0741848945618	0.058925151825	0.0579988956451	0.059867143631	0.0742502212524	0.0640308856964	0.0644829273224	0.0640509128571	0.0642540454865	0.0618739128113	0.0600018501282	0.0690450668335	0.0640349388123	0.0600299835205	0.0605599880219	0.0600528717041	0.0621469020844	0.059229850769	0.0563020706177	0.0577011108398	0.0555469989777	0.0629951953888	0.0593030452728	0.0675299167633	0.0608701705933	0.0586040019989	0.060567855835	0.0652270317078	0.0614280700684	0.0612759590149	0.0707461833954	0.0633900165558	0.0604310035706	0.058168888092	0.0677709579468	0.0575518608093	0.0549099445343	0.0728120803833	
