25_1000_2.7e-10_2.7e-10_470000000
25
1000
2.7e-10
2.7e-10
470000000

['./treeMaker/main']
0.150803804398	0.170768976212	0.266842126846	0.145599126816	0.21782207489	0.188965082169	0.189494848251	0.134587049484	0.280678987503	0.297966003418	0.104526042938	0.113019943237	0.191561937332	0.194362878799	0.405246019363	0.0900540351868	0.138855934143	0.451187133789	0.145072937012	0.130186796188	0.130522012711	0.132592916489	0.164971828461	0.193305015564	0.183414936066	0.182629108429	0.168774843216	0.149147033691	0.227836847305	0.245606899261	0.376585960388	0.13174700737	0.0960440635681	0.0944209098816	0.212201118469	0.103428840637	0.198379993439	0.159004211426	0.156535863876	0.0925209522247	0.195909976959	0.106403827667	0.136074066162	0.168094873428	0.154402017593	0.193410873413	0.190967798233	0.219653129578	0.102134943008	0.240341901779	
['./treeMaker/main', '-b']
0.160009860992	0.164427995682	0.245213985443	0.149076938629	0.242942094803	0.174340009689	0.209774017334	0.154882907867	0.28786611557	0.300362110138	0.108783006668	0.12956404686	0.193818807602	0.26285982132	0.413844108582	0.0935659408569	0.159564971924	0.447646141052	0.148185014725	0.148930072784	0.128694057465	0.140982151031	0.172780990601	0.184454917908	0.186999082565	0.185850143433	0.171006917953	0.145236968994	0.210780858994	0.249680995941	0.362823963165	0.14545917511	0.0979449748993	0.0943560600281	0.20029592514	0.106446027756	0.198577165604	0.177346944809	0.15508890152	0.0927309989929	0.190687179565	0.108013153076	0.130307912827	0.186832904816	0.155498981476	0.213362932205	0.190226078033	0.244879007339	0.112769126892	0.230569839478	
['./treeMaker/main', '-u']
0.150929927826	0.16134595871	0.257493972778	0.152078866959	0.215417146683	0.188638925552	0.210482120514	0.140332937241	0.281354904175	0.307644128799	0.107549905777	0.117071151733	0.184499025345	0.177943944931	0.386955976486	0.0903608798981	0.141134977341	0.421584129333	0.14679980278	0.132916927338	0.136024951935	0.136340141296	0.18025302887	0.200781106949	0.178905010223	0.194580078125	0.188677072525	0.148681163788	0.219875812531	0.236746072769	0.383121013641	0.146279096603	0.10870218277	0.103402137756	0.213629007339	0.103726148605	0.19189786911	0.178689002991	0.156095027924	0.0922939777374	0.189529895782	0.10796713829	0.136568784714	0.167318105698	0.155071973801	0.200566053391	0.210659980774	0.232882022858	0.108412027359	0.230149030685	
['./treeMaker/main', '-t', '-r', '1']
1.13873004913	1.20280408859	1.66544103622	1.14230799675	1.44321608543	1.25888681412	1.37900114059	1.00666213036	1.90182590485	1.94328308105	0.801729917526	0.924058914185	1.32363915443	1.32301998138	2.08302807808	0.72797203064	1.07516098022	2.34287714958	1.11467313766	1.00715899467	1.0782790184	1.03403019905	1.19632482529	1.31399607658	1.33837509155	1.32145380974	1.3099398613	1.12296104431	1.46506786346	1.61765098572	2.0528409481	1.03996896744	0.76513004303	0.715345859528	1.4301109314	0.790646076202	1.33950996399	1.23978281021	1.14763092995	0.784472942352	1.39567399025	0.852323055267	1.06709194183	1.27131485939	1.18795990944	1.40660095215	1.38827085495	1.45657205582	0.799288034439	1.4260969162	
['./treeMaker/main', '-t', '-r', '2']
1.82552409172	1.97722411156	2.55674505234	1.82200908661	2.66486310959	2.21887803078	2.33810400963	1.78387594223	3.09498095512	3.12746691704	1.37601399422	1.48893117905	2.24409794807	2.20381808281	3.81124997139	1.10922002792	1.86311602592	3.91624808311	1.74048185349	1.63848614693	1.61993598938	1.69703602791	2.10340285301	2.27231407166	2.14689302444	2.23562598228	1.97892808914	1.83946490288	2.53784298897	2.58997988701	3.68397498131	1.71738314629	1.15464401245	1.11582708359	2.3604080677	1.3098897934	2.21597003937	1.9132771492	1.85090088844	1.17444586754	2.27698802948	1.32102894783	1.63470602036	1.97725701332	1.87179017067	2.28318595886	2.21953201294	2.5904610157	1.3613820076	2.70628499985	
['./treeMaker/main', '-t', '-r', '1', '-N']
1.09466719627	1.20166707039	1.63522195816	1.15915703773	1.48969388008	1.31543183327	1.35884094238	1.00528502464	1.90254592896	1.94462895393	0.823482990265	0.922846078873	1.31786108017	1.30637693405	2.0856552124	0.748593091965	1.10215401649	2.24027991295	1.11044883728	1.06972503662	1.06648111343	1.05959892273	1.18601202965	1.34514904022	1.36314296722	1.35377001762	1.2816388607	1.13177418709	1.47834300995	1.58966398239	2.00603795052	1.07058691978	0.791625022888	0.757795095444	1.40750002861	0.760552883148	1.34118890762	1.25534582138	1.1037838459	0.737640857697	1.41929507256	0.809750080109	1.01187396049	1.30521392822	1.19379711151	1.4005651474	1.36178588867	1.48716497421	0.830111980438	1.41109585762	
['./treeMaker/main', '-t', '-r', '2', '-N']
1.87456989288	1.94133400917	2.55566096306	1.86572694778	2.6986219883	2.23920893669	2.36277699471	1.74970293045	2.99783396721	3.17046785355	1.38087201118	1.49691796303	2.31037306786	2.10927987099	3.92441892624	1.13843297958	1.86049604416	3.84705996513	1.79222106934	1.64315414429	1.59635996819	1.64610791206	2.05945420265	2.2202270031	2.17192411423	2.24614500999	1.96625614166	1.83906698227	2.42728996277	2.62254786491	3.72629904747	1.70984005928	1.19919705391	1.15961408615	2.42002415657	1.36690592766	2.2117638588	1.93341302872	1.91952109337	1.17027807236	2.26892399788	1.34520888329	1.64122390747	1.97550797462	1.91992592812	2.286673069	2.20781993866	2.60562396049	1.37308001518	2.69265699387	
['./treeMaker/main', '-m']
0.0654819011688	0.0675458908081	0.0891489982605	0.0662479400635	0.0782039165497	0.0732958316803	0.0853011608124	0.0666370391846	0.0841960906982	0.0836479663849	0.0688099861145	0.060653924942	0.0717349052429	0.083368062973	0.0929398536682	0.0538949966431	0.0655980110168	0.111871957779	0.0657088756561	0.0757210254669	0.062225818634	0.0637140274048	0.0687639713287	0.0733621120453	0.0727641582489	0.0729570388794	0.0715310573578	0.0677540302277	0.0792610645294	0.0785758495331	0.0948719978333	0.0654330253601	0.0568940639496	0.0570640563965	0.0740180015564	0.072979927063	0.0763449668884	0.0827739238739	0.0676519870758	0.0559248924255	0.0708191394806	0.0590171813965	0.0627889633179	0.0670230388641	0.0670700073242	0.0863869190216	0.0754330158234	0.0826179981232	0.0602920055389	0.0812299251556	
['./treeMaker/main', '-m', '-b']
0.0699799060822	0.0729269981384	0.0848371982574	0.0820271968842	0.0881769657135	0.0711710453033	0.0751349925995	0.0681798458099	0.0848100185394	0.0842089653015	0.0608620643616	0.061842918396	0.0735778808594	0.0741121768951	0.116235017776	0.0545890331268	0.0675189495087	0.0990219116211	0.0673549175262	0.0648460388184	0.0631918907166	0.0687520503998	0.086277961731	0.0760040283203	0.0739998817444	0.0747110843658	0.0699400901794	0.06742811203	0.093817949295	0.0807909965515	0.0991849899292	0.0679337978363	0.0607151985168	0.0600090026855	0.0905220508575	0.0619580745697	0.0752618312836	0.0711760520935	0.0692739486694	0.0582149028778	0.0750780105591	0.0742671489716	0.0695598125458	0.0718729496002	0.0830299854279	0.0768940448761	0.079845905304	0.0894110202789	0.0647780895233	0.0867459774017	
['./treeMaker/main', '-m', '-w', '1']
0.0675420761108	0.0708539485931	0.083034992218	0.0680160522461	0.0971789360046	0.0727679729462	0.0736951828003	0.0658738613129	0.0829050540924	0.081946849823	0.0603179931641	0.0613210201263	0.0734429359436	0.0723910331726	0.0978109836578	0.0678660869598	0.065906047821	0.100478172302	0.0658309459686	0.0637512207031	0.0614318847656	0.0655908584595	0.0711760520935	0.0725297927856	0.070809841156	0.0733959674835	0.0683691501617	0.0640890598297	0.0756120681763	0.0798931121826	0.0934691429138	0.0642681121826	0.056468963623	0.0660529136658	0.0739679336548	0.0598690509796	0.0745379924774	0.0685849189758	0.0656349658966	0.0579409599304	0.0707738399506	0.0613839626312	0.0628151893616	0.0673911571503	0.0673959255219	0.0729959011078	0.074079990387	0.0803189277649	0.0619010925293	0.0830600261688	
['./treeMaker/main', '-m', '-w', '2']
0.0733499526978	0.0734720230103	0.0789868831635	0.0675361156464	0.080225944519	0.0711209774017	0.0741610527039	0.0785858631134	0.0937900543213	0.088014125824	0.0606160163879	0.0663900375366	0.0756530761719	0.0743870735168	0.101166963577	0.0583410263062	0.0705218315125	0.0962100028992	0.0760250091553	0.0647170543671	0.0621039867401	0.0653200149536	0.0697729587555	0.070650100708	0.0694839954376	0.0722830295563	0.067419052124	0.0670621395111	0.0777151584625	0.0775542259216	0.101529121399	0.0667459964752	0.0621690750122	0.0623989105225	0.0786068439484	0.0640530586243	0.0766949653625	0.0718259811401	0.0688779354095	0.0596699714661	0.0737400054932	0.061635017395	0.0664491653442	0.072674036026	0.0678679943085	0.0738179683685	0.0747499465942	0.0819628238678	0.0596039295197	0.0803830623627	
['./treeMaker/main', '-m', '-c', '1']
0.0777549743652	0.0661180019379	0.0766618251801	0.0660600662231	0.0783941745758	0.0687398910522	0.07182097435	0.0648918151855	0.0827538967133	0.0817809104919	0.0599009990692	0.060702085495	0.0762009620667	0.0694630146027	0.0932528972626	0.0676748752594	0.0724811553955	0.0940239429474	0.0644850730896	0.062509059906	0.0602629184723	0.0630559921265	0.0675439834595	0.0844688415527	0.0703799724579	0.086256980896	0.0663440227509	0.0787670612335	0.0772700309753	0.0890448093414	0.0918900966644	0.0656158924103	0.0576419830322	0.054486989975	0.0717740058899	0.0582931041718	0.0712099075317	0.0678861141205	0.0640940666199	0.0549418926239	0.0854151248932	0.0609450340271	0.0666310787201	0.0823471546173	0.0657341480255	0.0709569454193	0.086306810379	0.0807049274445	0.0587809085846	0.0796251296997	
['./treeMaker/main', '-m', '-c', '2']
0.0686678886414	0.0676560401917	0.0827748775482	0.066125869751	0.0816299915314	0.0704188346863	0.0731971263885	0.0637090206146	0.0835189819336	0.0936181545258	0.0586388111115	0.0596749782562	0.0708270072937	0.0738551616669	0.0961668491364	0.0543100833893	0.0660488605499	0.108376026154	0.0647759437561	0.0628879070282	0.0605449676514	0.0638689994812	0.0683040618896	0.0774538516998	0.0737519264221	0.0741679668427	0.0821270942688	0.0644369125366	0.0746681690216	0.0758810043335	0.0951120853424	0.065731048584	0.0593070983887	0.0565071105957	0.0738558769226	0.0597259998322	0.0717101097107	0.0677180290222	0.0662891864777	0.0567100048065	0.0692448616028	0.0577018260956	0.0618169307709	0.0653049945831	0.0667750835419	0.0731599330902	0.0711390972137	0.0833740234375	0.0588810443878	0.0796058177948	
['./treeMaker/main', '-m', '-a', '1']
0.075287103653	0.0884201526642	0.0853199958801	0.0817267894745	0.0986669063568	0.0782389640808	0.0820031166077	0.0771269798279	0.0929989814758	0.0916450023651	0.0808618068695	0.077173948288	0.0781600475311	0.0825181007385	0.105852127075	0.0650129318237	0.0764529705048	0.103790998459	0.0747499465942	0.0738880634308	0.0708699226379	0.0737731456757	0.0767521858215	0.0806391239166	0.0768918991089	0.0809190273285	0.0770230293274	0.0787119865417	0.0863389968872	0.0859041213989	0.11609005928	0.0746369361877	0.0653860569	0.0683968067169	0.0829989910126	0.0704381465912	0.0810539722443	0.0781190395355	0.0778040885925	0.0727071762085	0.0796909332275	0.0682141780853	0.0716910362244	0.0757839679718	0.0756599903107	0.0810539722443	0.0981390476227	0.101222991943	0.0688180923462	0.0905158519745	
['./treeMaker/main', '-m', '-a', '2']
0.0669441223145	0.0686900615692	0.078803062439	0.0675399303436	0.0806050300598	0.0706560611725	0.0737919807434	0.0655560493469	0.0891890525818	0.0790538787842	0.0618669986725	0.0613701343536	0.0863690376282	0.0690491199493	0.093239068985	0.0535271167755	0.0649259090424	0.093789100647	0.0658011436462	0.0770800113678	0.0649979114532	0.0697948932648	0.0747249126434	0.0772140026093	0.0730030536652	0.075807094574	0.0671048164368	0.0769069194794	0.0762250423431	0.0768949985504	0.0934407711029	0.0770318508148	0.0559420585632	0.0681619644165	0.0763931274414	0.0623080730438	0.0770199298859	0.0713319778442	0.0650742053986	0.05575299263	0.0697050094604	0.0587539672852	0.0631859302521	0.0653460025787	0.0781579017639	0.0734331607819	0.0768411159515	0.0845901966095	0.0621039867401	0.0782079696655	
