25_1000_4.9e-10_4.9e-10_470000000_cut_4
25
1000
4.9e-10
4.9e-10
470000000
cut_4
['./treeMaker/main']
0.101270914078	0.221228837967	0.224884033203	0.113957166672	0.147424936295	0.116121053696	0.149579048157	0.183284044266	0.161950111389	0.132344961166	0.138117074966	0.147442102432	0.134150028229	0.137693881989	0.115032911301	0.0979669094086	0.187678098679	0.410422086716	0.141817092896	0.107374191284	0.144293069839	0.101907014847	0.166520833969	0.243301868439	0.245154857635	0.10652589798	0.177138090134	0.131374120712	0.0942621231079	0.103036165237	0.372087001801	0.171115875244	1.3895881176	0.139663934708	0.0516638755798	0.19535779953	0.141347885132	0.119637966156	0.0976679325104	0.296160936356	0.103621006012	0.18362903595	1.01054883003	0.101855993271	0.180026054382	0.116501092911	0.0396819114685	0.0904970169067	0.0834271907806	0.54848408699	
['./treeMaker/main', '-b']
0.0948910713196	0.219138145447	0.218993902206	0.117891073227	0.144966840744	0.117643117905	0.146695137024	0.176291942596	0.161134958267	0.134149074554	0.156702041626	0.149178981781	0.161999940872	0.1391518116	0.128910064697	0.10021686554	0.204358816147	0.425606966019	0.156252145767	0.110014915466	0.129143953323	0.110897064209	0.17023897171	0.263144016266	0.230518817902	0.106045007706	0.197814941406	0.134398937225	0.0931220054626	0.109247922897	0.372964859009	0.162646055222	1.41407394409	0.141807794571	0.0525839328766	0.198791027069	0.143797159195	0.121836900711	0.0991079807281	0.296440124512	0.117430210114	0.204045057297	1.01932001114	0.104173898697	0.183868169785	0.119333982468	0.0395319461823	0.0925199985504	0.0856230258942	0.53649687767	
['./treeMaker/main', '-u']
0.093024969101	0.22341299057	0.216660022736	0.113126039505	0.147922992706	0.113057851791	0.146156072617	0.166158914566	0.165225982666	0.136382102966	0.138714075089	0.150718927383	0.140852928162	0.138918161392	0.11261510849	0.100473880768	0.193732976913	0.408818006516	0.137727975845	0.109292030334	0.138174057007	0.103467941284	0.163634061813	0.254476070404	0.242453813553	0.118996858597	0.175998926163	0.134456157684	0.0918991565704	0.093043088913	0.373642921448	0.16424202919	1.35666799545	0.144451141357	0.0537741184235	0.215793132782	0.140378952026	0.120414018631	0.11572599411	0.271656990051	0.115897893906	0.198132991791	0.947000026703	0.103464841843	0.180591821671	0.117490053177	0.0436999797821	0.0958700180054	0.0888359546661	0.529925107956	
['./treeMaker/main', '-t', '-r', '1']
0.891185045242	1.73168897629	1.60513997078	1.04030489922	1.23901391029	1.05211901665	1.27317214012	1.42202281952	1.34913396835	1.19849419594	1.21985006332	1.20995521545	1.2635910511	1.21761107445	1.07625412941	0.998772859573	1.57183909416	2.29955720901	1.20652103424	1.01216506958	1.17381620407	0.920993804932	1.38165307045	1.61542606354	1.73449492455	0.976252794266	1.60398292542	1.2378821373	0.917333841324	0.890444993973	2.18138003349	1.3398809433	4.71352982521	1.20637893677	0.527559041977	1.61231303215	1.23185515404	1.09578514099	0.959657907486	1.92960000038	0.972354888916	1.55855703354	3.64508199692	0.976845026016	1.58573102951	1.12513494492	0.402731895447	0.895275115967	0.84139084816	2.60655593872	
['./treeMaker/main', '-t', '-r', '2']
1.54945802689	2.89038300514	3.09579706192	1.8490049839	2.10664701462	1.83316111565	2.1177649498	2.38771390915	2.50293207169	2.02127408981	2.4274520874	2.3143761158	2.2394118309	2.22070980072	1.84009599686	1.61425495148	2.72559499741	4.45036816597	2.19234204292	1.77628302574	2.08379197121	1.85280990601	2.3131248951	3.24676918983	3.15604901314	1.94589400291	2.52996897697	2.14971184731	1.4540848732	1.55349493027	4.35272502899	2.41887998581	7.97018313408	2.1305000782	0.983966827393	2.83817601204	2.32667183876	1.9747979641	1.66055512428	3.4478700161	1.83411097527	2.84061694145	7.06535983086	1.61111998558	2.78117799759	1.90243196487	0.661525011063	1.55985593796	1.51175713539	5.31564092636	
['./treeMaker/main', '-t', '-r', '1', '-N']
0.908910036087	1.69018983841	1.58362102509	1.05891084671	1.29846906662	1.0918340683	1.36122298241	1.49864697456	1.34643101692	1.20197606087	1.24951100349	1.23691296577	1.26240491867	1.20045804977	1.04016590118	1.01189899445	1.6002779007	2.28149604797	1.23684000969	1.0183968544	1.15910410881	0.944118976593	1.38869810104	1.70658612251	1.7242898941	0.958569049835	1.54801797867	1.19638299942	0.865386962891	0.850432872772	2.18156695366	1.37320995331	4.63656401634	1.21357488632	0.523255109787	1.66921401024	1.24078893661	1.09943985939	0.962790966034	1.94285988808	1.03092694283	1.50740003586	3.70829987526	0.978432178497	1.53873920441	1.14938902855	0.416776895523	0.978317022324	0.811263084412	2.62972593307	
['./treeMaker/main', '-t', '-r', '2', '-N']
1.55529904366	2.87340092659	3.03088998795	1.78799200058	2.14058995247	1.91761898994	2.09153795242	2.47978496552	2.51559495926	2.01165485382	2.39615082741	2.32003903389	2.19434094429	2.2008061409	1.84687590599	1.5921690464	2.71407294273	4.46766209602	2.14435005188	1.78704500198	2.09230685234	1.91821908951	2.3990790844	3.41649389267	3.02045798302	1.92765593529	2.57017111778	2.11070680618	1.44813585281	1.52451109886	4.26310801506	2.40504217148	7.8842959404	2.11967992783	0.960478067398	2.80150580406	2.34450697899	1.90628194809	1.7146320343	3.41234207153	1.79303812981	2.88423013687	6.87450885773	1.61021995544	2.72943210602	1.89829206467	0.6629550457	1.62460589409	1.52152204514	5.36978197098	
['./treeMaker/main', '-m']
0.0464730262756	0.0641808509827	0.0666749477386	0.0486922264099	0.0537569522858	0.0476660728455	0.0654938220978	0.0622069835663	0.0583698749542	0.0529208183289	0.0558640956879	0.0552580356598	0.0551149845123	0.0523109436035	0.0545780658722	0.0492470264435	0.0636050701141	0.0888249874115	0.0550289154053	0.0521941184998	0.053375005722	0.0514049530029	0.0593180656433	0.0823972225189	0.0654420852661	0.0491530895233	0.0620269775391	0.0519020557404	0.0566799640656	0.042977809906	0.0784678459167	0.0569400787354	0.127023935318	0.0542938709259	0.0316188335419	0.061450958252	0.0545101165771	0.0483269691467	0.0434310436249	0.0681610107422	0.0473799705505	0.0610020160675	0.114579200745	0.0609319210052	0.0619029998779	0.0529799461365	0.029107093811	0.0453190803528	0.0472588539124	0.0973379611969	
['./treeMaker/main', '-m', '-b']
0.044420003891	0.0657958984375	0.0691049098969	0.0502469539642	0.055144071579	0.0484898090363	0.0551769733429	0.0600638389587	0.0613250732422	0.0522749423981	0.0566320419312	0.0568811893463	0.0543260574341	0.0539128780365	0.0501079559326	0.0465350151062	0.0644860267639	0.088770866394	0.0561769008636	0.0511090755463	0.0541648864746	0.0505678653717	0.0610139369965	0.0738949775696	0.0730679035187	0.0506198406219	0.0728259086609	0.0577039718628	0.0491728782654	0.0456659793854	0.0903379917145	0.0641329288483	0.155714988708	0.0565419197083	0.0336210727692	0.0671870708466	0.0558450222015	0.0513191223145	0.0579078197479	0.0762720108032	0.0532379150391	0.0652391910553	0.127992868423	0.0488300323486	0.0628209114075	0.0518500804901	0.0282461643219	0.0450239181519	0.045264005661	0.114578962326	
['./treeMaker/main', '-m', '-w', '1']
0.0477049350739	0.0677330493927	0.0842621326447	0.0490868091583	0.0570800304413	0.0501699447632	0.0574131011963	0.0604310035706	0.0628411769867	0.0503211021423	0.0538320541382	0.0620608329773	0.0529379844666	0.053493976593	0.0482821464539	0.0447239875793	0.0613670349121	0.0846650600433	0.0540351867676	0.0488610267639	0.0553069114685	0.048798084259	0.0698289871216	0.0710349082947	0.0654208660126	0.0480220317841	0.0566649436951	0.0493941307068	0.0407810211182	0.0419368743896	0.076248884201	0.0540189743042	0.124666929245	0.0516378879547	0.0313482284546	0.0607390403748	0.0529820919037	0.0479919910431	0.0433669090271	0.0693781375885	0.0450088977814	0.0587298870087	0.111656904221	0.0451769828796	0.0580880641937	0.0477409362793	0.0267958641052	0.0420100688934	0.0421390533447	0.0927801132202	
['./treeMaker/main', '-m', '-w', '2']
0.0435118675232	0.0624921321869	0.0655410289764	0.04825091362	0.0565130710602	0.0477750301361	0.0549378395081	0.0592169761658	0.0588529109955	0.052383184433	0.055468082428	0.0554749965668	0.0523679256439	0.0532169342041	0.0497379302979	0.0470731258392	0.0742118358612	0.088329076767	0.0546431541443	0.0501010417938	0.0519487857819	0.0490801334381	0.060525894165	0.0745251178741	0.0658729076385	0.0463230609894	0.069993019104	0.0514001846313	0.04243516922	0.0437090396881	0.0797851085663	0.0562660694122	0.130559206009	0.0537760257721	0.0324709415436	0.0645351409912	0.0550229549408	0.0501592159271	0.0450630187988	0.0845289230347	0.0453519821167	0.0593428611755	0.125240087509	0.0469629764557	0.0601580142975	0.0493597984314	0.0274500846863	0.0430660247803	0.0418040752411	0.104978084564	
['./treeMaker/main', '-m', '-c', '1']
0.0441229343414	0.063549041748	0.0768361091614	0.0508298873901	0.0549669265747	0.0494170188904	0.0553710460663	0.0588071346283	0.0596430301666	0.054300069809	0.0530369281769	0.055114030838	0.0551791191101	0.0525720119476	0.0492250919342	0.0460851192474	0.0630810260773	0.0881230831146	0.055890083313	0.0484039783478	0.0612020492554	0.0499360561371	0.0588431358337	0.0688841342926	0.0784568786621	0.0517430305481	0.0587561130524	0.0531141757965	0.0431690216064	0.0456459522247	0.0818438529968	0.0696840286255	0.123829126358	0.0519649982452	0.031818151474	0.0608870983124	0.0530807971954	0.0482819080353	0.0456209182739	0.0722889900208	0.0489981174469	0.0624358654022	0.119607925415	0.0482001304626	0.0614900588989	0.0545740127563	0.0289850234985	0.0444359779358	0.0454771518707	0.107471942902	
['./treeMaker/main', '-m', '-c', '2']
0.0594871044159	0.0633289813995	0.0668549537659	0.0488600730896	0.0545699596405	0.0481419563293	0.0674700737	0.0574960708618	0.0583257675171	0.0502281188965	0.0537910461426	0.0548319816589	0.0527679920197	0.0518510341644	0.048201084137	0.0449590682983	0.0730938911438	0.0887439250946	0.0565021038055	0.0538930892944	0.0538070201874	0.0489449501038	0.0627870559692	0.0709059238434	0.0684947967529	0.0476140975952	0.0587089061737	0.0508329868317	0.0541019439697	0.0439140796661	0.0799729824066	0.0554990768433	0.131191968918	0.053906917572	0.0331389904022	0.0636949539185	0.0552258491516	0.0504109859467	0.0452840328217	0.0723130702972	0.0474851131439	0.061558008194	0.117074012756	0.0519449710846	0.0618879795074	0.0525069236755	0.0299861431122	0.0454349517822	0.042916059494	0.0974171161652	
['./treeMaker/main', '-m', '-a', '1']
0.0485899448395	0.0687479972839	0.0854940414429	0.0740020275116	0.0575110912323	0.0517990589142	0.0579931735992	0.0615730285645	0.0622479915619	0.0537672042847	0.0579588413239	0.0587601661682	0.0568389892578	0.0562410354614	0.0527510643005	0.0490000247955	0.0656161308289	0.0900750160217	0.0591568946838	0.0570058822632	0.056324005127	0.0559620857239	0.0612578392029	0.0880980491638	0.0728979110718	0.0517220497131	0.0620498657227	0.054829120636	0.0457150936127	0.0587661266327	0.084312915802	0.0619897842407	0.135776042938	0.0588669776917	0.0356769561768	0.0675051212311	0.058965921402	0.0515019893646	0.0468809604645	0.0736920833588	0.049341917038	0.0637159347534	0.122256994247	0.0519387722015	0.0629909038544	0.055233001709	0.0331671237946	0.0504360198975	0.0498039722443	0.101536989212	
['./treeMaker/main', '-m', '-a', '2']
0.047159910202	0.0730378627777	0.0668430328369	0.0498831272125	0.0577869415283	0.0508601665497	0.0550940036774	0.0591289997101	0.0610041618347	0.0636768341064	0.0522308349609	0.0533320903778	0.0511820316315	0.0503101348877	0.0471129417419	0.0468389987946	0.079195022583	0.0847818851471	0.0531561374664	0.0484049320221	0.0514938831329	0.0477669239044	0.0563249588013	0.0670959949493	0.0672261714935	0.0468521118164	0.0576159954071	0.0499701499939	0.0413830280304	0.042338848114	0.0765371322632	0.0543599128723	0.124617815018	0.051600933075	0.0315120220184	0.063364982605	0.0533711910248	0.0488231182098	0.0436909198761	0.0693809986115	0.0456819534302	0.0596570968628	0.113118886948	0.0539262294769	0.0582919120789	0.0491271018982	0.0308609008789	0.0429248809814	0.0452620983124	0.0937039852142	
