25_1000_5.2e-11_5.2e-11_470000000
25
1000
5.2e-11
5.2e-11
470000000

['./treeMaker/main']
0.0570969581604	0.0555090904236	0.0559239387512	0.057991027832	0.0590870380402	0.0540730953217	0.0595228672028	0.056272983551	0.0542159080505	0.0655031204224	0.0549252033234	0.062656879425	0.0576419830322	0.0569911003113	0.0648539066315	0.0587430000305	0.0557899475098	0.0536088943481	0.0620591640472	0.058641910553	0.0619299411774	0.0542819499969	0.0676820278168	0.0562980175018	0.052323102951	0.0561499595642	0.060485124588	0.0529448986053	0.0643270015717	0.0547761917114	0.0538799762726	0.0625779628754	0.0570471286774	0.0621399879456	0.0593678951263	0.054582118988	0.0538940429688	0.0541400909424	0.0539419651031	0.0531680583954	0.0657939910889	0.064453125	0.0555760860443	0.0633399486542	0.0566439628601	0.0583310127258	0.0537030696869	0.0544419288635	0.0604889392853	0.0613009929657	
['./treeMaker/main', '-b']
0.0578660964966	0.0577909946442	0.0560569763184	0.0603721141815	0.0616519451141	0.0557141304016	0.0641181468964	0.0621500015259	0.0556700229645	0.067104101181	0.0601019859314	0.0559859275818	0.0621299743652	0.0575451850891	0.0658528804779	0.0579760074615	0.0575530529022	0.0548329353333	0.0636489391327	0.0602169036865	0.0771541595459	0.06090092659	0.0710029602051	0.0542359352112	0.053475856781	0.0557370185852	0.0606479644775	0.0530021190643	0.0663621425629	0.0686001777649	0.0571088790894	0.064591884613	0.0597050189972	0.0651710033417	0.064924955368	0.0583081245422	0.0576138496399	0.0568890571594	0.0568108558655	0.0539720058441	0.0643258094788	0.0644128322601	0.0546669960022	0.0608439445496	0.0566618442535	0.07115483284	0.0511291027069	0.0563371181488	0.0621860027313	0.0615470409393	
['./treeMaker/main', '-u']
0.0594561100006	0.0574939250946	0.0574688911438	0.059473991394	0.0638570785522	0.0548450946808	0.0617110729218	0.0584080219269	0.0561060905457	0.0667841434479	0.0569999217987	0.0564651489258	0.0615601539612	0.0607280731201	0.0668079853058	0.0754330158234	0.0661690235138	0.0544328689575	0.0619568824768	0.0673489570618	0.0641210079193	0.0558431148529	0.072163105011	0.0615849494934	0.0587551593781	0.0619990825653	0.0636348724365	0.0586500167847	0.0691800117493	0.0602829456329	0.0593011379242	0.0655078887939	0.0606498718262	0.0653419494629	0.0631148815155	0.0591769218445	0.0583779811859	0.0572221279144	0.0550730228424	0.05482006073	0.0663440227509	0.0667901039124	0.0547511577606	0.0611441135406	0.0568940639496	0.0585451126099	0.0628900527954	0.0585761070251	0.0630359649658	0.0668830871582	
['./treeMaker/main', '-t', '-r', '1']
0.504316806793	0.464280128479	0.454041957855	0.470438957214	0.521399021149	0.45532989502	0.511882781982	0.493414163589	0.450403928757	0.550798892975	0.461713075638	0.466939926147	0.493885993958	0.466100931168	0.549457073212	0.503847122192	0.475073099136	0.442848920822	0.533921003342	0.491497993469	0.532159090042	0.473176956177	0.570074081421	0.476944923401	0.460503101349	0.488089084625	0.510028839111	0.441847085953	0.563745975494	0.490087032318	0.485106945038	0.549925088882	0.522709846497	0.547477006912	0.51131105423	0.451619148254	0.47392988205	0.455732822418	0.459952116013	0.440447807312	0.531435012817	0.529615879059	0.437982082367	0.518508911133	0.452219009399	0.478990077972	0.425015926361	0.482954025269	0.505396127701	0.502185106277	
['./treeMaker/main', '-t', '-r', '2']
0.651453018188	0.6401720047	0.604163169861	0.663140058517	0.729774951935	0.617653131485	0.662995815277	0.639492988586	0.623994827271	0.759113788605	0.614820957184	0.616174936295	0.639339923859	0.625599861145	0.778367996216	0.671654939651	0.602676153183	0.579688072205	0.71183013916	0.63765001297	0.700788021088	0.577724933624	0.781317949295	0.621840000153	0.597978830338	0.618700027466	0.733329057693	0.581486940384	0.774236917496	0.638739109039	0.646420955658	0.763617992401	0.690551042557	0.817025899887	0.738055944443	0.647161006927	0.635338068008	0.612741947174	0.612799882889	0.575810194016	0.781372070312	0.770914077759	0.592607975006	0.65547990799	0.623442173004	0.668798923492	0.515558004379	0.619652032852	0.733340024948	0.694702863693	
['./treeMaker/main', '-t', '-r', '1', '-N']
0.497037887573	0.448875904083	0.454432010651	0.473352909088	0.515827894211	0.455533027649	0.481391191483	0.46507191658	0.453167915344	0.563410997391	0.474843978882	0.484009981155	0.48357796669	0.482115983963	0.553095817566	0.480458021164	0.450971126556	0.431610107422	0.528059959412	0.481544017792	0.520312070847	0.464897871017	0.556048154831	0.461047887802	0.448834896088	0.496731042862	0.543313026428	0.462519884109	0.571840047836	0.457590103149	0.47253704071	0.546003103256	0.501337051392	0.559713125229	0.529076099396	0.454679012299	0.471856117249	0.467293977737	0.444800853729	0.427891016006	0.540129899979	0.546314001083	0.460003852844	0.523510932922	0.489843845367	0.508430957794	0.417851924896	0.486516952515	0.49228310585	0.497112035751	
['./treeMaker/main', '-t', '-r', '2', '-N']
0.647594928741	0.614375829697	0.638847112656	0.65843296051	0.716436862946	0.606075048447	0.704238891602	0.66100692749	0.613755941391	0.784157037735	0.617491006851	0.603919029236	0.689393997192	0.632783174515	0.782324075699	0.684985160828	0.622825860977	0.625869989395	0.749168157578	0.673811912537	0.701510906219	0.577567100525	0.783992052078	0.613358020782	0.595280170441	0.631390810013	0.742580890656	0.615169048309	0.800611972809	0.61509180069	0.636073827744	0.736544132233	0.685378074646	0.759979963303	0.736399888992	0.63415312767	0.626848936081	0.604110002518	0.627007961273	0.586812019348	0.769573926926	0.800837993622	0.592828989029	0.648689985275	0.592654943466	0.671190023422	0.513855934143	0.61009812355	0.729202985764	0.704607963562	
['./treeMaker/main', '-m']
0.0452740192413	0.0446619987488	0.0463831424713	0.0496771335602	0.059818983078	0.0465309619904	0.0513479709625	0.0466809272766	0.0456900596619	0.0502681732178	0.0473389625549	0.0487251281738	0.0465919971466	0.0475239753723	0.0501189231873	0.0505039691925	0.0496499538422	0.0487339496613	0.050136089325	0.0536410808563	0.0539088249207	0.0459611415863	0.0527019500732	0.0547590255737	0.0479309558868	0.0478391647339	0.05011510849	0.0473790168762	0.0513911247253	0.0606920719147	0.0495660305023	0.0615468025208	0.0483350753784	0.0528228282928	0.0493879318237	0.0466160774231	0.0464630126953	0.0476109981537	0.0473608970642	0.045597076416	0.0508790016174	0.0507850646973	0.0471541881561	0.0486629009247	0.0476591587067	0.0488309860229	0.0452630519867	0.0476670265198	0.0503880977631	0.0496280193329	
['./treeMaker/main', '-m', '-b']
0.0485129356384	0.0465481281281	0.0509679317474	0.0481128692627	0.051666021347	0.0470669269562	0.0497970581055	0.0466849803925	0.0490419864655	0.0508201122284	0.0475809574127	0.0477950572968	0.048467874527	0.047520160675	0.0501718521118	0.0486629009247	0.051234960556	0.0479030609131	0.0495090484619	0.0494501590729	0.0511910915375	0.0487949848175	0.052549123764	0.0481328964233	0.0471439361572	0.0510649681091	0.0500209331512	0.0467660427094	0.0525841712952	0.0493249893188	0.0486478805542	0.0537469387054	0.0496418476105	0.0515341758728	0.0536508560181	0.0471580028534	0.0472431182861	0.0477020740509	0.0486500263214	0.0484797954559	0.0511078834534	0.0523798465729	0.0479109287262	0.0514039993286	0.0483109951019	0.0498168468475	0.0496389865875	0.0486629009247	0.0544710159302	0.0544149875641	
['./treeMaker/main', '-m', '-w', '1']
0.0471730232239	0.0500991344452	0.0482530593872	0.0509569644928	0.0493171215057	0.0470571517944	0.0490419864655	0.0474700927734	0.0497589111328	0.0524380207062	0.0477311611176	0.0480790138245	0.0465729236603	0.0472550392151	0.0490338802338	0.0500631332397	0.0490348339081	0.0572860240936	0.0478839874268	0.0485498905182	0.0480310916901	0.0465860366821	0.0508229732513	0.0468871593475	0.0469739437103	0.047061920166	0.0505919456482	0.0474021434784	0.0519189834595	0.0472600460052	0.0470960140228	0.049535036087	0.0510120391846	0.0493700504303	0.0517890453339	0.0485289096832	0.0476970672607	0.0469181537628	0.0470139980316	0.0455310344696	0.052836894989	0.0482919216156	0.0474081039429	0.0484051704407	0.045184135437	0.047828912735	0.04856300354	0.0466370582581	0.0534129142761	0.0523719787598	
['./treeMaker/main', '-m', '-w', '2']
0.0488460063934	0.050656080246	0.0593199729919	0.047189950943	0.0498490333557	0.0459721088409	0.0494630336761	0.0476050376892	0.0468311309814	0.0506529808044	0.0476019382477	0.047431230545	0.0499370098114	0.0459451675415	0.0596771240234	0.0508139133453	0.0487430095673	0.0558359622955	0.0490438938141	0.0496008396149	0.0503098964691	0.0486958026886	0.0541398525238	0.0476939678192	0.0463850498199	0.0517399311066	0.0499379634857	0.0543389320374	0.0534651279449	0.0474557876587	0.0478060245514	0.0506689548492	0.0480799674988	0.0514490604401	0.0504910945892	0.0481150150299	0.0468621253967	0.0474269390106	0.0470139980316	0.04541015625	0.0509810447693	0.0534870624542	0.0465459823608	0.0484890937805	0.0469648838043	0.0496211051941	0.0456800460815	0.0472388267517	0.0485870838165	0.0506708621979	
['./treeMaker/main', '-m', '-c', '1']
0.0498540401459	0.0512340068817	0.0485029220581	0.0597178936005	0.0495111942291	0.0482819080353	0.0491671562195	0.0486419200897	0.0463850498199	0.0484499931335	0.0465219020844	0.0458869934082	0.0476260185242	0.0555100440979	0.0502510070801	0.0485060214996	0.0498268604279	0.0469450950623	0.0472049713135	0.048887014389	0.049576997757	0.0459280014038	0.0511648654938	0.0473780632019	0.044998884201	0.0473680496216	0.0491452217102	0.0468609333038	0.0500168800354	0.0613930225372	0.0480778217316	0.0519568920135	0.0479950904846	0.0484509468079	0.0478661060333	0.0504369735718	0.0486030578613	0.0474071502686	0.0479440689087	0.0460979938507	0.0505208969116	0.0513620376587	0.046886920929	0.0509760379791	0.0465731620789	0.0466530323029	0.0445671081543	0.0460550785065	0.0496299266815	0.049134016037	
['./treeMaker/main', '-m', '-c', '2']
0.0489280223846	0.056440114975	0.0465879440308	0.0481340885162	0.0480020046234	0.0452032089233	0.0519077777863	0.0585200786591	0.0477888584137	0.0509979724884	0.0472791194916	0.0485410690308	0.0542509555817	0.0472400188446	0.0491828918457	0.047572851181	0.0494430065155	0.0486459732056	0.0516381263733	0.049299955368	0.0514459609985	0.0501990318298	0.0515789985657	0.0484290122986	0.0476849079132	0.0498349666595	0.050274848938	0.0474560260773	0.0544180870056	0.0508410930634	0.0480978488922	0.0527310371399	0.0478241443634	0.0523738861084	0.0473198890686	0.0482089519501	0.0492169857025	0.0502600669861	0.0504951477051	0.0477080345154	0.0497291088104	0.0506830215454	0.0469920635223	0.050843000412	0.048798084259	0.0490629673004	0.0504360198975	0.0523989200592	0.0514090061188	0.053878068924	
['./treeMaker/main', '-m', '-a', '1']
0.0657398700714	0.0722839832306	0.0637099742889	0.0604929924011	0.0662071704865	0.061126947403	0.0644381046295	0.0630588531494	0.0633561611176	0.0636579990387	0.0624940395355	0.0619060993195	0.0648620128632	0.061311006546	0.0667240619659	0.0718231201172	0.0646648406982	0.0582411289215	0.0588209629059	0.0597169399261	0.0604469776154	0.0576531887054	0.0620949268341	0.0581519603729	0.0583128929138	0.064465045929	0.0622689723969	0.0601968765259	0.0743119716644	0.0613391399384	0.060576915741	0.0620441436768	0.072585105896	0.073744058609	0.0663859844208	0.0638508796692	0.0625748634338	0.0595080852509	0.0583128929138	0.0565710067749	0.0604500770569	0.0612759590149	0.0577540397644	0.0593330860138	0.0577001571655	0.059191942215	0.0573492050171	0.0581669807434	0.0609889030457	0.062047958374	
['./treeMaker/main', '-m', '-a', '2']
0.0615639686584	0.0475931167603	0.0469048023224	0.0474791526794	0.0480940341949	0.0552718639374	0.0463469028473	0.0451428890228	0.0437400341034	0.0477159023285	0.0449049472809	0.0447249412537	0.0459969043732	0.044921875	0.0472869873047	0.0459241867065	0.0593729019165	0.0465261936188	0.0481588840485	0.0478808879852	0.0492379665375	0.0559439659119	0.0528750419617	0.0478818416595	0.047553062439	0.0507850646973	0.0496740341187	0.0478270053864	0.0542080402374	0.0486650466919	0.052827835083	0.0513730049133	0.0494151115417	0.0512080192566	0.0481588840485	0.0482020378113	0.0460031032562	0.0607051849365	0.051362991333	0.0516581535339	0.0536201000214	0.0561761856079	0.0523409843445	0.052964925766	0.0486621856689	0.0473699569702	0.060986995697	0.0470569133759	0.0494570732117	0.0506060123444	
