25_1000_2.7e-10_2.7e-10_470000000
25
1000
2.7e-10
2.7e-10
470000000

['./treeMaker/main']
0.156658887863	0.164501905441	0.24170088768	0.145346164703	0.23570394516	0.17982506752	0.188065052032	0.133897066116	0.279085874557	0.297438144684	0.119278907776	0.113348007202	0.195145845413	0.181040048599	0.39981508255	0.104451179504	0.136730909348	0.448324918747	0.152156114578	0.13050198555	0.132307052612	0.132215023041	0.163755893707	0.17866897583	0.182187080383	0.203470945358	0.170195817947	0.148776054382	0.216320991516	0.234503030777	0.353899002075	0.133491039276	0.0986289978027	0.0925161838531	0.200783014297	0.104579925537	0.184251070023	0.158051967621	0.154044151306	0.0939478874207	0.199074029922	0.106173038483	0.135385036469	0.165935993195	0.15571808815	0.189882993698	0.192636013031	0.245223999023	0.112944126129	0.22281908989	
['./treeMaker/main', '-b']
0.149095058441	0.168080806732	0.266638994217	0.16566991806	0.227698802948	0.172865152359	0.198997974396	0.140279054642	0.307905912399	0.312516927719	0.108946084976	0.116915941238	0.175685167313	0.183511018753	0.408844947815	0.093080997467	0.145267963409	0.450639009476	0.163995027542	0.134824037552	0.128825902939	0.147040128708	0.171136140823	0.200867891312	0.197766065598	0.185115814209	0.174898147583	0.144869089127	0.207597970963	0.237997055054	0.385639190674	0.148139953613	0.0998048782349	0.0935289859772	0.213972091675	0.10377407074	0.194574117661	0.166882038116	0.162758111954	0.0929310321808	0.189681053162	0.108598947525	0.13164305687	0.16136598587	0.173382043839	0.198446035385	0.200559854507	0.233029842377	0.109411001205	0.228748083115	
['./treeMaker/main', '-u']
0.155168056488	0.162963151932	0.243350982666	0.156127929688	0.215203046799	0.17195391655	0.196297883987	0.141107082367	0.279848814011	0.293693065643	0.10863494873	0.116666793823	0.182451963425	0.1950340271	0.415051937103	0.0950050354004	0.139863967896	0.421747922897	0.162319898605	0.133103847504	0.142710924149	0.148255825043	0.16490983963	0.186039924622	0.176752090454	0.201639175415	0.172463178635	0.147740125656	0.214895009995	0.252576112747	0.36530995369	0.141788959503	0.107778072357	0.102337837219	0.213124990463	0.102774143219	0.200769901276	0.16860294342	0.159793138504	0.0941610336304	0.187972068787	0.110243797302	0.135008096695	0.166299104691	0.175019025803	0.202300071716	0.197273015976	0.235087871552	0.108578920364	0.226954936981	
['./treeMaker/main', '-t', '-r', '1']
1.17885303497	1.27513098717	1.73937416077	1.19472193718	1.49466300011	1.34513998032	1.46711182594	1.14566206932	1.96655011177	2.0223300457	0.885716915131	0.966432094574	1.39712405205	1.33108687401	2.16490507126	0.763141870499	1.13055610657	2.46691417694	1.15516901016	1.06844782829	1.1045460701	1.14152503014	1.33922696114	1.321600914	1.40422201157	1.42455101013	1.36341500282	1.18101406097	1.49064803123	1.69171214104	2.15438699722	1.06213617325	0.813738822937	0.776674985886	1.49273109436	0.842977046967	1.40480399132	1.2747759819	1.2068810463	0.800163984299	1.46231913567	0.866400957108	1.06681203842	1.3294839859	1.2423889637	1.44519901276	1.44168591499	1.55144810677	0.871052026749	1.65141391754	
['./treeMaker/main', '-t', '-r', '2']
1.67325520515	1.84612894058	2.38656210899	1.65779280663	2.36850094795	2.02958416939	2.07937884331	1.60206007957	2.87446904182	2.81679105759	1.24944591522	1.40614199638	1.99194502831	2.02434706688	3.29312515259	1.07617497444	1.67213702202	3.59850406647	1.68234491348	1.53956794739	1.53817200661	1.56709599495	1.89106988907	2.12111377716	1.91879606247	2.04076004028	1.91301989555	1.72512102127	2.18662405014	2.37395000458	3.31448698044	1.59480381012	1.13321495056	1.08118510246	2.17228889465	1.18848204613	2.0770111084	1.80254101753	1.72664189339	1.07727503777	2.10790991783	1.23655796051	1.55463385582	1.77278804779	1.77351498604	2.14414405823	2.06022596359	2.30665397644	1.21984601021	2.26780796051	
['./treeMaker/main', '-t', '-r', '1', '-N']
1.17323803902	1.2569668293	1.76198720932	1.1971848011	1.64423084259	1.34906005859	1.46544981003	1.12940812111	1.96762800217	2.00790596008	0.859476089478	0.948081016541	1.35657215118	1.32473707199	2.1914870739	0.786890029907	1.11804819107	2.44287204742	1.16890692711	1.11585617065	1.11219382286	1.10651898384	1.33386588097	1.38027191162	1.43737220764	1.36546897888	1.31013917923	1.12301516533	1.5402200222	1.62402796745	2.17149496078	1.12669897079	0.84286403656	0.799159049988	1.51910805702	0.827291965485	1.41107296944	1.33977603912	1.212059021	0.788217067719	1.4831199646	0.864912033081	1.05002999306	1.34853005409	1.23089289665	1.45855402946	1.41722393036	1.56879806519	0.880606889725	1.60530090332	
['./treeMaker/main', '-t', '-r', '2', '-N']
1.65398478508	1.76866602898	2.47213292122	1.68441081047	2.32021808624	1.98914599419	2.05961990356	1.58616805077	2.85181188583	2.84559082985	1.24761605263	1.35018491745	1.99049806595	2.0376701355	3.39238500595	1.12717604637	1.74162507057	3.61411499977	1.70512104034	1.5265750885	1.5259950161	1.57613611221	1.91156101227	2.05936312675	1.94046807289	2.03534579277	1.94618010521	1.69539213181	2.14785718918	2.35764884949	3.21015405655	1.54746508598	1.14130401611	1.08996415138	2.15943717957	1.24528503418	1.97842001915	1.80352592468	1.82380509377	1.13034105301	2.1584880352	1.25312590599	1.54235196114	1.8021299839	1.7315158844	2.1421558857	2.10294795036	2.32419204712	1.27006602287	2.26510000229	
['./treeMaker/main', '-m']
0.0657019615173	0.0651218891144	0.0767319202423	0.0644309520721	0.0745799541473	0.0793061256409	0.0700469017029	0.0623769760132	0.0824429988861	0.0805690288544	0.0594789981842	0.0589978694916	0.0683100223541	0.0694999694824	0.0883910655975	0.0536758899689	0.0628321170807	0.0904479026794	0.0651218891144	0.0617370605469	0.0608079433441	0.0654418468475	0.066018819809	0.0772590637207	0.0693500041962	0.0744969844818	0.0815331935883	0.0656900405884	0.0757210254669	0.0764257907867	0.0897178649902	0.0768120288849	0.0555620193481	0.0550580024719	0.0718550682068	0.0566298961639	0.0708239078522	0.0726411342621	0.064316034317	0.0550329685211	0.0692598819733	0.0573189258575	0.0616569519043	0.06569480896	0.0654990673065	0.0745038986206	0.0731520652771	0.0794878005981	0.0591208934784	0.0744998455048	
['./treeMaker/main', '-m', '-b']
0.0689899921417	0.0702619552612	0.0836560726166	0.0703639984131	0.0803101062775	0.0716259479523	0.0721640586853	0.0641930103302	0.0827419757843	0.0808038711548	0.0583310127258	0.0607359409332	0.0702130794525	0.0750770568848	0.0967769622803	0.0546550750732	0.065062046051	0.0957248210907	0.0660769939423	0.0629580020905	0.0635938644409	0.067361831665	0.071722984314	0.0737609863281	0.0840048789978	0.0722970962524	0.0690569877625	0.0661759376526	0.0754358768463	0.0787119865417	0.0934119224548	0.0685818195343	0.0590219497681	0.0578560829163	0.0768949985504	0.0590810775757	0.0728008747101	0.069540977478	0.0676009654999	0.0568988323212	0.0729739665985	0.0594770908356	0.0657320022583	0.0703279972076	0.0701658725739	0.0748069286346	0.0886862277985	0.0888869762421	0.0638148784637	0.0814898014069	
['./treeMaker/main', '-m', '-w', '1']
0.0682010650635	0.0724210739136	0.0818860530853	0.0766820907593	0.0760679244995	0.0697000026703	0.0729022026062	0.0635640621185	0.0818350315094	0.0787048339844	0.0579700469971	0.0598258972168	0.0687930583954	0.0705358982086	0.0926871299744	0.055764913559	0.0635051727295	0.0966589450836	0.0674500465393	0.061840057373	0.060515165329	0.0736911296844	0.0809769630432	0.0707240104675	0.0674071311951	0.0707437992096	0.06751704216	0.0640480518341	0.0723919868469	0.0852210521698	0.0875589847565	0.0626811981201	0.0555930137634	0.0683698654175	0.073203086853	0.0589480400085	0.0697817802429	0.0681989192963	0.0668830871582	0.0570480823517	0.0712640285492	0.070631980896	0.0614860057831	0.066034078598	0.0656840801239	0.0720150470734	0.071624994278	0.0805428028107	0.0618679523468	0.0761668682098	
['./treeMaker/main', '-m', '-w', '2']
0.0709369182587	0.0844829082489	0.0772171020508	0.0660519599915	0.0762920379639	0.068587064743	0.071249961853	0.0631489753723	0.0942189693451	0.0812330245972	0.0620927810669	0.0622539520264	0.074303150177	0.0720870494843	0.0949499607086	0.05695104599	0.0668621063232	0.106729984283	0.0636298656464	0.0627648830414	0.0611779689789	0.063814163208	0.0672540664673	0.0700480937958	0.0665140151978	0.069591999054	0.0664298534393	0.0677168369293	0.0746660232544	0.0755951404572	0.0984668731689	0.0676641464233	0.057825088501	0.0641050338745	0.0743718147278	0.0607860088348	0.0761120319366	0.0692510604858	0.0698301792145	0.0575230121613	0.0710680484772	0.0579099655151	0.0643589496613	0.0678489208221	0.0689070224762	0.0720040798187	0.0723931789398	0.078654050827	0.0588960647583	0.0743019580841	
['./treeMaker/main', '-m', '-c', '1']
0.0642960071564	0.0635828971863	0.0757060050964	0.0641899108887	0.0743989944458	0.0668370723724	0.069051027298	0.0650939941406	0.0810089111328	0.0783619880676	0.0574569702148	0.0594329833984	0.0684700012207	0.0675830841064	0.088320016861	0.0536580085754	0.0661070346832	0.10767698288	0.0631160736084	0.0604948997498	0.0594589710236	0.0613689422607	0.0646510124207	0.0686450004578	0.0668489933014	0.0719017982483	0.0649900436401	0.0630249977112	0.0739679336548	0.0748770236969	0.0851469039917	0.0641579627991	0.0570330619812	0.0536060333252	0.0703220367432	0.0567018985748	0.0716910362244	0.0664939880371	0.0652441978455	0.0541229248047	0.0675408840179	0.0593061447144	0.0642399787903	0.0701761245728	0.0631649494171	0.0693080425262	0.0708358287811	0.0775189399719	0.0575020313263	0.0733380317688	
['./treeMaker/main', '-m', '-c', '2']
0.0746009349823	0.0680868625641	0.07821393013	0.0694370269775	0.0773541927338	0.0692660808563	0.0825488567352	0.0608100891113	0.0787150859833	0.080178976059	0.0565719604492	0.0583598613739	0.0673871040344	0.0744631290436	0.0911269187927	0.0542879104614	0.0635290145874	0.0929300785065	0.0634520053864	0.0607478618622	0.0595791339874	0.0627031326294	0.0650579929352	0.0815739631653	0.0728561878204	0.0725378990173	0.0689280033112	0.0624921321869	0.0718660354614	0.0743441581726	0.090029001236	0.0641679763794	0.068913936615	0.0544309616089	0.072084903717	0.0564420223236	0.0695478916168	0.0662031173706	0.0644710063934	0.0675990581512	0.0681610107422	0.0565021038055	0.060986995697	0.0641820430756	0.0669980049133	0.0709691047668	0.0715160369873	0.0886318683624	0.0572979450226	0.0730741024017	
['./treeMaker/main', '-m', '-a', '1']
0.0740668773651	0.0741050243378	0.0839490890503	0.0847280025482	0.0905921459198	0.075474023819	0.0779278278351	0.0740239620209	0.0907468795776	0.0880858898163	0.0816149711609	0.0748879909515	0.07572889328	0.091362953186	0.100466012955	0.0644850730896	0.0734629631042	0.106820106506	0.0725569725037	0.0739181041718	0.0816187858582	0.0718538761139	0.073490858078	0.0793440341949	0.0733461380005	0.0782051086426	0.0756890773773	0.085813999176	0.0830619335175	0.0935969352722	0.0977039337158	0.0721697807312	0.0672221183777	0.0651431083679	0.0803761482239	0.0667362213135	0.078556060791	0.0868279933929	0.0748269557953	0.081356048584	0.0779271125793	0.0679619312286	0.0706028938293	0.07377409935	0.0736939907074	0.080855846405	0.0796868801117	0.0917010307312	0.0667009353638	0.0801680088043	
['./treeMaker/main', '-m', '-a', '2']
0.0664260387421	0.0705780982971	0.0767431259155	0.0690751075745	0.0772829055786	0.0682199001312	0.0705261230469	0.0629389286041	0.0810039043427	0.075877904892	0.0704309940338	0.0594990253448	0.0692250728607	0.0671679973602	0.0886180400848	0.0536699295044	0.0625579357147	0.091579914093	0.0659260749817	0.0619630813599	0.0642149448395	0.0670249462128	0.0697319507599	0.0749549865723	0.0843379497528	0.0705680847168	0.0655448436737	0.064001083374	0.073273897171	0.0747518539429	0.0884959697723	0.0644838809967	0.0553231239319	0.0681250095367	0.0746541023254	0.0577669143677	0.0717339515686	0.0768480300903	0.0639040470123	0.0545339584351	0.0686888694763	0.0592679977417	0.0620529651642	0.0662279129028	0.0646438598633	0.0713028907776	0.0734429359436	0.0788080692291	0.0609951019287	0.0722060203552	
