25_100_4.9e-10_4.9e-10_470000000
25
100
4.9e-10
4.9e-10
470000000

['./treeMaker/main']
0.0184969902039	0.0142619609833	0.0199520587921	0.0162048339844	0.0118000507355	0.00959587097168	0.0125510692596	0.0190601348877	0.0168030261993	0.0142259597778	0.0249140262604	0.0186901092529	0.0180170536041	0.0151360034943	0.0125851631165	0.0222120285034	0.0184569358826	0.0120120048523	0.0124950408936	0.030326128006	0.0120401382446	0.0270159244537	0.0167090892792	0.0207748413086	0.0183718204498	0.0205521583557	0.0330560207367	0.0188479423523	0.0163350105286	0.0190169811249	0.0141639709473	0.0228960514069	0.012885093689	0.0206949710846	0.0145449638367	0.0136859416962	0.0155510902405	0.0149600505829	0.0188570022583	0.0142221450806	0.0169098377228	0.0189568996429	0.0172629356384	0.0123090744019	0.0169041156769	0.0102660655975	0.016233921051	0.0155510902405	0.014016866684	0.0172138214111	
['./treeMaker/main', '-b']
0.0216748714447	0.0172989368439	0.0237190723419	0.0171558856964	0.013179063797	0.0124912261963	0.0122468471527	0.0211029052734	0.0267310142517	0.0252368450165	0.0259671211243	0.0193748474121	0.0184471607208	0.0133409500122	0.0128588676453	0.022803068161	0.0137240886688	0.0122618675232	0.0121510028839	0.0301599502563	0.0148839950562	0.0177080631256	0.0161759853363	0.0212931632996	0.0278251171112	0.0241751670837	0.0210380554199	0.0201630592346	0.0182728767395	0.0173969268799	0.0249471664429	0.0235781669617	0.0132210254669	0.0209691524506	0.012825012207	0.0142590999603	0.0138449668884	0.0139348506927	0.0192828178406	0.0173540115356	0.0173380374908	0.0191030502319	0.0180110931396	0.0144588947296	0.0185499191284	0.0127899646759	0.0170729160309	0.0135350227356	0.0173001289368	0.017697095871	
['./treeMaker/main', '-u']
0.0204091072083	0.0169589519501	0.0200898647308	0.0190670490265	0.0147171020508	0.0122759342194	0.011134147644	0.0188729763031	0.0140659809113	0.013277053833	0.0219960212708	0.0184788703918	0.015371799469	0.0134561061859	0.0150089263916	0.0217101573944	0.0185520648956	0.0119690895081	0.0122570991516	0.0293681621552	0.0121169090271	0.014014005661	0.0135679244995	0.0186150074005	0.0162930488586	0.0187208652496	0.0203261375427	0.0168988704681	0.0138549804688	0.0164678096771	0.0142500400543	0.0209951400757	0.0126659870148	0.0185880661011	0.0123660564423	0.0136370658875	0.0128479003906	0.0135180950165	0.0168600082397	0.0143449306488	0.0170569419861	0.0166108608246	0.0148320198059	0.0134770870209	0.0178890228271	0.0127201080322	0.0165379047394	0.015989780426	0.0156350135803	0.0170450210571	
['./treeMaker/main', '-t', '-r', '1']
0.26903295517	0.174830913544	0.313015937805	0.199746131897	0.138231039047	0.0982601642609	0.150619983673	0.246495008469	0.175808906555	0.159608840942	0.321931123734	0.267645835876	0.178874015808	0.149364948273	0.161832094193	0.298379898071	0.161740064621	0.128588199615	0.11482000351	0.412304878235	0.124026060104	0.185073852539	0.151587963104	0.287834882736	0.207371234894	0.281178951263	0.30196595192	0.248462200165	0.190731048584	0.228517055511	0.161556959152	0.2885658741	0.154030799866	0.269287109375	0.136609077454	0.149107933044	0.165476083755	0.158048152924	0.216475963593	0.193560838699	0.171336889267	0.22159910202	0.17936205864	0.127910852432	0.191725969315	0.0987808704376	0.161254882812	0.157704114914	0.18489408493	0.179235935211	
['./treeMaker/main', '-t', '-r', '2']
0.489650964737	0.321882963181	0.526829004288	0.423428058624	0.22532081604	0.180485963821	0.23907494545	0.439275979996	0.288858890533	0.270331859589	0.579968929291	0.463865995407	0.29488492012	0.255126953125	0.264093875885	0.518920183182	0.260518074036	0.221982002258	0.201664924622	0.720529079437	0.203436851501	0.31442117691	0.30260515213	0.515887975693	0.381072998047	0.506436824799	0.521452903748	0.395953893661	0.296984195709	0.396553993225	0.285840034485	0.540019035339	0.271904945374	0.502184867859	0.23332285881	0.308135032654	0.29971909523	0.283649921417	0.373240947723	0.342399120331	0.316392183304	0.431797981262	0.325540065765	0.227606058121	0.368267059326	0.178300142288	0.30193901062	0.274366855621	0.330703020096	0.341876029968	
['./treeMaker/main', '-t', '-r', '1', '-N']
0.267946958542	0.188954114914	0.306344985962	0.208909034729	0.138943910599	0.0937550067902	0.139587879181	0.268116950989	0.176677942276	0.17440700531	0.33406996727	0.273971796036	0.18584394455	0.156825065613	0.153338909149	0.28023982048	0.157036066055	0.128422021866	0.115916013718	0.398180961609	0.120934009552	0.176300048828	0.148781061172	0.266897916794	0.217980861664	0.281013011932	0.30549120903	0.226006031036	0.189126014709	0.229423999786	0.170050859451	0.293359041214	0.158236980438	0.268148899078	0.151391029358	0.154819011688	0.148969888687	0.15038895607	0.207124948502	0.195420980453	0.176895141602	0.207314014435	0.204738855362	0.12208199501	0.194915056229	0.110200881958	0.170425891876	0.15004491806	0.167032957077	0.169955015182	
['./treeMaker/main', '-t', '-r', '2', '-N']
0.453999996185	0.296300888062	0.546478033066	0.406405925751	0.225291967392	0.183234930038	0.256580114365	0.448499202728	0.283012866974	0.255177021027	0.579087018967	0.484785079956	0.297471046448	0.255234003067	0.249378919601	0.517424106598	0.266556024551	0.224007129669	0.190545082092	0.717363119125	0.213203907013	0.333416938782	0.285254955292	0.500561952591	0.389723062515	0.501097917557	0.522659063339	0.411945104599	0.293473005295	0.377288103104	0.272516012192	0.524699926376	0.273667097092	0.517579078674	0.250221014023	0.306005954742	0.286488056183	0.272073984146	0.394770145416	0.349837064743	0.318291902542	0.420742988586	0.318286895752	0.213369131088	0.358449935913	0.183756113052	0.297977924347	0.287045955658	0.319068908691	0.36021900177	
['./treeMaker/main', '-m']
0.0121688842773	0.0107960700989	0.0132529735565	0.0119998455048	0.0212829113007	0.010890007019	0.0123510360718	0.025358915329	0.011146068573	0.013081073761	0.0179691314697	0.0163469314575	0.0121500492096	0.0125799179077	0.0118110179901	0.014083147049	0.0133769512177	0.0120229721069	0.0118360519409	0.0199780464172	0.0102541446686	0.0127689838409	0.0127491950989	0.0134689807892	0.0123929977417	0.013286113739	0.0141019821167	0.0125939846039	0.016331911087	0.0126538276672	0.0139889717102	0.0159060955048	0.0216679573059	0.0165240764618	0.0111348628998	0.0135889053345	0.0107419490814	0.0116019248962	0.012442111969	0.0226988792419	0.0134510993958	0.0151469707489	0.0118708610535	0.0120918750763	0.0123047828674	0.0111968517303	0.0131571292877	0.0126700401306	0.0112118721008	0.0122728347778	
['./treeMaker/main', '-m', '-b']
0.0141298770905	0.0117180347443	0.0152399539948	0.0154430866241	0.0102429389954	0.0113677978516	0.0102899074554	0.0170969963074	0.0115561485291	0.012610912323	0.0182991027832	0.0139501094818	0.0148248672485	0.0110969543457	0.0119209289551	0.0172607898712	0.0153570175171	0.0120890140533	0.011904001236	0.0197570323944	0.0121080875397	0.0117390155792	0.0128898620605	0.0141129493713	0.0129718780518	0.0165960788727	0.0174129009247	0.013072013855	0.0113499164581	0.0131280422211	0.0118999481201	0.0181338787079	0.0112218856812	0.0142500400543	0.0114879608154	0.0137839317322	0.0119860172272	0.0129158496857	0.0129790306091	0.0122480392456	0.011913061142	0.0130889415741	0.0124700069427	0.0120480060577	0.0123910903931	0.0116140842438	0.0130999088287	0.0129849910736	0.0119690895081	0.0121779441833	
['./treeMaker/main', '-m', '-w', '1']
0.0135760307312	0.0114731788635	0.0141670703888	0.0127749443054	0.0120708942413	0.0113430023193	0.0125498771667	0.0139098167419	0.013622045517	0.0127890110016	0.0176570415497	0.0159199237823	0.0120158195496	0.0126640796661	0.0120861530304	0.013867855072	0.013927936554	0.0119488239288	0.0118119716644	0.0198879241943	0.0120811462402	0.013149023056	0.0126709938049	0.0133349895477	0.012570142746	0.0131871700287	0.0140280723572	0.0124640464783	0.0125339031219	0.0125510692596	0.0115029811859	0.0167360305786	0.0104370117188	0.0134680271149	0.0109081268311	0.01349401474	0.0109059810638	0.0120480060577	0.0121819972992	0.0111598968506	0.0121629238129	0.0126249790192	0.0115728378296	0.0121409893036	0.0126349925995	0.0111210346222	0.0135879516602	0.0124819278717	0.011246919632	0.013170003891	
['./treeMaker/main', '-m', '-w', '2']
0.0139169692993	0.0115749835968	0.0170388221741	0.0156400203705	0.0106549263	0.0111238956451	0.0122339725494	0.0138471126556	0.0137660503387	0.0120701789856	0.0178489685059	0.0253279209137	0.0121378898621	0.0107839107513	0.0120861530304	0.0147449970245	0.0131409168243	0.0120809078217	0.0115990638733	0.0188930034637	0.0125961303711	0.0120160579681	0.0126588344574	0.0135929584503	0.0130770206451	0.0155210494995	0.0142688751221	0.0127000808716	0.0122339725494	0.0129761695862	0.0120160579681	0.0175521373749	0.0132291316986	0.013701915741	0.012463092804	0.0137801170349	0.0127499103546	0.0117700099945	0.0123100280762	0.0129809379578	0.0119309425354	0.0123510360718	0.012001991272	0.0202269554138	0.0133829116821	0.0113530158997	0.0129010677338	0.0117251873016	0.0115339756012	0.0125560760498	
['./treeMaker/main', '-m', '-c', '1']
0.01340508461	0.0213770866394	0.0154900550842	0.0124680995941	0.0119080543518	0.0107779502869	0.00980806350708	0.0136690139771	0.0130820274353	0.0126388072968	0.0175180435181	0.0130980014801	0.0136160850525	0.0126779079437	0.0119287967682	0.013836145401	0.0132441520691	0.0196928977966	0.0116059780121	0.0193738937378	0.0117390155792	0.0217609405518	0.0129668712616	0.0150911808014	0.0124719142914	0.0244181156158	0.0165910720825	0.0147879123688	0.0125770568848	0.0124039649963	0.0117599964142	0.0166780948639	0.0103888511658	0.0132658481598	0.0121099948883	0.0128438472748	0.0107269287109	0.0118978023529	0.0120310783386	0.0122919082642	0.0129640102386	0.0125241279602	0.0114810466766	0.0121450424194	0.0121691226959	0.010981798172	0.0134270191193	0.0126190185547	0.0112500190735	0.0127840042114	
['./treeMaker/main', '-m', '-c', '2']
0.0138370990753	0.0114259719849	0.0159821510315	0.0127151012421	0.0114130973816	0.0112130641937	0.011873960495	0.0162398815155	0.0114099979401	0.0121359825134	0.0177390575409	0.0157899856567	0.0119998455048	0.0105068683624	0.012277841568	0.0138099193573	0.0137832164764	0.0119028091431	0.0117590427399	0.0193710327148	0.0100638866425	0.0129950046539	0.0121760368347	0.0131969451904	0.0122799873352	0.0230269432068	0.0134530067444	0.0144600868225	0.0122418403625	0.0121338367462	0.013524055481	0.0165460109711	0.0116128921509	0.0245299339294	0.0120639801025	0.0124368667603	0.0127849578857	0.0122380256653	0.0112380981445	0.0130341053009	0.0117199420929	0.0122830867767	0.0120239257812	0.0114231109619	0.0119409561157	0.0110909938812	0.0135741233826	0.0119950771332	0.0118861198425	0.0122630596161	
['./treeMaker/main', '-m', '-a', '1']
0.0143048763275	0.0123150348663	0.0146088600159	0.0131630897522	0.0124471187592	0.012216091156	0.0124540328979	0.0178878307343	0.0170118808746	0.013484954834	0.0185158252716	0.0144290924072	0.0127830505371	0.0132939815521	0.0120470523834	0.0146019458771	0.0129110813141	0.0117359161377	0.01229596138	0.0200929641724	0.0131299495697	0.0122120380402	0.012589931488	0.0138731002808	0.0130829811096	0.0171570777893	0.0178141593933	0.0142109394073	0.011873960495	0.0136141777039	0.0124840736389	0.0186071395874	0.0124559402466	0.0149281024933	0.0230638980865	0.0145120620728	0.0159208774567	0.0116257667542	0.0129301548004	0.0111100673676	0.0166370868683	0.01296210289	0.0123929977417	0.0126869678497	0.0125358104706	0.0110220909119	0.0129871368408	0.0120849609375	0.0120031833649	0.0124080181122	
['./treeMaker/main', '-m', '-a', '2']
0.0134479999542	0.0136649608612	0.0140380859375	0.0128319263458	0.0116190910339	0.0110468864441	0.0100059509277	0.0168271064758	0.0112571716309	0.0131499767303	0.0181019306183	0.0148539543152	0.0121669769287	0.0107300281525	0.012237071991	0.0150558948517	0.0132200717926	0.011353969574	0.0119271278381	0.0188939571381	0.0124781131744	0.0136940479279	0.0121738910675	0.0133919715881	0.0123951435089	0.0136489868164	0.0159940719604	0.0141861438751	0.0125057697296	0.0126011371613	0.0122821331024	0.0173509120941	0.0104877948761	0.0134720802307	0.0130460262299	0.0135221481323	0.0119140148163	0.0122470855713	0.0228469371796	0.0119760036469	0.0133218765259	0.0134019851685	0.0150120258331	0.01154088974	0.0118169784546	0.0112719535828	0.0135838985443	0.0223271846771	0.0125241279602	0.0132069587708	
