25_1000_0_0_190000000
25
1000
0
0
190000000

['./treeMaker/main']
0.0438411235809	0.043673992157	0.0437281131744	0.0436589717865	0.0438289642334	0.0438008308411	0.0439200401306	0.0435538291931	0.0436460971832	0.044065952301	0.0441801548004	0.0436301231384	0.0449371337891	0.0440340042114	0.0437829494476	0.0435190200806	0.0436720848083	0.043692111969	0.0437159538269	0.0448031425476	0.043506860733	0.0440940856934	0.0430560112	0.043751001358	0.0436499118805	0.0436291694641	0.043347120285	0.043555021286	0.0434329509735	0.0440499782562	0.0441451072693	0.0435469150543	0.0432090759277	0.0440402030945	0.0436561107635	0.0439500808716	0.0438280105591	0.0440800189972	0.044783115387	0.0436379909515	0.0549330711365	0.0457110404968	0.0435991287231	0.0439629554749	0.043429851532	0.0434989929199	0.0436460971832	0.0435781478882	0.0440337657928	0.0435321331024	
['./treeMaker/main', '-b']
0.0428111553192	0.0542211532593	0.0457890033722	0.0462169647217	0.0469000339508	0.0477080345154	0.049201965332	0.0460591316223	0.0463600158691	0.0463318824768	0.0463678836823	0.0461099147797	0.048238992691	0.0461239814758	0.0460298061371	0.046101808548	0.0505809783936	0.0457608699799	0.0448160171509	0.0490031242371	0.0452179908752	0.0453999042511	0.0464780330658	0.0460579395294	0.0469131469727	0.0466649532318	0.0479669570923	0.0462501049042	0.0479810237885	0.0463268756866	0.0471379756927	0.0453059673309	0.0436902046204	0.0442488193512	0.0439391136169	0.0449268817902	0.0467069149017	0.0472598075867	0.0478239059448	0.0458261966705	0.0579760074615	0.0491499900818	0.0485260486603	0.0485420227051	0.0475649833679	0.0458300113678	0.0464670658112	0.0467000007629	0.0479371547699	0.0481040477753	
['./treeMaker/main', '-u']
0.0487730503082	0.0510320663452	0.0506510734558	0.0459771156311	0.0432507991791	0.0439150333405	0.0439438819885	0.0437021255493	0.0443239212036	0.0438749790192	0.0440208911896	0.0437669754028	0.0434908866882	0.044126033783	0.0442101955414	0.0572180747986	0.0430381298065	0.043888092041	0.0438749790192	0.0436878204346	0.0434818267822	0.0434319972992	0.0432891845703	0.0570929050446	0.0435450077057	0.0447399616241	0.0457019805908	0.0468680858612	0.0463371276855	0.0464220046997	0.0471630096436	0.0462620258331	0.0462789535522	0.046669960022	0.0466718673706	0.0467619895935	0.0460979938507	0.0459721088409	0.0477321147919	0.045814037323	0.0456800460815	0.050076007843	0.0479900836945	0.046159029007	0.0458438396454	0.0480270385742	0.0464458465576	0.0484709739685	0.0466020107269	0.0458390712738	
['./treeMaker/main', '-t', '-r', '1']
0.352535963058	0.363675117493	0.350148916245	0.33719587326	0.359767198563	0.359318971634	0.356992006302	0.354749917984	0.352918148041	0.352253913879	0.362989902496	0.33727312088	0.358973026276	0.363248825073	0.355508089066	0.353170871735	0.354988098145	0.356260061264	0.353118896484	0.353491067886	0.353980064392	0.354407072067	0.335803031921	0.358149051666	0.351037979126	0.357878923416	0.352490901947	0.335719108582	0.360033988953	0.354406833649	0.353869915009	0.343245029449	0.35224199295	0.359036922455	0.351577997208	0.36380815506	0.362552881241	0.361565828323	0.358857154846	0.373198032379	0.365962028503	0.363863945007	0.359680891037	0.359209060669	0.368036985397	0.356701850891	0.357686042786	0.338696956635	0.366936922073	0.353303909302	
['./treeMaker/main', '-t', '-r', '2']
0.410757064819	0.414345979691	0.421073913574	0.419118881226	0.4185090065	0.421118021011	0.429481983185	0.42166018486	0.418285131454	0.41078877449	0.422040939331	0.411334037781	0.412967920303	0.418807029724	0.401667118073	0.403060913086	0.392729043961	0.457304000854	0.402990102768	0.411978960037	0.38334608078	0.420408010483	0.422638893127	0.430070161819	0.425971984863	0.4223549366	0.402163028717	0.4011759758	0.408913135529	0.434715986252	0.420034170151	0.418711900711	0.401564121246	0.417272090912	0.411367893219	0.430793046951	0.423138856888	0.431871891022	0.401856899261	0.390480041504	0.393215894699	0.439888000488	0.391069173813	0.442646980286	0.43346118927	0.399924993515	0.427305936813	0.412807941437	0.428575992584	0.418388128281	
['./treeMaker/main', '-t', '-r', '1', '-N']
0.352319955826	0.357228040695	0.357399225235	0.337912082672	0.360929012299	0.359844207764	0.359000205994	0.354095935822	0.361310958862	0.353168010712	0.36660194397	0.354947090149	0.357306003571	0.361243963242	0.3677110672	0.361890077591	0.355699062347	0.36577296257	0.360389947891	0.357825040817	0.37153506279	0.365853071213	0.35329580307	0.340394020081	0.359915971756	0.355746984482	0.354995012283	0.354732990265	0.353785037994	0.357585906982	0.356638908386	0.337893009186	0.338917016983	0.362091064453	0.337676048279	0.353194952011	0.353762149811	0.356156826019	0.346149206161	0.364253044128	0.367165088654	0.358952999115	0.369707107544	0.341601133347	0.360263109207	0.358305931091	0.358922958374	0.355222940445	0.357007980347	0.360482931137	
['./treeMaker/main', '-t', '-r', '2', '-N']
0.422204971313	0.423887968063	0.415218114853	0.385827064514	0.41007399559	0.421294927597	0.437322854996	0.393226861954	0.416698932648	0.40709900856	0.435014009476	0.411061048508	0.397610902786	0.414726018906	0.399574995041	0.393786907196	0.408335208893	0.434640169144	0.431589126587	0.394260883331	0.384022951126	0.44470000267	0.384330034256	0.404021024704	0.44092297554	0.401877164841	0.416703939438	0.385357141495	0.410118103027	0.439409017563	0.420986890793	0.411064147949	0.391533851624	0.412545919418	0.409961938858	0.432017087936	0.440550804138	0.418515920639	0.41700387001	0.413960933685	0.411735057831	0.429808855057	0.412050962448	0.420281887054	0.407801866531	0.409811019897	0.40928196907	0.409695148468	0.409069061279	0.417104005814	
['./treeMaker/main', '-m']
0.0421249866486	0.0430669784546	0.0422110557556	0.0423510074615	0.0428140163422	0.0424909591675	0.0437750816345	0.0429458618164	0.0427448749542	0.0427379608154	0.0429499149323	0.0431950092316	0.0421280860901	0.04390001297	0.0437138080597	0.0433790683746	0.0446388721466	0.0435860157013	0.0422551631927	0.0441858768463	0.0434539318085	0.043683052063	0.0432901382446	0.041965007782	0.0418200492859	0.0419781208038	0.0432097911835	0.0434529781342	0.055624961853	0.0438740253448	0.0447800159454	0.0478601455688	0.0451030731201	0.0557019710541	0.0478050708771	0.0448100566864	0.0456759929657	0.0459871292114	0.0447468757629	0.0452449321747	0.0485911369324	0.0476598739624	0.0426330566406	0.0459880828857	0.0449378490448	0.0486390590668	0.045294046402	0.0453760623932	0.0434350967407	0.0479109287262	
['./treeMaker/main', '-m', '-b']
0.0453889369965	0.0466330051422	0.0454659461975	0.0458869934082	0.0459611415863	0.0460641384125	0.0463931560516	0.046000957489	0.0459270477295	0.0456490516663	0.0463690757751	0.0457201004028	0.0484569072723	0.0460360050201	0.0463140010834	0.04523396492	0.0452170372009	0.0457370281219	0.0465009212494	0.0460410118103	0.0460910797119	0.0455861091614	0.045401096344	0.0470740795135	0.0458250045776	0.0467500686646	0.0452070236206	0.0462520122528	0.0460870265961	0.046737909317	0.046952009201	0.0462410449982	0.0456619262695	0.0461938381195	0.047816991806	0.047297000885	0.0450630187988	0.0471711158752	0.0446162223816	0.0549650192261	0.0448100566864	0.0458438396454	0.0454339981079	0.0453948974609	0.045273065567	0.0444569587708	0.0552852153778	0.0450320243835	0.0449738502502	0.0455131530762	
['./treeMaker/main', '-m', '-w', '1']
0.0453019142151	0.0450291633606	0.0427298545837	0.0443270206451	0.0449140071869	0.0472002029419	0.0446171760559	0.0476930141449	0.0476632118225	0.047180891037	0.0454201698303	0.0457420349121	0.0439639091492	0.0446538925171	0.042909860611	0.0467309951782	0.0471968650818	0.0445981025696	0.0445401668549	0.0472009181976	0.0470848083496	0.0453379154205	0.0446388721466	0.0446491241455	0.0442299842834	0.0478730201721	0.0431380271912	0.0451481342316	0.0480189323425	0.0451469421387	0.0455567836761	0.0454971790314	0.0438208580017	0.0445640087128	0.0462517738342	0.0447947978973	0.0458481311798	0.0454421043396	0.0437681674957	0.0437908172607	0.0456969738007	0.0449390411377	0.0453989505768	0.0479350090027	0.0462470054626	0.0459978580475	0.0461990833282	0.0437650680542	0.0447330474854	0.048238992691	
['./treeMaker/main', '-m', '-w', '2']
0.0458221435547	0.0437669754028	0.0447881221771	0.0456209182739	0.0481069087982	0.0435090065002	0.0453319549561	0.0460681915283	0.0449919700623	0.0463609695435	0.0482227802277	0.0491261482239	0.0457139015198	0.0453698635101	0.0451409816742	0.045196056366	0.046294927597	0.0476808547974	0.0414390563965	0.0421810150146	0.0417790412903	0.0421040058136	0.0414929389954	0.0420219898224	0.0419521331787	0.0422229766846	0.0416350364685	0.0419161319733	0.042042016983	0.0424950122833	0.0422761440277	0.0418710708618	0.0416140556335	0.0425291061401	0.0425691604614	0.0440030097961	0.0433161258698	0.0429158210754	0.0431039333344	0.0427839756012	0.0427420139313	0.0435149669647	0.0426778793335	0.0431489944458	0.0424048900604	0.0426530838013	0.042829990387	0.0436110496521	0.0430390834808	0.0428941249847	
['./treeMaker/main', '-m', '-c', '1']
0.0422410964966	0.0424189567566	0.0420181751251	0.042083978653	0.043004989624	0.0423321723938	0.0424048900604	0.0423090457916	0.044093132019	0.0438189506531	0.0426440238953	0.0454230308533	0.0464029312134	0.0438520908356	0.0454959869385	0.044664144516	0.047042131424	0.0454120635986	0.0444800853729	0.0473289489746	0.0461850166321	0.0462100505829	0.045501947403	0.0457558631897	0.0456290245056	0.0470221042633	0.0571250915527	0.0449950695038	0.0470860004425	0.0449998378754	0.0449750423431	0.0486001968384	0.0458450317383	0.0444459915161	0.054682970047	0.0421571731567	0.0419108867645	0.0422461032867	0.0420389175415	0.0415580272675	0.0558290481567	0.045392036438	0.0468418598175	0.0477750301361	0.0450749397278	0.044105052948	0.0477058887482	0.045844078064	0.0462720394135	0.0465741157532	
['./treeMaker/main', '-m', '-c', '2']
0.0456690788269	0.0469238758087	0.0565748214722	0.048357963562	0.0438749790192	0.0446372032166	0.0475130081177	0.0441110134125	0.0457520484924	0.0456349849701	0.0447189807892	0.0430979728699	0.043909072876	0.0453579425812	0.0462918281555	0.0457780361176	0.0429351329803	0.0444769859314	0.0447499752045	0.0447688102722	0.0453090667725	0.0441579818726	0.044193983078	0.0454139709473	0.0464239120483	0.0456941127777	0.0419478416443	0.0436899662018	0.0446979999542	0.0445041656494	0.0439209938049	0.0455288887024	0.0454819202423	0.0481669902802	0.0461268424988	0.0462141036987	0.0477271080017	0.0434730052948	0.0472490787506	0.0447268486023	0.0457689762115	0.0485219955444	0.0430569648743	0.0454640388489	0.0479650497437	0.0444538593292	0.0487530231476	0.0452260971069	0.0448780059814	0.0439851284027	
['./treeMaker/main', '-m', '-a', '1']
0.0613179206848	0.0612728595734	0.070750951767	0.06010389328	0.072282075882	0.0581908226013	0.0585210323334	0.0579330921173	0.0586650371552	0.0587298870087	0.0592091083527	0.0581879615784	0.0580978393555	0.0581569671631	0.058828830719	0.0575840473175	0.05943608284	0.058445930481	0.0582590103149	0.0588481426239	0.0582010746002	0.0584630966187	0.0573439598083	0.0698750019073	0.0621671676636	0.0610990524292	0.058501958847	0.0608470439911	0.0576128959656	0.0587930679321	0.0590147972107	0.0580830574036	0.0575520992279	0.0591812133789	0.0582389831543	0.0597400665283	0.0586998462677	0.0586411952972	0.0595099925995	0.0721538066864	0.0577750205994	0.0596759319305	0.0573189258575	0.05925822258	0.0579669475555	0.0578401088715	0.0585269927979	0.0581710338593	0.0583479404449	0.0593090057373	
['./treeMaker/main', '-m', '-a', '2']
0.0426409244537	0.0428080558777	0.0431320667267	0.0428471565247	0.0527780056	0.0445690155029	0.0527079105377	0.0452919006348	0.0428869724274	0.0443270206451	0.0449659824371	0.045355796814	0.0440318584442	0.0462579727173	0.0460209846497	0.0460109710693	0.0456719398499	0.0455780029297	0.0457119941711	0.0454988479614	0.0461151599884	0.0466070175171	0.0441949367523	0.0442950725555	0.0470368862152	0.0437910556793	0.0445411205292	0.0456900596619	0.0436789989471	0.0447838306427	0.0456929206848	0.0455989837646	0.04327917099	0.0440540313721	0.0431280136108	0.0454411506653	0.0426671504974	0.0430438518524	0.0431599617004	0.0429768562317	0.0426769256592	0.0433609485626	0.0425691604614	0.0429351329803	0.0425319671631	0.0425601005554	0.0427491664886	0.0428409576416	0.0428991317749	0.0426411628723	
