25_1000_0_0_190000000
25
1000
0
0
190000000

['./treeMaker/main']
0.0449979305267	0.0443649291992	0.0441710948944	0.0440468788147	0.0446760654449	0.0442271232605	0.0441431999207	0.0440320968628	0.0441689491272	0.0453679561615	0.0443549156189	0.044144153595	0.0450959205627	0.0449209213257	0.0442290306091	0.0441808700562	0.0440909862518	0.0443210601807	0.0442569255829	0.0443141460419	0.04438996315	0.0451719760895	0.0435791015625	0.0443508625031	0.0445420742035	0.044506072998	0.0437889099121	0.0440189838409	0.0440020561218	0.0441329479218	0.0442471504211	0.0441551208496	0.0439820289612	0.0455460548401	0.0440669059753	0.0447340011597	0.0445210933685	0.0445358753204	0.0444548130035	0.0446770191193	0.0571320056915	0.05149102211	0.0455150604248	0.0445668697357	0.0439360141754	0.0440390110016	0.0441520214081	0.0438449382782	0.0442180633545	0.0443279743195	
['./treeMaker/main', '-b']
0.046247959137	0.058130979538	0.0456788539886	0.047189950943	0.0470888614655	0.0477440357208	0.0470440387726	0.0494468212128	0.047908782959	0.0481400489807	0.0464050769806	0.0477051734924	0.0489549636841	0.0476071834564	0.0465171337128	0.0459117889404	0.0475709438324	0.0462851524353	0.0475261211395	0.0464589595795	0.0461919307709	0.0468158721924	0.04678606987	0.0473098754883	0.0474190711975	0.0548889636993	0.0478279590607	0.0457279682159	0.0459849834442	0.0460209846497	0.0470440387726	0.0595891475677	0.0444219112396	0.0447669029236	0.0445039272308	0.0495688915253	0.0473930835724	0.0472850799561	0.0465269088745	0.046954870224	0.0456991195679	0.047346830368	0.046667098999	0.049350976944	0.0473041534424	0.0467281341553	0.046648979187	0.0466759204865	0.0467548370361	0.0547800064087	
['./treeMaker/main', '-u']
0.0489270687103	0.0477828979492	0.0490250587463	0.0480089187622	0.0452761650085	0.0445110797882	0.0444059371948	0.0441379547119	0.0451028347015	0.044998884201	0.0446710586548	0.0443019866943	0.0444428920746	0.0442230701447	0.0443708896637	0.0443420410156	0.0430028438568	0.0442469120026	0.0439291000366	0.0444569587708	0.0440859794617	0.0442159175873	0.0434381961823	0.0438539981842	0.0443348884583	0.0542640686035	0.0450458526611	0.0465519428253	0.0467901229858	0.0457620620728	0.0486171245575	0.0462899208069	0.0464918613434	0.0496699810028	0.0464839935303	0.0467638969421	0.0461440086365	0.0446701049805	0.0469341278076	0.0577700138092	0.0487339496613	0.0468320846558	0.0465331077576	0.0449578762054	0.0472581386566	0.0475912094116	0.0492780208588	0.0450150966644	0.0497651100159	0.0466508865356	
['./treeMaker/main', '-t', '-r', '1']
0.36234998703	0.372298002243	0.361214876175	0.341014862061	0.366223096848	0.355380058289	0.360185146332	0.347104072571	0.344436883926	0.346302032471	0.357971906662	0.367858171463	0.355023860931	0.356344938278	0.357766866684	0.355201005936	0.355247020721	0.353826999664	0.355059862137	0.355645895004	0.363168001175	0.357843160629	0.340242862701	0.357419013977	0.341162919998	0.361214876175	0.359945058823	0.339287996292	0.358073949814	0.360602855682	0.34049487114	0.342247009277	0.357078075409	0.347215890884	0.339333057404	0.360852003098	0.360512018204	0.36451792717	0.365701913834	0.361083984375	0.357459068298	0.361477851868	0.364385843277	0.360977172852	0.356766939163	0.356146097183	0.36092209816	0.341118812561	0.355176925659	0.363484859467	
['./treeMaker/main', '-t', '-r', '2']
0.432038068771	0.431874990463	0.435582876205	0.427234888077	0.433478116989	0.439743041992	0.440923929214	0.424204111099	0.431136846542	0.420516014099	0.434407949448	0.427855014801	0.427477836609	0.438775062561	0.410822868347	0.404572963715	0.42640709877	0.42609000206	0.414664983749	0.431964159012	0.395333051682	0.431838035583	0.412237882614	0.430627822876	0.426703929901	0.438994884491	0.418307065964	0.401793956757	0.441424846649	0.447622060776	0.429325819016	0.430644035339	0.412992954254	0.422978162766	0.423595905304	0.43695306778	0.419389009476	0.429067850113	0.41600894928	0.400911092758	0.404418945312	0.438133955002	0.440630912781	0.431177139282	0.406741142273	0.421608924866	0.442808866501	0.421862125397	0.443360090256	0.442234992981	
['./treeMaker/main', '-t', '-r', '1', '-N']
0.341674089432	0.356445074081	0.360156059265	0.340990066528	0.356180906296	0.340059041977	0.350055932999	0.341014862061	0.359987020493	0.35830116272	0.35298705101	0.338552951813	0.358050107956	0.367443799973	0.358980894089	0.355777978897	0.358217000961	0.355453968048	0.371227025986	0.363009929657	0.352348089218	0.359835147858	0.353567123413	0.372345924377	0.359771966934	0.35725402832	0.3602039814	0.357767105103	0.358011960983	0.358134031296	0.354110956192	0.340636968613	0.364636898041	0.359407901764	0.359741926193	0.369302988052	0.363615989685	0.352833032608	0.34805893898	0.357742071152	0.354745864868	0.364274978638	0.358283996582	0.36207485199	0.358713150024	0.358342170715	0.359391927719	0.357148885727	0.357052087784	0.359004974365	
['./treeMaker/main', '-t', '-r', '2', '-N']
0.436982154846	0.429963827133	0.417330980301	0.42116189003	0.407425880432	0.440536022186	0.438512802124	0.431254863739	0.424479961395	0.403422832489	0.438966035843	0.442223072052	0.413707971573	0.41575884819	0.427290916443	0.4235060215	0.433399915695	0.427566051483	0.437529087067	0.410663127899	0.394860982895	0.446347951889	0.432008981705	0.439077138901	0.439651012421	0.418534994125	0.420950174332	0.398593187332	0.433460950851	0.448035955429	0.429548978806	0.436328172684	0.41424202919	0.42977309227	0.410501003265	0.443245887756	0.435655117035	0.427574157715	0.432694911957	0.41393995285	0.431025028229	0.421983003616	0.423805952072	0.424204111099	0.411617040634	0.436305999756	0.464943885803	0.425104856491	0.429308891296	0.426094055176	
['./treeMaker/main', '-m']
0.044093132019	0.043534040451	0.0431458950043	0.0432770252228	0.0434238910675	0.0435090065002	0.044214963913	0.0442490577698	0.0435690879822	0.0436608791351	0.0440170764923	0.0428819656372	0.043389081955	0.04456615448	0.0442349910736	0.0440549850464	0.0443999767303	0.0442450046539	0.0430839061737	0.0442428588867	0.0441520214081	0.0441861152649	0.0435061454773	0.0441200733185	0.0424489974976	0.0425820350647	0.0423309803009	0.0440828800201	0.0440528392792	0.0442419052124	0.0543808937073	0.0460629463196	0.0456409454346	0.046758890152	0.0457458496094	0.0546720027924	0.0437700748444	0.046247959137	0.0449540615082	0.0437090396881	0.0453209877014	0.0465312004089	0.0461759567261	0.0458669662476	0.0438189506531	0.0472278594971	0.0458228588104	0.0450251102448	0.0483980178833	0.0457620620728	
['./treeMaker/main', '-m', '-b']
0.0459620952606	0.0464110374451	0.0462200641632	0.0457119941711	0.0451781749725	0.0469989776611	0.0441501140594	0.045646905899	0.0464100837708	0.0439670085907	0.0458388328552	0.0450758934021	0.0442759990692	0.0556309223175	0.0476989746094	0.0471160411835	0.0468878746033	0.049544095993	0.0448310375214	0.0464341640472	0.0463020801544	0.0472660064697	0.0461070537567	0.0475699901581	0.0462369918823	0.0476379394531	0.0462610721588	0.0463058948517	0.0473239421844	0.0471081733704	0.0481238365173	0.0464649200439	0.0462288856506	0.0524709224701	0.0464680194855	0.0470991134644	0.0483570098877	0.0466899871826	0.0457050800323	0.0456800460815	0.0454578399658	0.0457270145416	0.0450830459595	0.0474030971527	0.0460209846497	0.0550661087036	0.0448198318481	0.0461168289185	0.0456228256226	0.0458860397339	
['./treeMaker/main', '-m', '-w', '1']
0.0454158782959	0.0461061000824	0.0459549427032	0.0434610843658	0.0446310043335	0.0452558994293	0.0462110042572	0.0457649230957	0.0459189414978	0.0482411384583	0.0488920211792	0.046394109726	0.0448009967804	0.0455689430237	0.0461947917938	0.0436100959778	0.0482890605927	0.0461630821228	0.0460162162781	0.045089006424	0.0460209846497	0.0453848838806	0.0444180965424	0.0460858345032	0.0459380149841	0.045825958252	0.0460770130157	0.0434489250183	0.0459859371185	0.045923948288	0.0450909137726	0.0469491481781	0.0452418327332	0.046012878418	0.045557975769	0.0458219051361	0.0450160503387	0.0449559688568	0.0461709499359	0.0531389713287	0.0462229251862	0.047856092453	0.0457770824432	0.046168088913	0.0465939044952	0.0467140674591	0.0459430217743	0.0454068183899	0.0439810752869	0.0503098964691	
['./treeMaker/main', '-m', '-w', '2']
0.0459401607513	0.0467422008514	0.0442152023315	0.0451018810272	0.0466949939728	0.0465819835663	0.0481321811676	0.0436451435089	0.045734167099	0.0486531257629	0.0492351055145	0.046532869339	0.0462961196899	0.0452380180359	0.0476150512695	0.0455639362335	0.0448348522186	0.0461909770966	0.0431740283966	0.0427711009979	0.0425958633423	0.0425899028778	0.042042016983	0.0423738956451	0.0425639152527	0.0426688194275	0.0421888828278	0.0425179004669	0.0423362255096	0.0426001548767	0.0431859493256	0.0422739982605	0.0423691272736	0.0450899600983	0.0432209968567	0.0437481403351	0.0439150333405	0.0434157848358	0.043408870697	0.0438070297241	0.0432090759277	0.0441498756409	0.043524980545	0.0437200069427	0.0431349277496	0.043135881424	0.0433940887451	0.0429658889771	0.0435431003571	0.0435619354248	
['./treeMaker/main', '-m', '-c', '1']
0.0427749156952	0.04314494133	0.0429232120514	0.042503118515	0.0428841114044	0.0429360866547	0.0430850982666	0.0427911281586	0.0540790557861	0.0441241264343	0.0479121208191	0.0453410148621	0.0458629131317	0.0449571609497	0.0453181266785	0.0448071956635	0.0462610721588	0.0462970733643	0.0491359233856	0.0464789867401	0.0466690063477	0.0461270809174	0.0463290214539	0.0462040901184	0.0472240447998	0.0460441112518	0.0451948642731	0.0455529689789	0.046560049057	0.0467889308929	0.046108007431	0.0479810237885	0.045704126358	0.0459849834442	0.0453290939331	0.042289018631	0.0425448417664	0.0421009063721	0.0427370071411	0.0423269271851	0.0422310829163	0.0505969524384	0.0452780723572	0.045706987381	0.045236825943	0.0452840328217	0.0471301078796	0.0471711158752	0.0462009906769	0.0472068786621	
['./treeMaker/main', '-m', '-c', '2']
0.0458738803864	0.046413898468	0.04523396492	0.0472218990326	0.0455830097198	0.0445320606232	0.0448949337006	0.0453460216522	0.0483589172363	0.0434291362762	0.0458960533142	0.0492880344391	0.045371055603	0.0436069965363	0.0456619262695	0.0456149578094	0.0456340312958	0.0546810626984	0.044774055481	0.0458920001984	0.0458190441132	0.0455589294434	0.0427401065826	0.0447480678558	0.0442540645599	0.0473849773407	0.0474379062653	0.0450510978699	0.0445599555969	0.0443620681763	0.0476219654083	0.0452830791473	0.0471749305725	0.0502741336823	0.045284986496	0.0454120635986	0.0454850196838	0.0464110374451	0.0454230308533	0.04629778862	0.0453519821167	0.0473690032959	0.0589280128479	0.0454030036926	0.0462040901184	0.0455250740051	0.0465471744537	0.0459480285645	0.0480890274048	0.0464420318604	
['./treeMaker/main', '-m', '-a', '1']
0.0623281002045	0.065171957016	0.0713551044464	0.0607690811157	0.0642437934875	0.0592589378357	0.0594990253448	0.0592129230499	0.0600218772888	0.060075044632	0.0602610111237	0.0593769550323	0.059690952301	0.0596599578857	0.0597507953644	0.0591309070587	0.0595571994781	0.0596299171448	0.0594959259033	0.0595920085907	0.059807062149	0.0596179962158	0.0595359802246	0.0598161220551	0.06028008461	0.0610852241516	0.0637760162354	0.0632619857788	0.0641849040985	0.059473991394	0.0594727993011	0.0591068267822	0.0589978694916	0.0603511333466	0.0591909885406	0.0607049465179	0.0595319271088	0.0595240592957	0.0726261138916	0.0630679130554	0.0584888458252	0.0605719089508	0.0591769218445	0.0602400302887	0.0590658187866	0.0589971542358	0.0598249435425	0.0593631267548	0.0599029064178	0.0605049133301	
['./treeMaker/main', '-m', '-a', '2']
0.0431408882141	0.0433769226074	0.0434331893921	0.0432260036469	0.0544240474701	0.0463650226593	0.0577819347382	0.0460720062256	0.0457921028137	0.0466468334198	0.045469045639	0.0456759929657	0.0477769374847	0.0471889972687	0.0456428527832	0.0454950332642	0.0456938743591	0.0453650951385	0.0464959144592	0.0455069541931	0.0462400913239	0.0459988117218	0.0456831455231	0.0460269451141	0.0489230155945	0.0462810993195	0.0437891483307	0.0439658164978	0.0465590953827	0.0441410541534	0.0459940433502	0.0436499118805	0.0459649562836	0.0512418746948	0.0449368953705	0.045135974884	0.0447778701782	0.0439109802246	0.0434060096741	0.043555021286	0.0430300235748	0.0439701080322	0.0435190200806	0.0435409545898	0.0429351329803	0.0432112216949	0.0432820320129	0.0427350997925	0.0433959960938	0.0434310436249	
