25_2500_4.9e-10_4.9e-10_470000000
25
2500
4.9e-10
4.9e-10
470000000

['./treeMaker/main']
2.79918909073	6.94321203232	3.53293991089	2.23021602631	6.9631588459	2.91466093063	2.14385700226	7.12950992584	4.36792111397	2.24457406998	3.39621710777	0.961520910263	2.52309203148	3.81913495064	3.28540897369	5.36186599731	2.08792591095	3.83707404137	4.56034302711	3.3262720108	5.48087501526	3.65492415428	6.98507213593	3.57994294167	19.1296339035	4.32293891907	7.22690415382	3.98453211784	1.94379806519	1.77220606804	1.38522696495	9.02470493317	5.14698886871	2.22446894646	2.82558393478	2.16125917435	9.12351918221	4.80550503731	4.24263906479	5.88440299034	2.94728398323	2.22691106796	8.2429459095	1.68668103218	4.96841287613	7.33024406433	3.38996100426	1.50817298889	1.53060603142	3.19472289085	
['./treeMaker/main', '-b']
2.52394199371	7.76942610741	3.55944299698	2.30537009239	7.11705493927	3.04418182373	1.99828481674	7.0581240654	3.97074389458	1.81546115875	3.39942288399	0.962239027023	2.40173578262	3.83173418045	3.4449570179	6.09786319733	2.09671187401	3.68377995491	5.14867806435	3.09347200394	5.06083679199	3.4622490406	7.14813303947	3.29395890236	17.2163639069	4.52284502983	6.98113203049	4.35083317757	2.1800160408	1.92728900909	1.59184002876	9.41656422615	5.04445004463	2.22925591469	2.60289382935	1.87034296989	8.48041820526	4.88117384911	4.59632110596	5.47901988029	2.54452705383	1.96403503418	8.11477994919	1.84887290001	5.3173251152	6.75879883766	3.6603770256	1.47916698456	1.34628891945	3.5857899189	
['./treeMaker/main', '-u']
2.57992100716	7.53218603134	3.58539509773	2.36984205246	7.02507305145	2.93085408211	2.14451599121	6.57770586014	4.22163105011	1.90662002563	3.35111498833	0.89422416687	2.43087100983	3.66574501991	3.45314788818	5.6236641407	2.11865401268	3.40544891357	4.31454491615	3.0745818615	5.44706296921	3.85906195641	6.87033200264	3.72789216042	18.3099379539	4.07048106194	6.75276589394	4.41490793228	2.07692790031	1.87248706818	1.46196508408	9.28956794739	4.52249312401	2.22811889648	2.62007713318	1.90468096733	9.63157010078	4.66852998734	4.64003491402	5.77720785141	2.74778008461	1.95657110214	7.37746691704	1.68361496925	5.14902806282	7.42933702469	3.55398702621	1.30497694016	1.47850108147	3.29603481293	
['./treeMaker/main', '-t', '-r', '1']
4.98137617111	9.09220314026	5.84373998642	4.49778699875	8.16067314148	5.19912099838	4.41322016716	8.86993789673	6.3042678833	4.22567892075	5.37302708626	2.83761000633	4.41826295853	6.19137597084	5.54662585258	8.04815578461	4.45599889755	5.80592393875	6.60899305344	5.44875502586	7.76718401909	5.88563299179	8.36430001259	5.76273488998	14.111397028	6.41302490234	8.80283498764	6.51745796204	4.38813185692	4.15196299553	3.76653003693	10.2550640106	7.12280607224	4.38966989517	4.93047714233	3.88250398636	10.4424610138	6.81388616562	7.01102089882	7.70274806023	5.0462448597	4.24773788452	9.54813599586	4.08539485931	7.26426696777	8.80802798271	5.55984282494	3.59677600861	3.49192500114	5.55779695511	
['./treeMaker/main', '-t', '-r', '2']
8.74415278435	15.3557920456	10.4902739525	7.99069714546	15.7716341019	9.64363694191	7.27963113785	14.8590209484	11.2083570957	6.99233388901	10.0034971237	4.72541308403	8.51811599731	10.3544609547	9.71732091904	12.7775650024	8.3141708374	10.8602731228	12.0873429775	9.61219406128	13.3739600182	10.1976509094	15.5162599087	10.1247448921	30.1605889797	10.8551008701	15.0360069275	10.6892170906	7.52071785927	6.90745806694	6.23384594917	18.0585341454	12.2035541534	7.59931397438	9.10907101631	7.87402582169	16.6401848793	11.3160848618	11.4104521275	13.2838199139	8.3739168644	7.84753894806	15.7237489223	6.90444493294	12.6224958897	15.8376009464	10.9265561104	6.401045084	5.9260840416	10.8479888439	
['./treeMaker/main', '-t', '-r', '1', '-N']
5.02170801163	9.00953102112	5.71770381927	4.43415594101	8.3798429966	5.2172100544	4.3212389946	8.85164213181	6.22246694565	4.30918097496	5.36740994453	2.88309001923	4.49580597878	6.26397204399	5.58218097687	8.21196699142	4.37148809433	5.91144490242	6.6433069706	5.51455807686	7.70732188225	5.87599492073	8.51269292831	5.88042712212	14.1019978523	6.30335211754	8.94467592239	6.44010591507	4.38312387466	4.10850381851	3.76588201523	10.1573269367	6.94913887978	4.54076194763	4.92306089401	3.96105122566	10.4436211586	6.83214902878	6.90011000633	7.60866212845	5.13223314285	4.32219290733	9.39561796188	4.08319401741	7.35899400711	8.63617706299	5.58072686195	3.63874816895	3.50144982338	5.44302988052	
['./treeMaker/main', '-t', '-r', '2', '-N']
8.77336502075	15.3825740814	10.5700550079	8.12381386757	15.7151970863	9.66938996315	7.06558585167	14.721198082	11.2523579597	6.96225380898	10.0659279823	4.61559891701	8.49793100357	10.3201580048	9.78507900238	12.6841609478	8.34350395203	10.5798668861	12.1947860718	9.64032912254	13.1694598198	10.1963648796	15.3641870022	10.287596941	30.2683010101	10.8674409389	14.8747401237	10.7539877892	7.45728898048	7.02437090874	6.17441105843	17.989303112	12.040348053	7.6341149807	8.88345384598	8.17668795586	16.6222639084	11.3626728058	11.3766169548	13.3480100632	8.31766581535	7.80874609947	15.6106798649	7.03214097023	12.6909880638	15.7746140957	11.2768809795	6.350274086	5.90587902069	10.7563769817	
['./treeMaker/main', '-m']
0.230709791183	0.308001041412	0.255920886993	0.223989963531	0.313938856125	0.242685079575	0.209072113037	0.332975149155	0.274043083191	0.216720819473	0.245434045792	0.173478841782	0.247884988785	0.266061782837	0.269320011139	0.278850793839	0.230726957321	0.254029035568	0.29845905304	0.241692066193	0.300956964493	0.266203165054	0.326825857162	0.267585039139	0.472734928131	0.272597074509	0.321938037872	0.269434928894	0.225615978241	0.206211805344	0.194157123566	0.33172082901	0.276221990585	0.218982934952	0.251741886139	0.231470108032	0.345898866653	0.266222000122	0.267183065414	0.293287038803	0.239603996277	0.218994140625	0.330272912979	0.206039905548	0.290757894516	0.327058076859	0.284103155136	0.210278987885	0.191690921783	0.278616905212	
['./treeMaker/main', '-m', '-b']
0.268663883209	0.33311009407	0.273901939392	0.252939939499	0.355526924133	0.258640050888	0.242959976196	0.343389034271	0.293295860291	0.238175153732	0.276412963867	0.182498931885	0.258153915405	0.29897403717	0.292222976685	0.315560817719	0.244784116745	0.285207033157	0.296712875366	0.282207965851	0.335803031921	0.284283161163	0.333578109741	0.266057014465	0.51659488678	0.290889978409	0.335474014282	0.298145055771	0.246022939682	0.216596841812	0.227637052536	0.380043983459	0.309607982635	0.238008975983	0.270073890686	0.249248027802	0.377059936523	0.283289909363	0.307487010956	0.331228017807	0.253973960876	0.247502088547	0.35337805748	0.228140115738	0.296829938889	0.359474182129	0.295447826385	0.208775997162	0.217065095901	0.294302940369	
['./treeMaker/main', '-m', '-w', '1']
0.233355998993	0.332813978195	0.253868818283	0.233799934387	0.329775810242	0.263299226761	0.217659950256	0.319142103195	0.271279096603	0.211361885071	0.258084058762	0.178907871246	0.239811897278	0.251926898956	0.246418952942	0.292466163635	0.227354049683	0.250416994095	0.29012799263	0.245620012283	0.307172060013	0.261994123459	0.310824155807	0.273736953735	0.492801904678	0.281769037247	0.311914920807	0.273039102554	0.226721048355	0.229314088821	0.217082023621	0.359313964844	0.2863240242	0.223526000977	0.241856098175	0.242384910583	0.346481084824	0.291220903397	0.283685922623	0.290033102036	0.241612911224	0.233211040497	0.326174020767	0.205874204636	0.287675857544	0.324851036072	0.262903928757	0.210294961929	0.192486047745	0.267495155334	
['./treeMaker/main', '-m', '-w', '2']
0.226905107498	0.312486886978	0.265555143356	0.221392869949	0.334150075912	0.247287034988	0.225610017776	0.303540945053	0.284199953079	0.215265989304	0.262676000595	0.176247835159	0.232388019562	0.256953001022	0.263493061066	0.294579982758	0.223513841629	0.253854036331	0.297389984131	0.257925987244	0.296096086502	0.251259088516	0.313566923141	0.259974002838	0.492334842682	0.284697055817	0.328600883484	0.272314071655	0.225956916809	0.205950975418	0.202433109283	0.352830171585	0.276244163513	0.235378980637	0.25861787796	0.227811098099	0.351672172546	0.281087875366	0.284306049347	0.294636011124	0.243318796158	0.230777978897	0.312844991684	0.208289861679	0.300402879715	0.332654953003	0.263494968414	0.197777032852	0.192759990692	0.268300056458	
['./treeMaker/main', '-m', '-c', '1']
0.233958005905	0.324117898941	0.275321006775	0.229643106461	0.334528923035	0.257464885712	0.216938972473	0.317854166031	0.277678012848	0.221613168716	0.261355161667	0.187859773636	0.228245973587	0.251491069794	0.259143829346	0.302398920059	0.223776102066	0.274775981903	0.292071819305	0.253888130188	0.303867816925	0.249265909195	0.324108123779	0.246621847153	0.453974962234	0.256515979767	0.295899868011	0.260452032089	0.217381000519	0.200597047806	0.189752101898	0.330692052841	0.27124786377	0.213238954544	0.23050403595	0.221609830856	0.347985982895	0.261765956879	0.293917179108	0.31466794014	0.235249996185	0.218829870224	0.326486110687	0.204722881317	0.297664880753	0.310026884079	0.277053117752	0.195313930511	0.189211845398	0.268572807312	
['./treeMaker/main', '-m', '-c', '2']
0.239248991013	0.326159000397	0.254709005356	0.228178977966	0.329263925552	0.255653858185	0.21873998642	0.299321889877	0.280658960342	0.211451053619	0.257364034653	0.187923908234	0.255606889725	0.247297048569	0.258830070496	0.306377887726	0.227903842926	0.252511024475	0.281033992767	0.245730876923	0.294180870056	0.27183508873	0.330785989761	0.270253896713	0.483417034149	0.275166988373	0.315912008286	0.267190933228	0.216825962067	0.206080198288	0.202274084091	0.359135866165	0.272912025452	0.23360490799	0.243311882019	0.231029033661	0.337134838104	0.282345056534	0.278609991074	0.292948007584	0.236287117004	0.217916965485	0.32516503334	0.226092100143	0.278327941895	0.324146032333	0.274881124496	0.199059963226	0.19683098793	0.275550127029	
['./treeMaker/main', '-m', '-a', '1']
0.244970798492	0.334547996521	0.29215502739	0.254500865936	0.353488922119	0.281438112259	0.245546102524	0.328547000885	0.284650802612	0.243252038956	0.262860059738	0.195407152176	0.255765914917	0.286430120468	0.28403878212	0.313274860382	0.241858959198	0.286862134933	0.325953960419	0.259093046188	0.312544107437	0.269318819046	0.347737073898	0.284024953842	0.513470888138	0.289666175842	0.327968835831	0.297384023666	0.248120069504	0.236889839172	0.215653181076	0.347884178162	0.307725191116	0.23438501358	0.279531955719	0.256258964539	0.361100912094	0.306011915207	0.304900884628	0.324880123138	0.246209144592	0.256827116013	0.344951152802	0.24102306366	0.302801847458	0.347554922104	0.284785032272	0.216586828232	0.209468126297	0.270854949951	
['./treeMaker/main', '-m', '-a', '2']
0.225263118744	0.313343048096	0.272654056549	0.229075193405	0.333739995956	0.265602111816	0.219676017761	0.317690134048	0.27943110466	0.214703083038	0.269269943237	0.172127962112	0.246160984039	0.254510164261	0.257030963898	0.280220985413	0.228479146957	0.265710830688	0.283502101898	0.250114917755	0.309045791626	0.25453209877	0.327903032303	0.249963998795	0.482345104218	0.276453018188	0.324193000793	0.255913972855	0.239592075348	0.219930887222	0.214651107788	0.347645998001	0.286998987198	0.223675012589	0.24369096756	0.239337921143	0.351335048676	0.280293941498	0.283014059067	0.303961038589	0.251158952713	0.230069875717	0.311080932617	0.20978808403	0.283868074417	0.324946165085	0.279103040695	0.203893899918	0.194427967072	0.267066955566	
