25_250_4.9e-10_4.9e-10_470000000
25
250
4.9e-10
4.9e-10
470000000

['./treeMaker/main']
0.0483090877533	0.0469419956207	0.0353798866272	0.0617408752441	0.0768699645996	0.0618751049042	0.0613470077515	0.0537910461426	0.0853621959686	0.0420598983765	0.0283331871033	0.0515151023865	0.0602140426636	0.0581650733948	0.0534760951996	0.0704319477081	0.0467159748077	0.0710580348969	0.0488750934601	0.0537669658661	0.0459170341492	0.0477578639984	0.0631051063538	0.050094127655	0.042827129364	0.0441691875458	0.0394170284271	0.0540339946747	0.0365569591522	0.0363841056824	0.076425075531	0.033050775528	0.0546300411224	0.0334029197693	0.0330390930176	0.0473899841309	0.0521039962769	0.0516729354858	0.0587551593781	0.0337698459625	0.037624835968	0.0272560119629	0.033233165741	0.0703852176666	0.0450580120087	0.0768809318542	0.0475871562958	0.0350840091705	0.039608001709	0.0804460048676	
['./treeMaker/main', '-b']
0.0510442256927	0.0379068851471	0.0413091182709	0.0667419433594	0.0808551311493	0.0695128440857	0.0637009143829	0.0582921504974	0.0929460525513	0.0437660217285	0.0322799682617	0.0570969581604	0.0659699440002	0.0628111362457	0.0596280097961	0.0724267959595	0.0464651584625	0.074177980423	0.0508968830109	0.0529499053955	0.0458538532257	0.0471329689026	0.0519270896912	0.0506429672241	0.0428841114044	0.044291973114	0.0395901203156	0.0538461208344	0.0454230308533	0.0348429679871	0.0668840408325	0.042181968689	0.0568509101868	0.0370290279388	0.0321969985962	0.0505199432373	0.0548350811005	0.0518970489502	0.0452809333801	0.0392980575562	0.0433740615845	0.0327389240265	0.0400199890137	0.0744769573212	0.0429730415344	0.0695610046387	0.0508909225464	0.0348250865936	0.0365941524506	0.0798518657684	
['./treeMaker/main', '-u']
0.0479910373688	0.037034034729	0.0351119041443	0.0627760887146	0.0774528980255	0.0622019767761	0.0623528957367	0.0546100139618	0.0879969596863	0.0426490306854	0.0289809703827	0.0509188175201	0.0765419006348	0.0602321624756	0.0518980026245	0.0690259933472	0.0458860397339	0.0698969364166	0.04847407341	0.0695691108704	0.0480909347534	0.0478520393372	0.0551669597626	0.0552949905396	0.0457019805908	0.0481901168823	0.0456941127777	0.0597939491272	0.0358080863953	0.0375480651855	0.0666129589081	0.034087896347	0.054468870163	0.0334279537201	0.0338840484619	0.048602104187	0.0507941246033	0.0509948730469	0.0489099025726	0.0368549823761	0.0410029888153	0.030061006546	0.0369620323181	0.0824608802795	0.0423789024353	0.0668110847473	0.0487279891968	0.0359780788422	0.0386850833893	0.0778520107269	
['./treeMaker/main', '-t', '-r', '1']
0.622076034546	0.434745073318	0.432183980942	0.827852010727	1.0053358078	0.838814973831	0.792459011078	0.68833398819	1.07193803787	0.552692890167	0.356359004974	0.64653801918	0.784635066986	0.7303378582	0.777471065521	0.907012939453	0.631201982498	0.912759065628	0.705759048462	0.652175188065	0.639419078827	0.590759038925	0.716680049896	0.641952991486	0.591531991959	0.597831964493	0.4840528965	0.657418966293	0.393458127975	0.438608884811	0.891005039215	0.395961046219	0.683045864105	0.39031791687	0.40224313736	0.598803043365	0.610027074814	0.702146053314	0.576344013214	0.453414916992	0.480586051941	0.342693090439	0.472325086594	0.834223985672	0.540720939636	0.799046993256	0.631415128708	0.441705942154	0.456171035767	0.887567043304	
['./treeMaker/main', '-t', '-r', '2']
0.939550876617	0.740261077881	0.689526796341	1.31631588936	1.45639181137	1.24585294724	1.14232897758	0.997951030731	1.54065799713	0.801769018173	0.540286779404	1.02271413803	1.21677303314	1.05243015289	1.10059690475	1.35897493362	0.906602859497	1.52177095413	1.00283789635	1.0305018425	0.888981103897	0.818542957306	1.03649497032	1.04357099533	0.834320068359	0.870850086212	0.76270699501	1.02765011787	0.636160135269	0.670351982117	1.28097581863	0.621278047562	0.988551855087	0.608409881592	0.623970031738	0.868989944458	1.03847098351	1.01978397369	0.936001777649	0.674953937531	0.750327110291	0.490788936615	0.673722982407	1.31758308411	0.786927938461	1.33639597893	0.962120056152	0.627346038818	0.666105985641	1.41869783401	
['./treeMaker/main', '-t', '-r', '1', '-N']
0.608199119568	0.455816030502	0.454477071762	0.838168859482	1.04298591614	0.80407500267	0.799161195755	0.689170122147	1.08139300346	0.536812067032	0.342418909073	0.675395965576	0.820250988007	0.703886032104	0.73319196701	0.941461086273	0.647502183914	0.894345998764	0.708029031754	0.656130075455	0.620656967163	0.579978942871	0.716099023819	0.625630140305	0.615061044693	0.564072132111	0.48601102829	0.670122861862	0.392096996307	0.449097156525	0.895661115646	0.387176990509	0.674796104431	0.383069038391	0.403658151627	0.584511995316	0.640724897385	0.700930833817	0.567243099213	0.426136016846	0.487857103348	0.353886842728	0.459021091461	0.8635160923	0.535029888153	0.794285058975	0.641819000244	0.42898607254	0.440687894821	0.871295928955	
['./treeMaker/main', '-t', '-r', '2', '-N']
0.941702842712	0.713996171951	0.657919883728	1.30779695511	1.43107700348	1.23422408104	1.15615797043	1.06994318962	1.56594491005	0.830383062363	0.524479866028	1.03113293648	1.20408296585	1.11062598228	1.06316685677	1.31621408463	0.901162147522	1.50400686264	1.00605583191	1.02626204491	0.848391056061	0.829075098038	1.00683617592	0.987785100937	0.860888957977	0.835912942886	0.792860984802	1.05995988846	0.620413064957	0.646427154541	1.30374217033	0.604258060455	0.989556074142	0.578262090683	0.624841928482	0.915240049362	1.03849482536	0.967237949371	0.901528835297	0.680899858475	0.797176122665	0.497317075729	0.672960996628	1.31389713287	0.810214042664	1.2709209919	0.911530017853	0.624938964844	0.693861961365	1.49999189377	
['./treeMaker/main', '-m']
0.0263609886169	0.0227921009064	0.0342090129852	0.0323030948639	0.0326058864594	0.0308878421783	0.0315961837769	0.0296130180359	0.0369100570679	0.0267539024353	0.0199520587921	0.0280928611755	0.0310859680176	0.0284759998322	0.0298669338226	0.0336880683899	0.0259721279144	0.0337450504303	0.0283119678497	0.0300588607788	0.0269420146942	0.0405690670013	0.0262861251831	0.0264718532562	0.0233898162842	0.024405002594	0.023885011673	0.0274000167847	0.0206661224365	0.0212500095367	0.0285651683807	0.0203931331635	0.0264928340912	0.0212969779968	0.0199639797211	0.0248429775238	0.02578997612	0.0254890918732	0.0243401527405	0.0217740535736	0.0229930877686	0.0190870761871	0.0213840007782	0.0317649841309	0.0226488113403	0.0291728973389	0.0246639251709	0.021378993988	0.0221078395844	0.0334360599518	
['./treeMaker/main', '-m', '-b']
0.026524066925	0.0240390300751	0.0229289531708	0.0338110923767	0.0369520187378	0.0341210365295	0.035679101944	0.0386910438538	0.0373589992523	0.0272119045258	0.0236148834229	0.0303289890289	0.0314810276031	0.0312180519104	0.0300099849701	0.0475609302521	0.0267510414124	0.0340840816498	0.0277330875397	0.0412149429321	0.0282700061798	0.0284821987152	0.0426788330078	0.0280618667603	0.0252010822296	0.0260450839996	0.0255799293518	0.0398590564728	0.0241649150848	0.0248851776123	0.0333778858185	0.0230159759521	0.029974937439	0.0256409645081	0.0240421295166	0.0298521518707	0.0304329395294	0.0290100574493	0.0282871723175	0.0247950553894	0.0261390209198	0.0222129821777	0.0239701271057	0.0369529724121	0.0262777805328	0.0326080322266	0.0302579402924	0.024365901947	0.0263850688934	0.0391411781311	
['./treeMaker/main', '-m', '-w', '1']
0.0279519557953	0.0258560180664	0.0236611366272	0.0314650535583	0.033182144165	0.0312261581421	0.0314009189606	0.0299999713898	0.0338749885559	0.0241661071777	0.0194709300995	0.0403671264648	0.0279970169067	0.0277268886566	0.0264401435852	0.0308849811554	0.0247228145599	0.0311269760132	0.0258400440216	0.0274109840393	0.0246670246124	0.027163028717	0.0284788608551	0.0288279056549	0.0258300304413	0.0265431404114	0.0264759063721	0.0299069881439	0.0339629650116	0.0232479572296	0.0314671993256	0.0233120918274	0.0295910835266	0.0268499851227	0.0228509902954	0.0260050296783	0.030483007431	0.0276131629944	0.0351898670197	0.021320104599	0.0235249996185	0.0300681591034	0.0248420238495	0.0338790416718	0.0260710716248	0.0321238040924	0.0377669334412	0.0234708786011	0.0248701572418	0.0353310108185	
['./treeMaker/main', '-m', '-w', '2']
0.0291900634766	0.0262858867645	0.0237708091736	0.0323598384857	0.037024974823	0.0333330631256	0.0328381061554	0.0332698822021	0.0362288951874	0.0300240516663	0.0236349105835	0.029011964798	0.0317900180817	0.0326390266418	0.0274059772491	0.0318491458893	0.0371589660645	0.0345189571381	0.0290198326111	0.0295400619507	0.0286519527435	0.0270299911499	0.0283138751984	0.0293459892273	0.0258529186249	0.02681183815	0.0261199474335	0.030473947525	0.0348970890045	0.0250451564789	0.0310781002045	0.0227928161621	0.0288009643555	0.0216801166534	0.0235579013824	0.0277218818665	0.028333902359	0.0284309387207	0.0274760723114	0.0331330299377	0.0259709358215	0.0214619636536	0.0263671875	0.0346899032593	0.0235261917114	0.031830072403	0.0303380489349	0.0238540172577	0.0243368148804	0.0366508960724	
['./treeMaker/main', '-m', '-c', '1']
0.0303418636322	0.0250880718231	0.0248429775238	0.0296809673309	0.0337669849396	0.0317330360413	0.0326669216156	0.0305478572845	0.0351278781891	0.0245339870453	0.0216150283813	0.0312261581421	0.0297431945801	0.029993057251	0.0301058292389	0.0319890975952	0.0280289649963	0.034236907959	0.0287940502167	0.0318748950958	0.027713060379	0.0279848575592	0.0275280475616	0.0300009250641	0.0255968570709	0.0256330966949	0.0257749557495	0.0298149585724	0.0209681987762	0.0243990421295	0.02996301651	0.0239109992981	0.0277018547058	0.0267949104309	0.0231881141663	0.0257110595703	0.0304851531982	0.0273778438568	0.0269780158997	0.0255289077759	0.0261862277985	0.0219700336456	0.0249180793762	0.031800031662	0.0243971347809	0.0414152145386	0.026664018631	0.0234560966492	0.0250260829926	0.0341470241547	
['./treeMaker/main', '-m', '-c', '2']
0.0264520645142	0.0283970832825	0.0221788883209	0.0295128822327	0.0347490310669	0.0285429954529	0.0326271057129	0.0309941768646	0.033411026001	0.0258369445801	0.023136138916	0.0290501117706	0.0302178859711	0.0382440090179	0.0287959575653	0.0338728427887	0.0280408859253	0.0318291187286	0.0287771224976	0.0301079750061	0.0270149707794	0.0267009735107	0.0281510353088	0.0284860134125	0.0269410610199	0.0271048545837	0.0264220237732	0.0289890766144	0.022469997406	0.0237970352173	0.0291459560394	0.0208117961884	0.028265953064	0.0225238800049	0.0201108455658	0.0276379585266	0.0280809402466	0.0279459953308	0.0253579616547	0.0216422080994	0.0232839584351	0.0190999507904	0.0212881565094	0.0318920612335	0.0223820209503	0.029070854187	0.0249400138855	0.0317859649658	0.023619890213	0.036120891571	
['./treeMaker/main', '-m', '-a', '1']
0.0290958881378	0.0267028808594	0.0263738632202	0.0320630073547	0.0349478721619	0.0331611633301	0.0323460102081	0.0307159423828	0.0373511314392	0.0263628959656	0.0227830410004	0.0305650234222	0.0322289466858	0.031044960022	0.0308701992035	0.0440549850464	0.0293471813202	0.0365388393402	0.0299870967865	0.0319931507111	0.0380821228027	0.0290651321411	0.0307230949402	0.0302159786224	0.0386910438538	0.0260210037231	0.0267698764801	0.0296058654785	0.0228431224823	0.0230860710144	0.0302739143372	0.0222008228302	0.0284759998322	0.023087978363	0.0219559669495	0.02698802948	0.0278630256653	0.0274569988251	0.0268189907074	0.0235679149628	0.0252728462219	0.0208320617676	0.023246049881	0.0340890884399	0.0239770412445	0.0307731628418	0.0266621112823	0.0232799053192	0.0239050388336	0.0358679294586	
['./treeMaker/main', '-m', '-a', '2']
0.0312309265137	0.0259058475494	0.0235478878021	0.0431039333344	0.0349130630493	0.0376739501953	0.030592918396	0.0298929214478	0.0342648029327	0.0267372131348	0.0212891101837	0.0283930301666	0.0313720703125	0.031861782074	0.0273258686066	0.0326399803162	0.029844045639	0.0326058864594	0.0290718078613	0.0285639762878	0.0254578590393	0.0250759124756	0.0265929698944	0.0268371105194	0.0236258506775	0.0245668888092	0.0238230228424	0.0276539325714	0.0207748413086	0.021782875061	0.0287828445435	0.0204350948334	0.0268268585205	0.0208699703217	0.020140171051	0.025200843811	0.0259649753571	0.0258178710938	0.0247728824615	0.0218460559845	0.0347871780396	0.0213990211487	0.0230860710144	0.0333998203278	0.0345470905304	0.0323309898376	0.0305681228638	0.0235757827759	0.0252678394318	0.036406993866	
