25_250_4.9e-10_4.9e-10_470000000
25
250
4.9e-10
4.9e-10
470000000

['./treeMaker/main']
0.0459470748901	0.0369229316711	0.0367360115051	0.063413143158	0.0769400596619	0.0611431598663	0.0613210201263	0.053200006485	0.0859708786011	0.0414550304413	0.0277371406555	0.0508008003235	0.0603160858154	0.0578291416168	0.0529360771179	0.0695998668671	0.0459430217743	0.0709049701691	0.048455953598	0.0537068843842	0.0456230640411	0.0480561256409	0.051463842392	0.0502989292145	0.042356967926	0.0440170764923	0.0394439697266	0.0566940307617	0.0342690944672	0.0361649990082	0.0638799667358	0.0324668884277	0.0544319152832	0.0337119102478	0.0324399471283	0.0489690303802	0.0504069328308	0.0518290996552	0.0426080226898	0.033350944519	0.0375328063965	0.026556968689	0.0328748226166	0.0869920253754	0.0448989868164	0.0679740905762	0.051577091217	0.0380411148071	0.0378999710083	0.0834708213806	
['./treeMaker/main', '-b']
0.050843000412	0.0395081043243	0.041118144989	0.0665390491486	0.0849530696869	0.0665810108185	0.0637068748474	0.0612761974335	0.0946071147919	0.0456600189209	0.0316460132599	0.058167219162	0.0660080909729	0.0626139640808	0.0749220848083	0.0696079730988	0.050313949585	0.0740411281586	0.0501110553741	0.0534219741821	0.0456368923187	0.0477910041809	0.0519328117371	0.0507390499115	0.0423820018768	0.0440149307251	0.0402200222015	0.053631067276	0.0318920612335	0.0352268218994	0.0783798694611	0.0341920852661	0.0549149513245	0.0342211723328	0.033802986145	0.0488300323486	0.0505509376526	0.0510098934174	0.0466959476471	0.0369591712952	0.0412428379059	0.0301740169525	0.0367460250854	0.0745379924774	0.0417010784149	0.0807559490204	0.0477480888367	0.0344808101654	0.0360689163208	0.0791490077972	
['./treeMaker/main', '-u']
0.0484969615936	0.0369050502777	0.0347919464111	0.0627479553223	0.079479932785	0.0621740818024	0.0621929168701	0.0541319847107	0.0877799987793	0.0422089099884	0.0302090644836	0.0512909889221	0.0662341117859	0.0580539703369	0.0524821281433	0.0686450004578	0.0452709197998	0.0698089599609	0.0478811264038	0.0575730800629	0.0508840084076	0.0541698932648	0.0657551288605	0.0530738830566	0.0431759357452	0.0462899208069	0.0424468517303	0.0584349632263	0.0341739654541	0.0374319553375	0.0741379261017	0.032252073288	0.0537981987	0.0330350399017	0.0335540771484	0.0499970912933	0.0500860214233	0.0525970458984	0.0488629341125	0.0369482040405	0.040864944458	0.0304660797119	0.0455448627472	0.0726521015167	0.0420541763306	0.0667729377747	0.0467009544373	0.0359342098236	0.0364048480988	0.0794558525085	
['./treeMaker/main', '-t', '-r', '1']
0.601389169693	0.439257860184	0.450380086899	0.785756111145	0.964236974716	0.768280982971	0.781439065933	0.665410041809	1.01540994644	0.518438816071	0.353516101837	0.626471042633	0.757871866226	0.717736005783	0.727961063385	0.920705080032	0.600788116455	0.882740020752	0.686872005463	0.647875070572	0.591751098633	0.540776968002	0.697863101959	0.6598072052	0.594323158264	0.584244966507	0.456682920456	0.684507131577	0.391939163208	0.439531087875	0.869038105011	0.391664028168	0.673758983612	0.379127979279	0.390668869019	0.581591129303	0.636789083481	0.657007932663	0.578184127808	0.430103063583	0.467005968094	0.342886924744	0.431642055511	0.834622859955	0.508642911911	0.776669025421	0.66398191452	0.429287195206	0.426377058029	0.870737075806	
['./treeMaker/main', '-t', '-r', '2']
0.934378147125	0.74449300766	0.696151971817	1.30128002167	1.43484902382	1.22340011597	1.11581206322	1.01711893082	1.5795238018	0.850343942642	0.541877031326	1.00366401672	1.16177797318	1.11900901794	1.07198095322	1.38388109207	0.910899162292	1.50120186806	0.986984014511	1.04651498795	0.838337898254	0.898108959198	1.08990693092	1.02467513084	0.828706026077	0.843049049377	0.749043941498	1.02258205414	0.597676992416	0.629935979843	1.31208205223	0.604530096054	0.987817049026	0.600665092468	0.630612850189	0.870986938477	1.04901504517	1.07075095177	0.931840181351	0.647894144058	0.751732110977	0.481768846512	0.671251058578	1.27246809006	0.802353858948	1.34925699234	0.923101902008	0.62096786499	0.658257007599	1.48552894592	
['./treeMaker/main', '-t', '-r', '1', '-N']
0.604984998703	0.445217847824	0.450489997864	0.804378986359	0.937417030334	0.752755880356	0.782716035843	0.667126893997	1.02363991737	0.517713069916	0.342581033707	0.638485193253	0.748482942581	0.69636797905	0.763425111771	0.887271165848	0.617891073227	0.913372993469	0.676023960114	0.65291595459	0.596827030182	0.544516086578	0.667664051056	0.642358779907	0.609519004822	0.576726913452	0.464174032211	0.659307003021	0.39291882515	0.435935020447	0.875923156738	0.379274129868	0.629061937332	0.380546808243	0.425817012787	0.554812192917	0.616362094879	0.654031991959	0.584060192108	0.432621002197	0.478609085083	0.338682889938	0.445358991623	0.829530000687	0.507476091385	0.817523002625	0.636085033417	0.426733016968	0.426809072495	0.876413106918	
['./treeMaker/main', '-t', '-r', '2', '-N']
0.913151025772	0.713654994965	0.692497014999	1.28878903389	1.46637821198	1.24643301964	1.16732192039	1.05087399483	1.59574389458	0.828302145004	0.526511192322	1.03433489799	1.19380903244	1.09545397758	1.10632491112	1.33679008484	0.890407800674	1.45540904999	0.994485855103	1.06575417519	0.851866006851	0.87690281868	1.03718280792	0.985238075256	0.862297058105	0.855395078659	0.777575016022	1.05834579468	0.64385509491	0.646495103836	1.35325813293	0.643071174622	0.987270116806	0.610999822617	0.662293195724	0.923782110214	0.976282835007	1.02908587456	0.900904178619	0.681147098541	0.782618045807	0.489944934845	0.639219045639	1.31983017921	0.767170190811	1.28704500198	0.912892103195	0.623180866241	0.693771123886	1.49417591095	
['./treeMaker/main', '-m']
0.0250601768494	0.0366721153259	0.0246450901031	0.0301878452301	0.0338530540466	0.0315821170807	0.0311241149902	0.030590057373	0.0383450984955	0.0270819664001	0.0206069946289	0.0306601524353	0.0312530994415	0.0311229228973	0.0287780761719	0.0336298942566	0.0269968509674	0.0362710952759	0.0281319618225	0.0298109054565	0.0310590267181	0.0255389213562	0.0264649391174	0.0264840126038	0.0231499671936	0.0243248939514	0.0239050388336	0.0272259712219	0.0205919742584	0.0213758945465	0.0286939144135	0.0201752185822	0.0264089107513	0.020740032196	0.0196809768677	0.0247268676758	0.0254669189453	0.025465965271	0.0243570804596	0.0215749740601	0.0231430530548	0.0188970565796	0.0211679935455	0.031229019165	0.0223479270935	0.0286121368408	0.0246419906616	0.0211970806122	0.0216879844666	0.0336549282074	
['./treeMaker/main', '-m', '-b']
0.0264780521393	0.0240468978882	0.0278830528259	0.0338728427887	0.0335688591003	0.0328960418701	0.040796995163	0.0314891338348	0.0395739078522	0.0273427963257	0.0227999687195	0.0298779010773	0.0325000286102	0.0297288894653	0.0327749252319	0.033744096756	0.0263140201569	0.033863067627	0.0376949310303	0.0299949645996	0.028146982193	0.028951883316	0.0280520915985	0.0280101299286	0.0248670578003	0.0263161659241	0.0253782272339	0.0307068824768	0.0245800018311	0.0242240428925	0.0338890552521	0.0225319862366	0.0287930965424	0.0249681472778	0.0233931541443	0.0296959877014	0.0290858745575	0.0271809101105	0.0281300544739	0.0256769657135	0.026645898819	0.0200700759888	0.0239238739014	0.0340528488159	0.0295901298523	0.0339088439941	0.026636838913	0.0237810611725	0.0257091522217	0.0435180664062	
['./treeMaker/main', '-m', '-w', '1']
0.0280959606171	0.026407957077	0.0237941741943	0.031368970871	0.032310962677	0.0329740047455	0.0313951969147	0.028421163559	0.0340900421143	0.0239789485931	0.0193719863892	0.0263078212738	0.0276830196381	0.0273520946503	0.0266840457916	0.030632019043	0.0245378017426	0.0310969352722	0.0255410671234	0.0271408557892	0.0363590717316	0.0297069549561	0.0279698371887	0.0317921638489	0.0263850688934	0.0266408920288	0.0273759365082	0.0311131477356	0.0232090950012	0.0259568691254	0.0316779613495	0.0237081050873	0.0315501689911	0.0240950584412	0.02086186409	0.0277850627899	0.0276770591736	0.0300300121307	0.0245010852814	0.0219988822937	0.023540019989	0.0224289894104	0.0247650146484	0.0340061187744	0.0251131057739	0.0310969352722	0.0264158248901	0.023176908493	0.0272359848022	0.040050983429	
['./treeMaker/main', '-m', '-w', '2']
0.0286109447479	0.0262770652771	0.0226130485535	0.0324640274048	0.0344941616058	0.0336890220642	0.0326201915741	0.0304250717163	0.0365180969238	0.0269830226898	0.0217139720917	0.0301959514618	0.0336990356445	0.0312089920044	0.0313711166382	0.0328497886658	0.027853012085	0.034126996994	0.0274748802185	0.0305609703064	0.0268020629883	0.0295970439911	0.0281050205231	0.0306658744812	0.0264220237732	0.0266199111938	0.0263240337372	0.0298421382904	0.0243449211121	0.0246629714966	0.0316920280457	0.0226268768311	0.0303988456726	0.0226209163666	0.0232489109039	0.0301117897034	0.0280158519745	0.027979850769	0.0273671150208	0.024514913559	0.0261077880859	0.0333690643311	0.0248000621796	0.0351219177246	0.0261859893799	0.0313789844513	0.0274448394775	0.0234050750732	0.0242419242859	0.0449910163879	
['./treeMaker/main', '-m', '-c', '1']
0.0287230014801	0.024178981781	0.0243360996246	0.0321340560913	0.0329940319061	0.0313861370087	0.0320389270782	0.0292358398438	0.0386650562286	0.0267970561981	0.0307409763336	0.0326569080353	0.0291259288788	0.0334329605103	0.0299580097198	0.0328269004822	0.026880979538	0.0365509986877	0.0296761989594	0.030483007431	0.0306618213654	0.0372960567474	0.0287292003632	0.0325379371643	0.0266630649567	0.0265159606934	0.0266940593719	0.0297999382019	0.0224120616913	0.0238251686096	0.0318658351898	0.022490978241	0.0315270423889	0.0228750705719	0.0211582183838	0.0269110202789	0.028046131134	0.0287551879883	0.02623295784	0.0239708423615	0.025682926178	0.0196919441223	0.0222380161285	0.0343029499054	0.0355231761932	0.0334241390228	0.0271241664886	0.0230369567871	0.024756193161	0.0388820171356	
['./treeMaker/main', '-m', '-c', '2']
0.0279011726379	0.025279045105	0.0244240760803	0.0313339233398	0.0322451591492	0.0305721759796	0.0313799381256	0.0312349796295	0.0338568687439	0.0265991687775	0.0219910144806	0.0285251140594	0.040638923645	0.0299699306488	0.02867603302	0.0327410697937	0.0268228054047	0.0311298370361	0.0290100574493	0.0301930904388	0.0266408920288	0.0275371074677	0.0265860557556	0.0298359394073	0.0251240730286	0.0270340442657	0.0255978107452	0.0320191383362	0.0227160453796	0.0217862129211	0.0299551486969	0.0229179859161	0.0291810035706	0.0212249755859	0.0225219726562	0.0274999141693	0.0280699729919	0.037810087204	0.0239980220795	0.0215799808502	0.0232269763947	0.0187540054321	0.0211839675903	0.0316059589386	0.0223429203033	0.0288679599762	0.0371749401093	0.0238740444183	0.0234181880951	0.0374121665955	
['./treeMaker/main', '-m', '-a', '1']
0.0293800830841	0.0282759666443	0.0262031555176	0.0333399772644	0.0346820354462	0.0332109928131	0.0331058502197	0.0290498733521	0.0382010936737	0.0271401405334	0.0235598087311	0.0320510864258	0.0309150218964	0.0307171344757	0.0329561233521	0.0344359874725	0.0282340049744	0.0365869998932	0.0278120040894	0.0300800800323	0.0287690162659	0.0291309356689	0.0296809673309	0.032124042511	0.0246939659119	0.0263910293579	0.026065826416	0.02956199646	0.0227429866791	0.0229840278625	0.0304889678955	0.0221319198608	0.0282959938049	0.0227699279785	0.021744966507	0.0266671180725	0.0276927947998	0.0275990962982	0.0264210700989	0.0235750675201	0.025306224823	0.0206470489502	0.0231430530548	0.0336508750916	0.0239810943604	0.0306730270386	0.0264718532562	0.0229179859161	0.0237228870392	0.0460979938507	
['./treeMaker/main', '-m', '-a', '2']
0.0277969837189	0.0258190631866	0.0245110988617	0.0346529483795	0.0414118766785	0.0291128158569	0.0295400619507	0.0308809280396	0.0368061065674	0.0265080928802	0.019572019577	0.0310759544373	0.030002117157	0.0317611694336	0.0296280384064	0.0414810180664	0.0281310081482	0.0338590145111	0.030081987381	0.0391490459442	0.0246300697327	0.0257380008698	0.0265901088715	0.0270009040833	0.0234050750732	0.0246911048889	0.0239009857178	0.027508020401	0.0207159519196	0.0212731361389	0.02903008461	0.0203959941864	0.0265851020813	0.0208029747009	0.0198900699615	0.0251121520996	0.025740146637	0.0257849693298	0.0246660709381	0.0219020843506	0.0256409645081	0.019495010376	0.0237648487091	0.0336990356445	0.0249090194702	0.0310170650482	0.0268640518188	0.0235829353333	0.0251331329346	0.0384299755096	
