25_2500_4.9e-10_4.9e-10_470000000
25
2500
4.9e-10
4.9e-10
470000000

['./treeMaker/main']
2.6071870327	7.21430921555	3.67944383621	2.25467300415	7.23457503319	3.04344105721	2.08972096443	6.68346190453	3.97618079185	1.96499300003	3.22935199738	0.871140003204	2.42235088348	3.48639702797	3.52515888214	5.54845905304	2.26308107376	3.43112778664	4.58401703835	3.23498392105	5.32978510857	3.55081486702	6.7116048336	3.56667208672	17.2318220139	3.92185306549	7.41757082939	4.64061808586	2.16789293289	1.83431386948	1.48954105377	9.19101214409	5.08014988899	2.23663902283	2.67568898201	2.19946408272	8.87977910042	4.60529184341	4.60523200035	5.85945987701	2.89937186241	2.10060501099	8.52815413475	1.6846280098	4.7010011673	7.79802799225	3.43071699142	1.4418091774	1.44582295418	3.57836079597	
['./treeMaker/main', '-b']
2.68204116821	7.32517385483	3.75635290146	2.37194895744	6.64112091064	2.95186400414	2.16564512253	6.43722009659	3.93357610703	1.90668916702	3.26747393608	0.947677135468	2.13601303101	3.41066503525	3.18926310539	5.81862306595	2.19257593155	3.85412096977	4.55828690529	3.27847504616	5.14673280716	3.71706986427	7.17107081413	3.25152015686	17.5021390915	4.48558688164	6.95094108582	4.36324119568	2.25351786613	1.84544610977	1.5393512249	9.69028496742	4.95948004723	1.97017884254	2.39059305191	2.05522608757	8.3674519062	4.45195508003	4.23959994316	5.50973391533	2.66587686539	2.13524413109	7.69020605087	1.82694792747	4.79475688934	6.93413710594	3.4767870903	1.33570504189	1.29945206642	3.52478694916	
['./treeMaker/main', '-u']
2.4434440136	7.50759196281	3.34063386917	2.2012898922	7.58797502518	3.12465596199	2.15984082222	6.79425287247	4.3013420105	2.00793600082	3.06096601486	0.911812067032	2.20082592964	3.54100084305	3.51713013649	5.89913702011	2.07602906227	3.29208612442	4.39772200584	3.34756493568	5.14196205139	3.29258799553	7.22299790382	3.76842904091	17.1972670555	3.85136890411	6.88636612892	4.35448288918	2.2221121788	1.71524000168	1.4972410202	9.58420801163	5.0177090168	2.16141796112	2.65307593346	1.82598209381	8.92003297806	4.78928589821	4.80401682854	5.61490011215	2.69991588593	2.12614393234	7.34735989571	1.75462198257	5.01213812828	7.38025212288	3.76309394836	1.42071199417	1.36149907112	3.29523396492	
['./treeMaker/main', '-t', '-r', '1']
5.1775290966	9.51687002182	5.99357414246	4.52470183372	8.45857381821	5.49372816086	4.45242786407	9.4085021019	6.48206114769	4.43186712265	5.78680491447	2.91909885406	4.61935997009	6.34759688377	5.77335906029	8.25762414932	4.41563987732	5.91907691956	6.74986481667	5.77528595924	8.00897908211	6.15978097916	8.7569539547	6.1279938221	14.9260940552	6.59225392342	9.08298015594	6.92391300201	4.43618416786	4.24927091599	3.79498004913	10.7828969955	7.23815393448	4.65661597252	5.05686616898	4.19320702553	10.7699840069	7.08105802536	6.99882793427	7.74287509918	5.25001096725	4.52549505234	9.78287887573	4.16220998764	7.59968996048	9.0246899128	5.70312404633	3.74573993683	3.68688607216	5.99772810936	
['./treeMaker/main', '-t', '-r', '2']
7.98779201508	13.9054579735	9.85399007797	7.33653306961	13.9417009354	8.46377086639	6.87022995949	13.684926033	9.96335506439	6.5002219677	8.54302310944	4.30948209763	7.49837088585	9.20216584206	8.9651260376	11.9511139393	7.36545300484	10.0488460064	10.6669659615	8.75046896935	11.7074239254	8.99652194977	13.6423568726	9.1567261219	25.0455620289	10.0934410095	13.779489994	10.0441148281	7.16023206711	6.70022201538	5.79590010643	16.2128579617	11.1235909462	7.13805890083	8.10927915573	7.27890515327	15.2584240437	10.3069779873	10.4547741413	12.0268700123	7.81479692459	6.96283102036	14.1321129799	6.39856410027	11.3482470512	14.5300629139	9.67132711411	5.81852698326	5.4510550499	9.39865803719	
['./treeMaker/main', '-t', '-r', '1', '-N']
5.150192976	9.67933511734	5.91498303413	4.47731184959	8.56483697891	5.36551499367	4.37417602539	9.19744300842	6.48549389839	4.31083488464	5.77079415321	2.86214900017	4.60777401924	6.38914203644	5.66709399223	8.38319516182	4.49261784554	5.98672604561	6.6733288765	5.67706418037	8.02976107597	6.08043503761	8.84406995773	5.95876502991	14.8150851727	6.56052494049	9.3802959919	6.84604716301	4.46748399734	4.31332588196	3.81658411026	10.7894911766	7.63570308685	4.7709569931	5.01816701889	4.29390788078	10.632185936	7.08781599998	7.01119494438	8.34968805313	5.27501916885	4.45277118683	9.81316208839	4.20738697052	7.69399380684	9.02400898933	5.73239302635	3.73122596741	3.63727092743	5.90251612663	
['./treeMaker/main', '-t', '-r', '2', '-N']
7.87242603302	13.8941779137	9.58491396904	7.28724384308	13.9164540768	8.56643199921	6.69157004356	13.8839139938	9.96363401413	6.49453902245	8.66716694832	4.34357213974	7.52122616768	9.2529630661	8.85565900803	11.8485598564	7.40248298645	9.6797440052	10.6847860813	8.52851819992	11.6354649067	9.05325102806	13.7436411381	9.13729906082	24.8926129341	10.1563470364	13.8761239052	10.0539619923	6.96895003319	6.59339499474	5.75156021118	16.4175131321	11.1891639233	6.99798488617	8.11076307297	7.43254184723	15.2458229065	10.2981829643	10.3584198952	11.9906001091	7.79023814201	6.87405896187	14.2748861313	6.42287993431	11.3375890255	14.2535500526	9.59037899971	5.73632788658	5.50850605965	9.32215595245	
['./treeMaker/main', '-m']
0.211198806763	0.295138120651	0.247745037079	0.209192991257	0.302010059357	0.230734109879	0.204176902771	0.317090034485	0.260545015335	0.207573890686	0.231789112091	0.183307886124	0.218441963196	0.257069826126	0.26228094101	0.286622047424	0.218309879303	0.242812871933	0.264878988266	0.230471134186	0.265734910965	0.260637044907	0.304317951202	0.253072023392	0.441466808319	0.26692700386	0.289749145508	0.261878013611	0.218109130859	0.198233127594	0.201849937439	0.328869104385	0.28252696991	0.222702026367	0.242187023163	0.220105886459	0.347623825073	0.255450963974	0.267335891724	0.291150093079	0.238394021988	0.210309028625	0.310325145721	0.199468135834	0.284498929977	0.317179918289	0.247462034225	0.199775934219	0.182929992676	0.23734998703	
['./treeMaker/main', '-m', '-b']
0.230195999146	0.332524061203	0.274927854538	0.223140001297	0.348932027817	0.259388923645	0.216903924942	0.329828977585	0.2775349617	0.237741947174	0.261054039001	0.176440000534	0.246297121048	0.282602071762	0.272988080978	0.312440872192	0.245971918106	0.273517131805	0.291731119156	0.24698805809	0.297075986862	0.272699117661	0.329949140549	0.265437841415	0.473731994629	0.281579971313	0.334008932114	0.282269001007	0.240663051605	0.210813999176	0.200803995132	0.359243154526	0.297539949417	0.230310916901	0.239874839783	0.234781980515	0.355112075806	0.284632921219	0.27347111702	0.309885025024	0.261494874954	0.233248949051	0.336745977402	0.221134901047	0.294637918472	0.335952043533	0.27863907814	0.198963880539	0.204143047333	0.252363920212	
['./treeMaker/main', '-m', '-w', '1']
0.223747014999	0.310393095016	0.244858980179	0.220551967621	0.313523054123	0.242470026016	0.203551054001	0.307678937912	0.246182918549	0.205587863922	0.240629196167	0.175017118454	0.227342128754	0.251075983047	0.235614061356	0.281259059906	0.225793838501	0.241416931152	0.272592067719	0.246640920639	0.28280878067	0.263822078705	0.29394197464	0.240335941315	0.420918226242	0.251361131668	0.317337036133	0.258980035782	0.233155012131	0.210386037827	0.198951005936	0.343574047089	0.289361000061	0.225775957108	0.239832878113	0.223266124725	0.339666128159	0.261134147644	0.279318094254	0.292546987534	0.250528097153	0.228999853134	0.317745923996	0.199989080429	0.290618896484	0.313112974167	0.248777866364	0.197927951813	0.184257984161	0.260260820389	
['./treeMaker/main', '-m', '-w', '2']
0.231150150299	0.312850952148	0.261792898178	0.2130651474	0.316069126129	0.232882976532	0.220571994781	0.307537078857	0.251857995987	0.210465908051	0.247616052628	0.169097900391	0.220655918121	0.258945941925	0.257830858231	0.290287017822	0.213814020157	0.260272979736	0.265151977539	0.250614881516	0.294486999512	0.266950130463	0.307205915451	0.258390903473	0.418526172638	0.279061079025	0.310315847397	0.263889074326	0.22624206543	0.212553024292	0.196642875671	0.335157871246	0.281305074692	0.22351193428	0.238216161728	0.219436883926	0.347677946091	0.267294883728	0.270874977112	0.277266979218	0.235304832458	0.220214128494	0.301037788391	0.201682090759	0.265334844589	0.328766107559	0.249467849731	0.19010591507	0.186141014099	0.2458319664	
['./treeMaker/main', '-m', '-c', '1']
0.224722146988	0.30829501152	0.245064973831	0.218494176865	0.316718101501	0.243561029434	0.221548080444	0.305697917938	0.261657953262	0.228902816772	0.245143890381	0.172520160675	0.216892004013	0.241024971008	0.249980926514	0.285948038101	0.205784082413	0.242038965225	0.282128810883	0.243453979492	0.265311956406	0.252799034119	0.308054924011	0.23486495018	0.428308963776	0.253627061844	0.286422014236	0.242712020874	0.20557808876	0.192867040634	0.18644285202	0.311518907547	0.262449979782	0.205848932266	0.223492860794	0.210569143295	0.334811210632	0.250798940659	0.254064083099	0.286703109741	0.221069097519	0.223736047745	0.294960021973	0.197996854782	0.259582996368	0.314437150955	0.262594938278	0.18594789505	0.196462869644	0.244210958481	
['./treeMaker/main', '-m', '-c', '2']
0.228959083557	0.318213939667	0.256806135178	0.220687150955	0.325986862183	0.245301961899	0.213858127594	0.303131103516	0.24470615387	0.22098493576	0.242647171021	0.166837930679	0.241714954376	0.255351066589	0.248353004456	0.290380001068	0.210062026978	0.24934720993	0.265613079071	0.248290061951	0.284307956696	0.24362206459	0.308177947998	0.239881038666	0.4300801754	0.258326053619	0.307986021042	0.25515294075	0.206816196442	0.199104785919	0.205158948898	0.341986179352	0.264037847519	0.235124826431	0.232961893082	0.220927000046	0.328670978546	0.264833927155	0.274760007858	0.290362119675	0.220911979675	0.208673000336	0.314337968826	0.208270072937	0.261357069016	0.314572095871	0.257189035416	0.203025817871	0.191987991333	0.239252090454	
['./treeMaker/main', '-m', '-a', '1']
0.25098991394	0.311377048492	0.288965940475	0.243101835251	0.338773012161	0.261329889297	0.231719970703	0.329586029053	0.283085107803	0.22490811348	0.249603033066	0.193609952927	0.24277806282	0.274389982224	0.280358076096	0.306745052338	0.24423789978	0.278567075729	0.283941984177	0.261350870132	0.296072006226	0.272339105606	0.344922065735	0.281111001968	0.446501970291	0.281318902969	0.325876951218	0.263989210129	0.251173019409	0.232153177261	0.219802856445	0.347666025162	0.298054933548	0.239269018173	0.245063066483	0.241699934006	0.353152990341	0.270887851715	0.288484811783	0.325780153275	0.243791103363	0.255185842514	0.344326019287	0.240975141525	0.290269136429	0.329974889755	0.269186973572	0.207493066788	0.201128959656	0.253166913986	
['./treeMaker/main', '-m', '-a', '2']
0.21610212326	0.292922019958	0.25483584404	0.220437049866	0.318150043488	0.23557305336	0.226125955582	0.311611890793	0.25133395195	0.225623130798	0.23562002182	0.183881044388	0.222385883331	0.256088018417	0.258043050766	0.290421962738	0.23038983345	0.253498077393	0.279245853424	0.23170208931	0.278737068176	0.264527082443	0.307291030884	0.237707138062	0.443905115128	0.271320819855	0.29673409462	0.248369216919	0.218528985977	0.201954126358	0.195591926575	0.333664894104	0.274703025818	0.225126981735	0.244886159897	0.222058057785	0.336539983749	0.265471935272	0.271504878998	0.293574094772	0.228189945221	0.224217891693	0.322546958923	0.196322917938	0.279821872711	0.309791088104	0.24830698967	0.194150924683	0.183922052383	0.244277000427	
