25_250_4.9e-10_4.9e-10_470000000
25
250
4.9e-10
4.9e-10
470000000

['./treeMaker/main']
0.047737121582	0.0370349884033	0.0363461971283	0.0645110607147	0.0779058933258	0.0626459121704	0.0620381832123	0.0541889667511	0.0875279903412	0.0418510437012	0.0284922122955	0.0520679950714	0.0610740184784	0.0578730106354	0.0542960166931	0.0715289115906	0.0470409393311	0.0715010166168	0.0492250919342	0.055223941803	0.0465161800385	0.0487220287323	0.0545411109924	0.0511209964752	0.0431950092316	0.0457830429077	0.0400009155273	0.0674340724945	0.0381269454956	0.037318944931	0.0760297775269	0.0342650413513	0.0547881126404	0.0345330238342	0.0351920127869	0.0493290424347	0.0495581626892	0.0546541213989	0.0469210147858	0.0340859889984	0.0383501052856	0.0271098613739	0.0337109565735	0.0710639953613	0.0428969860077	0.0738677978516	0.0577549934387	0.0369169712067	0.0357179641724	0.0810809135437	
['./treeMaker/main', '-b']
0.0507650375366	0.0398888587952	0.0395400524139	0.068375825882	0.0942661762238	0.0680449008942	0.0673189163208	0.0581991672516	0.0968379974365	0.0466828346252	0.0316100120544	0.0560200214386	0.0662651062012	0.0623960494995	0.0566351413727	0.0713038444519	0.0504419803619	0.0748147964478	0.0639359951019	0.054790019989	0.0463950634003	0.0493109226227	0.0536291599274	0.0514831542969	0.0432970523834	0.0459280014038	0.0404100418091	0.0546858310699	0.0344090461731	0.0360970497131	0.0681481361389	0.035434961319	0.0555860996246	0.0347480773926	0.034588098526	0.0499460697174	0.0521221160889	0.0519151687622	0.0483429431915	0.0383079051971	0.042181968689	0.0307559967041	0.0384891033173	0.0742790699005	0.0441620349884	0.0671100616455	0.049017906189	0.0353879928589	0.0367269515991	0.0814499855042	
['./treeMaker/main', '-u']
0.0597238540649	0.0375580787659	0.0357141494751	0.0645079612732	0.0906090736389	0.0633771419525	0.0629861354828	0.0549731254578	0.0895700454712	0.04310297966	0.0403399467468	0.0517909526825	0.0749790668488	0.0673379898071	0.0525579452515	0.0699729919434	0.0467209815979	0.0705749988556	0.0485110282898	0.0604200363159	0.0483710765839	0.0547680854797	0.055988073349	0.0651910305023	0.0471289157867	0.0523920059204	0.0466089248657	0.0567989349365	0.0357341766357	0.0383260250092	0.0783979892731	0.0343351364136	0.0546219348907	0.0337910652161	0.0338468551636	0.0491468906403	0.050803899765	0.0532429218292	0.0473129749298	0.0401651859283	0.0443849563599	0.0319590568542	0.0351941585541	0.0740838050842	0.0425279140472	0.067507982254	0.0519840717316	0.036502122879	0.038430929184	0.082132101059	
['./treeMaker/main', '-t', '-r', '1']
0.595570802689	0.432165145874	0.423943996429	0.778836011887	0.936007976532	0.764184951782	0.757681846619	0.637098073959	0.983001947403	0.530381917953	0.344805955887	0.614650964737	0.738900899887	0.727941989899	0.732552051544	0.901877164841	0.592734098434	0.861173868179	0.653861999512	0.648720979691	0.604119062424	0.490058898926	0.667690038681	0.653342008591	0.557564020157	0.495748996735	0.465484857559	0.656595945358	0.393671989441	0.418658971786	0.828062057495	0.372040987015	0.636644124985	0.369389057159	0.393842935562	0.592184066772	0.596926927567	0.641613960266	0.547664165497	0.42067694664	0.454643011093	0.346216917038	0.444046020508	0.835746049881	0.531406879425	0.778362035751	0.602720022202	0.411341905594	0.407612085342	0.83417391777	
['./treeMaker/main', '-t', '-r', '2']
1.01775383949	0.779333114624	0.752021074295	1.51045393944	1.58411598206	1.35372304916	1.28659701347	1.10741615295	1.74218797684	0.909640073776	0.581510066986	1.19457793236	1.34477090836	1.14732408524	1.17954301834	1.53472089767	0.998832941055	1.59036803246	1.08185601234	1.16036295891	0.965517997742	0.993381977081	1.2196161747	1.06918406487	0.93443107605	1.036413908	0.847061872482	1.15403389931	0.662443161011	0.709027051926	1.54954004288	0.719299077988	1.03962111473	0.651962041855	0.753143072128	1.00919103622	1.12423205376	1.18665313721	1.04863095284	0.744286060333	0.825690984726	0.533676862717	0.753668069839	1.41011309624	0.901311159134	1.41436004639	1.05163383484	0.71909403801	0.747549057007	1.6686770916	
['./treeMaker/main', '-t', '-r', '1', '-N']
0.610912084579	0.424988985062	0.411477088928	0.777135133743	0.909577131271	0.771512985229	0.783746004105	0.667592048645	1.01727700233	0.502126932144	0.328186988831	0.605421066284	0.77783703804	0.679882049561	0.743927001953	0.900150060654	0.565935850143	0.845715999603	0.667697906494	0.657708883286	0.586537122726	0.51115489006	0.674268007278	0.613485097885	0.548032045364	0.498594045639	0.444151878357	0.656717061996	0.386329174042	0.441334962845	0.82018494606	0.362288951874	0.641582012177	0.384128093719	0.379817008972	0.548172950745	0.620666980743	0.668866157532	0.572565078735	0.411176204681	0.489485025406	0.329435825348	0.422586917877	0.825057983398	0.49573302269	0.798365116119	0.606855869293	0.416356801987	0.428467035294	0.833445072174	
['./treeMaker/main', '-t', '-r', '2', '-N']
0.996239900589	0.818662166595	0.76243686676	1.44973802567	1.57208204269	1.37483000755	1.26866316795	1.15446281433	1.74699401855	0.919011116028	0.582365036011	1.20645904541	1.32834482193	1.19513392448	1.2066590786	1.50070285797	1.00090384483	1.64303684235	1.08789992332	1.21818614006	0.924131155014	1.02572894096	1.21113991737	1.05993795395	0.902387857437	1.00739789009	0.838905096054	1.15021395683	0.696691036224	0.725931882858	1.52866292	0.72350692749	1.02372789383	0.617439985275	0.707906961441	1.01365208626	1.07273697853	1.15613508224	0.984673976898	0.744021892548	0.881029129028	0.521783828735	0.747123003006	1.40662693977	0.862542152405	1.42148900032	1.03275799751	0.685395956039	0.745328187943	1.74028682709	
['./treeMaker/main', '-m']
0.0259990692139	0.0233888626099	0.0257468223572	0.0327939987183	0.0341839790344	0.032408952713	0.0356030464172	0.0326180458069	0.0366058349609	0.0277831554413	0.0208039283752	0.0310380458832	0.0351610183716	0.0312829017639	0.0308060646057	0.0350849628448	0.0279660224915	0.0357429981232	0.0286750793457	0.0313658714294	0.028265953064	0.0294301509857	0.0283770561218	0.0272989273071	0.0240187644958	0.0260558128357	0.0243670940399	0.0281808376312	0.0212688446045	0.0223560333252	0.0303151607513	0.0211141109467	0.0272018909454	0.0213627815247	0.020457983017	0.0257189273834	0.026437997818	0.0267341136932	0.0255148410797	0.0221779346466	0.0237908363342	0.019387960434	0.0219240188599	0.0328991413116	0.0232949256897	0.0297899246216	0.0256040096283	0.022057056427	0.02237200737	0.0352640151978	
['./treeMaker/main', '-m', '-b']
0.0272798538208	0.0247159004211	0.0349259376526	0.0348470211029	0.0379848480225	0.0338571071625	0.0356922149658	0.0322539806366	0.0400760173798	0.0282499790192	0.0236840248108	0.0345151424408	0.0319409370422	0.0320031642914	0.0309200286865	0.0363209247589	0.0274329185486	0.0352070331573	0.0283219814301	0.0324947834015	0.028972864151	0.0306580066681	0.0310769081116	0.0292019844055	0.0258500576019	0.0282690525055	0.0262408256531	0.0424790382385	0.0252408981323	0.0265119075775	0.0354681015015	0.0256869792938	0.0312180519104	0.0252511501312	0.0270998477936	0.0308270454407	0.0333769321442	0.0320961475372	0.0294010639191	0.0264730453491	0.0287749767303	0.02090883255	0.0263838768005	0.0401880741119	0.0362429618835	0.034952878952	0.0308258533478	0.0262930393219	0.0249769687653	0.0469551086426	
['./treeMaker/main', '-m', '-w', '1']
0.028354883194	0.0260479450226	0.0253798961639	0.0330059528351	0.0351259708405	0.0324339866638	0.0331289768219	0.0406429767609	0.03560090065	0.0249810218811	0.020003080368	0.0289549827576	0.0289280414581	0.0282301902771	0.0273790359497	0.0320038795471	0.0252590179443	0.0320401191711	0.0263259410858	0.028801202774	0.0367069244385	0.0294029712677	0.0308048725128	0.030200958252	0.0266530513763	0.0294749736786	0.0273199081421	0.0333662033081	0.0335400104523	0.0253210067749	0.0329279899597	0.0230669975281	0.029736995697	0.0236458778381	0.0222060680389	0.028165102005	0.0269358158112	0.0300381183624	0.026652097702	0.0226809978485	0.0243439674377	0.0300211906433	0.024188041687	0.0358347892761	0.0256741046906	0.0317108631134	0.0380399227142	0.0247390270233	0.0364480018616	0.039234161377	
['./treeMaker/main', '-m', '-w', '2']
0.0281829833984	0.026505947113	0.0258791446686	0.0332119464874	0.036721944809	0.0335819721222	0.0330579280853	0.0311200618744	0.037425994873	0.0281281471252	0.0233421325684	0.0322771072388	0.0326519012451	0.0320601463318	0.0301420688629	0.0357189178467	0.0307779312134	0.0351560115814	0.0296700000763	0.0338039398193	0.0274059772491	0.0296280384064	0.0309569835663	0.0300009250641	0.0264909267426	0.0287439823151	0.0266380310059	0.034157037735	0.0323891639709	0.0236911773682	0.0358858108521	0.0246050357819	0.0289561748505	0.0220160484314	0.0243489742279	0.0290639400482	0.0289468765259	0.0328469276428	0.0281429290771	0.0328419208527	0.0285768508911	0.0218579769135	0.0245280265808	0.0377540588379	0.0270080566406	0.0340540409088	0.0273041725159	0.0253958702087	0.0253520011902	0.0388038158417	
['./treeMaker/main', '-m', '-c', '1']
0.0280499458313	0.0266191959381	0.0238039493561	0.0336580276489	0.0351209640503	0.0325219631195	0.0328831672668	0.0311992168427	0.0375699996948	0.0278890132904	0.0201759338379	0.0303280353546	0.031170129776	0.0308358669281	0.0296530723572	0.0337588787079	0.0282938480377	0.034835100174	0.0288047790527	0.0324909687042	0.0277268886566	0.0397019386292	0.0298058986664	0.0287711620331	0.026752948761	0.028538942337	0.027153968811	0.0314099788666	0.0223910808563	0.0243768692017	0.0324308872223	0.0246288776398	0.0300328731537	0.023068189621	0.0229279994965	0.0279450416565	0.0282669067383	0.0286498069763	0.0275149345398	0.0253920555115	0.0273489952087	0.0216071605682	0.0249481201172	0.0337288379669	0.0264420509338	0.032557964325	0.028137922287	0.0251758098602	0.0247929096222	0.0376591682434	
['./treeMaker/main', '-m', '-c', '2']
0.0277919769287	0.0245108604431	0.0238840579987	0.0333268642426	0.0350370407104	0.0311040878296	0.0324470996857	0.028559923172	0.0379791259766	0.0270869731903	0.0224709510803	0.0303428173065	0.0307269096375	0.0342388153076	0.0298371315002	0.0357050895691	0.0346438884735	0.0316359996796	0.028440952301	0.0341320037842	0.0271780490875	0.0300400257111	0.0315041542053	0.029226064682	0.026141166687	0.0292761325836	0.0261991024017	0.0299980640411	0.0242221355438	0.0250670909882	0.0322189331055	0.0234198570251	0.0294318199158	0.0222840309143	0.0223610401154	0.028501033783	0.0277860164642	0.0314779281616	0.0249838829041	0.0222430229187	0.0238709449768	0.0193109512329	0.0219449996948	0.0330970287323	0.0232419967651	0.0299439430237	0.0258219242096	0.0239760875702	0.0253610610962	0.0392498970032	
['./treeMaker/main', '-m', '-a', '1']
0.032860994339	0.0276441574097	0.0263540744781	0.0336039066315	0.0364520549774	0.0332419872284	0.0329358577728	0.0319550037384	0.0408880710602	0.0283379554749	0.0238919258118	0.0333709716797	0.033154964447	0.0332272052765	0.0293650627136	0.0368070602417	0.0296859741211	0.0363450050354	0.0314860343933	0.0315041542053	0.0397651195526	0.0284850597382	0.0304388999939	0.0307841300964	0.0275030136108	0.0281829833984	0.0268769264221	0.0305931568146	0.0235819816589	0.0239951610565	0.0320980548859	0.0230650901794	0.0292899608612	0.0235590934753	0.0226678848267	0.0277950763702	0.0287070274353	0.0287780761719	0.0276868343353	0.0242280960083	0.0260150432587	0.0210959911346	0.0239109992981	0.0350790023804	0.0248920917511	0.0319199562073	0.0275528430939	0.023864030838	0.0241599082947	0.0523910522461	
['./treeMaker/main', '-m', '-a', '2']
0.0269200801849	0.0260169506073	0.025444984436	0.0415799617767	0.0359132289886	0.0319838523865	0.0321679115295	0.0290110111237	0.0380599498749	0.0271859169006	0.0219759941101	0.0306329727173	0.0320889949799	0.0292518138885	0.0295829772949	0.0326700210571	0.0323119163513	0.0359790325165	0.0292770862579	0.0331239700317	0.0256040096283	0.0273280143738	0.0283889770508	0.0275127887726	0.0241899490356	0.026337146759	0.0246860980988	0.0286140441895	0.0215229988098	0.0223639011383	0.0306580066681	0.0213251113892	0.0274810791016	0.021488904953	0.0207951068878	0.0259540081024	0.0266461372375	0.0271289348602	0.0258531570435	0.0223209857941	0.0347211360931	0.0219490528107	0.0248990058899	0.0380160808563	0.0272181034088	0.0340337753296	0.0280470848083	0.0251159667969	0.0246820449829	0.0423069000244	
