98

26
28
25
34
29
23
18
37
25
29
37
34
35
8
37
36
17
29
31
23
37
29
26
13
31
37
5
33
35
33
3
34
15
35
5
35
25
38
35
29
14
17
36
35
13
19
36
37
25
7
36
31
35
33
6
24
34
37
35
35
38
5
18
4
35
36
33
37
32
27
35
37
38
33
33
33
32
19
12
31
34
4
37
32
22
37
28
35
25
34
38
35
16
19
37
28
22
19

6	84.0	1.6428571428571428
13	64.0	1.0
16	66.0	1.0
7	81.0	1.5925925925925926
2	93.0	2.161290322580645
3	87.0	2.1724137931034484
17	62.0	1.0
14	66.0	1.0
18	68.0	1.0
8	84.0	1.630952380952381
1	92.0	2.097826086956522
15	65.0	1.0
4	90.0	2.1
11	71.0	1.0
10	64.0	1.0
9	87.0	1.4482758620689655
12	74.0	1.0
5	90.0	2.2888888888888888
25	63.0	1.0
23	59.0	1.0
21	57.0	1.0
22	58.0	1.0
19	57.0	1.0
20	57.0	1.0
24	59.0	1.0
0	84.0	2.2738095238095237
