225

6
9
4
5
8
9
9
3
5
5
9
5
3
9
7
8
9
8
8
7
7
7
8
6
3
7
7
9
7
4
4
7
9
8
5
9
9
8
4
7
9
5
8
6
6
5
8
8
7
8
9
7
3
9
7
4
7
9
9
5
7
3
9
9
7
9
3
9
9
6
8
5
4
9
6
5
6
5
5
9
4
4
6
9
5
8
9
3
9
5
6
8
8
9
4
9
5
5
5
7
8
8
7
9
3
8
3
8
4
7
3
9
7
5
6
7
9
6
9
9
9
8
8
9
7
5
6
8
4
9
4
6
5
6
6
8
3
3
5
3
4
7
9
8
4
8
6
6
9
9
7
5
9
9
8
5
6
9
9
7
9
7
6
6
9
7
4
9
8
9
7
3
8
5
3
9
5
4
8
5
8
9
8
8
7
7
9
4
4
4
4
7
7
8
4
9
9
5
4
8
8
8
9
8
3
5
3
5
6
5
7
9
8
8
5
9
9
9
5
7
4
5
9
8
7

1	103.0	1.0097087378640777
4	116.0	1.0
2	114.0	1.0087719298245614
3	110.0	1.0
9	122.0	1.0
6	122.0	1.0
5	112.0	1.0
8	126.0	1.0
10	138.0	1.0
7	160.0	1.0
0	190.0	1.4736842105263157
