221

9
8
5
6
5
8
8
9
7
8
8
6
7
3
9
9
7
8
8
8
5
7
4
9
9
8
9
6
3
7
9
5
7
7
8
7
7
4
4
5
5
7
5
4
8
7
7
9
4
9
5
6
7
4
3
9
9
8
4
4
9
7
7
7
8
8
8
5
8
9
3
3
5
4
9
6
9
7
8
9
7
3
9
6
6
4
6
7
6
7
5
9
7
9
5
9
3
9
3
6
5
9
5
4
8
6
7
3
8
8
4
7
5
6
8
8
4
5
4
5
4
9
7
9
6
5
8
8
9
4
4
8
8
8
6
7
5
6
5
8
3
9
9
9
8
4
9
8
5
5
8
8
8
8
4
9
6
7
4
7
9
7
9
7
8
9
8
6
9
9
7
7
4
9
5
9
9
7
4
5
4
8
9
7
9
6
9
4
5
7
8
8
6
9
7
6
9
4
5
7
5
9
9
4
7
8
8
5
8
8
7
9
8
3
7
4
4
7
8
9
5

4	116.0	1.0
1	104.0	1.0
2	109.0	1.0091743119266054
3	104.0	1.0
6	115.0	1.0
9	133.0	1.0
7	118.0	1.0
5	123.0	1.0
10	132.0	1.0
8	154.0	1.0
0	190.0	1.436842105263158
