223

9
9
5
7
4
4
7
6
5
9
7
5
7
8
5
6
5
8
8
5
4
8
3
9
9
8
5
7
8
4
7
6
6
8
7
6
9
3
7
7
5
6
7
7
8
8
3
9
8
9
8
5
8
7
5
4
8
6
8
9
7
8
6
9
8
5
3
9
8
9
9
7
3
9
5
9
4
8
5
7
9
9
9
6
5
6
7
4
8
9
7
5
5
9
7
6
6
8
9
4
8
6
5
8
3
4
5
3
8
6
8
7
7
6
6
5
5
4
9
9
7
4
6
6
6
7
3
6
9
9
9
3
8
6
8
9
8
10
6
6
8
8
7
8
6
9
6
7
5
4
8
5
8
3
6
7
8
5
6
4
9
6
4
8
9
7
9
7
5
4
5
7
9
8
4
6
7
8
3
8
9
5
8
5
6
8
7
9
7
7
8
9
9
4
4
4
7
4
3
4
8
9
9
5
8
8
3
5
6
7
3
9
7
7
7
9
8
7
8
5
5
5
5

8	115.0	1.0
5	130.0	1.0
6	113.0	1.0
7	121.0	1.0
4	133.0	1.0075187969924813
2	126.0	1.0
3	133.0	1.0
1	139.0	1.0
9	112.0	1.0
10	112.0	1.0
0	171.0	1.391812865497076
