240

6
14
29
35
26
19
17
31
38
16
34
32
30
38
26
34
32
29
37
14
24
18
39
9
29
18
3
6
29
36
32
35
34
25
24
35
31
9
28
6
33
19
37
37
8
34
18
30
33
3
14
35
33
33
34
35
19
12
35
24
33
38
38
35
14
28
36
4
8
26
27
27
36
32
16
34
24
32
26
30
36
22
28
35
22
35
31
35
32
21
38
6
38
35
33
36
37
8
27
11
4
37
30
28
34
39
36
27
20
12
26
34
34
30
31
36
8
12
22
36
36
36
6
37
36
8
33
36
31
11
34
31
26
29
7
37
34
38
35
35
39
36
37
27
32
30
36
36
35
29
33
37
29
26
32
30
34
34
33
11
8
37
38
24
34
35
31
33
8
30
26
22
30
13
32
10
32
33
28
8
37
37
34
35
37
38
22
6
32
33
35
8
29
35
37
26
37
8
38
35
36
10
22
10
29
37
8
32
37
31
6
30
36
10
37
37
25
27
14
25
34
9
20
30
34
30
31
38
32
16
29
34
27
4
35
36
30
35
31
12

6	201.0	1.5124378109452736
3	218.0	2.18348623853211
8	212.0	1.5047169811320755
1	224.0	2.1294642857142856
4	224.0	2.044642857142857
7	197.0	1.4619289340101522
2	221.0	2.067873303167421
9	210.0	1.5285714285714285
5	221.0	2.1176470588235294
10	151.0	1.0
20	153.0	1.0
17	149.0	1.0
25	163.0	1.0
11	167.0	1.0
14	159.0	1.0
19	159.0	1.0
18	156.0	1.0
12	162.0	1.0
16	157.0	1.0
13	157.0	1.0
22	155.0	1.0
23	161.0	1.0
21	162.0	1.0
24	152.0	1.0
15	150.0	1.0
0	217.0	2.152073732718894
