242

22
37
28
32
38
6
23
35
24
36
37
37
35
35
37
6
36
35
14
29
31
37
29
28
37
31
35
32
28
38
23
36
36
25
27
34
25
32
27
34
37
30
25
37
23
25
37
26
37
20
18
24
17
36
35
21
31
37
26
37
36
35
5
37
38
36
12
12
17
36
32
11
19
34
11
32
30
37
33
37
10
31
30
15
37
36
30
37
25
29
34
35
11
37
21
32
36
4
37
38
34
26
36
18
25
14
10
20
8
38
17
38
17
7
7
23
16
32
8
35
31
30
31
36
31
18
32
37
37
39
29
32
29
30
38
35
22
32
29
20
33
17
27
5
35
10
35
37
11
34
32
19
15
23
14
34
4
35
32
32
31
37
30
37
31
33
35
19
36
35
7
31
23
38
31
20
14
36
32
26
36
12
29
37
26
7
7
33
26
25
28
22
18
37
10
7
38
35
14
31
22
34
36
18
37
19
30
34
32
22
19
36
30
5
36
29
34
33
29
28
18
28
11
38
18
36
16
37
12
33
32
34
37
36
4
37
18
22
22
35
35
35

12	160.0	1.0
6	204.0	1.5196078431372548
2	218.0	2.188073394495413
1	230.0	2.034782608695652
13	165.0	1.0
4	226.0	2.150442477876106
9	221.0	1.5475113122171946
11	154.0	1.0
8	213.0	1.460093896713615
5	226.0	2.1283185840707963
7	203.0	1.4975369458128078
10	168.0	1.0
14	171.0	1.0
3	232.0	2.060344827586207
15	164.0	1.0
19	159.0	1.0062893081761006
18	149.0	1.0
24	150.0	1.0
16	141.0	1.0
21	150.0	1.0
20	150.0	1.0
17	155.0	1.0
22	152.0	1.0
25	153.0	1.0
23	148.0	1.0
0	226.0	2.1769911504424777
