239

35
9
29
18
25
7
25
35
26
33
37
32
39
27
31
34
36
26
37
33
26
28
36
35
23
34
37
30
12
36
19
33
32
29
31
35
35
9
35
29
26
36
32
22
31
8
32
6
34
36
21
35
32
24
30
35
37
30
10
14
23
28
36
14
32
27
35
8
27
21
18
21
6
28
23
26
34
25
27
29
20
35
37
12
34
22
35
38
26
37
20
36
21
30
34
38
31
9
30
12
31
30
34
27
38
32
36
29
30
30
37
12
35
35
38
16
25
34
38
34
28
27
25
37
27
35
28
16
22
33
16
31
9
36
18
35
34
8
31
37
28
19
26
36
32
32
33
25
22
11
12
33
32
23
25
37
25
18
25
7
36
29
24
7
35
33
37
28
37
36
32
39
37
39
33
26
38
34
6
27
37
35
30
27
34
37
16
24
18
7
34
4
37
35
29
28
37
32
33
35
4
36
37
38
33
32
26
31
6
29
35
19
32
31
26
14
11
30
20
34
37
24
30
33
30
35
27
36
30
32
33
33
26
36
6
31
20
20
35

8	204.0	1.5147058823529411
15	165.0	1.0
12	166.0	1.0
21	156.0	1.0
13	151.0	1.0
10	157.0	1.0
6	194.0	1.597938144329897
18	149.0	1.0
19	146.0	1.0
16	149.0	1.0067114093959733
20	152.0	1.0
3	215.0	2.116279069767442
4	220.0	2.1545454545454548
5	225.0	2.1822222222222223
11	163.0	1.0
17	166.0	1.0
22	158.0	1.0
7	199.0	1.6080402010050252
1	220.0	2.1818181818181817
9	212.0	1.4575471698113207
2	226.0	2.1946902654867255
14	160.0	1.0
25	160.0	1.0
24	160.0	1.0
23	162.0	1.0
0	222.0	2.18018018018018
