224

3
5
5
7
8
9
8
8
3
5
4
6
8
8
9
6
7
6
6
5
4
7
9
6
5
5
9
8
7
9
8
9
7
8
6
4
6
6
10
7
8
9
9
6
9
8
9
5
4
8
9
3
5
5
4
9
5
4
5
6
7
6
5
9
5
9
6
4
6
5
9
8
3
9
9
9
7
6
8
5
9
8
4
8
9
6
3
4
7
8
7
3
8
5
8
9
8
5
4
6
7
6
8
9
9
6
5
3
9
8
9
8
5
7
9
4
9
9
7
7
4
8
7
5
8
7
8
8
4
9
5
6
7
9
9
4
5
8
5
9
6
8
7
5
8
3
8
4
4
7
9
4
7
9
6
6
7
8
8
7
8
5
3
9
6
6
4
4
3
4
9
4
9
8
4
7
5
8
9
9
7
7
8
8
9
8
4
4
8
6
8
9
7
5
8
6
8
7
7
3
6
7
7
5
7
4
8
6
7
8
7
8
7
4
3
5
7
9
8
8
6
5
4
8

1	131.0	1.0
2	118.0	1.0
3	125.0	1.008
8	120.0	1.0
10	118.0	1.0
6	138.0	1.0
5	123.0	1.0
7	124.0	1.0
9	124.0	1.0
4	125.0	1.0
0	180.0	1.3222222222222222
