247

24
37
15
34
11
25
31
27
36
32
37
24
21
31
12
35
38
38
31
34
37
30
11
21
32
31
18
26
21
26
32
36
27
12
28
37
19
36
36
34
34
8
36
11
32
26
23
28
25
35
37
13
36
30
33
34
13
37
35
35
22
25
19
32
30
37
27
14
33
20
35
14
19
36
21
37
21
32
36
31
37
16
37
34
29
29
11
33
37
22
37
36
37
32
22
27
16
17
37
32
32
4
29
32
37
28
35
30
5
37
35
37
27
29
19
33
28
37
37
26
22
19
37
16
29
38
16
28
3
9
34
30
22
38
20
26
35
27
34
37
34
10
36
36
36
17
25
38
23
9
36
32
26
34
34
37
34
25
23
23
20
37
16
34
28
23
34
36
31
30
24
18
24
35
38
30
38
5
33
25
32
29
36
35
29
35
38
24
35
38
6
29
34
22
31
36
33
36
33
37
15
33
28
18
23
20
35
37
32
22
37
35
24
36
30
36
37
37
12
34
9
18
35
33
28
36
20
18
10
18
34
21
33
25
36
31
36
14
34
26
24
33
30
35
33
38
32

2	237.0	2.0464135021097047
16	179.0	1.0
3	233.0	2.0987124463519313
13	175.0	1.0
9	212.0	1.490566037735849
14	163.0	1.0
1	227.0	2.158590308370044
17	185.0	1.0
10	169.0	1.0
4	240.0	2.1333333333333333
5	240.0	2.1
18	164.0	1.0
6	213.0	1.6338028169014085
12	171.0	1.0
15	175.0	1.0
7	214.0	1.6542056074766356
8	208.0	1.6105769230769231
11	181.0	1.0
25	159.0	1.0
21	149.0	1.0
23	147.0	1.0
19	149.0	1.0
22	140.0	1.0
20	149.0	1.0
24	182.0	1.0
0	231.0	2.1904761904761907
