97

34
38
7
35
27
34
9
19
32
22
13
31
31
36
37
37
37
7
37
33
38
4
34
24
37
34
28
31
27
33
26
25
25
36
24
22
35
23
30
35
18
33
34
24
35
34
33
35
29
21
34
25
32
11
35
5
32
36
28
12
34
33
34
33
11
38
20
8
34
20
22
29
31
26
38
6
30
7
37
14
34
25
32
31
14
34
29
35
10
25
36
32
23
29
14
29
32

1	88.0	2.147727272727273
12	69.0	1.0
7	83.0	1.5542168674698795
2	79.0	2.5063291139240507
23	58.0	1.0
22	63.0	1.0
14	62.0	1.0
18	60.0	1.0
8	76.0	1.631578947368421
4	85.0	2.2941176470588234
17	68.0	1.0
10	65.0	1.0
13	63.0	1.0
3	87.0	2.1264367816091956
21	55.0	1.0
16	60.0	1.0
19	64.0	1.0
25	61.0	1.0
11	67.0	1.0
6	77.0	1.5714285714285714
5	93.0	2.010752688172043
20	61.0	1.0
15	60.0	1.0
24	60.0	1.0
9	80.0	1.5375
0	91.0	2.142857142857143
