224

7
6
7
7
7
9
8
8
4
3
9
4
7
7
6
8
5
4
4
3
8
5
5
9
5
8
5
9
8
6
7
6
8
8
9
7
7
4
6
4
9
9
9
4
9
6
9
9
6
6
7
4
8
8
4
8
6
7
8
4
3
7
3
8
8
3
6
8
6
3
9
8
6
9
9
9
6
7
6
6
6
9
5
7
5
5
6
9
8
7
3
8
7
5
7
9
8
5
7
8
6
7
7
3
7
3
8
9
7
8
6
6
7
8
4
8
7
3
9
8
8
9
8
9
8
4
6
9
8
5
7
9
3
4
3
7
7
6
6
6
6
5
7
7
8
4
9
7
8
9
9
8
6
8
5
4
5
7
7
8
9
7
8
9
4
9
7
7
6
6
5
6
9
9
3
7
7
8
5
8
7
6
4
7
8
6
5
4
8
6
8
9
7
9
6
5
5
8
9
4
8
8
4
4
7
9
7
8
3
8
8
5
3
9
9
7
7
6
7
3
6
5
4
3

7	143.0	1.006993006993007
4	126.0	1.0
6	128.0	1.0
3	128.0	1.0
2	126.0	1.0
1	112.0	1.0
5	123.0	1.0
8	127.0	1.0
9	112.0	1.0
10	105.0	1.0
0	173.0	1.4335260115606936
