216

4
8
6
7
5
7
8
5
6
8
6
7
8
8
4
6
7
8
3
3
3
8
9
7
6
5
6
7
4
6
8
7
4
7
5
8
4
7
9
4
5
8
8
4
4
6
5
7
5
8
8
9
10
8
8
5
4
7
8
5
8
5
6
7
6
4
7
8
7
8
7
9
8
8
7
3
9
7
6
8
6
3
8
5
5
9
6
6
6
4
7
8
5
6
6
8
7
6
8
6
4
5
5
9
9
8
8
8
8
6
8
8
9
8
8
8
3
9
8
5
6
8
5
8
6
9
8
6
3
5
8
7
6
7
9
6
8
6
5
5
7
4
8
8
5
8
6
6
8
9
7
4
8
9
8
9
6
9
6
8
6
7
9
4
7
6
5
5
8
8
9
3
7
9
5
7
8
9
9
8
8
6
6
4
9
7
8
8
7
7
9
9
8
7
6
5
8
7
9
7
7
5
6
9
3
7
6
7
6
9
5
9
9
6
7
5

2	115.0	1.0
1	115.0	1.017391304347826
3	104.0	1.0
10	143.0	1.0
4	108.0	1.0
6	115.0	1.0
8	114.0	1.0087719298245614
9	122.0	1.0081967213114753
5	119.0	1.0
7	113.0	1.0
0	190.0	1.4684210526315788
