220

4
9
5
6
5
8
3
8
8
5
9
6
8
8
7
3
5
9
8
6
8
7
3
3
8
3
7
7
9
6
6
4
7
3
9
5
5
9
9
9
9
9
6
6
5
3
9
4
9
7
8
8
4
8
6
5
4
9
6
9
6
9
9
7
8
8
8
8
7
6
6
9
6
7
7
5
4
8
3
7
8
6
8
9
8
3
7
8
5
6
9
6
8
7
8
4
7
9
8
6
7
9
8
6
4
6
9
8
8
9
8
8
8
7
8
8
4
3
8
3
8
8
3
9
7
9
5
9
5
6
8
7
6
4
5
7
7
9
7
8
5
3
7
6
4
4
4
9
6
7
5
8
5
7
5
7
8
3
9
6
7
9
4
3
8
5
9
4
4
7
8
8
3
7
9
7
8
9
7
7
6
7
9
6
6
8
8
8
4
7
7
4
9
4
8
3
8
8
9
6
8
9
5
9
7
7
7
7
7
7
6
6
8
5
8
4
8
8
7
5

1	131.0	1.0
7	109.0	1.0
8	118.0	1.0
6	112.0	1.0
9	112.0	1.0
4	116.0	1.0
3	120.0	1.0083333333333333
2	123.0	1.0
10	135.0	1.0
5	137.0	1.0
0	176.0	1.4488636363636365
