99

18
7
37
34
34
25
33
36
5
36
20
38
38
36
25
29
16
9
37
32
37
32
35
35
33
38
34
37
38
38
34
26
36
35
37
38
30
34
34
30
34
38
23
32
25
32
22
27
28
28
27
37
29
36
35
32
36
7
31
32
28
32
10
29
15
37
37
26
7
21
24
33
35
37
35
38
32
21
26
32
34
12
26
25
24
37
31
25
38
33
35
30
35
35
28
33
16
36
12

19	77.0	1.0
12	75.0	1.0
4	97.0	2.268041237113402
5	92.0	2.152173913043478
9	91.0	1.5604395604395604
7	79.0	1.5949367088607596
17	67.0	1.0
18	74.0	1.0
10	71.0	1.0
11	71.0	1.0
6	87.0	1.5977011494252873
20	72.0	1.0
8	85.0	1.6823529411764706
3	92.0	2.0869565217391304
14	71.0	1.0
15	59.0	1.0
13	68.0	1.0
2	95.0	2.221052631578947
16	65.0	1.0
1	95.0	2.305263157894737
24	71.0	1.0
22	66.0	1.0151515151515151
23	66.0	1.0
21	72.0	1.0
25	71.0	1.0
0	94.0	2.3404255319148937
