224

9
10
3
10
9
8
4
5
7
9
6
6
8
7
4
5
9
9
8
3
4
8
3
4
4
9
4
4
6
8
5
4
6
6
9
3
7
5
9
7
4
4
4
8
8
8
6
8
6
7
6
8
9
6
5
7
6
6
6
5
3
5
3
5
5
7
8
5
9
5
7
9
5
5
5
3
7
3
6
3
9
4
4
9
3
6
5
4
5
9
4
3
5
7
6
6
8
6
7
3
9
8
5
6
7
7
7
5
6
9
8
6
8
6
8
9
5
9
5
8
9
5
4
8
7
5
9
6
8
6
5
5
5
9
8
8
5
8
5
8
6
7
5
3
5
4
4
7
9
8
5
6
6
4
5
9
7
6
7
3
8
5
9
5
7
6
3
9
7
9
5
9
4
6
9
8
7
9
5
7
4
5
9
9
7
6
9
6
8
6
6
3
6
5
5
6
7
8
3
8
9
8
7
7
9
5
5
8
5
5
8
8
8
6
8
5
8
9
6
8
8
6
9
9

2	123.0	1.008130081300813
3	116.0	1.0
8	111.0	1.0
1	128.0	1.0
5	127.0	1.0
6	122.0	1.0163934426229508
4	120.0	1.0083333333333333
7	122.0	1.0
9	100.0	1.0
10	112.0	1.0
0	156.0	1.564102564102564
