94

21
37
37
33
35
30
36
36
31
3
29
25
34
7
33
35
35
5
36
37
16
36
33
25
34
30
16
7
5
31
34
30
13
26
32
35
5
8
24
8
34
39
28
20
17
21
30
37
24
37
37
36
5
25
16
17
35
31
6
5
20
16
37
27
16
16
25
31
6
38
23
5
24
28
20
14
24
33
36
35
33
35
22
36
29
32
37
8
22
37
37
18
38
5

2	83.0	2.108433734939759
3	79.0	2.2278481012658227
4	87.0	2.045977011494253
1	87.0	1.9770114942528736
7	79.0	1.518987341772152
5	87.0	1.9425287356321839
6	81.0	1.4320987654320987
13	56.0	1.0
23	58.0	1.0
9	70.0	1.5571428571428572
20	51.0	1.0
18	55.0	1.0
11	58.0	1.0
17	52.0	1.0
15	53.0	1.0
24	52.0	1.0
8	66.0	1.7575757575757576
12	55.0	1.0
21	49.0	1.0
19	54.0	1.0
10	59.0	1.0
16	52.0	1.0
25	51.0	1.0
22	57.0	1.0
14	60.0	1.0
0	81.0	2.259259259259259
