245

27
35
19
31
14
38
36
38
26
12
7
29
26
36
38
15
28
10
10
37
8
30
36
38
34
20
36
38
18
19
25
16
31
36
37
37
27
10
36
24
32
7
7
8
37
35
31
6
36
9
12
33
33
37
24
22
37
37
37
26
32
36
35
23
10
33
12
26
17
32
33
38
31
37
26
36
36
33
4
32
14
5
29
29
26
34
14
37
33
7
10
30
28
37
3
18
37
3
37
33
28
33
33
9
38
34
27
6
36
34
16
38
32
26
32
34
37
37
36
37
36
30
18
35
3
13
33
26
27
38
34
36
36
38
38
27
14
35
37
29
37
37
30
4
34
25
33
30
38
18
37
33
7
33
11
37
32
36
34
36
30
33
24
28
33
35
35
31
23
9
35
34
30
38
35
28
35
37
36
33
26
35
31
36
16
35
36
21
12
30
38
32
25
30
38
35
35
24
37
11
36
9
36
11
35
12
25
29
37
24
8
38
35
38
32
32
24
28
32
16
23
18
33
32
29
28
36
5
21
38
32
22
26
35
25
35
29
35
10
35
28
21
32
37
36

8	218.0	1.573394495412844
4	232.0	2.0474137931034484
11	167.0	1.0
2	230.0	2.126086956521739
7	214.0	1.4345794392523366
9	213.0	1.5446009389671362
5	230.0	2.121739130434783
1	235.0	2.097872340425532
3	227.0	2.211453744493392
6	212.0	1.5377358490566038
10	167.0	1.0
22	172.0	1.0
18	171.0	1.0
20	149.0	1.0
12	153.0	1.0
19	156.0	1.0
23	167.0	1.0
21	161.0	1.0
15	164.0	1.0
24	159.0	1.0
14	146.0	1.0
13	153.0	1.0
17	154.0	1.0
16	160.0	1.0
25	160.0	1.0
0	221.0	2.262443438914027
