224

8
9
4
8
7
9
6
8
5
9
6
3
6
8
8
6
5
3
9
5
6
3
7
7
9
5
8
9
9
4
8
7
4
7
8
9
9
9
9
6
5
7
5
4
9
5
9
6
8
4
6
9
8
6
9
3
8
4
8
3
4
4
5
8
9
6
9
10
4
9
9
3
4
7
5
5
9
3
9
5
6
9
9
4
5
5
5
3
6
3
6
3
8
8
9
7
4
5
3
8
7
5
4
6
3
6
4
9
3
7
9
8
8
7
5
4
8
5
9
9
4
4
7
9
4
3
6
8
3
8
8
7
9
6
9
3
7
9
9
3
6
9
8
9
3
8
5
6
4
8
8
9
7
8
7
5
9
3
6
6
4
6
5
4
8
5
8
7
6
3
3
6
4
9
8
4
8
8
9
4
8
5
8
8
8
5
7
4
6
8
5
9
4
5
3
7
4
4
5
3
9
5
9
6
7
4
7
5
6
8
3
5
5
9
8
5
5
7
3
7
8
4
3
6

1	129.0	1.0077519379844961
4	134.0	1.0
2	117.0	1.0
7	118.0	1.0
6	116.0	1.0
3	113.0	1.008849557522124
5	126.0	1.0
10	110.0	1.0
9	105.0	1.0
8	105.0	1.0
0	162.0	1.4444444444444444
