240

37
34
34
35
27
35
32
31
32
30
22
9
37
36
34
38
24
30
32
38
21
26
36
9
10
36
34
5
36
29
37
18
37
35
32
29
32
15
34
24
32
35
15
33
35
37
32
30
13
22
34
36
35
37
30
34
35
36
6
23
28
15
36
5
24
19
34
37
16
34
26
6
28
35
37
5
24
11
32
37
9
32
26
29
7
37
29
35
27
35
24
33
34
38
34
33
38
35
37
27
29
20
19
27
37
32
33
32
35
34
7
35
36
32
9
19
18
37
5
20
32
35
5
36
37
37
38
23
5
10
26
34
35
34
17
33
36
14
27
33
33
36
15
35
32
36
19
38
17
23
37
36
35
13
8
6
37
28
24
31
5
37
8
37
25
9
35
35
20
37
34
21
6
37
37
37
26
33
27
20
20
35
34
36
37
25
38
34
14
37
30
33
22
18
33
27
9
24
36
23
14
33
19
20
36
33
30
37
34
25
36
32
36
34
37
11
11
37
16
36
33
36
22
37
25
30
9
23
34
35
38
35
34
10
13
36
38
35
35
24

9	213.0	1.5023474178403755
23	166.0	1.0
16	157.0	1.0
15	161.0	1.0
7	199.0	1.6231155778894473
12	153.0	1.0065359477124183
17	161.0	1.0
5	224.0	2.2098214285714284
8	210.0	1.6
21	154.0	1.0
3	211.0	2.265402843601896
13	151.0	1.0
2	219.0	2.228310502283105
20	174.0	1.0
18	174.0	1.0
1	226.0	2.0973451327433628
4	212.0	2.207547169811321
22	172.0	1.0
11	145.0	1.0
6	202.0	1.49009900990099
19	147.0	1.0
14	138.0	1.0
24	155.0	1.0
10	148.0	1.0
25	164.0	1.0
0	216.0	2.212962962962963
