219

7
7
8
4
3
8
5
6
3
9
3
9
8
4
7
7
3
4
9
6
4
6
6
9
3
8
6
9
7
8
7
8
4
8
7
8
7
3
8
5
5
9
9
4
3
8
6
9
4
9
8
9
6
9
4
8
8
4
4
5
6
4
7
4
9
8
7
8
6
6
8
4
7
5
4
3
7
7
9
7
3
5
7
9
6
3
5
4
9
4
5
9
4
6
8
9
5
3
5
8
8
7
7
4
6
4
5
8
3
6
8
7
5
8
7
8
7
9
5
7
6
3
9
6
9
7
3
6
9
5
5
7
8
6
7
6
7
9
4
7
4
3
6
4
3
6
7
7
8
6
8
8
8
6
8
3
4
9
9
9
7
7
6
3
5
5
8
5
9
8
6
3
8
6
9
4
9
4
6
7
8
6
8
9
8
6
4
9
6
4
4
8
9
9
6
6
8
3
6
3
6
4
7
6
4
7
8
9
5
6
6
4
5
8
6
3
4
5
6

1	118.0	1.0
2	115.0	1.0
7	124.0	1.0
9	121.0	1.0
3	108.0	1.0092592592592593
8	105.0	1.0
10	104.0	1.0
5	115.0	1.0
4	117.0	1.0
6	123.0	1.0
0	171.0	1.2982456140350878
