99

37
24
36
27
35
35
35
19
36
15
33
25
33
35
35
26
37
15
6
36
36
36
36
34
26
38
34
27
27
22
15
28
38
21
30
37
18
32
31
16
14
25
26
18
38
16
37
35
28
38
17
33
12
34
29
12
37
26
37
37
36
29
33
34
29
35
37
17
35
37
30
35
12
32
32
12
36
38
35
16
6
32
35
25
37
31
4
20
24
35
30
38
37
29
38
36
30
34
23

14	68.0	1.0
8	91.0	1.5274725274725274
9	93.0	1.5053763440860215
10	71.0	1.0
5	93.0	2.096774193548387
3	94.0	2.1808510638297873
12	70.0	1.0
4	97.0	2.185567010309278
1	92.0	2.152173913043478
2	96.0	2.1354166666666665
7	91.0	1.5714285714285714
11	71.0	1.0
6	87.0	1.4482758620689655
13	72.0	1.0
24	72.0	1.0
19	70.0	1.0
18	71.0	1.0
20	67.0	1.0
17	68.0	1.0
15	63.0	1.0
22	65.0	1.0
21	59.0	1.0
16	60.0	1.0
25	60.0	1.0
23	66.0	1.0
0	94.0	2.3297872340425534
