245

20
32
35
18
10
33
37
6
13
30
34
11
36
7
39
32
11
28
37
31
12
32
33
12
12
28
36
27
36
27
35
23
10
21
25
36
37
26
9
33
36
24
38
32
26
12
37
36
32
32
35
38
7
18
31
36
35
39
5
37
13
18
32
36
27
22
24
10
31
23
26
30
21
29
37
38
24
35
25
14
35
29
33
27
35
21
33
29
39
26
37
26
27
33
37
32
28
37
30
23
35
33
36
34
36
39
38
32
36
36
34
36
29
16
34
34
8
27
35
34
34
25
5
25
36
18
36
25
10
23
36
26
7
7
35
33
35
35
33
37
31
33
33
33
37
33
22
21
37
27
37
23
38
30
29
34
34
23
29
7
24
24
34
25
30
30
38
36
24
32
13
30
13
31
38
32
35
4
34
34
6
31
33
24
34
26
29
29
6
33
36
32
35
37
24
36
14
34
38
35
37
4
38
36
37
36
29
36
38
37
20
38
25
36
16
31
34
37
37
31
23
33
7
33
8
36
7
32
30
4
34
32
23
33
10
37
36
34
37
32
34
29
29
34
30

18	167.0	1.0
16	158.0	1.0
6	191.0	1.6858638743455496
10	154.0	1.0
11	163.0	1.0
5	231.0	2.1818181818181817
7	215.0	1.5302325581395348
3	229.0	2.109170305676856
14	167.0	1.0
17	168.0	1.0
19	167.0	1.0
13	158.0	1.0
2	225.0	2.2
9	197.0	1.6852791878172588
4	233.0	2.124463519313305
1	234.0	2.111111111111111
8	213.0	1.5258215962441315
15	171.0	1.0
12	165.0	1.0
23	164.0	1.0
24	163.0	1.0
21	160.0	1.0
25	167.0	1.0
20	172.0	1.0
22	168.0	1.0
0	220.0	2.3363636363636364
