227

7
8
6
6
7
8
7
7
8
5
7
6
7
3
6
5
7
6
8
8
8
5
9
9
4
6
4
6
9
7
4
3
3
9
8
6
6
6
5
9
4
9
5
7
6
6
6
8
6
6
3
8
7
8
8
6
6
8
9
4
8
4
6
8
5
5
3
3
8
8
6
6
9
4
7
8
6
9
3
8
8
6
9
5
9
5
7
5
9
4
6
6
6
5
8
5
5
9
6
9
5
9
8
8
9
4
5
5
9
8
9
7
4
9
5
7
6
7
7
6
6
9
5
9
9
6
4
7
6
4
6
4
6
6
8
3
3
3
7
7
9
9
8
7
9
9
7
9
5
9
8
7
3
7
4
7
5
6
9
5
8
5
4
9
6
7
5
4
9
4
7
6
6
9
4
9
5
6
9
5
6
8
9
9
8
9
8
7
6
4
6
5
9
3
9
5
8
3
9
6
8
5
5
8
8
3
6
8
7
6
8
8
9
7
4
4
6
4
8
5
9
8
7
8
9
7
9

4	106.0	1.0
1	115.0	1.0
3	106.0	1.009433962264151
2	115.0	1.0
9	167.0	1.0
10	108.0	1.0
6	114.0	1.0
8	132.0	1.0
5	128.0	1.0
7	136.0	1.0073529411764706
0	196.0	1.3265306122448979
