220

5
6
7
8
6
7
5
4
5
9
8
7
5
8
6
8
9
8
9
9
5
9
9
8
7
8
9
7
6
5
8
6
8
8
5
8
9
8
9
8
7
6
9
7
8
5
4
7
6
7
6
9
7
7
9
7
9
8
5
5
8
9
3
6
3
9
7
6
3
6
7
8
7
8
4
7
3
9
9
7
8
8
4
5
7
5
3
3
6
5
5
6
9
5
8
8
9
4
8
4
5
8
4
9
7
9
4
9
9
6
8
8
6
9
8
8
4
7
7
9
8
5
8
9
3
5
7
6
9
9
4
6
6
3
5
5
6
6
6
6
4
5
5
8
7
3
7
4
7
6
8
9
8
9
8
6
3
6
9
9
9
5
9
3
7
4
7
9
4
9
5
5
6
8
8
7
7
6
7
8
7
3
7
9
8
6
8
8
6
9
3
4
4
5
5
5
4
5
3
7
7
4
3
5
7
7
9
5
4
7
6
7
7
6
8
9
5
7
7
6

3	125.0	1.0
2	114.0	1.0
1	113.0	1.0
8	126.0	1.007936507936508
9	113.0	1.0
10	112.0	1.0
5	111.0	1.009009009009009
4	106.0	1.0
6	135.0	1.0074074074074073
7	130.0	1.0
0	189.0	1.3756613756613756
