239

37
31
27
33
36
20
38
30
11
35
31
36
29
33
37
30
16
36
34
32
13
15
36
36
35
25
6
16
32
19
27
9
8
36
38
7
10
20
29
33
37
8
24
16
14
31
17
31
31
12
22
18
30
18
36
9
35
34
20
11
36
6
17
35
5
27
28
31
22
32
4
24
10
26
33
5
19
5
37
38
22
35
35
23
32
33
24
13
28
9
28
24
34
39
22
15
38
37
38
9
25
38
21
20
16
35
23
33
38
14
36
36
5
37
35
36
22
35
34
37
7
37
17
14
38
29
24
34
35
15
32
32
16
30
5
32
28
21
24
8
33
29
33
23
36
36
35
37
36
37
17
37
19
33
37
11
28
23
36
37
21
33
19
33
20
36
18
5
32
34
36
36
34
16
31
25
11
16
33
38
29
15
34
38
28
33
4
6
23
31
24
39
35
12
37
29
39
37
29
31
34
35
27
34
17
29
8
36
33
18
37
19
36
19
10
36
28
33
36
38
36
36
35
33
34
11
37
30
33
14
37
30
28
22
36
8
32
22
4

4	207.0	2.1594202898550723
3	218.0	2.0642201834862384
2	216.0	2.037037037037037
1	206.0	2.145631067961165
25	156.0	1.0
7	197.0	1.5431472081218274
20	150.0	1.0
11	143.0	1.0
15	149.0	1.0
9	198.0	1.5252525252525253
23	158.0	1.0
18	149.0	1.0
12	154.0	1.0
17	152.0	1.0
10	148.0	1.0
21	155.0	1.0
8	195.0	1.5538461538461539
6	191.0	1.5602094240837696
24	151.0	1.0
19	145.0	1.0
13	153.0	1.0
14	157.0	1.0
5	215.0	2.1348837209302327
22	154.0	1.0
16	149.0	1.0
0	210.0	2.1619047619047618
