243

29
37
19
37
17
37
10
38
36
7
23
33
5
29
38
10
34
27
9
34
35
26
14
34
38
34
37
7
31
38
37
28
37
26
29
34
35
32
29
12
32
31
37
28
12
37
37
8
26
33
3
20
12
36
32
37
29
35
33
31
37
37
32
35
8
21
37
23
32
26
37
37
34
22
34
28
33
37
33
35
38
32
39
30
6
35
36
29
34
33
36
7
31
5
37
14
37
38
36
6
6
38
10
30
36
37
30
35
32
39
33
30
28
37
32
35
18
26
34
32
29
16
31
10
24
38
32
33
30
8
25
34
8
34
14
27
29
26
35
35
39
34
37
24
33
14
32
9
33
26
20
33
33
39
37
27
6
35
32
31
37
35
34
31
36
20
25
35
33
29
36
31
38
28
32
36
33
31
37
16
32
34
35
34
22
36
19
9
8
10
3
31
38
32
3
14
32
35
36
31
34
29
38
27
10
30
6
27
22
30
23
22
32
38
35
19
34
28
25
18
33
22
8
22
19
23
38
18
14
6
38
25
21
26
26
37
36
31
33
16
36
28
37

2	219.0	2.2009132420091326
6	209.0	1.4641148325358853
7	216.0	1.4444444444444444
1	224.0	2.1205357142857144
8	205.0	1.5463414634146342
4	229.0	2.131004366812227
5	221.0	2.1176470588235294
3	230.0	2.0782608695652174
9	215.0	1.4325581395348836
10	175.0	1.0
24	168.0	1.0
18	170.0	1.0
19	159.0	1.0
22	161.0	1.0
15	169.0	1.0
16	142.0	1.0
20	160.0	1.0
25	160.0	1.0
17	159.0	1.0
23	169.0	1.0
12	160.0	1.0
21	164.0	1.0
11	170.0	1.0
13	165.0	1.0
14	172.0	1.0
0	221.0	2.2986425339366514
