24

38
33
11
34
18
35
28
37
32
30
35
27
24
38
9
37
19
25
11
10
31
37
33
36

3	21.0	2.0476190476190474
1	22.0	2.090909090909091
5	22.0	2.1818181818181817
10	13.0	1.0
4	21.0	2.1904761904761907
6	22.0	1.5
7	22.0	1.4545454545454546
12	17.0	1.0
2	23.0	2.0434782608695654
11	17.0	1.0
9	23.0	1.434782608695652
8	23.0	1.434782608695652
23	15.0	1.0
14	16.0	1.0
15	17.0	1.0
13	14.0	1.0
21	14.0	1.0
24	16.0	1.0
19	16.0	1.0
22	15.0	1.0
25	16.0	1.0
20	18.0	1.0
16	17.0	1.0
17	18.0	1.0
18	19.0	1.0
0	22.0	2.227272727272727
