226

9
8
5
3
4
9
6
3
4
6
9
5
9
6
7
9
5
6
6
7
9
8
6
8
5
7
6
3
9
5
7
9
3
9
4
7
9
5
7
8
9
3
5
4
3
8
5
5
9
8
9
3
9
4
7
7
3
7
5
8
8
4
8
8
8
7
5
8
8
3
4
6
6
7
6
3
8
9
9
9
5
8
6
6
4
5
8
6
4
8
5
5
9
3
9
4
6
3
3
9
9
6
5
9
3
4
6
5
5
4
9
3
4
4
5
3
8
6
7
9
7
9
8
7
7
8
9
8
9
9
7
7
8
7
6
6
8
4
7
4
7
8
6
3
7
9
8
4
8
7
7
8
4
4
9
9
4
6
9
8
8
8
4
7
3
7
4
3
7
6
6
9
8
5
8
7
4
6
5
4
7
4
8
4
8
5
8
8
8
8
7
8
5
4
4
6
8
4
9
8
3
4
6
3
8
9
7
7
8
8
9
9
7
8
3
9
5
3
8
4
3
6
9
8
3
6

3	119.0	1.0
5	114.0	1.0
2	102.0	1.0
1	127.0	1.0
4	119.0	1.0
8	122.0	1.0
10	107.0	1.0
9	122.0	1.0
6	121.0	1.0
7	124.0	1.0
0	179.0	1.458100558659218
