226

7
10
4
5
9
7
7
7
6
7
9
8
7
9
4
8
4
6
3
6
8
5
5
9
7
4
4
8
4
3
9
8
9
8
7
5
3
9
4
6
6
7
4
9
6
7
4
6
7
3
7
9
8
5
7
5
7
4
7
4
3
3
6
6
5
3
9
3
8
5
4
7
9
6
8
6
7
9
6
5
3
8
7
8
6
4
3
5
6
7
6
9
3
9
6
5
5
9
7
7
8
6
8
8
5
7
8
7
5
7
5
7
5
9
9
7
7
6
6
6
5
8
7
7
9
6
6
8
5
4
4
9
9
8
4
6
6
5
9
6
6
6
9
8
9
9
6
6
5
6
5
3
8
6
6
8
7
9
7
7
8
8
9
9
5
8
8
9
3
8
7
9
9
8
3
9
8
6
9
8
8
6
8
4
8
7
5
9
6
7
5
4
8
6
5
6
8
9
8
8
7
6
5
9
6
7
6
5
9
6
9
9
7
6
3
5
9
6
4
5
3
3
3
8
5
9

2	153.0	1.0
7	129.0	1.0
1	132.0	1.0
6	126.0	1.007936507936508
5	109.0	1.0
4	116.0	1.0
3	114.0	1.0087719298245614
8	117.0	1.0085470085470085
9	112.0	1.0
10	114.0	1.0
0	163.0	1.5030674846625767
