92

30
31
36
38
38
38
34
7
35
37
36
19
5
35
35
38
7
34
30
13
33
7
36
35
32
31
32
37
33
37
37
31
33
13
32
35
17
15
36
31
30
37
31
23
30
36
35
10
34
18
18
35
19
6
38
28
36
15
6
15
34
32
37
17
16
16
36
26
37
26
9
24
36
4
36
29
30
37
37
35
26
6
26
6
36
20
33
4
18
38
38
32

1	79.0	2.1772151898734178
12	63.0	1.0158730158730158
24	59.0	1.0
9	80.0	1.5625
11	53.0	1.0
14	56.0	1.0
17	57.0	1.0
21	56.0	1.0
8	77.0	1.6103896103896105
2	81.0	2.308641975308642
5	86.0	2.0930232558139537
22	60.0	1.0
18	66.0	1.0
6	80.0	1.5625
7	72.0	1.5833333333333333
4	83.0	2.1566265060240966
15	60.0	1.0
20	52.0	1.0
23	52.0	1.0
13	59.0	1.0
10	63.0	1.0
25	61.0	1.0
16	65.0	1.0
3	83.0	2.1325301204819276
19	62.0	1.0
0	79.0	2.2531645569620253
