24

31
37
6
33
36
4
26
35
32
33
34
32
22
32
37
37
36
28
39
33
12
36
28
21

2	23.0	2.391304347826087
1	23.0	1.9565217391304348
14	16.0	1.0
5	23.0	2.5652173913043477
15	20.0	1.0
6	22.0	1.6818181818181819
17	19.0	1.0
18	18.0	1.0
22	19.0	1.0
12	17.0	1.0
21	14.0	1.0
20	16.0	1.0
3	20.0	2.15
4	23.0	2.130434782608696
19	17.0	1.0
16	16.0	1.0
9	19.0	1.736842105263158
23	17.0	1.0
10	11.0	1.0
7	22.0	1.6363636363636365
24	16.0	1.0
11	16.0	1.0
8	22.0	1.5454545454545454
25	19.0	1.0
13	13.0	1.0
0	22.0	2.0454545454545454
