99

6
29
36
34
14
14
28
38
34
32
38
35
5
17
27
37
33
37
37
24
35
24
6
20
36
37
36
28
37
35
26
37
13
31
33
36
39
36
26
33
33
32
35
32
36
25
36
34
37
34
37
19
24
30
36
38
19
38
33
37
29
27
24
29
38
16
37
31
26
35
38
36
35
35
22
29
35
33
37
37
33
35
38
19
27
32
28
36
27
25
23
21
25
28
36
25
34
36
36

12	75.0	1.0
14	68.0	1.0
13	63.0	1.0
1	96.0	2.28125
3	93.0	2.129032258064516
15	72.0	1.0
4	93.0	2.193548387096774
10	71.0	1.0
8	92.0	1.5978260869565217
20	70.0	1.0
7	86.0	1.5465116279069768
11	77.0	1.0
6	91.0	1.6153846153846154
22	78.0	1.0
9	93.0	1.6129032258064515
18	74.0	1.0
5	94.0	2.3617021276595747
17	69.0	1.0
21	75.0	1.0
19	71.0	1.0
23	69.0	1.0
16	70.0	1.0
2	95.0	2.3263157894736843
24	68.0	1.0
25	69.0	1.0
0	95.0	2.2842105263157895
