225

9
8
5
3
5
8
8
5
7
8
4
5
9
7
6
7
3
6
4
6
8
7
7
5
7
7
7
8
9
4
7
6
7
5
7
3
6
4
7
9
9
9
6
6
9
6
6
3
8
8
9
7
7
7
9
8
6
6
3
8
6
5
5
9
4
8
6
8
3
8
9
9
7
8
9
9
7
3
6
4
5
6
5
8
9
6
7
3
9
4
6
6
7
7
6
4
9
4
9
9
5
6
9
7
5
5
9
6
7
4
5
8
8
7
6
7
6
4
7
7
8
6
8
3
9
6
6
7
4
6
9
6
9
3
6
4
9
7
8
8
4
7
6
8
4
3
7
7
7
5
9
5
8
9
7
7
5
8
8
4
4
6
7
9
9
9
8
7
9
9
6
9
7
6
8
8
7
9
8
7
8
5
9
7
5
6
8
4
4
4
8
7
7
7
8
8
9
8
8
9
7
8
5
8
3
6
4
5
7
7
3
7
9
7
4
9
9
5
4
8
8
6
7
3
8

6	141.0	1.0
8	133.0	1.0
4	136.0	1.0
7	142.0	1.0
3	124.0	1.0
5	128.0	1.0
1	118.0	1.0
2	129.0	1.0
9	116.0	1.0086206896551724
10	98.0	1.0
0	162.0	1.3888888888888888
