98

33
21
31
34
9
30
35
27
19
31
32
33
36
4
32
11
9
14
30
35
32
27
37
33
8
26
13
36
25
37
35
23
33
27
37
34
34
12
21
25
35
36
33
10
31
33
33
31
32
36
26
27
12
34
34
37
28
28
35
13
36
8
34
38
20
33
20
27
29
32
20
5
26
34
27
26
38
19
25
23
12
27
31
30
7
33
36
16
38
38
36
37
26
15
35
36
7
37

15	62.0	1.0
3	90.0	2.111111111111111
7	81.0	1.5061728395061729
12	61.0	1.0
2	92.0	2.0760869565217392
13	57.0	1.0
10	61.0	1.0
4	88.0	2.090909090909091
14	58.0	1.0
1	90.0	2.1666666666666665
5	92.0	2.010869565217391
6	83.0	1.6987951807228916
11	69.0	1.0
8	84.0	1.5952380952380953
16	68.0	1.0
9	85.0	1.4823529411764707
23	70.0	1.0
19	61.0	1.0
21	63.0	1.0
17	57.0	1.0
20	62.0	1.0
22	62.0	1.0
24	62.0	1.0
18	66.0	1.0
25	62.0	1.0
0	90.0	2.1444444444444444
