241

34
28
31
5
35
23
23
28
35
39
32
30
27
9
38
36
22
30
37
28
21
11
36
19
35
35
34
30
29
32
21
26
35
36
36
35
35
24
28
33
35
36
23
25
31
33
27
19
35
35
8
9
22
38
29
19
34
36
34
31
35
37
15
20
37
29
25
36
35
32
37
30
37
28
34
5
37
8
38
38
25
34
7
5
18
27
35
32
8
26
34
37
29
38
32
15
33
36
36
32
35
15
36
36
21
37
32
37
38
27
38
36
21
16
35
36
35
35
34
32
12
35
33
31
17
10
38
32
36
31
36
37
26
30
27
25
36
31
28
21
37
30
20
11
36
33
35
18
34
35
37
34
36
14
6
31
38
11
32
27
9
27
31
32
36
9
38
31
15
32
34
26
15
34
38
15
39
34
36
37
33
35
26
36
37
15
38
6
38
22
36
15
35
29
34
36
34
32
39
36
35
35
33
16
31
7
35
23
37
26
34
13
32
37
35
25
26
37
37
35
38
37
36
37
15
26
22
29
34
35
37
36
37
13
36
18
14
29
31
6
33

1	222.0	2.3513513513513513
14	168.0	1.0
17	162.0	1.0
15	165.0	1.0
10	167.0	1.0059880239520957
7	211.0	1.5639810426540284
20	167.0	1.0
5	225.0	2.2133333333333334
11	175.0	1.0
9	202.0	1.5891089108910892
2	215.0	2.213953488372093
13	169.0	1.0
4	225.0	2.2133333333333334
21	162.0	1.0
22	167.0	1.0
12	152.0	1.0
6	216.0	1.5787037037037037
8	195.0	1.6615384615384616
18	159.0	1.0
19	163.0	1.0
23	153.0	1.0
3	223.0	2.2511210762331837
16	191.0	1.0
24	165.0	1.0
25	166.0	1.0060240963855422
0	224.0	2.294642857142857
