238

29
35
28
24
33
25
36
30
35
38
30
33
29
35
33
35
29
32
37
7
37
33
22
34
9
6
20
32
31
34
31
33
26
32
38
17
18
11
36
35
37
27
6
37
18
13
13
29
31
30
30
18
28
35
36
26
37
30
37
29
37
34
32
31
29
37
33
31
36
22
36
38
16
17
35
36
35
18
36
24
33
28
6
35
39
18
22
34
36
38
29
35
17
28
38
37
18
35
19
22
10
37
34
29
36
38
4
33
37
24
35
32
38
36
19
37
23
20
28
34
20
33
24
35
25
4
21
32
33
24
12
35
31
15
33
36
36
33
5
37
27
37
33
36
20
5
33
28
23
36
36
35
36
33
37
28
34
19
29
38
13
29
35
17
13
36
34
29
24
33
37
34
37
22
35
31
13
35
36
3
37
34
35
31
33
35
10
38
15
36
35
32
30
27
27
34
27
36
36
27
34
35
30
36
34
31
33
37
5
37
20
10
15
28
30
13
17
38
36
37
34
34
35
28
36
37
35
18
30
35
28
30
28
14
36
25
4
33

18	174.0	1.0
21	161.0	1.0
12	156.0	1.0
4	218.0	2.1926605504587156
16	165.0	1.0
2	212.0	2.240566037735849
8	206.0	1.6019417475728155
9	214.0	1.5233644859813085
15	166.0	1.0
10	166.0	1.0
13	153.0	1.0
14	149.0	1.0
22	156.0	1.0
17	163.0	1.0
5	224.0	2.169642857142857
11	175.0	1.0
20	161.0	1.0
7	215.0	1.5348837209302326
1	230.0	2.260869565217391
6	217.0	1.566820276497696
3	221.0	2.1312217194570136
19	170.0	1.0
25	140.0	1.0
23	152.0	1.0
24	159.0	1.0
0	223.0	2.2466367713004485
