226

7
4
6
6
4
9
6
7
7
7
8
4
5
3
8
5
8
7
6
3
4
6
8
6
8
7
9
6
8
5
5
3
6
7
9
7
3
6
6
5
7
7
7
6
6
9
5
6
3
7
9
6
3
7
3
6
3
4
3
4
6
6
8
5
9
8
5
7
5
9
9
4
7
8
6
3
4
7
9
6
5
9
8
8
8
9
9
7
6
4
8
8
6
9
6
7
3
8
9
6
8
9
7
7
9
7
7
7
5
5
8
6
8
6
7
5
9
7
8
9
7
3
6
7
8
9
5
3
8
7
6
9
8
9
6
4
9
3
9
8
7
5
6
9
8
3
9
9
7
9
4
8
9
8
6
8
9
7
5
6
5
8
5
7
3
6
8
6
6
4
7
8
8
8
8
5
4
8
3
8
9
8
4
6
9
5
6
5
3
8
4
6
4
6
3
9
5
7
6
9
5
8
8
6
7
7
4
6
9
7
7
5
5
10
9
4
9
8
6
7
8
9
3
9
8
7

2	102.0	1.0196078431372548
1	106.0	1.0
6	108.0	1.0
5	139.0	1.0215827338129497
3	113.0	1.008849557522124
10	134.0	1.0
4	127.0	1.0078740157480315
8	125.0	1.0
7	130.0	1.0
9	133.0	1.0
0	185.0	1.3675675675675676
