227

6
9
6
6
8
9
7
9
6
8
4
7
8
6
9
9
6
8
7
9
8
8
7
4
9
5
5
7
8
9
3
7
7
8
8
9
5
9
3
8
6
8
7
4
5
9
6
3
9
4
6
3
5
3
6
4
7
5
7
9
6
5
4
9
9
7
6
8
8
9
8
6
4
6
7
4
8
8
4
8
8
8
8
7
6
7
7
3
9
5
6
6
3
3
6
8
6
4
5
9
9
9
9
8
6
8
9
4
7
8
7
9
7
5
7
4
8
4
8
4
8
9
9
9
7
5
8
8
8
5
4
9
6
7
5
3
4
9
7
4
5
7
5
4
4
7
4
5
5
4
8
6
7
6
4
5
4
9
6
9
4
4
5
6
9
6
9
5
7
6
9
5
7
5
9
7
7
9
5
6
8
3
6
8
8
5
4
9
5
7
7
8
7
8
7
4
6
8
8
9
7
7
6
6
5
6
6
6
9
7
7
3
8
6
6
8
7
3
6
6
8
4
4
5
8
4
5

5	124.0	1.0
4	127.0	1.0
2	122.0	1.0
1	122.0	1.0
3	127.0	1.0078740157480315
6	119.0	1.0
8	105.0	1.0
9	104.0	1.0096153846153846
10	118.0	1.0
7	123.0	1.0
0	190.0	1.4789473684210526
