218

3
4
6
6
7
4
9
8
3
8
3
6
4
7
8
5
3
8
7
7
9
6
5
7
4
7
7
5
5
6
4
4
8
8
3
8
5
9
8
7
9
7
10
7
9
6
5
9
5
6
8
4
6
6
9
4
7
5
9
6
4
6
5
9
8
9
5
8
6
6
8
8
7
9
4
4
8
5
9
9
5
9
6
9
5
7
9
5
9
6
4
4
4
9
6
7
7
6
8
8
8
7
8
9
3
8
6
7
8
6
7
3
5
9
5
6
6
9
5
5
7
7
9
3
4
6
6
9
7
8
5
9
5
4
9
6
3
7
8
6
7
7
9
7
9
9
5
7
4
3
6
9
6
3
7
5
6
8
5
8
6
7
7
8
8
5
4
9
9
8
5
5
8
7
9
9
4
5
4
4
4
5
3
9
5
8
3
3
3
4
3
8
4
5
3
9
4
4
9
4
4
5
5
8
4
8
8
3
7
6
8
7
9
5
8
9
6
4

1	128.0	1.0
8	124.0	1.0
5	124.0	1.0
3	112.0	1.0
4	105.0	1.0
6	123.0	1.0
7	125.0	1.0
2	115.0	1.0
10	93.0	1.0
9	111.0	1.027027027027027
0	153.0	1.4248366013071896
