100

25
26
11
34
30
33
36
25
10
13
28
36
19
34
4
31
29
6
22
36
37
36
12
29
6
4
14
36
37
38
36
37
32
36
33
38
20
36
29
33
35
38
31
31
37
26
35
36
27
15
28
27
34
30
26
29
18
27
36
20
36
30
24
29
31
22
23
34
34
31
13
33
30
31
35
23
36
32
36
24
32
37
36
32
7
33
24
33
32
30
8
36
6
8
32
34
34
37
38
27

15	73.0	1.0
14	72.0	1.0
1	93.0	2.118279569892473
3	92.0	2.119565217391304
5	95.0	2.1894736842105265
9	81.0	1.4938271604938271
8	90.0	1.5444444444444445
2	95.0	2.1894736842105265
7	86.0	1.5813953488372092
4	95.0	2.168421052631579
6	88.0	1.5568181818181819
17	71.0	1.0
13	60.0	1.0
16	64.0	1.0
12	66.0	1.0
10	59.0	1.0
11	64.0	1.0
24	61.0	1.0
21	60.0	1.0
18	69.0	1.0
25	66.0	1.0
19	56.0	1.0
23	64.0	1.0
20	68.0	1.0
22	71.0	1.0
0	89.0	2.303370786516854
