98

38
35
38
32
33
7
20
28
34
33
4
21
8
37
34
29
34
23
5
33
25
8
37
29
38
22
34
37
33
36
37
28
36
34
36
15
4
24
29
34
35
32
27
35
30
30
35
31
27
35
32
29
20
26
34
28
22
29
3
33
37
17
31
16
29
35
35
36
37
30
8
34
29
34
13
37
34
29
30
35
32
28
26
36
6
38
27
29
35
25
11
32
37
12
35
36
13
36

7	83.0	1.4939759036144578
3	93.0	2.139784946236559
6	91.0	1.3846153846153846
8	84.0	1.5119047619047619
1	92.0	2.0869565217391304
4	92.0	2.130434782608696
10	65.0	1.0
5	87.0	2.32183908045977
9	84.0	1.5238095238095237
2	91.0	2.208791208791209
13	63.0	1.0
18	66.0	1.0
25	64.0	1.0
20	64.0	1.0
19	62.0	1.0
17	56.0	1.0
22	67.0	1.0
21	61.0	1.0
16	68.0	1.0
14	68.0	1.0
23	69.0	1.0
15	68.0	1.0
24	66.0	1.0
12	72.0	1.0
11	71.0	1.0
0	90.0	2.3333333333333335
