95

25
35
27
36
32
32
33
27
38
37
14
34
37
32
35
35
11
33
32
34
13
28
37
31
34
36
37
22
32
21
34
8
33
37
9
35
17
35
30
34
37
30
31
32
36
19
37
37
30
34
24
6
37
32
37
36
34
13
25
26
18
32
30
29
33
20
36
10
32
37
37
25
34
37
14
35
36
29
25
31
33
6
25
33
9
22
15
14
21
25
34
37
28
33
15

10	62.0	1.0
11	60.0	1.0
8	89.0	1.5056179775280898
12	67.0	1.0
2	92.0	2.108695652173913
4	90.0	2.1555555555555554
6	86.0	1.4883720930232558
5	91.0	1.967032967032967
7	84.0	1.5238095238095237
9	85.0	1.5411764705882354
3	86.0	2.197674418604651
1	89.0	2.1235955056179776
18	73.0	1.0
17	68.0	1.0
16	66.0	1.0
19	67.0	1.0
24	68.0	1.0
21	67.0	1.0
14	62.0	1.0
20	63.0	1.0
23	64.0	1.0
15	57.0	1.0
22	67.0	1.0
13	65.0	1.0
25	66.0	1.0
0	91.0	2.1648351648351647
