221

8
9
3
4
7
5
4
8
9
8
8
6
5
9
5
4
9
7
3
6
8
4
5
8
5
9
9
4
9
9
9
9
7
8
7
6
7
9
6
8
6
3
9
5
8
8
7
8
8
6
6
5
7
4
7
8
7
6
8
4
8
3
8
8
3
3
3
8
7
5
9
4
5
3
3
3
7
7
8
9
9
6
9
4
9
7
9
6
7
6
8
9
8
7
9
5
6
9
7
9
8
6
5
7
8
8
9
4
6
8
4
8
8
5
4
8
5
6
5
3
9
7
5
8
5
9
9
5
6
6
7
8
6
4
8
6
8
7
7
6
9
3
8
6
9
9
9
9
8
4
8
5
4
8
7
8
8
4
8
4
6
4
9
7
9
5
9
9
5
5
4
9
5
6
8
6
8
7
8
7
8
8
7
4
7
8
5
6
5
7
4
8
8
9
8
3
3
9
3
7
3
8
4
4
8
4
6
8
8
8
6
3
8
8
9
7
6
8
7
9
4

1	116.0	1.0
3	106.0	1.0
4	116.0	1.0
2	143.0	1.0
9	122.0	1.0
5	107.0	1.0
7	104.0	1.0096153846153846
6	122.0	1.0081967213114753
8	138.0	1.0072463768115942
10	128.0	1.0
0	186.0	1.39247311827957
