244

33
31
33
26
36
14
6
7
33
34
22
37
34
31
29
28
12
5
38
29
24
37
36
17
35
36
4
33
38
32
37
37
28
33
37
36
29
33
32
36
31
22
15
37
34
34
21
35
18
27
33
32
25
29
11
37
6
33
19
37
36
38
35
35
32
9
37
36
36
23
38
32
22
35
26
23
35
14
32
31
26
14
15
9
25
31
30
31
21
37
33
14
32
30
16
23
22
14
5
33
10
33
25
37
35
19
31
34
36
27
30
38
33
37
9
38
24
30
32
39
31
14
34
37
6
24
27
37
6
33
35
35
36
37
33
38
37
32
36
17
38
32
34
30
35
7
30
13
18
4
26
35
35
5
31
38
33
37
34
39
7
21
35
23
31
37
3
31
34
35
34
15
38
32
35
36
24
28
36
35
37
36
17
30
21
35
15
35
36
32
23
26
35
38
5
37
23
3
6
37
36
30
37
21
28
28
35
35
34
37
36
37
25
38
28
36
29
37
35
32
13
38
39
39
32
17
35
32
25
27
32
32
35
25
38
35
36
22
38
6
35
30
16
35

9	219.0	1.547945205479452
3	224.0	2.2544642857142856
13	167.0	1.0
6	214.0	1.6308411214953271
7	201.0	1.6467661691542288
2	222.0	2.2477477477477477
15	161.0	1.0
5	217.0	2.1889400921658986
8	213.0	1.516431924882629
10	171.0	1.0
12	164.0	1.0
17	175.0	1.0
4	223.0	2.197309417040359
1	223.0	2.1838565022421523
11	165.0	1.0
14	180.0	1.0
16	171.0	1.0
22	168.0	1.0
18	159.0	1.0
23	173.0	1.0
19	170.0	1.0
24	152.0	1.0
25	158.0	1.0
21	158.0	1.0
20	157.0	1.0
0	225.0	2.2311111111111113
