98

31
35
33
10
17
24
31
11
32
31
30
36
29
37
10
36
9
28
37
18
38
31
36
37
36
31
18
31
28
21
37
10
35
35
32
36
30
25
38
19
28
36
33
17
38
36
37
35
37
19
29
25
12
36
31
30
30
6
32
29
36
7
17
30
37
37
34
11
21
15
34
37
33
19
35
30
30
8
23
35
30
36
27
36
23
34
30
12
32
30
35
37
31
25
5
17
32
38

18	74.0	1.0
2	90.0	2.3666666666666667
16	68.0	1.0
5	85.0	2.070588235294118
15	52.0	1.0
1	91.0	2.230769230769231
14	66.0	1.0
11	65.0	1.0
6	82.0	1.5609756097560976
8	87.0	1.632183908045977
7	84.0	1.5357142857142858
10	70.0	1.0
13	68.0	1.0
3	93.0	2.118279569892473
19	58.0	1.0
12	65.0	1.0
20	54.0	1.0
17	67.0	1.0
21	73.0	1.0
9	82.0	1.5731707317073171
4	88.0	2.25
22	74.0	1.0
23	60.0	1.0
25	57.0	1.0
24	64.0	1.0
0	90.0	2.1555555555555554
