243

37
32
29
28
37
22
37
37
30
20
19
33
36
29
35
37
36
38
35
33
29
15
31
34
6
38
37
34
31
35
36
16
19
13
34
26
32
35
37
29
36
35
37
36
36
34
37
32
19
35
35
15
34
26
35
31
33
37
35
38
26
37
37
38
26
27
37
31
26
7
36
35
35
31
20
30
23
35
38
17
19
34
20
36
20
35
33
34
23
17
17
26
8
34
38
35
34
32
30
28
10
38
29
23
38
38
25
26
34
30
34
14
37
5
35
38
31
32
34
36
31
32
34
19
31
33
33
31
38
28
32
35
35
18
27
37
31
38
29
35
23
30
23
12
37
34
36
37
33
22
8
36
35
37
37
22
34
12
32
36
38
14
26
20
33
27
23
32
37
33
22
12
36
38
35
34
15
15
20
7
34
38
27
17
37
22
31
30
26
37
35
27
14
35
35
11
27
33
35
37
17
21
36
37
35
6
20
36
11
36
7
24
28
35
15
32
36
34
35
32
18
22
13
18
32
10
33
29
20
33
28
31
25
11
35
33
6
35
17
21
35
31
35

5	232.0	2.2241379310344827
4	227.0	2.193832599118943
13	175.0	1.0
7	223.0	1.515695067264574
10	175.0	1.0
9	220.0	1.540909090909091
2	229.0	2.131004366812227
15	173.0	1.0
16	165.0	1.0
12	160.0	1.0
6	203.0	1.5960591133004927
3	225.0	2.1911111111111112
11	167.0	1.0
14	154.0	1.0
8	205.0	1.5658536585365854
1	227.0	2.1894273127753303
20	159.0	1.0
18	165.0	1.006060606060606
23	162.0	1.0
22	154.0	1.0
21	163.0	1.0
17	171.0	1.0
19	180.0	1.0
25	175.0	1.0
24	178.0	1.0
0	237.0	2.1772151898734178
