222

8
8
4
5
7
3
7
6
3
7
3
3
7
6
5
5
9
8
7
7
6
6
7
8
5
9
4
9
8
8
9
7
6
9
9
7
5
4
5
9
7
8
8
5
7
9
7
9
3
3
3
8
9
6
3
8
4
7
9
8
7
5
9
6
5
5
7
7
5
7
6
7
9
9
3
4
7
8
8
8
9
8
9
9
4
4
5
9
7
8
7
5
7
8
9
6
3
7
5
9
3
5
7
3
6
8
5
8
8
9
8
9
7
7
8
9
7
5
7
5
9
6
7
5
9
8
9
3
6
4
3
8
6
6
4
9
8
7
5
6
4
9
5
5
9
6
6
8
9
4
7
5
5
3
8
8
6
4
8
8
5
9
8
9
9
9
5
4
6
5
3
6
9
3
6
9
6
5
5
6
4
7
3
8
7
6
3
7
8
4
9
6
4
7
4
9
9
4
5
9
7
7
4
6
9
9
4
6
4
5
7
6
8
4
7
9
5
5
6
8
7
4

5	119.0	1.0084033613445378
4	125.0	1.008
1	125.0	1.0
3	117.0	1.0085470085470085
2	120.0	1.0083333333333333
8	108.0	1.0
9	114.0	1.0087719298245614
10	120.0	1.0
7	119.0	1.0
6	111.0	1.009009009009009
0	179.0	1.4022346368715084
