97

24
39
17
37
14
34
35
37
37
32
38
26
31
33
34
10
33
35
30
33
20
34
28
27
22
36
32
5
25
17
37
36
30
35
36
8
35
36
35
37
38
37
34
12
30
26
35
34
35
36
33
36
35
24
33
31
34
37
21
37
37
35
33
20
9
36
32
18
32
31
35
14
31
35
19
35
34
34
12
33
34
34
14
18
26
37
37
37
38
32
18
20
22
16
37
20
30

6	84.0	1.619047619047619
2	95.0	2.221052631578947
4	94.0	2.202127659574468
21	72.0	1.0
1	92.0	2.25
13	72.0	1.0
16	67.0	1.0
18	67.0	1.0
5	93.0	2.193548387096774
10	60.0	1.0
12	71.0	1.0
14	67.0	1.0
8	85.0	1.6
23	72.0	1.0
15	66.0	1.0
24	65.0	1.0
19	64.0	1.0
7	82.0	1.7682926829268293
3	88.0	2.3181818181818183
20	63.0	1.0
22	70.0	1.0
17	76.0	1.0
11	64.0	1.0
9	83.0	1.5903614457831325
25	67.0	1.0
0	88.0	2.1363636363636362
