245

29
24
38
35
37
27
25
34
34
6
25
36
23
30
38
36
23
14
33
35
9
7
36
31
33
30
5
35
15
37
22
34
37
15
29
21
32
5
21
34
18
32
21
31
36
37
32
28
28
16
21
4
36
12
37
39
14
13
31
8
28
33
36
26
29
36
34
32
23
24
32
29
38
14
28
31
32
33
30
23
23
35
30
35
15
34
35
3
37
37
38
6
32
35
8
19
30
6
36
32
30
13
37
33
32
36
26
28
31
32
19
23
38
28
35
21
32
38
6
32
14
29
32
34
34
37
37
5
38
31
33
22
17
12
20
17
10
32
4
37
23
36
36
31
33
13
36
37
22
37
27
33
30
36
37
38
22
36
10
31
37
27
30
26
31
8
32
36
36
36
37
28
16
36
35
28
35
37
36
16
36
36
14
29
31
37
12
36
25
31
31
38
24
3
34
39
36
37
3
31
23
8
17
28
27
29
37
29
39
24
31
12
28
37
35
36
31
23
21
6
7
29
23
29
20
15
35
24
38
36
33
34
24
35
35
32
6
35
32
37
36
33
36
32
30

5	222.0	2.2477477477477477
6	214.0	1.514018691588785
1	227.0	2.0837004405286343
2	228.0	2.0701754385964914
3	225.0	2.1422222222222222
4	229.0	2.1179039301310043
22	154.0	1.0
25	159.0	1.0
13	153.0	1.0
9	215.0	1.4790697674418605
7	207.0	1.5603864734299517
23	174.0	1.0
15	175.0	1.0
11	154.0	1.0
10	161.0	1.0
19	149.0	1.0
14	152.0	1.0
21	152.0	1.0
20	160.0	1.0
18	159.0	1.0
24	172.0	1.0
8	196.0	1.6989795918367347
16	163.0	1.0
17	159.0	1.0
12	167.0	1.0
0	225.0	2.1822222222222223
