97

33
33
19
36
37
21
34
25
26
34
35
36
37
26
26
32
34
34
33
14
31
35
33
29
34
21
33
38
32
28
12
35
21
28
22
33
36
35
5
19
22
17
21
37
10
34
29
32
38
35
27
32
32
33
9
12
29
36
37
25
27
36
19
32
26
36
32
12
25
38
16
33
32
31
14
5
32
29
8
9
20
14
33
25
31
38
34
26
20
19
35
30
31
35
10
24
15

2	91.0	2.021978021978022
3	92.0	2.032608695652174
4	87.0	1.9310344827586208
1	92.0	1.9782608695652173
20	55.0	1.0
18	61.0	1.0
19	65.0	1.0
8	78.0	1.5769230769230769
6	85.0	1.5529411764705883
7	85.0	1.611764705882353
12	59.0	1.0
16	60.0	1.0
14	66.0	1.0
11	67.0	1.0
22	69.0	1.0
13	67.0	1.0
10	71.0	1.0
9	80.0	1.6375
15	65.0	1.0
23	68.0	1.0
21	64.0	1.0
25	67.0	1.0
5	88.0	2.2045454545454546
17	67.0	1.0
24	52.0	1.0
0	85.0	2.152941176470588
