245

18
37
33
24
35
37
9
33
36
13
34
25
22
4
37
38
35
31
29
37
19
35
27
34
4
31
25
37
5
31
12
12
23
9
23
33
25
12
37
36
28
34
31
28
33
38
35
29
30
13
36
37
32
37
31
27
29
18
35
29
37
36
29
28
38
34
32
38
35
37
37
37
30
16
35
33
37
36
27
36
32
31
33
19
29
19
29
24
36
6
29
6
25
13
24
8
14
35
28
25
34
25
11
37
32
12
33
34
32
18
39
34
25
20
36
37
23
34
20
30
26
37
10
30
34
36
34
25
36
32
33
37
31
33
13
24
13
38
30
31
33
30
7
24
34
10
34
39
29
32
37
27
16
37
22
31
25
35
36
35
10
32
18
36
18
35
23
22
36
39
36
12
38
13
21
38
33
36
37
28
36
25
18
32
12
37
15
28
35
34
37
24
16
18
36
34
35
38
38
33
37
32
37
27
30
29
20
33
32
32
37
35
34
31
13
30
34
36
29
10
32
36
13
28
24
22
37
29
7
31
31
36
36
31
17
22
33
30
30
33
34
18
35
27
3

1	232.0	2.146551724137931
13	174.0	1.0
14	178.0	1.0
18	172.0	1.0
12	166.0	1.0
10	174.0	1.0
4	223.0	2.197309417040359
20	161.0	1.0
17	158.0	1.0
6	209.0	1.6172248803827751
22	160.0	1.0
3	221.0	2.16289592760181
16	172.0	1.0
5	223.0	2.1210762331838566
7	206.0	1.6067961165048543
15	166.0	1.0
19	165.0	1.0
21	160.0	1.0
8	214.0	1.5841121495327102
2	226.0	2.2123893805309733
9	216.0	1.5787037037037037
11	168.0	1.0
23	149.0	1.0
24	148.0	1.0
25	159.0	1.0
0	226.0	2.2079646017699117
