239

4
34
32
26
35
29
22
32
34
35
37
14
29
35
19
34
33
35
26
24
35
39
6
29
37
36
8
14
34
27
35
31
26
10
13
21
10
37
36
28
10
33
37
37
19
38
15
34
36
29
25
33
37
36
27
26
19
32
37
20
34
38
32
27
12
14
34
27
34
35
26
36
36
22
36
34
26
30
33
39
14
35
8
9
32
3
35
36
38
9
6
34
39
22
30
36
27
37
29
36
9
37
28
37
32
37
15
24
35
4
22
35
32
30
31
6
36
30
21
32
26
36
6
23
37
30
16
36
37
29
26
31
34
22
32
16
10
11
35
6
35
33
38
21
5
11
23
22
23
35
36
37
31
30
28
38
33
31
10
35
33
35
35
7
10
34
36
35
14
21
9
38
34
33
31
15
21
33
19
36
35
25
10
37
18
6
19
35
33
32
31
27
36
29
8
29
37
37
32
35
30
11
9
31
25
31
34
35
27
25
37
4
35
37
28
39
31
4
4
35
30
18
10
38
30
34
11
36
30
30
32
14
32
38
11
11
36
3
24

8	214.0	1.5467289719626167
4	198.0	2.308080808080808
7	211.0	1.5023696682464456
10	156.0	1.0
2	223.0	2.1300448430493275
9	209.0	1.492822966507177
5	221.0	2.0316742081447963
1	227.0	2.0352422907488985
3	221.0	2.0271493212669682
6	212.0	1.4481132075471699
22	164.0	1.0
11	148.0	1.0
24	143.0	1.0
14	156.0	1.0
25	138.0	1.0
13	147.0	1.0
16	141.0	1.0
21	153.0	1.0
12	146.0	1.0
20	151.0	1.0
17	155.0	1.0
15	152.0	1.0
23	143.0	1.0
18	156.0	1.0
19	148.0	1.0
0	218.0	2.169724770642202
