219

7
7
6
7
6
4
5
5
3
3
3
8
3
7
7
5
7
7
5
7
5
8
5
8
5
3
3
6
5
6
7
7
6
6
4
6
7
3
8
9
7
3
6
9
6
7
6
4
5
7
9
9
8
8
9
3
8
9
8
4
8
6
7
7
9
3
6
5
9
7
7
5
8
6
9
8
9
8
4
3
3
3
7
5
4
8
9
3
6
8
5
9
9
3
7
4
7
5
9
7
8
3
8
4
9
9
4
9
4
7
7
8
6
5
9
3
7
5
5
7
8
7
8
8
6
6
6
7
9
6
8
5
9
7
9
8
9
5
4
5
7
4
5
8
4
6
6
8
4
9
4
7
6
9
3
8
7
6
4
8
8
3
4
5
9
8
6
4
8
5
9
6
5
9
4
3
8
8
5
5
7
6
8
9
3
9
6
9
3
9
8
4
9
8
8
8
6
3
9
3
8
8
7
9
3
9
8
7
9
3
3
8
7
7
6
7
9
8
6

1	119.0	1.0084033613445378
3	111.0	1.0
2	119.0	1.0
5	128.0	1.0078125
4	121.0	1.0
6	131.0	1.0076335877862594
7	120.0	1.0
9	105.0	1.0
8	106.0	1.0188679245283019
10	103.0	1.0
0	160.0	1.4375
