25

31
22
36
37
35
27
31
22
37
30
38
26
21
34
35
31
26
26
24
29
34
35
5
33
6

9	23.0	1.608695652173913
11	22.0	1.0
1	23.0	2.4347826086956523
7	23.0	1.6956521739130435
17	16.0	1.0
18	19.0	1.0
16	18.0	1.0
4	23.0	1.8695652173913044
15	17.0	1.0
3	23.0	2.0869565217391304
12	16.0	1.0
5	23.0	2.130434782608696
13	16.0	1.0
8	25.0	1.52
19	16.0	1.0
6	22.0	1.7272727272727273
2	22.0	2.1818181818181817
14	13.0	1.0
10	17.0	1.0
23	16.0	1.0
24	15.0	1.0
22	16.0	1.0
20	15.0	1.0
21	14.0	1.0
25	17.0	1.0
0	24.0	2.1666666666666665
