97

35
36
8
9
35
28
33
20
37
33
21
32
37
33
37
23
36
30
28
36
35
33
37
36
5
37
30
6
35
13
36
14
37
35
38
24
31
33
34
38
36
37
19
33
24
31
34
38
26
32
38
35
26
33
29
16
34
35
34
32
31
16
34
18
37
38
38
37
9
35
37
28
6
36
36
18
34
37
33
37
10
37
13
29
36
34
33
36
26
37
35
27
17
24
22
21
36

3	92.0	2.1847826086956523
7	88.0	1.4886363636363635
1	91.0	2.197802197802198
9	89.0	1.6067415730337078
10	76.0	1.0
5	92.0	2.097826086956522
4	93.0	2.3870967741935485
11	66.0	1.0
2	91.0	2.1648351648351647
14	74.0	1.0
12	71.0	1.0
6	89.0	1.5730337078651686
13	65.0	1.0
8	87.0	1.5172413793103448
19	70.0	1.0
20	72.0	1.0
22	61.0	1.0
15	64.0	1.0
21	67.0	1.0
17	66.0	1.0
23	65.0	1.0
16	69.0	1.0
18	61.0	1.0
25	61.0	1.0
24	70.0	1.0
0	94.0	2.4148936170212765
