245

33
38
33
36
31
27
38
29
17
30
24
31
34
25
34
16
16
29
10
35
34
30
28
37
35
33
33
28
27
33
35
24
20
4
24
32
37
36
37
35
35
35
32
17
26
19
17
31
35
33
29
38
37
29
35
32
34
25
16
32
35
38
35
33
14
33
22
34
37
32
33
4
34
13
19
37
24
38
30
32
36
16
17
31
22
17
24
34
18
36
30
35
36
32
36
28
27
31
35
10
32
27
38
37
34
37
34
24
33
14
28
28
34
37
38
36
37
31
11
12
30
26
26
14
36
32
16
35
36
31
34
34
36
33
32
32
31
35
32
23
32
37
6
37
36
37
38
30
34
7
6
35
27
10
37
37
22
38
34
5
35
28
11
32
36
37
6
33
34
35
36
37
25
27
35
30
37
36
38
30
32
22
11
24
8
33
21
25
24
18
38
36
35
36
34
37
37
37
30
35
5
33
34
36
37
34
39
35
31
24
37
37
35
36
39
35
13
35
27
36
24
31
11
32
39
35
35
15
17
35
29
36
7
18
36
32
24
12
26
38
38
21
29
13
37

7	222.0	1.5990990990990992
3	232.0	2.189655172413793
6	218.0	1.628440366972477
15	181.0	1.0
12	182.0	1.0
10	168.0	1.0
17	177.0	1.0
16	170.0	1.0
19	174.0	1.0
13	154.0	1.0
14	162.0	1.0
9	204.0	1.6470588235294117
1	228.0	2.1271929824561404
11	163.0	1.0
8	199.0	1.6633165829145728
18	162.0	1.0
4	229.0	2.1441048034934496
2	229.0	2.3013100436681224
5	233.0	2.2660944206008584
23	175.0	1.0
20	168.0	1.0
25	168.0	1.0
21	159.0	1.0
24	164.0	1.0
22	164.0	1.0
0	222.0	2.369369369369369
