243

37
3
33
26
36
12
13
31
30
36
31
26
29
37
38
35
22
28
38
5
27
18
35
29
25
32
34
38
11
24
27
15
13
30
33
36
35
15
35
32
34
28
28
15
22
33
38
15
35
34
36
30
29
33
31
32
32
26
35
20
14
37
21
33
28
38
19
28
16
35
13
29
29
33
13
33
23
16
38
36
12
34
36
4
37
13
36
30
28
18
6
36
14
11
30
33
18
27
29
36
37
33
5
19
38
36
33
36
32
31
31
12
35
32
32
7
31
11
21
35
30
27
27
35
31
27
18
17
36
21
33
34
20
38
6
33
37
37
22
20
37
33
27
8
35
31
31
35
13
12
31
28
37
37
12
6
5
31
33
4
5
38
21
24
38
6
36
33
34
28
20
22
12
33
34
13
36
28
38
38
35
28
24
30
13
36
9
32
30
30
30
16
15
8
30
37
38
30
14
22
32
18
10
37
36
36
37
36
32
37
16
37
19
37
33
30
37
38
37
34
33
34
36
30
20
32
15
29
11
30
38
35
28
21
35
14
12
35
36
32
21
33
29

2	221.0	2.16289592760181
12	163.0	1.0
13	154.0	1.0
1	230.0	2.0391304347826087
11	160.0	1.0
3	225.0	2.1644444444444444
4	228.0	2.1578947368421053
10	154.0	1.0
9	209.0	1.4736842105263157
5	223.0	2.0403587443946187
8	208.0	1.4711538461538463
7	211.0	1.5402843601895735
6	205.0	1.4829268292682927
23	171.0	1.0
24	171.0	1.0
20	148.0	1.0
15	146.0	1.0
22	154.0	1.0
19	147.0	1.0
14	148.0	1.0
18	150.0	1.0
17	164.0	1.0
21	152.0	1.0
25	147.0	1.0
16	147.0	1.0
0	228.0	2.1491228070175437
