95

28
32
38
29
34
8
35
31
36
32
13
27
35
35
5
26
32
12
36
36
34
25
37
35
33
34
37
36
28
38
35
37
34
37
37
32
19
37
34
24
26
37
36
35
31
27
30
37
32
31
27
30
29
33
21
35
32
37
37
35
34
37
34
28
31
38
35
22
27
33
19
27
33
33
37
24
29
37
36
33
37
38
37
31
7
37
38
25
34
32
33
30
36
7
29

18	61.0	1.0
2	93.0	2.3010752688172045
23	66.0	1.0
4	92.0	2.282608695652174
8	74.0	1.662162162162162
24	66.0	1.0
1	91.0	2.2527472527472527
7	85.0	1.5529411764705883
10	74.0	1.0
5	93.0	2.2795698924731185
17	62.0	1.0
9	85.0	1.576470588235294
11	70.0	1.0
15	64.0	1.0
14	73.0	1.0
13	70.0	1.0
12	74.0	1.0
19	67.0	1.0
3	89.0	2.292134831460674
21	71.0	1.0
6	88.0	1.7272727272727273
20	78.0	1.0
22	75.0	1.0
16	80.0	1.0
25	76.0	1.0
0	93.0	2.4301075268817205
