226

6
4
8
8
6
7
3
3
4
7
5
9
9
9
6
9
7
8
9
8
8
7
4
6
4
7
8
8
7
9
8
6
9
8
8
4
9
8
5
5
9
8
5
8
3
8
9
7
6
9
4
8
8
7
9
5
8
6
6
4
8
9
8
3
7
3
8
8
7
6
7
8
6
7
6
6
9
6
6
9
7
5
9
7
6
7
7
6
8
7
7
7
7
9
8
5
9
9
3
9
9
8
6
9
9
6
8
7
5
4
9
5
8
8
6
7
4
7
5
8
9
7
4
7
9
9
9
7
8
8
5
7
7
8
4
9
9
3
4
9
3
5
9
6
8
4
7
8
5
7
5
5
5
8
5
6
3
9
7
7
6
5
8
9
3
5
7
8
4
4
7
8
8
5
6
10
9
8
8
7
3
8
6
6
8
6
3
9
8
7
7
4
9
6
9
6
8
5
7
8
7
5
3
6
9
8
4
8
7
6
5
7
9
7
8
7
4
5
8
3
8
7
8
5
5
8

1	121.0	1.0
8	128.0	1.0078125
4	128.0	1.0
3	127.0	1.0078740157480315
5	126.0	1.007936507936508
6	111.0	1.009009009009009
9	122.0	1.0
7	141.0	1.0070921985815602
2	122.0	1.0
10	132.0	1.0
0	182.0	1.445054945054945
