240

30
34
33
20
30
10
27
38
37
30
6
32
26
36
21
35
5
25
35
22
36
34
33
6
36
36
39
7
29
39
21
29
18
36
37
34
38
5
21
33
37
37
30
34
29
37
5
32
27
35
31
37
32
12
36
5
4
34
36
28
29
35
38
32
30
12
29
23
22
7
36
32
18
30
21
33
15
32
36
36
38
35
13
32
34
29
36
35
32
35
36
37
36
24
35
26
35
20
24
16
33
9
31
32
37
38
37
34
26
38
10
36
19
33
11
29
25
37
32
29
30
35
29
36
31
25
31
38
33
34
9
34
37
35
35
27
35
35
26
27
25
17
34
36
8
21
37
36
30
28
29
36
33
38
35
29
18
4
36
23
36
32
34
35
8
33
32
28
30
37
32
31
29
32
37
36
37
38
25
32
33
33
37
33
36
31
33
36
32
30
37
34
5
4
23
24
33
37
35
37
32
36
37
35
36
20
37
36
28
36
32
38
25
37
8
30
28
37
36
34
19
30
27
19
33
30
34
31
36
35
29
33
34
7
37
29
28
34
34
28

22	177.0	1.0
15	167.0	1.0
14	162.0	1.0
21	164.0	1.0
20	164.0	1.0
4	226.0	2.225663716814159
11	180.0	1.0
7	210.0	1.5571428571428572
18	166.0	1.0
19	157.0	1.0
6	203.0	1.5714285714285714
1	226.0	2.2123893805309733
2	224.0	2.4107142857142856
8	211.0	1.6018957345971565
23	153.0	1.0
16	161.0	1.0
13	157.0	1.0
17	172.0	1.0
5	224.0	2.2723214285714284
10	170.0	1.0
24	168.0	1.0
3	218.0	2.197247706422018
9	210.0	1.5523809523809524
12	184.0	1.0
25	176.0	1.0
0	220.0	2.2954545454545454
