225

5
9
8
7
3
3
5
8
4
9
3
8
5
8
9
7
9
8
3
8
6
5
8
7
6
9
7
5
7
9
8
9
8
5
5
9
3
6
5
7
4
9
7
3
7
6
4
6
5
6
6
3
6
4
8
6
7
3
8
8
7
7
8
8
8
6
9
8
6
7
6
9
3
5
5
3
7
5
9
9
3
9
9
9
6
9
7
5
7
5
7
7
4
3
8
5
7
9
6
5
9
5
7
8
8
9
3
5
8
6
7
3
4
8
9
6
7
9
5
4
6
5
9
3
9
5
9
7
9
5
5
4
9
9
8
8
8
5
8
9
3
3
8
6
6
9
5
4
5
9
8
9
9
9
7
8
4
8
5
7
7
3
9
5
8
5
9
7
7
8
5
4
3
7
9
8
7
9
9
9
6
6
5
8
4
8
7
6
5
7
6
8
9
5
6
8
5
7
5
7
9
8
7
5
7
8
8
6
9
9
8
4
8
5
3
4
7
6
8
8
7
8
8
9
4

2	147.0	1.0
5	125.0	1.008
3	118.0	1.0
7	102.0	1.0098039215686274
4	134.0	1.007462686567164
1	139.0	1.0
6	132.0	1.0
10	112.0	1.0
9	98.0	1.010204081632653
8	124.0	1.0
0	173.0	1.4450867052023122
