221

9
5
9
6
8
8
8
6
3
6
7
6
7
5
8
4
3
8
3
9
3
8
7
9
5
7
6
7
3
8
7
7
4
8
6
3
8
8
7
5
7
8
8
6
4
5
6
6
7
6
8
9
9
6
7
4
7
8
8
6
7
7
6
6
3
8
7
7
8
9
8
5
6
4
3
8
8
8
9
9
4
3
8
7
8
9
3
8
8
3
8
6
5
4
5
8
6
5
7
9
4
9
8
9
7
4
5
8
9
5
8
8
9
3
9
8
9
9
9
9
7
8
6
7
3
9
7
9
8
8
5
8
8
6
7
8
9
6
5
6
5
7
8
5
8
5
9
9
6
3
9
8
9
9
6
8
8
4
9
4
3
7
3
7
4
8
4
7
6
9
7
6
5
6
7
8
4
8
4
7
9
9
7
6
8
6
4
9
5
9
7
8
8
9
5
6
6
9
6
9
9
9
3
8
9
9
9
6
9
9
5
8
3
8
3
9
7
9
8
8
7

1	133.0	1.0
2	142.0	1.0
5	127.0	1.0
10	118.0	1.0
9	123.0	1.008130081300813
6	112.0	1.0
8	103.0	1.0
7	121.0	1.0
3	144.0	1.0
4	134.0	1.007462686567164
0	182.0	1.3076923076923077
