240

35
32
36
23
8
7
24
20
32
29
4
11
31
20
35
37
30
39
24
30
31
35
34
9
28
36
19
38
4
27
35
33
23
24
16
19
32
16
36
35
9
20
37
35
6
33
16
35
4
34
32
28
21
33
26
27
33
34
31
37
37
34
37
4
24
16
17
31
28
36
4
5
15
34
37
34
33
37
35
21
25
33
31
24
37
37
30
36
10
21
15
30
34
19
37
38
35
37
36
30
35
35
33
38
25
11
34
19
35
38
34
32
36
29
28
36
16
30
25
19
32
36
37
16
34
10
37
38
30
26
37
34
37
29
32
38
37
38
6
31
12
31
16
32
38
34
38
10
32
22
29
35
36
12
20
33
37
30
37
28
28
11
8
36
16
11
21
34
18
36
34
18
37
27
19
19
26
16
25
29
37
34
38
25
37
37
38
37
37
36
26
31
34
36
37
34
9
37
18
37
24
26
36
7
34
25
34
36
32
16
30
35
23
31
14
6
35
36
37
20
28
35
21
28
19
4
25
37
36
12
35
33
14
32
35
19
35
15
36
35

5	216.0	2.162037037037037
10	169.0	1.0
9	201.0	1.492537313432836
6	211.0	1.5260663507109005
12	164.0	1.0
3	219.0	2.2374429223744294
13	162.0	1.0
1	225.0	2.102222222222222
4	219.0	2.1598173515981736
7	207.0	1.4444444444444444
2	226.0	2.1106194690265485
14	165.0	1.0
11	162.0	1.0
8	208.0	1.5096153846153846
20	177.0	1.0
23	151.0	1.0
16	161.0	1.0
22	146.0	1.0
15	157.0	1.0
18	150.0	1.0
17	143.0	1.0
21	141.0	1.0
25	152.0	1.0
24	152.0	1.0
19	143.0	1.0
0	224.0	2.375
