99

5
28
28
6
33
32
31
28
29
33
19
28
33
27
36
31
14
36
37
34
13
19
29
35
33
27
37
8
35
33
29
20
34
33
25
33
37
36
31
38
37
37
32
37
39
34
38
24
31
37
5
32
34
32
35
25
37
36
36
19
35
36
7
37
35
36
27
38
5
36
34
35
37
37
7
24
37
33
37
29
25
23
37
27
38
29
34
27
35
31
37
31
20
31
17
31
30
32
33

2	96.0	2.3229166666666665
7	93.0	1.5806451612903225
3	95.0	2.1473684210526316
6	88.0	1.5568181818181819
1	94.0	2.1914893617021276
5	94.0	2.1382978723404253
8	90.0	1.5444444444444445
4	94.0	2.1382978723404253
15	67.0	1.0
16	68.0	1.0
13	66.0	1.0
18	71.0	1.0
23	68.0	1.0
25	68.0	1.0
10	74.0	1.0
24	71.0	1.0
14	67.0	1.0
17	73.0	1.0
20	66.0	1.0
12	79.0	1.0
9	88.0	1.6022727272727273
21	70.0	1.0
19	75.0	1.0
11	74.0	1.0
22	66.0	1.0
0	94.0	2.3191489361702127
