243

37
32
30
36
8
37
24
36
33
17
34
5
22
22
37
29
31
34
10
26
33
26
39
38
33
15
5
30
36
37
37
27
11
11
27
30
8
29
31
32
34
8
35
13
37
33
30
22
34
31
37
34
34
21
32
36
35
34
37
35
28
25
29
32
35
4
30
29
28
36
36
34
14
35
16
22
26
38
36
33
34
19
23
38
35
28
35
33
34
18
33
36
37
19
31
10
28
33
33
35
36
19
31
6
12
37
27
37
37
8
37
13
16
28
29
37
18
32
32
26
32
38
34
30
7
37
36
24
37
30
32
34
24
26
35
35
34
37
29
38
32
34
10
36
35
36
35
35
34
17
27
36
16
20
28
24
36
37
24
25
33
24
35
35
21
8
35
33
29
30
13
28
35
32
8
16
36
32
35
31
19
36
28
27
37
6
28
34
22
35
8
25
36
34
35
13
32
21
34
35
35
36
33
31
35
30
18
6
37
29
22
34
26
36
33
34
37
33
15
34
20
32
25
18
16
36
30
32
34
37
34
33
37
32
28
36
32
37
24
15
19
37
32

18	162.0	1.0
11	169.0	1.0
6	218.0	1.4862385321100917
21	166.0	1.0
14	166.0	1.0
7	185.0	1.691891891891892
17	160.0	1.0
19	159.0	1.0
5	231.0	2.220779220779221
3	230.0	2.1478260869565218
4	228.0	2.236842105263158
9	217.0	1.5529953917050692
13	164.0	1.0
15	167.0	1.0
2	208.0	2.2596153846153846
10	159.0	1.0
1	227.0	2.202643171806167
23	175.0	1.0
12	156.0	1.0
16	158.0	1.0
22	151.0	1.0
20	173.0	1.0
8	212.0	1.570754716981132
24	172.0	1.0
25	175.0	1.0
0	218.0	2.3256880733944953
