25

21
31
34
27
15
28
37
36
36
37
36
33
38
14
30
4
24
7
33
35
32
31
36
31
15

3	23.0	2.0869565217391304
5	22.0	2.1363636363636362
4	24.0	2.1666666666666665
2	24.0	2.2083333333333335
6	21.0	1.5238095238095237
1	21.0	2.0952380952380953
19	22.0	1.0
14	20.0	1.0
20	19.0	1.0
18	16.0	1.0
8	19.0	1.6842105263157894
22	18.0	1.0
15	16.0	1.0
23	17.0	1.0
7	21.0	1.619047619047619
10	18.0	1.0
16	16.0	1.0
17	15.0	1.0
11	14.0	1.0
21	16.0	1.0
13	12.0	1.0
24	15.0	1.0
9	23.0	1.6956521739130435
25	14.0	1.0
12	17.0	1.0
0	23.0	2.391304347826087
