216

9
5
6
8
4
9
6
9
3
9
8
7
6
9
7
8
8
7
6
3
4
8
8
8
4
9
5
4
8
8
3
7
6
8
6
5
5
5
3
5
4
8
4
8
4
5
4
8
9
9
9
7
8
10
6
9
5
9
6
7
6
8
7
6
3
7
8
6
7
4
5
9
9
8
8
5
9
9
8
4
4
3
6
8
8
6
7
5
7
7
8
5
7
7
8
8
8
7
9
5
3
7
9
5
9
5
7
7
6
7
8
9
8
9
6
4
4
5
7
8
7
8
8
3
9
9
6
9
3
9
8
5
8
7
8
4
8
9
4
9
7
9
8
9
3
7
9
5
9
6
6
9
9
3
3
9
3
8
5
3
8
6
9
4
5
4
6
7
5
9
9
8
4
5
5
5
5
9
4
4
7
4
9
7
9
6
8
7
4
7
8
5
8
3
7
7
7
8
6
8
8
8
6
4
7
9
4
9
4
8
7
7
9
5
9
5

2	106.0	1.0
1	114.0	1.0
3	109.0	1.0
9	123.0	1.016260162601626
4	127.0	1.015748031496063
5	141.0	1.0141843971631206
6	113.0	1.0176991150442478
7	106.0	1.009433962264151
8	111.0	1.0
10	118.0	1.0
0	182.0	1.4065934065934067
