220

6
6
5
6
3
6
4
9
8
4
5
9
8
5
7
9
8
8
4
8
4
6
5
9
4
3
8
3
5
4
6
4
9
7
6
5
5
9
5
7
3
6
9
9
7
4
4
9
6
5
4
4
6
7
7
9
8
6
8
7
9
8
3
9
8
7
7
5
7
6
8
8
6
9
9
6
9
6
7
4
9
8
9
6
8
8
6
4
5
7
8
9
5
4
4
4
7
8
3
9
8
8
5
5
6
6
8
8
3
9
5
8
5
7
8
8
5
5
6
8
9
6
7
7
8
4
7
6
8
6
4
6
6
8
7
4
9
3
5
7
6
7
3
8
7
5
8
9
3
3
8
5
7
9
8
8
8
4
5
9
9
5
9
8
3
8
9
4
9
8
7
9
6
9
6
6
6
9
4
8
7
7
7
4
6
5
6
8
7
6
4
9
7
6
5
5
7
9
7
6
8
5
8
6
5
6
5
9
9
5
6
7
7
7
9
6
7
4
9
9

4	118.0	1.0
5	108.0	1.0
1	117.0	1.017094017094017
7	123.0	1.0
6	126.0	1.0
3	112.0	1.0
2	139.0	1.0
9	107.0	1.0186915887850467
10	110.0	1.0
8	124.0	1.0
0	169.0	1.4733727810650887
