97

34
13
37
36
35
18
31
32
27
5
33
19
13
37
29
38
32
35
32
37
33
31
23
26
15
21
16
17
18
37
37
36
13
19
18
29
30
35
32
10
38
29
28
23
27
36
29
15
20
38
37
35
8
37
32
25
37
23
24
35
31
33
35
31
38
29
9
23
22
28
34
18
15
35
35
27
37
34
7
37
35
24
34
37
34
21
32
37
34
32
31
9
30
22
37
35
39

4	93.0	2.150537634408602
5	88.0	2.034090909090909
3	92.0	2.141304347826087
12	67.0	1.0
14	65.0	1.0
2	92.0	2.0652173913043477
11	62.0	1.0
9	82.0	1.4878048780487805
13	66.0	1.0
1	91.0	2.032967032967033
6	87.0	1.5057471264367817
10	73.0	1.0
8	87.0	1.5632183908045978
7	84.0	1.5238095238095237
18	66.0	1.0
22	69.0	1.0
20	68.0	1.0
24	68.0	1.0
21	61.0	1.0
16	66.0	1.0
19	67.0	1.0
17	61.0	1.0
15	54.0	1.0
25	61.0	1.0
23	67.0	1.0
0	94.0	2.3085106382978724
