24

27
30
38
35
11
36
23
37
13
37
35
36
34
34
29
37
35
17
30
35
35
25
37
32

1	22.0	2.272727272727273
5	23.0	2.130434782608696
7	21.0	1.619047619047619
4	24.0	2.0833333333333335
2	23.0	2.1739130434782608
3	23.0	2.260869565217391
6	22.0	1.4545454545454546
17	20.0	1.0
16	22.0	1.0
15	16.0	1.0
21	19.0	1.0
11	18.0	1.0
18	15.0	1.0
24	17.0	1.0
10	15.0	1.0
20	19.0	1.0
8	19.0	1.736842105263158
25	19.0	1.0
13	20.0	1.0
23	20.0	1.0
9	20.0	1.9
12	18.0	1.0
19	18.0	1.0
14	20.0	1.0
22	18.0	1.0
0	23.0	2.4347826086956523
