100

8
21
34
21
35
36
38
34
36
34
37
16
5
39
5
38
34
33
35
37
37
6
33
33
36
15
26
11
35
22
37
21
21
36
30
35
3
36
36
24
33
33
33
16
14
33
35
27
8
35
36
27
33
11
37
28
37
37
34
38
29
34
35
28
33
16
30
28
37
28
31
29
35
20
34
30
7
6
36
37
29
35
26
36
38
32
37
34
24
38
35
26
18
3
26
20
31
35
36
37

4	91.0	2.32967032967033
2	94.0	2.127659574468085
5	92.0	2.141304347826087
6	86.0	1.5930232558139534
3	93.0	2.096774193548387
10	70.0	1.0
1	91.0	2.230769230769231
8	92.0	1.5869565217391304
9	82.0	1.548780487804878
7	85.0	1.6235294117647059
20	77.0	1.0
14	79.0	1.0
25	61.0	1.0
23	64.0	1.0
12	62.0	1.0
11	68.0	1.0
18	73.0	1.0
16	66.0	1.0
21	70.0	1.0
17	68.0	1.0
19	65.0	1.0
24	58.0	1.0
13	61.0	1.0
15	65.0	1.0
22	69.0	1.0
0	91.0	2.4395604395604398
