98

11
17
24
37
34
33
32
34
37
8
36
35
18
15
15
17
35
35
23
24
27
28
6
38
37
33
27
32
37
38
37
35
34
33
36
36
36
27
20
33
29
9
9
34
35
37
33
11
6
5
12
37
31
31
31
31
35
32
33
22
22
37
22
29
35
31
38
28
26
34
33
39
28
15
15
38
38
10
26
29
34
15
36
34
35
8
37
35
37
34
28
18
34
31
35
33
9
37

5	94.0	2.095744680851064
3	89.0	2.146067415730337
1	88.0	2.215909090909091
2	89.0	2.2808988764044944
4	90.0	2.2444444444444445
11	71.0	1.0
18	69.0	1.0
10	64.0	1.0
12	67.0	1.0
23	60.0	1.0
15	67.0	1.0
17	60.0	1.0
21	55.0	1.0
16	59.0	1.0
13	72.0	1.0
19	61.0	1.0
6	77.0	1.6363636363636365
7	82.0	1.5609756097560976
8	86.0	1.5930232558139534
20	62.0	1.0
9	87.0	1.5057471264367817
22	69.0	1.0
14	70.0	1.0
24	71.0	1.0
25	70.0	1.0
0	91.0	2.1868131868131866
