232

5
6
8
6
7
5
8
6
7
3
9
3
8
3
6
7
9
8
8
7
9
7
6
8
6
8
9
8
9
5
4
8
7
9
5
4
7
7
9
9
3
6
9
9
7
9
8
8
7
9
6
3
8
8
8
7
3
5
4
7
7
4
9
9
8
8
9
9
5
9
9
8
7
9
5
4
8
3
9
4
4
8
9
7
6
8
8
6
3
7
4
6
9
8
7
8
6
7
7
6
6
9
7
8
8
5
6
9
8
6
9
5
9
5
6
6
4
7
8
4
6
4
6
7
7
9
6
3
7
6
3
5
7
9
7
5
6
4
6
3
7
6
6
7
9
8
8
7
4
7
4
7
9
3
6
3
7
8
4
9
8
6
9
6
8
6
3
3
7
4
9
6
8
6
8
6
6
7
5
7
8
7
9
9
6
8
4
8
8
5
4
7
9
7
8
8
7
8
9
5
7
6
5
5
7
8
9
7
6
8
5
7
7
7
8
8
6
6
4
5
3
6
6
8
6
9
8
8
7
7
6
9

7	141.0	1.0
1	145.0	1.006896551724138
8	144.0	1.0
5	126.0	1.0
4	128.0	1.015625
6	120.0	1.0
3	138.0	1.0
2	119.0	1.0
9	123.0	1.008130081300813
10	110.0	1.0
0	176.0	1.4318181818181819
