96

34
37
15
31
10
29
37
35
12
36
31
35
14
37
27
7
32
25
39
36
37
34
36
27
37
30
34
34
38
29
36
39
30
6
35
36
37
36
29
10
37
37
28
16
36
29
33
33
38
31
37
20
36
26
32
37
29
12
20
38
28
35
24
29
20
32
37
32
26
37
11
37
36
36
35
37
39
10
36
34
32
34
37
15
34
39
22
31
33
36
35
35
32
22
36
36

1	93.0	2.21505376344086
14	71.0	1.0
2	89.0	2.269662921348315
9	88.0	1.6022727272727273
11	71.0	1.0
8	90.0	1.5666666666666667
17	71.0	1.0
3	91.0	2.21978021978022
12	66.0	1.0
16	61.0	1.0
5	92.0	2.282608695652174
4	91.0	2.230769230769231
15	77.0	1.0
10	69.0	1.0
6	82.0	1.6585365853658536
7	83.0	1.7228915662650603
13	72.0	1.0
21	77.0	1.0
18	69.0	1.0
19	73.0	1.0
25	67.0	1.0
24	66.0	1.0
20	68.0	1.0
22	70.0	1.0
23	66.0	1.0
0	91.0	2.3736263736263736
