231

6
8
3
9
4
9
4
8
8
8
8
5
4
5
7
5
9
6
9
6
6
8
9
4
3
8
5
7
8
8
5
7
6
3
3
8
4
9
7
4
7
3
9
6
8
7
8
9
8
8
4
7
7
7
4
9
7
3
4
7
7
6
7
6
7
7
5
5
9
9
8
3
6
8
3
7
7
7
9
8
9
5
8
8
9
9
7
6
9
6
6
7
4
8
9
9
8
6
8
7
8
5
9
6
3
5
7
6
5
7
8
6
3
6
4
4
7
9
8
3
8
8
6
9
9
9
6
8
4
3
6
8
7
7
8
6
9
7
8
6
8
8
6
6
8
8
4
9
9
8
9
3
8
4
8
8
9
4
9
6
7
8
9
9
8
9
4
6
9
6
8
5
6
5
8
5
8
8
8
7
6
7
9
6
9
8
3
7
6
5
4
9
6
9
4
7
5
8
3
8
8
8
8
9
5
7
7
6
6
8
6
7
9
9
5
9
5
4
7
9
7
3
5
7
6
7
4
9
4
7
7

3	132.0	1.0
5	141.0	1.0
1	127.0	1.0
2	119.0	1.0
4	107.0	1.0
10	138.0	1.0
7	127.0	1.0
8	114.0	1.0
6	128.0	1.0
9	128.0	1.0
0	191.0	1.513089005235602
