235

5
33
14
33
33
10
19
30
27
33
29
31
37
27
25
36
33
29
39
32
36
37
31
29
38
34
32
31
37
29
34
29
34
25
37
36
30
37
20
21
30
23
26
30
22
35
34
6
19
37
4
36
32
38
29
34
37
29
30
4
37
26
20
36
18
32
36
36
35
31
36
32
29
33
37
36
28
28
34
37
34
37
37
25
7
36
37
31
19
18
39
35
5
32
25
15
38
30
27
34
32
37
36
36
10
33
38
34
37
35
12
35
31
4
37
34
38
28
38
21
17
29
17
19
36
29
35
19
16
7
18
27
25
37
20
26
34
26
32
17
33
22
35
34
30
19
27
25
25
33
31
35
35
32
7
37
20
36
35
31
31
29
9
25
37
34
38
34
35
6
36
35
23
35
5
35
36
36
33
28
16
16
37
36
10
25
24
38
37
37
10
9
14
29
14
9
35
34
30
11
26
19
37
30
24
33
28
34
37
33
9
31
36
19
15
31
37
34
26
37
38
35
37
37
34
5
35
38
33
32
8
26
38
35
37

1	219.0	2.1780821917808217
3	217.0	2.184331797235023
2	215.0	2.2046511627906975
24	161.0	1.0
16	154.0	1.0
15	153.0	1.0
17	147.0	1.0
25	157.0	1.0
22	148.0	1.0
19	156.0	1.0
23	156.0	1.0
8	209.0	1.5502392344497609
10	165.0	1.0
13	163.0	1.0
4	215.0	2.2093023255813953
21	163.0	1.0
14	169.0	1.0
20	159.0	1.0
18	174.0	1.0057471264367817
11	162.0	1.0
12	171.0	1.0
5	215.0	2.2325581395348837
6	203.0	1.5566502463054188
9	200.0	1.56
7	209.0	1.5215311004784688
0	215.0	2.255813953488372
