95

35
36
33
20
10
16
31
25
33
35
8
30
38
36
36
30
27
38
37
30
35
37
32
34
27
22
37
37
39
30
34
38
38
25
9
18
33
11
20
36
32
11
19
31
34
35
16
14
37
37
25
36
28
31
28
33
37
20
29
30
30
35
36
30
35
34
6
30
6
35
36
34
38
37
38
28
35
27
33
35
17
26
37
30
12
29
26
29
22
37
35
30
29
20
33

4	90.0	2.1777777777777776
3	91.0	2.3736263736263736
2	90.0	2.1777777777777776
1	86.0	2.2790697674418605
16	66.0	1.0
25	77.0	1.0
23	67.0	1.0
15	72.0	1.0
7	85.0	1.4705882352941178
14	66.0	1.0
10	66.0	1.0
8	80.0	1.525
9	81.0	1.5185185185185186
5	91.0	2.3626373626373627
24	68.0	1.0
13	77.0	1.0
17	56.0	1.0
12	61.0	1.0
19	59.0	1.0
6	82.0	1.5
11	65.0	1.0
20	63.0	1.0
18	59.0	1.0
21	68.0	1.0
22	69.0	1.0
0	92.0	2.152173913043478
