221

9
7
4
8
6
7
3
3
4
9
7
5
7
7
6
8
5
5
7
9
5
9
4
9
3
8
6
9
7
7
5
8
4
9
9
6
8
9
7
9
7
5
7
7
9
7
9
6
8
8
4
9
9
7
6
7
9
8
4
5
8
4
4
8
7
4
5
7
6
8
9
5
8
9
6
6
8
9
9
9
5
5
5
8
7
7
5
9
5
3
8
9
7
9
7
5
5
7
7
8
9
8
8
9
7
9
8
3
8
7
6
5
6
6
7
5
8
5
7
9
8
4
4
9
7
7
5
8
9
7
7
3
6
4
4
9
4
8
9
7
9
7
8
9
8
7
4
6
8
7
8
8
6
6
9
5
7
7
6
4
3
6
7
7
9
7
7
7
8
5
9
5
8
4
6
7
5
4
8
4
5
3
8
3
7
9
9
9
6
6
5
9
9
8
8
8
3
5
7
8
9
8
8
6
8
7
4
3
8
3
8
4
6
3
6
3
3
8
4
3
5

1	90.0	1.0
3	101.0	1.0
2	121.0	1.0
9	136.0	1.0
10	134.0	1.0
7	136.0	1.0
8	117.0	1.0085470085470085
4	110.0	1.0
6	113.0	1.0
5	124.0	1.0
0	191.0	1.4712041884816753
