24

17
24
33
34
26
34
12
29
32
19
30
37
12
37
37
36
37
33
27
37
37
37
6
36

8	21.0	1.6666666666666667
9	22.0	1.5454545454545454
13	21.0	1.0
12	15.0	1.0
6	23.0	1.7826086956521738
18	16.0	1.0
7	23.0	1.565217391304348
11	14.0	1.0
2	21.0	2.142857142857143
19	16.0	1.0
17	18.0	1.0
14	19.0	1.0
15	15.0	1.0
10	15.0	1.0
1	22.0	2.1363636363636362
3	24.0	2.2083333333333335
4	23.0	2.217391304347826
5	22.0	2.3181818181818183
16	21.0	1.0
24	13.0	1.0
21	13.0	1.0
22	13.0	1.0
20	17.0	1.0
25	17.0	1.0
23	12.0	1.0
0	23.0	2.217391304347826
