97

26
29
35
22
31
37
20
34
37
29
38
28
12
8
38
32
16
36
35
32
28
37
29
37
33
23
36
12
8
34
31
30
38
29
10
34
33
32
28
23
20
37
33
28
31
32
23
22
36
33
8
28
37
19
31
37
26
31
38
38
38
6
35
20
31
36
33
36
32
24
15
36
35
13
35
18
38
12
37
36
3
27
35
36
9
33
32
35
26
32
24
37
32
23
27
21
6

4	95.0	2.1052631578947367
7	89.0	1.449438202247191
8	85.0	1.4941176470588236
5	94.0	2.117021276595745
2	89.0	2.191011235955056
1	93.0	2.053763440860215
6	82.0	1.5
3	89.0	2.191011235955056
18	67.0	1.0
15	67.0	1.0
14	69.0	1.0
11	69.0	1.0
23	61.0	1.0
21	61.0	1.0
9	82.0	1.524390243902439
13	74.0	1.0
20	69.0	1.0
12	63.0	1.0
19	56.0	1.0
10	60.0	1.0
25	68.0	1.0
16	61.0	1.0
24	65.0	1.0
17	64.0	1.0
22	69.0	1.0
0	92.0	2.2282608695652173
