215

9
4
6
9
7
6
7
9
3
9
9
6
9
9
8
5
8
8
7
8
6
4
4
6
4
3
4
9
6
6
9
9
9
6
8
4
6
5
7
8
9
5
5
9
6
4
8
8
5
4
4
8
4
3
7
8
7
8
4
7
5
9
4
8
9
9
8
5
9
5
8
5
8
3
3
7
5
6
5
9
7
8
8
4
7
9
3
6
9
8
6
4
5
9
6
7
6
9
8
7
9
9
5
8
9
9
8
8
9
5
6
8
9
9
5
9
5
4
8
7
8
3
9
9
7
8
7
9
8
5
4
6
3
8
6
8
8
9
5
8
8
6
7
9
5
5
8
8
9
4
4
6
9
9
7
6
6
9
3
7
6
8
3
4
8
9
3
7
5
8
7
8
5
9
6
8
9
7
5
9
9
8
4
6
4
7
7
3
6
9
7
9
6
7
5
9
6
6
6
3
5
8
8
8
5
6
5
7
9
6
5
5
7
9
5

2	120.0	1.0
3	116.0	1.0
5	109.0	1.0091743119266054
6	120.0	1.0
4	119.0	1.0
1	121.0	1.0
7	132.0	1.0
8	107.0	1.0
9	104.0	1.0096153846153846
10	120.0	1.0
0	177.0	1.5197740112994351
