222

8
6
5
8
8
7
6
8
3
7
4
7
3
6
9
9
6
5
7
9
7
7
8
6
9
7
5
7
4
6
8
9
7
8
7
9
8
5
8
7
3
7
7
6
6
7
4
6
9
3
3
6
7
5
7
8
5
7
5
7
8
6
5
3
9
8
9
8
8
8
3
7
7
9
9
5
8
9
8
9
7
9
6
7
7
7
8
7
5
9
7
3
9
6
4
4
6
6
8
6
8
7
8
7
8
8
9
6
7
8
5
3
5
4
9
8
6
9
8
5
8
8
8
8
8
6
5
8
3
9
5
9
3
8
7
7
8
9
9
4
9
3
7
9
8
4
4
3
5
4
7
5
4
9
7
3
8
5
5
9
4
9
8
5
7
7
9
8
8
5
7
6
7
6
7
3
4
5
8
7
7
4
4
7
7
9
7
6
3
4
8
4
4
8
4
8
5
9
8
8
8
9
5
8
4
8
6
4
8
4
3
3
6
7
4
7
7
6
9
7
9
7

6	130.0	1.0076923076923077
1	118.0	1.0
8	122.0	1.0
4	119.0	1.0
7	121.0	1.0082644628099173
5	127.0	1.0
2	129.0	1.0077519379844961
3	136.0	1.0
10	110.0	1.0
9	111.0	1.0
0	156.0	1.4807692307692308
