100

38
38
34
7
18
21
9
31
37
29
7
26
31
15
37
3
12
33
38
29
33
34
36
18
16
35
24
16
35
35
28
33
34
34
36
25
34
35
34
21
31
33
36
30
33
28
10
3
27
36
37
29
31
20
21
34
6
32
30
16
36
20
26
37
33
34
31
33
37
38
32
10
32
38
14
31
36
30
26
8
5
25
30
34
29
34
36
36
32
37
34
37
19
34
32
5
34
24
38
37

2	90.0	2.2111111111111112
4	93.0	2.139784946236559
3	97.0	2.0412371134020617
1	92.0	2.0
5	91.0	2.131868131868132
19	69.0	1.0
25	74.0	1.0
18	75.0	1.0
17	63.0	1.0
6	83.0	1.6265060240963856
20	72.0	1.0
12	64.0	1.0
15	58.0	1.0
24	66.0	1.0
11	62.0	1.0
23	68.0	1.0
9	85.0	1.5647058823529412
8	84.0	1.630952380952381
21	64.0	1.0
10	59.0	1.0
22	70.0	1.0
14	69.0	1.0
16	69.0	1.0
13	69.0	1.0
7	87.0	1.528735632183908
0	91.0	2.230769230769231
