100

18
36
34
36
33
32
28
34
33
37
38
32
33
10
34
30
22
30
35
22
35
26
36
29
30
31
33
29
32
28
5
28
36
34
34
38
11
35
37
11
34
35
38
4
11
33
34
36
29
15
18
23
30
25
14
34
38
36
21
35
5
34
36
26
37
37
5
32
30
6
34
25
34
37
39
32
29
13
28
33
37
30
32
32
15
35
35
31
34
35
30
16
38
17
16
36
37
12
37
23

3	94.0	2.3191489361702127
1	93.0	2.193548387096774
6	88.0	1.5227272727272727
2	91.0	2.3076923076923075
4	94.0	2.202127659574468
5	91.0	2.1868131868131866
23	75.0	1.0
13	78.0	1.0
12	71.0	1.0
19	64.0	1.0
8	87.0	1.3908045977011494
15	63.0	1.0
10	59.0	1.0
20	59.0	1.0
22	68.0	1.0
25	65.0	1.0
11	71.0	1.0
16	71.0	1.0
21	66.0	1.0
18	65.0	1.0
14	67.0	1.0
9	90.0	1.4777777777777779
7	87.0	1.6666666666666667
24	73.0	1.0
17	73.0	1.0
0	88.0	2.2613636363636362
