25

37
23
16
27
28
30
14
34
19
35
36
34
4
28
35
30
36
37
20
35
17
27
36
7
25

15	18.0	1.0
21	8.0	1.0
16	14.0	1.0
20	16.0	1.0
7	19.0	1.4736842105263157
11	15.0	1.0
14	12.0	1.0
13	14.0	1.0
18	15.0	1.0
5	23.0	2.260869565217391
4	23.0	1.9565217391304348
2	23.0	2.260869565217391
8	19.0	1.5789473684210527
12	18.0	1.0
9	19.0	1.736842105263158
6	23.0	1.391304347826087
10	17.0	1.0
1	22.0	1.8636363636363635
19	15.0	1.0
3	23.0	2.260869565217391
17	15.0	1.0
22	20.0	1.0
25	19.0	1.0
23	18.0	1.0
24	18.0	1.0
0	24.0	2.2083333333333335
