212

3
4
7
8
4
9
7
6
9
3
8
9
6
9
9
6
9
4
5
6
8
6
3
6
4
4
5
7
8
7
6
7
7
8
8
7
3
9
7
6
6
7
9
4
9
7
3
7
7
5
5
6
5
7
7
9
3
7
4
8
3
9
9
8
7
6
7
6
8
9
7
8
6
5
9
9
7
6
4
6
9
6
8
3
7
3
8
6
8
3
3
7
4
3
4
8
8
9
7
5
6
8
7
9
6
9
4
6
5
8
9
4
7
4
7
8
3
4
7
7
7
8
6
9
4
8
6
9
7
7
8
8
5
9
7
8
7
8
5
6
8
8
5
5
7
9
8
6
8
4
9
5
7
9
5
7
7
9
9
8
8
5
8
4
6
5
9
9
5
3
4
6
4
4
9
5
6
9
8
5
7
3
9
8
9
4
9
8
9
3
7
4
7
4
3
7
7
6
9
8
3
7
5
9
8
3
6
5
3
5
8
7

3	117.0	1.0
4	111.0	1.0
1	119.0	1.0
2	115.0	1.0
10	106.0	1.009433962264151
8	115.0	1.008695652173913
9	106.0	1.009433962264151
5	125.0	1.0
6	110.0	1.0
7	111.0	1.0
0	174.0	1.3620689655172413
