216

5
4
8
7
7
7
5
5
8
6
9
7
9
8
5
6
4
7
3
7
8
9
7
6
8
4
4
9
8
5
8
8
5
8
3
8
6
7
5
4
4
6
9
6
9
4
9
7
5
8
7
8
5
7
9
4
5
9
3
4
8
9
5
9
9
7
7
6
6
8
9
9
3
8
5
7
8
9
8
7
3
6
9
7
9
3
8
6
7
4
8
8
9
6
5
6
5
8
6
8
4
9
8
8
6
6
9
8
4
7
6
8
8
9
6
5
9
9
7
5
9
9
9
6
5
5
8
7
8
8
7
4
7
9
4
5
6
6
8
7
5
6
7
4
3
7
4
7
3
7
8
8
3
4
7
6
5
5
7
5
5
7
5
4
6
9
4
8
6
5
7
8
3
9
8
3
7
7
8
9
6
6
6
5
4
8
5
6
4
9
6
5
5
8
8
5
7
3
8
7
9
9
4
6
7
7
9
6
9
8
7
4
6
8
4
6

2	122.0	1.0
4	108.0	1.0092592592592593
5	108.0	1.0
6	120.0	1.0
1	123.0	1.0
3	128.0	1.0
7	97.0	1.0103092783505154
8	111.0	1.009009009009009
9	121.0	1.0
10	115.0	1.0
0	178.0	1.4269662921348314
