239

31
19
26
34
24
30
25
10
30
31
20
14
37
29
32
28
32
30
34
35
24
36
37
20
15
33
34
32
35
37
10
37
24
29
27
35
36
37
37
32
7
31
26
37
14
30
31
35
38
19
39
37
34
17
35
11
36
21
30
24
32
37
34
7
36
35
23
14
29
28
23
33
32
33
36
13
37
34
36
31
37
33
32
35
9
10
5
37
34
37
15
15
17
23
4
37
29
34
33
34
35
35
6
23
6
36
28
27
18
34
36
27
25
32
37
35
37
30
37
35
36
28
27
25
21
31
32
31
23
9
9
13
32
4
36
34
4
35
36
14
35
31
38
12
38
35
32
34
36
13
10
34
38
37
25
23
18
36
28
35
37
35
35
11
38
28
21
35
14
34
19
36
37
27
29
28
35
26
35
24
11
36
33
35
30
14
36
27
30
33
13
35
34
35
30
38
24
34
34
35
33
35
19
13
3
29
22
21
16
21
34
37
34
16
36
34
24
4
36
8
4
35
33
34
34
21
36
37
10
28
35
6
25
39
38
37
13
33
37

7	201.0	1.6417910447761195
9	207.0	1.5458937198067633
17	160.0	1.0
12	152.0	1.0
23	167.0	1.0
19	165.0	1.0
20	165.0	1.0
6	190.0	1.731578947368421
16	162.0	1.0
4	221.0	2.067873303167421
2	219.0	2.219178082191781
10	158.0	1.0
11	145.0	1.0
8	192.0	1.59375
1	213.0	2.15962441314554
3	217.0	2.1889400921658986
13	154.0	1.0
5	214.0	2.191588785046729
15	165.0	1.0
22	164.0	1.0
14	151.0	1.0
21	160.0	1.0
18	150.0	1.0
25	148.0	1.0
24	152.0	1.0
0	218.0	2.2522935779816513
