96

25
29
9
33
37
30
3
38
33
37
32
26
12
30
35
30
34
6
28
21
19
36
34
10
37
31
32
32
33
21
24
32
35
8
8
32
26
38
28
17
3
8
35
31
33
35
26
28
38
32
30
30
34
36
23
31
36
20
3
32
27
37
30
36
37
18
34
26
36
30
33
38
26
4
32
34
9
34
33
6
29
35
32
9
33
37
32
17
35
37
32
37
32
33
6
36

1	87.0	2.1264367816091956
7	86.0	1.4651162790697674
9	89.0	1.4606741573033708
3	89.0	2.2247191011235956
5	89.0	2.0898876404494384
6	85.0	1.4588235294117646
2	90.0	2.1555555555555554
4	87.0	2.045977011494253
8	86.0	1.4534883720930232
10	63.0	1.0
13	66.0	1.0
16	65.0	1.0
24	58.0	1.0
20	57.0	1.0
11	59.0	1.0
17	58.0	1.0
15	63.0	1.0
21	60.0	1.0
25	58.0	1.0
18	66.0	1.0
19	65.0	1.0
12	64.0	1.0
22	64.0	1.0
14	67.0	1.0
23	69.0	1.0
0	84.0	2.25
