226

6
7
8
7
4
9
8
7
8
6
9
6
6
8
5
8
4
9
8
4
9
8
7
7
5
6
5
9
3
5
7
8
3
7
9
8
6
9
5
9
6
9
7
5
7
8
5
7
4
7
3
6
9
5
3
5
5
9
6
5
6
7
7
7
8
8
5
7
5
8
6
6
5
9
8
3
8
7
4
6
7
5
7
8
7
8
9
7
7
4
7
7
5
8
4
4
6
6
5
5
8
5
5
6
9
9
7
7
6
8
5
7
8
4
9
9
8
6
9
6
8
8
4
7
8
6
4
6
6
7
7
8
6
5
9
3
3
4
9
8
4
9
5
7
4
3
5
6
4
8
9
8
5
7
9
8
3
6
4
7
5
9
6
7
9
3
3
7
8
7
9
8
7
8
5
5
5
7
6
9
7
7
6
3
6
4
7
7
8
5
7
9
3
9
3
7
7
8
9
8
7
7
6
9
4
4
4
7
4
7
9
9
8
6
9
3
3
9
7
7
6
6
5
3
3
6

5	122.0	1.0
2	124.0	1.0
7	117.0	1.0085470085470085
3	118.0	1.0
1	134.0	1.0
6	104.0	1.0096153846153846
4	118.0	1.0084745762711864
8	137.0	1.0
9	119.0	1.0
10	117.0	1.0
0	166.0	1.4759036144578312
