245

30
36
22
6
29
37
36
20
16
38
20
35
30
31
34
30
23
27
5
21
37
37
28
23
35
13
31
37
31
38
33
35
24
15
35
35
18
37
36
16
37
34
37
14
30
35
33
7
20
33
36
37
38
33
38
21
36
10
37
29
17
29
33
29
8
39
20
32
39
17
31
35
30
35
13
35
35
37
27
37
31
37
29
5
32
23
28
37
33
36
33
22
13
34
5
37
36
36
30
31
35
36
21
37
33
35
34
27
24
35
16
33
35
35
4
32
15
35
35
35
35
32
30
28
34
37
27
34
9
36
27
30
30
34
37
36
33
29
34
36
29
36
29
36
5
15
21
13
35
33
33
32
5
35
36
33
7
38
36
34
37
38
35
35
5
37
30
12
33
15
13
36
29
36
36
37
32
36
26
7
6
35
10
25
35
36
36
8
29
33
15
9
37
13
35
38
11
32
34
34
26
36
32
7
32
35
30
11
13
16
36
11
36
21
35
38
34
7
13
38
31
32
29
34
33
36
36
30
35
37
32
31
31
20
34
37
25
36
35
33
19
32
11
37
30

2	229.0	2.1746724890829694
1	224.0	2.200892857142857
18	169.0	1.0
13	172.0	1.0
8	197.0	1.7614213197969544
15	184.0	1.0
16	171.0	1.0
3	229.0	2.2052401746724892
12	173.0	1.0
21	165.0	1.0
14	158.0	1.0
25	175.0	1.0
22	166.0	1.0
11	162.0	1.0
5	231.0	2.316017316017316
10	163.0	1.0
7	202.0	1.5396039603960396
23	154.0	1.0
9	199.0	1.6180904522613064
24	164.0	1.0
4	217.0	2.2027649769585254
6	212.0	1.5613207547169812
19	162.0	1.0
17	151.0	1.0
20	172.0	1.0
0	221.0	2.262443438914027
