211

7
7
4
4
8
7
3
9
6
8
6
4
6
8
9
8
9
9
5
7
7
4
7
7
6
8
5
5
6
8
9
6
6
8
6
5
7
7
9
8
8
6
8
9
6
9
8
8
3
6
5
9
6
7
9
6
9
9
4
9
7
5
7
3
6
8
5
8
9
10
9
4
5
8
6
4
9
5
3
6
6
9
5
9
6
9
9
7
3
9
6
7
4
9
9
7
8
8
9
7
4
6
3
8
9
5
7
6
5
8
9
7
4
4
3
6
8
3
4
9
7
8
9
9
3
6
8
4
9
9
7
9
9
7
9
3
5
7
6
7
4
8
7
8
8
8
3
3
9
3
5
7
8
3
8
5
7
7
9
9
7
8
6
7
6
9
3
8
7
9
4
9
3
7
8
8
6
4
9
6
9
8
6
3
4
6
8
9
5
8
9
6
8
9
9
9
5
4
7
9
4
9
6
9
7
6
7
9
7
7
4

4	114.0	1.0
1	112.0	1.0089285714285714
3	116.0	1.0
2	110.0	1.0
7	127.0	1.0
10	123.0	1.0
8	116.0	1.0086206896551724
5	110.0	1.0
6	102.0	1.0098039215686274
9	132.0	1.0
0	180.0	1.4333333333333333
