246

5
7
35
26
25
38
28
20
34
13
12
20
34
34
16
16
32
20
20
31
10
33
36
21
28
36
32
24
30
21
34
34
6
15
37
30
36
35
37
9
30
26
31
38
9
36
37
20
34
32
34
22
33
5
20
21
39
33
36
32
29
28
30
19
37
19
37
37
25
18
37
24
5
29
31
30
36
36
32
33
35
33
33
36
36
37
39
30
32
18
26
18
28
28
35
27
29
33
33
28
24
34
12
38
26
37
22
38
6
37
37
35
23
33
32
39
22
14
36
36
35
36
31
30
23
35
25
32
39
32
18
25
38
11
8
5
34
38
32
28
14
31
35
32
37
10
29
9
32
33
35
10
34
34
36
19
36
28
19
31
33
20
34
35
35
35
37
29
36
37
28
33
36
29
14
12
38
38
25
33
31
36
33
37
28
35
34
34
32
28
4
38
34
4
25
34
28
35
35
8
32
23
34
37
10
21
37
11
32
29
34
17
30
27
29
32
9
26
28
37
12
33
36
32
28
38
22
36
9
32
36
5
37
36
34
28
37
36
34
35
28
34
37
25
28
6

3	231.0	2.1298701298701297
4	229.0	2.1965065502183405
2	229.0	2.03056768558952
1	227.0	2.1894273127753303
19	179.0	1.0
14	176.0	1.0
11	166.0	1.0
5	219.0	2.278538812785388
15	176.0	1.0
18	169.0	1.0
8	218.0	1.5229357798165137
13	172.0	1.0
12	159.0	1.0
21	162.0	1.0
22	147.0	1.0
16	152.0	1.0
17	157.0	1.0
25	153.0	1.0
10	165.0	1.0
23	162.0	1.0
6	194.0	1.597938144329897
24	170.0	1.0
7	208.0	1.5721153846153846
20	174.0	1.0
9	217.0	1.5576036866359446
0	233.0	2.236051502145923
