97

31
33
37
31
4
17
22
38
36
29
36
32
34
26
36
33
22
8
5
30
35
30
13
33
39
6
36
35
32
36
37
31
20
32
3
36
32
35
14
34
36
24
33
28
22
30
36
37
7
37
34
34
24
36
8
36
20
26
36
20
37
39
36
36
12
35
32
10
37
32
30
38
37
25
13
32
27
34
34
24
37
25
28
34
34
32
29
14
17
36
35
35
30
37
17
38
38

8	91.0	1.5384615384615385
1	87.0	2.4022988505747125
7	90.0	1.488888888888889
4	93.0	2.096774193548387
2	90.0	2.2333333333333334
12	68.0	1.0
11	67.0	1.0
6	85.0	1.4588235294117646
9	87.0	1.528735632183908
5	88.0	2.1931818181818183
10	67.0	1.0
3	87.0	2.2413793103448274
25	62.0	1.0
14	62.0	1.0
20	65.0	1.0
13	68.0	1.0
24	63.0	1.0
18	64.0	1.0
16	58.0	1.0
22	65.0	1.0
23	64.0	1.0
19	67.0	1.0
17	71.0	1.0
21	76.0	1.0
15	69.0	1.0
0	90.0	2.3222222222222224
