220

5
7
3
6
6
7
6
8
8
6
8
9
7
9
5
4
8
7
9
4
6
4
6
3
6
8
7
8
7
9
8
5
7
6
3
8
8
8
8
6
8
6
3
4
6
3
7
8
6
6
9
4
7
4
6
4
7
9
8
5
6
9
6
4
4
7
5
5
9
8
9
7
7
8
5
8
5
8
9
3
9
9
6
3
6
7
4
5
4
6
7
8
8
10
7
9
8
5
8
9
5
5
5
6
5
7
5
5
8
5
8
8
9
6
9
8
5
6
4
9
8
6
8
9
9
4
8
5
4
9
8
9
5
7
8
9
3
3
9
7
8
4
8
8
8
4
8
6
9
6
7
7
5
8
6
9
8
7
8
9
9
4
8
6
9
8
3
6
4
9
4
9
7
5
8
4
7
4
8
9
9
5
4
6
9
8
9
5
9
8
6
7
8
8
4
4
8
4
9
8
8
9
8
9
3
5
7
5
7
7
5
7
5
8
5
7
4
8
3
4

1	118.0	1.0
3	139.0	1.0
5	105.0	1.0
2	111.0	1.009009009009009
4	117.0	1.017094017094017
6	139.0	1.0
10	114.0	1.0
9	107.0	1.0093457943925233
7	110.0	1.0
8	119.0	1.0
0	182.0	1.4945054945054945
