97

34
34
29
22
35
37
31
36
37
38
34
29
29
27
18
36
6
27
37
34
34
4
36
12
33
11
37
35
23
25
16
36
19
10
32
33
37
37
12
22
36
37
37
33
38
35
30
38
37
30
38
24
36
37
29
28
29
27
24
35
34
30
35
5
33
17
32
38
29
33
36
34
19
25
21
38
9
34
18
18
33
29
31
21
24
23
27
27
31
29
5
18
13
24
22
24
35

12	67.0	1.0
10	72.0	1.0
1	89.0	2.146067415730337
14	70.0	1.0
2	95.0	2.0842105263157893
11	65.0	1.0
15	65.0	1.0
9	87.0	1.5632183908045978
13	69.0	1.0
18	63.0	1.0
16	67.0	1.0
4	93.0	2.053763440860215
7	82.0	1.7317073170731707
5	89.0	2.1235955056179776
8	83.0	1.5783132530120483
17	70.0	1.0
3	89.0	2.2247191011235956
6	85.0	1.5529411764705883
21	61.0	1.0
24	54.0	1.0
23	59.0	1.0
22	58.0	1.0
25	55.0	1.0
20	56.0	1.0
19	64.0	1.0
0	90.0	2.2555555555555555
