228

8
5
9
3
5
9
6
9
5
3
8
9
8
9
7
8
4
8
9
6
8
5
6
6
9
8
7
6
8
7
8
6
8
9
3
8
6
8
6
6
8
7
7
8
7
5
6
9
8
5
7
9
7
7
6
4
4
4
9
5
9
4
7
5
9
3
5
4
9
7
4
7
9
8
8
7
9
9
5
3
8
9
4
7
9
9
3
8
9
5
6
6
4
8
5
5
8
8
3
6
8
3
8
6
4
6
5
7
8
9
6
3
6
4
7
6
4
3
7
5
7
6
9
7
9
7
8
5
9
8
4
5
5
8
8
9
8
6
4
4
8
8
3
8
8
7
6
6
9
9
6
9
7
6
6
4
7
7
7
7
9
9
6
6
6
3
3
7
5
7
3
7
7
5
9
9
8
9
7
3
7
9
7
8
8
7
6
7
5
5
7
4
3
8
7
7
7
7
5
3
9
8
6
6
7
7
6
6
9
4
9
5
5
9
4
7
6
7
9
6
9
9
4
9
7
9
7
4

1	116.0	1.0086206896551724
7	138.0	1.0
8	111.0	1.009009009009009
2	123.0	1.0
10	116.0	1.0
4	123.0	1.0
5	136.0	1.0
3	139.0	1.0
9	127.0	1.0
6	134.0	1.007462686567164
0	185.0	1.2972972972972974
