97

30
34
18
34
36
33
37
32
26
28
30
9
36
29
12
21
35
30
32
23
29
36
35
29
34
18
13
29
33
37
30
18
38
14
36
7
35
25
21
28
35
22
8
37
38
37
29
29
36
34
38
31
10
19
37
30
9
34
38
34
7
35
37
37
8
22
16
10
36
28
36
29
32
26
38
33
28
38
30
37
3
35
34
34
31
30
6
36
35
38
36
30
37
31
38
14
37

9	84.0	1.5952380952380953
1	91.0	2.032967032967033
5	92.0	2.141304347826087
3	90.0	2.1444444444444444
8	87.0	1.4367816091954022
2	91.0	2.065934065934066
6	86.0	1.569767441860465
4	93.0	2.075268817204301
7	84.0	1.6071428571428572
16	71.0	1.0
14	68.0	1.0
21	60.0	1.0
19	64.0	1.0
12	67.0	1.0
10	65.0	1.0
23	69.0	1.0
22	62.0	1.0
17	72.0	1.0
25	67.0	1.0
24	64.0	1.0
15	70.0	1.0
11	69.0	1.0
13	65.0	1.0
20	72.0	1.0
18	63.0	1.0
0	88.0	2.3863636363636362
