97

33
27
37
26
14
33
37
37
17
33
33
35
28
6
28
18
19
34
36
32
35
35
37
12
34
31
30
29
36
36
24
11
36
15
29
27
33
36
37
22
37
29
34
10
34
31
34
20
31
27
29
24
8
5
24
37
27
16
36
28
25
37
31
35
24
17
25
27
37
37
13
29
35
35
36
35
26
30
37
30
26
34
28
31
33
33
31
23
19
16
27
31
33
27
25
38
31

17	70.0	1.0
4	91.0	2.2747252747252746
15	67.0	1.0
8	84.0	1.5357142857142858
6	87.0	1.4252873563218391
10	64.0	1.0
7	81.0	1.6790123456790123
3	94.0	2.1595744680851063
16	63.0	1.0
18	59.0	1.0
12	57.0	1.0
9	85.0	1.5647058823529412
14	64.0	1.0
23	70.0	1.0
11	70.0	1.0
2	90.0	2.111111111111111
1	84.0	2.261904761904762
5	94.0	2.0851063829787235
21	57.0	1.0
22	66.0	1.0
13	66.0	1.0
20	69.0	1.0
19	69.0	1.0
24	68.0	1.0
25	65.0	1.0
0	93.0	2.193548387096774
