24

25
37
27
38
19
5
13
35
33
39
36
30
36
11
24
24
33
20
14
32
34
37
22
35

10	16.0	1.0
12	11.0	1.0
17	19.0	1.0
4	23.0	2.0869565217391304
6	22.0	1.6363636363636365
14	16.0	1.0
2	22.0	1.9545454545454546
7	21.0	1.4761904761904763
13	14.0	1.0
3	22.0	1.8636363636363635
21	19.0	1.0
20	15.0	1.0
19	16.0	1.0
5	22.0	2.0454545454545454
18	18.0	1.0
15	18.0	1.0
9	22.0	1.4090909090909092
11	15.0	1.0
8	21.0	1.5714285714285714
16	18.0	1.0
1	22.0	2.272727272727273
22	16.0	1.0
25	15.0	1.0
24	14.0	1.0
23	14.0	1.0
0	21.0	2.238095238095238
