219

8
7
8
5
5
8
9
6
9
8
9
3
8
9
8
8
5
7
7
9
7
9
4
5
6
5
9
7
8
8
8
5
9
8
3
8
3
6
8
7
5
8
8
8
5
7
8
7
8
8
4
6
6
6
9
7
9
8
7
6
7
8
5
5
7
8
7
9
9
5
6
5
7
8
7
7
9
5
8
4
9
5
9
4
7
9
9
6
7
6
8
5
6
9
9
6
8
4
7
7
3
4
7
7
6
4
8
6
8
6
7
6
9
6
7
8
6
9
6
6
6
7
7
9
4
9
9
3
6
6
7
9
6
9
3
6
6
7
4
7
4
8
8
9
5
7
8
9
6
3
4
6
4
9
9
6
7
4
9
7
7
9
6
8
5
6
3
8
8
3
8
6
7
9
6
3
8
8
7
3
7
4
8
7
8
6
7
9
7
7
4
5
11
9
6
4
9
5
7
3
8
6
9
8
4
9
3
6
7
4
4
8
5
3
7
7
7
5
6

7	126.0	1.0
1	122.0	1.0
8	111.0	1.009009009009009
3	119.0	1.0084033613445378
2	125.0	1.0
5	124.0	1.0
4	136.0	1.0
6	135.0	1.0074074074074073
10	109.0	1.0
9	109.0	1.0091743119266054
0	161.0	1.5093167701863355
