242

35
28
38
37
35
36
28
34
32
34
38
35
34
21
25
31
32
30
16
31
39
34
35
34
31
29
34
38
34
29
34
34
25
33
11
29
33
16
36
32
22
7
29
38
30
34
30
25
33
34
37
33
35
37
32
35
35
16
30
4
34
33
32
30
34
19
33
31
36
33
34
12
37
36
32
38
16
37
38
37
36
32
35
33
33
31
32
31
34
27
32
31
19
15
34
26
38
30
31
26
36
31
35
7
23
36
12
27
33
4
19
10
22
38
16
34
32
23
36
37
5
35
25
31
36
36
18
34
37
21
20
33
33
31
30
24
28
38
31
37
29
36
24
33
35
34
33
32
32
32
36
34
37
24
15
17
38
36
9
4
37
19
37
23
23
38
37
13
29
37
24
28
31
12
36
30
28
34
8
18
20
31
36
5
23
31
3
31
32
38
21
8
37
34
34
24
37
33
32
34
33
34
34
21
34
36
35
7
6
33
36
26
34
34
24
30
35
33
11
22
33
28
26
34
37
34
14
18
29
10
13
4
38
23
35
20
37
36
8
18
35
33

1	222.0	2.0585585585585586
2	226.0	2.2123893805309733
3	225.0	2.2266666666666666
9	210.0	1.5809523809523809
22	173.0	1.0
6	213.0	1.568075117370892
13	171.0	1.0
20	185.0	1.0
8	214.0	1.6261682242990654
25	159.0	1.0
21	151.0	1.0
7	203.0	1.561576354679803
4	220.0	2.209090909090909
11	153.0	1.0
16	156.0	1.0
14	160.0	1.0
18	176.0	1.0
5	222.0	2.2612612612612613
12	168.0	1.0
23	171.0	1.0
24	160.0	1.0
17	158.0	1.0
15	164.0	1.0
19	162.0	1.0
10	165.0	1.0
0	234.0	2.247863247863248
