248

34
35
36
23
29
29
34
28
28
37
27
34
36
36
38
34
35
33
33
22
29
10
36
35
35
33
32
10
19
13
17
37
32
26
17
37
36
21
32
14
7
19
22
35
38
25
35
35
30
29
37
34
36
33
39
31
35
22
20
36
27
19
25
18
33
33
32
31
34
6
34
27
30
37
38
37
25
36
37
37
13
17
31
18
37
30
24
38
10
28
39
22
37
34
34
15
36
34
34
22
38
30
37
30
22
29
22
24
13
34
25
14
34
36
31
36
32
35
32
32
34
32
38
34
11
33
36
39
37
10
35
37
25
36
33
36
34
14
37
38
35
36
28
34
35
38
33
33
9
34
27
20
29
38
29
15
33
34
13
34
28
35
37
32
35
15
35
31
29
35
30
35
33
10
37
33
15
9
28
36
22
34
37
35
33
33
36
35
30
36
23
34
10
9
5
28
32
27
20
26
35
39
33
37
7
38
35
16
38
38
36
36
34
36
23
36
6
27
32
33
13
33
31
35
30
36
23
34
27
37
30
36
31
22
34
32
31
34
28
35
36
28
27
29
21
13
34
35

1	228.0	2.3421052631578947
6	227.0	1.5814977973568283
24	183.0	1.0
10	176.0	1.0
17	174.0	1.0
11	185.0	1.0
21	164.0	1.0
9	216.0	1.537037037037037
2	235.0	2.234042553191489
14	173.0	1.0
22	180.0	1.0
8	223.0	1.5784753363228698
5	228.0	2.276315789473684
3	224.0	2.1964285714285716
12	171.0	1.0
7	221.0	1.5294117647058822
23	165.0	1.0
4	237.0	2.2320675105485233
19	162.0	1.0
18	171.0	1.0
15	160.0	1.0
13	157.0	1.0
16	181.0	1.0
25	179.0	1.0
20	185.0	1.0
0	233.0	2.3090128755364807
