241

8
14
33
35
38
34
26
9
26
16
6
36
36
36
24
21
35
28
37
37
23
33
37
29
23
33
28
6
37
18
36
35
32
35
38
14
37
14
36
38
30
6
8
9
34
29
21
25
35
33
34
32
38
17
38
33
38
29
34
38
37
19
30
38
33
27
25
29
35
35
36
33
18
7
19
28
17
31
12
21
34
37
35
19
34
12
30
6
36
10
36
37
36
34
37
16
28
36
34
34
10
39
16
37
26
26
38
34
38
33
27
32
37
20
37
34
38
26
36
24
37
23
37
36
34
35
29
17
16
27
29
37
20
31
34
32
21
36
6
28
38
36
35
38
31
20
36
30
13
34
37
33
38
37
36
38
37
7
35
37
10
26
30
25
36
37
8
15
16
31
26
28
22
16
27
36
24
12
31
37
35
20
36
28
35
31
34
29
35
30
26
34
32
31
22
18
32
38
38
35
27
32
34
38
36
35
24
27
26
38
7
36
30
30
8
35
35
21
28
39
6
31
21
34
12
27
28
32
33
27
9
31
28
12
33
35
33
15
30
36
34

13	158.0	1.0
9	210.0	1.5666666666666667
7	206.0	1.5485436893203883
14	145.0	1.0
11	150.0	1.0
10	154.0	1.0
6	216.0	1.5277777777777777
5	227.0	2.185022026431718
4	228.0	2.1315789473684212
12	172.0	1.0
3	232.0	2.1120689655172415
2	228.0	2.0921052631578947
1	220.0	2.131818181818182
8	212.0	1.5330188679245282
16	172.0	1.0
17	163.0	1.0
19	176.0	1.0
23	164.0	1.0
25	164.0	1.0
22	164.0	1.0
18	168.0	1.0
15	166.0	1.0
24	170.0	1.0
20	173.0	1.0
21	162.0	1.0
0	227.0	2.251101321585903
