99

5
13
32
9
28
28
14
37
29
34
36
37
31
36
30
3
28
37
38
38
25
32
14
38
32
33
9
33
15
36
26
18
33
35
31
32
35
35
15
29
32
7
36
35
31
10
34
22
21
21
33
34
34
33
11
37
28
37
33
37
35
24
34
30
30
29
14
20
37
8
16
34
36
32
38
16
33
16
35
35
37
15
22
27
34
38
8
22
38
25
31
31
33
37
16
34
36
37
37

3	90.0	2.188888888888889
1	90.0	2.1777777777777776
2	88.0	2.3295454545454546
9	84.0	1.5833333333333333
21	61.0	1.0
23	63.0	1.0
18	70.0	1.0
14	61.0	1.0
13	63.0	1.0
15	58.0	1.0
10	67.0	1.0
20	65.0	1.0
4	91.0	2.197802197802198
22	59.0	1.0
12	71.0	1.0
5	89.0	2.191011235955056
17	69.0	1.0
7	80.0	1.725
25	67.0	1.0
16	63.0	1.0
11	64.0	1.0
8	86.0	1.5813953488372092
24	69.0	1.0
6	85.0	1.5176470588235293
19	70.0	1.0
0	91.0	2.2637362637362637
