224

9
6
9
3
8
4
7
8
9
4
8
8
9
7
6
5
8
6
4
8
9
9
6
8
6
5
8
9
8
7
9
5
5
7
9
5
9
7
8
4
6
8
8
7
7
7
5
5
8
6
9
4
7
9
6
5
7
9
5
4
9
5
4
9
8
5
7
6
6
6
6
9
8
7
7
8
10
7
7
4
7
6
7
7
9
5
8
8
8
9
9
9
9
7
6
8
6
5
8
7
8
8
7
7
3
7
9
9
8
8
9
7
6
3
8
8
3
8
8
3
7
6
4
6
8
5
3
8
6
5
9
5
4
8
4
7
5
5
7
3
7
4
7
6
9
8
8
5
3
6
3
7
8
3
8
9
6
9
4
7
8
7
4
4
8
6
3
9
4
7
6
5
8
5
7
7
6
7
4
6
3
3
7
9
7
8
8
9
5
5
7
6
5
9
3
7
5
6
8
4
8
3
8
8
9
9
8
8
8
8
7
3
7
9
5
6
8
5
8
8
4
6
9
10

2	103.0	1.0097087378640777
1	100.0	1.01
7	149.0	1.0067114093959733
8	128.0	1.0078125
9	121.0	1.0
10	118.0	1.0
3	121.0	1.0
4	131.0	1.0
6	127.0	1.0078740157480315
5	140.0	1.0142857142857142
0	181.0	1.3701657458563536
