95

39
13
34
6
35
28
10
17
35
30
24
11
37
37
32
34
32
21
34
11
37
33
35
37
31
16
32
30
24
23
25
29
38
38
37
28
26
29
13
31
15
28
30
36
36
36
36
36
27
6
37
35
27
37
5
34
16
36
30
19
32
27
19
23
38
37
37
37
30
32
12
36
34
25
26
9
34
33
36
28
31
22
26
35
34
11
35
36
21
38
35
29
32
28
9

4	84.0	2.3095238095238093
6	77.0	1.7662337662337662
16	69.0	1.0
17	64.0	1.0
21	64.0	1.0
20	67.0	1.0
18	64.0	1.0
2	88.0	2.227272727272727
23	68.0	1.0
14	65.0	1.0
1	88.0	2.0454545454545454
10	64.0	1.0
22	60.0	1.0
7	80.0	1.525
19	61.0	1.0
13	56.0	1.0
15	58.0	1.0
11	55.0	1.0
5	82.0	2.2804878048780486
3	91.0	2.10989010989011
9	83.0	1.5301204819277108
8	83.0	1.5783132530120483
12	67.0	1.0
24	64.0	1.0
25	69.0	1.0
0	90.0	2.2333333333333334
