222

4
7
8
9
7
9
9
9
7
8
8
5
3
8
9
9
8
4
3
9
5
7
6
8
8
4
5
8
8
8
9
9
3
7
6
5
7
7
5
9
7
7
5
5
8
4
5
6
7
5
5
5
7
9
8
9
7
8
6
5
5
6
4
8
6
9
5
3
7
7
4
7
8
8
8
9
9
7
9
8
4
7
6
7
3
9
8
5
4
9
5
9
4
7
9
8
6
5
7
9
7
9
9
3
5
7
3
5
5
3
5
8
8
5
4
5
7
6
8
7
6
5
4
7
8
9
9
8
8
5
9
3
5
6
3
9
5
7
6
8
3
6
3
5
9
6
4
7
3
5
8
7
7
7
9
7
3
8
5
7
6
9
3
9
8
4
5
8
9
8
9
8
5
7
5
8
6
6
5
6
8
8
8
7
7
5
4
6
7
9
5
3
5
9
9
6
9
6
9
7
6
8
7
8
8
8
9
7
4
6
8
9
8
9
7
8
8
9
6
3
8
8

3	105.0	1.0
2	114.0	1.0
1	114.0	1.0
9	118.0	1.0
7	118.0	1.0
4	112.0	1.0
5	131.0	1.0
8	127.0	1.0078740157480315
6	124.0	1.0080645161290323
10	138.0	1.0
0	181.0	1.4972375690607735
