95

36
29
32
30
11
36
7
33
28
22
31
37
34
38
37
35
27
7
36
22
25
32
38
30
37
35
33
34
34
28
37
35
18
30
16
32
24
37
7
35
17
37
26
19
34
37
6
9
38
22
9
38
27
37
34
29
37
30
8
33
37
14
21
29
14
37
11
23
24
38
30
37
37
34
9
12
31
36
27
37
31
14
34
5
8
33
35
30
38
34
4
29
36
30
34

12	59.0	1.0
1	90.0	2.1666666666666665
5	89.0	2.0898876404494384
6	81.0	1.617283950617284
2	86.0	2.116279069767442
9	78.0	1.5256410256410255
11	63.0	1.0
3	86.0	2.13953488372093
18	67.0	1.0
10	66.0	1.0
15	66.0	1.0
17	64.0	1.0
14	62.0	1.0
8	80.0	1.6375
4	81.0	2.1604938271604937
13	58.0	1.0
7	82.0	1.548780487804878
16	66.0	1.0
22	64.0	1.0
24	58.0	1.0
20	64.0	1.0
21	66.0	1.0
19	55.0	1.0
25	59.0	1.0
23	60.0	1.0
0	88.0	2.25
