241

36
38
30
28
30
30
31
36
13
35
30
19
36
25
33
35
35
19
30
34
33
14
37
35
30
8
28
35
19
23
18
36
30
28
23
37
34
23
28
14
30
10
31
28
34
34
37
38
29
37
35
34
22
31
14
33
37
8
31
37
27
32
15
24
34
22
24
9
33
15
35
37
34
9
34
38
26
37
33
33
38
35
5
31
20
34
33
17
26
37
34
35
17
33
38
33
29
36
15
35
12
3
31
33
38
33
37
12
33
10
27
34
27
28
35
30
34
18
33
24
36
30
29
17
34
29
33
14
34
35
37
37
3
34
36
23
34
37
33
21
37
28
9
34
35
30
17
36
33
35
38
29
28
28
24
35
38
38
7
32
38
35
31
25
26
20
36
4
33
17
20
33
33
26
32
23
36
34
34
17
31
38
37
8
27
29
14
11
34
32
33
35
30
34
27
19
37
39
33
37
30
30
33
34
30
30
29
29
38
22
14
33
24
28
19
37
37
24
13
35
34
27
34
37
34
36
31
36
18
13
10
16
38
14
31
31
30
37
31
35
22

18	165.0	1.0
2	231.0	2.090909090909091
15	163.0	1.0
16	155.0	1.0
10	163.0	1.0
21	184.0	1.0
11	173.0	1.0
17	186.0	1.0
19	171.0	1.0
3	226.0	2.146017699115044
14	161.0	1.0
7	217.0	1.5944700460829493
1	220.0	2.286363636363636
4	222.0	2.1036036036036037
6	217.0	1.4746543778801844
12	158.0	1.0
8	211.0	1.5450236966824644
9	202.0	1.5940594059405941
13	162.0	1.0
20	172.0	1.0
5	228.0	2.1359649122807016
23	156.0	1.0
25	152.0	1.0
24	157.0	1.0
22	158.0	1.0
0	222.0	2.225225225225225
