242

36
14
6
36
25
23
8
37
34
10
21
28
36
24
29
35
36
34
29
31
35
36
31
38
33
32
6
20
33
32
35
37
27
14
37
25
35
34
34
29
19
34
39
39
20
37
39
36
38
34
10
37
32
28
37
9
23
35
33
12
23
36
18
36
37
38
27
5
30
38
28
30
37
38
32
19
5
33
27
37
37
13
33
37
35
36
26
15
33
34
35
33
37
4
32
34
4
32
34
28
20
16
24
37
36
26
34
12
18
24
11
33
25
29
29
23
30
37
33
30
23
33
35
34
30
29
16
34
8
29
6
36
37
35
12
15
25
27
32
28
36
35
24
36
37
37
7
31
39
26
31
35
35
13
37
15
27
37
15
34
17
25
16
37
35
3
21
29
30
33
14
33
32
35
34
34
27
38
33
22
37
33
35
35
20
29
37
39
37
31
32
22
33
35
27
31
30
11
32
36
21
27
35
32
36
33
20
35
20
35
30
29
37
6
30
37
7
6
23
18
31
35
35
16
25
22
36
36
37
35
32
37
24
12
30
38
28
32
22
30
33
38

5	213.0	2.248826291079812
3	226.0	2.1769911504424777
2	228.0	2.1491228070175437
1	221.0	2.1447963800904977
4	225.0	2.1733333333333333
25	162.0	1.0
23	167.0	1.0
10	150.0	1.0
7	208.0	1.5480769230769231
19	161.0	1.0
15	157.0	1.0
16	166.0	1.0
17	169.0	1.0
22	164.0	1.0
13	164.0	1.0
20	189.0	1.0052910052910053
21	173.0	1.0
24	175.0	1.0
14	154.0	1.0
8	194.0	1.6597938144329898
18	161.0	1.0
9	206.0	1.5436893203883495
11	148.0	1.0
6	205.0	1.6146341463414635
12	164.0	1.0
0	229.0	2.2663755458515285
