99

33
37
7
36
8
34
21
35
25
29
22
36
38
17
27
15
9
31
33
39
32
31
32
26
36
25
34
21
6
16
33
38
28
37
26
33
6
38
23
29
36
29
30
33
32
35
37
32
7
27
31
29
21
36
30
30
9
30
27
35
38
30
33
34
28
31
38
17
36
32
35
19
36
35
35
36
29
29
5
35
36
26
10
33
38
13
32
33
33
34
37
31
31
5
10
37
21
27
21

7	91.0	1.5054945054945055
1	96.0	2.09375
2	93.0	2.118279569892473
5	90.0	2.188888888888889
3	92.0	2.0543478260869565
8	89.0	1.5168539325842696
4	94.0	1.9574468085106382
6	93.0	1.4086021505376345
9	89.0	1.4719101123595506
23	67.0	1.0
22	60.0	1.0
20	70.0	1.0
14	64.0	1.0
13	59.0	1.0
21	63.0	1.0
16	63.0	1.0
11	68.0	1.0
24	58.0	1.0
15	63.0	1.0
19	67.0	1.0
10	69.0	1.0
12	70.0	1.0
25	71.0	1.0
18	71.0	1.0
17	71.0	1.0
0	92.0	2.402173913043478
