239

29
11
25
37
20
22
25
15
37
33
21
15
20
21
38
35
34
35
18
34
36
26
31
37
36
33
6
9
15
36
25
35
26
8
37
36
17
29
30
34
38
34
28
9
27
36
39
28
20
34
14
12
39
8
28
16
32
15
37
31
33
38
37
34
8
33
36
20
29
25
29
12
32
36
37
36
27
16
34
31
32
23
36
34
37
34
21
12
30
31
18
34
26
17
35
33
20
36
24
37
37
4
33
37
34
33
33
34
30
34
19
34
23
24
7
33
31
25
27
38
35
22
9
30
23
37
6
34
32
34
34
32
29
38
8
37
33
36
36
20
33
17
39
34
33
36
38
31
6
33
37
6
28
25
30
35
27
27
13
10
36
29
34
33
37
19
34
32
16
32
24
6
36
27
11
36
18
37
33
13
32
37
26
8
31
31
33
33
35
37
14
34
20
33
37
35
28
25
14
19
24
29
26
33
36
35
34
35
32
35
11
20
31
6
33
4
31
16
10
12
13
28
33
35
17
28
6
26
27
36
26
35
12
7
35
28
35
37
36

3	220.0	1.981818181818182
9	208.0	1.4663461538461537
11	152.0	1.0
7	214.0	1.439252336448598
15	145.0	1.0
12	162.0	1.0
8	202.0	1.504950495049505
4	220.0	2.118181818181818
2	222.0	2.1171171171171173
13	148.0	1.0
5	226.0	2.0707964601769913
10	155.0	1.0
6	200.0	1.55
1	223.0	2.1390134529147984
14	161.0	1.0
24	144.0	1.0
25	165.0	1.0
22	155.0	1.0
19	156.0	1.0
17	159.0	1.0
23	137.0	1.0
16	149.0	1.0
20	162.0	1.0
18	157.0	1.0
21	164.0	1.0
0	218.0	2.2981651376146788
