211

6
5
6
8
5
9
3
9
4
8
7
9
6
4
8
7
9
8
5
8
5
3
8
4
8
7
4
6
9
5
7
7
3
5
9
6
7
5
9
7
8
8
9
5
9
9
6
4
5
5
5
7
4
4
9
5
7
5
7
8
7
8
8
6
5
6
8
7
4
3
8
5
9
7
8
6
8
6
3
6
6
8
5
7
8
8
9
8
6
9
9
9
6
6
8
9
4
9
8
3
9
9
4
6
6
5
7
7
9
8
3
9
5
6
8
3
7
8
8
7
5
5
8
8
8
3
5
4
8
9
8
6
9
8
6
8
9
9
8
8
4
7
6
8
9
4
7
3
8
6
8
8
9
6
9
9
4
5
8
8
3
8
5
4
4
8
6
5
5
6
8
9
8
8
7
9
9
8
9
8
8
7
4
5
9
5
5
3
8
8
7
9
3
5
9
9
4
3
5
9
9
8
8
6
8
8
8
8
9
8
6

5	128.0	1.0
6	114.0	1.0
4	111.0	1.0
2	116.0	1.0
3	136.0	1.0073529411764706
1	122.0	1.0
7	125.0	1.008
10	106.0	1.0
8	106.0	1.0
9	107.0	1.0093457943925233
0	172.0	1.430232558139535
