100

38
32
35
33
20
26
32
8
24
35
38
37
6
21
26
34
3
20
8
5
36
36
31
30
28
36
30
34
35
36
25
35
26
7
23
37
37
18
9
37
9
38
23
13
35
31
34
35
38
34
39
34
22
32
6
22
18
5
34
8
30
37
34
9
30
36
3
35
34
6
36
24
33
36
24
33
29
34
24
37
28
35
34
27
29
12
5
36
31
16
33
38
34
19
12
37
37
28
3
36

9	87.0	1.5632183908045978
6	84.0	1.4761904761904763
8	85.0	1.5176470588235293
10	63.0	1.0
7	90.0	1.4777777777777779
1	86.0	2.127906976744186
4	88.0	2.2386363636363638
2	90.0	2.1222222222222222
3	85.0	2.0941176470588236
5	87.0	2.1379310344827585
11	62.0	1.0
17	67.0	1.0
16	61.0	1.0
24	67.0	1.0
13	62.0	1.0
14	61.0	1.0
23	61.0	1.0
21	57.0	1.0
20	62.0	1.0
22	68.0	1.0
18	64.0	1.0
19	65.0	1.0
25	67.0	1.0
12	64.0	1.0
15	65.0	1.0
0	89.0	2.2247191011235956
