238

38
6
24
6
25
32
38
33
32
6
33
9
30
32
22
35
10
37
32
33
38
36
27
27
28
31
6
26
37
39
25
6
36
28
24
35
28
22
29
23
8
34
36
28
37
12
30
11
30
36
28
37
32
29
17
32
31
34
35
36
28
34
4
13
34
8
36
37
27
8
34
8
16
29
34
35
28
24
9
33
37
34
38
36
35
24
29
35
36
36
29
38
32
6
38
31
37
12
35
27
27
13
6
16
31
25
18
37
37
36
33
34
31
32
33
27
34
19
31
31
34
6
22
34
34
36
37
30
33
23
36
39
3
27
6
35
37
16
14
34
30
31
36
28
24
22
34
30
33
36
38
35
32
30
38
38
4
31
16
24
36
34
12
24
33
39
35
37
32
29
31
27
6
37
31
21
20
37
24
31
36
37
37
6
37
28
35
32
30
17
11
31
35
33
22
35
31
35
14
37
37
17
27
36
37
38
3
37
37
33
37
31
37
38
27
30
34
34
34
37
32
13
36
32
37
36
29
35
17
10
22
37
37
32
35
6
30
36

6	206.0	1.5242718446601942
2	216.0	2.236111111111111
1	221.0	2.0995475113122173
7	207.0	1.536231884057971
8	203.0	1.4975369458128078
4	224.0	2.1473214285714284
3	222.0	2.2027027027027026
5	224.0	2.1294642857142856
22	155.0	1.0
21	153.0	1.0
23	166.0	1.0
18	149.0	1.0
15	156.0	1.0
10	156.0	1.0
16	159.0	1.0
24	155.0	1.0
9	189.0	1.7037037037037037
19	165.0	1.0
20	164.0	1.0
25	162.0	1.0
13	167.0	1.0
11	159.0	1.0
17	164.0	1.0
12	170.0	1.0
14	172.0	1.0
0	215.0	2.3348837209302324
