97

28
20
20
32
27
36
36
31
33
34
34
34
30
37
27
34
25
36
35
34
36
23
24
38
25
5
29
19
4
20
25
38
31
27
34
35
25
6
28
21
25
8
31
35
34
36
37
36
35
37
10
34
23
24
26
35
34
14
32
30
22
21
14
8
18
16
37
34
33
37
25
29
37
36
36
35
32
23
33
33
37
34
7
33
18
34
21
11
34
20
27
37
36
34
7
26
31

3	94.0	1.9574468085106382
4	91.0	2.10989010989011
18	63.0	1.0
7	77.0	1.6883116883116882
17	68.0	1.0
6	78.0	1.7564102564102564
10	70.0	1.0
8	83.0	1.5662650602409638
16	68.0	1.0
13	65.0	1.0
1	88.0	2.125
12	67.0	1.0
9	85.0	1.5647058823529412
15	62.0	1.0
5	89.0	2.1123595505617976
14	62.0	1.0
11	59.0	1.0
2	87.0	2.0919540229885056
20	65.0	1.0
21	65.0	1.0
19	66.0	1.0
25	66.0	1.0
23	62.0	1.0
24	64.0	1.0
22	55.0	1.0
0	89.0	2.337078651685393
