226

9
8
7
4
7
7
6
8
7
3
7
9
5
9
8
4
6
8
8
6
8
5
9
8
9
8
7
7
5
7
6
9
7
6
5
6
9
6
9
9
9
4
7
7
5
4
8
8
6
9
4
8
4
9
8
4
6
5
9
8
8
4
3
6
4
4
9
7
7
7
7
8
9
6
6
6
3
5
7
8
5
8
4
5
8
3
7
9
8
6
7
8
5
7
8
5
5
5
9
9
9
9
7
8
8
9
6
8
4
9
7
8
8
4
6
9
7
9
5
9
9
4
7
4
9
7
6
7
7
8
4
6
4
7
4
6
9
7
7
5
5
7
7
7
3
9
8
4
7
5
8
4
4
3
6
6
6
9
8
3
9
8
3
7
5
7
8
5
9
4
8
4
8
7
6
9
4
9
5
4
8
3
8
9
8
9
3
8
6
6
8
8
7
9
6
9
8
6
4
9
7
3
8
8
9
5
3
9
3
4
6
9
3
5
9
3
5
4
5
3
9
4
7
6
8
6

3	127.0	1.0
4	123.0	1.0
7	111.0	1.0
6	125.0	1.0
5	135.0	1.0
2	122.0	1.0081967213114753
8	130.0	1.0
9	123.0	1.008130081300813
1	138.0	1.0
10	118.0	1.0
0	149.0	1.5503355704697988
