226

4
8
9
6
7
8
9
8
7
9
8
4
9
9
7
8
7
9
3
8
7
5
3
4
9
7
9
7
4
7
8
4
9
4
7
4
8
4
6
9
7
8
7
5
9
3
5
3
8
8
9
8
7
9
4
9
8
9
4
6
9
8
8
8
7
6
7
8
8
9
3
8
5
6
8
7
6
3
9
4
4
7
3
4
4
6
6
8
3
8
5
8
7
7
9
7
5
3
4
6
8
5
7
3
6
6
9
3
7
7
9
7
8
6
6
8
9
5
7
8
6
9
5
9
8
4
6
8
9
3
8
8
6
9
4
7
8
9
6
6
5
9
4
8
9
6
8
8
6
9
3
6
5
8
4
4
8
8
8
7
5
8
7
8
7
4
6
5
4
3
7
7
8
5
7
4
6
9
8
9
9
9
7
6
6
7
7
7
9
9
8
5
5
6
9
8
8
3
4
5
5
5
8
8
7
7
7
9
9
4
3
5
9
5
6
7
9
7
5
7
5
9
8
6
8
8

2	118.0	1.0
1	112.0	1.0
4	126.0	1.0
3	126.0	1.0
5	119.0	1.0
8	131.0	1.0
6	123.0	1.008130081300813
10	130.0	1.0
7	131.0	1.0
9	128.0	1.0
0	187.0	1.3850267379679144
