243

27
37
34
36
33
36
29
32
33
21
24
33
32
34
37
24
36
31
37
28
16
33
26
10
28
24
29
30
30
15
24
34
35
35
30
10
37
35
19
30
28
37
35
32
36
30
28
22
37
30
34
35
11
18
34
27
30
31
26
23
32
31
35
30
34
12
37
34
27
29
15
33
26
21
37
36
28
8
37
22
15
12
34
34
26
36
25
37
15
26
37
17
38
31
13
32
5
13
33
37
34
38
31
30
10
32
33
37
26
17
28
33
36
22
14
38
28
30
38
11
28
30
37
24
36
37
35
37
20
33
18
3
30
34
31
29
19
6
23
12
4
31
34
10
34
23
25
32
34
11
33
28
28
20
16
31
21
33
30
23
33
34
24
30
32
28
37
26
37
25
29
31
28
7
10
24
38
38
28
35
32
27
30
35
37
11
12
37
28
30
25
38
38
25
34
17
36
5
39
29
38
28
22
27
21
30
33
7
38
37
37
37
12
16
35
31
37
33
13
26
35
28
29
35
37
28
37
35
34
35
32
28
26
32
24
21
21
34
33
6
22
37
7

2	231.0	2.090909090909091
9	214.0	1.4766355140186915
18	157.0	1.0
8	206.0	1.616504854368932
15	168.0	1.0
7	204.0	1.5980392156862746
10	170.0	1.0
3	230.0	2.152173913043478
17	160.0	1.00625
11	160.0	1.0
16	149.0	1.0
14	168.0	1.0
13	155.0	1.0
1	227.0	2.1233480176211454
4	226.0	2.1327433628318584
5	232.0	2.0301724137931036
6	194.0	1.597938144329897
12	159.0	1.0
20	162.0	1.0
23	178.0	1.0
21	155.0	1.0
25	151.0	1.0
22	162.0	1.0
19	156.0	1.0
24	155.0	1.0
0	225.0	2.2488888888888887
