96

35
26
24
15
37
23
6
11
33
11
34
31
8
32
34
35
37
34
38
35
37
35
34
17
20
5
33
5
33
37
34
30
35
5
31
38
36
37
36
34
25
38
33
7
17
30
37
32
29
32
34
33
22
32
24
4
36
31
35
35
17
9
15
35
33
34
38
36
8
28
35
28
36
5
34
38
37
32
34
28
35
34
38
24
5
10
8
6
13
33
9
34
32
33
33
32

7	82.0	1.5731707317073171
6	84.0	1.5357142857142858
1	86.0	2.127906976744186
2	82.0	2.207317073170732
5	85.0	2.152941176470588
4	87.0	2.0804597701149423
3	85.0	2.2823529411764705
21	60.0	1.0
12	64.0	1.0
10	59.0	1.0
19	62.0	1.0
8	74.0	1.445945945945946
13	69.0	1.0
17	69.0	1.0
20	64.0	1.0
18	50.0	1.0
14	59.0	1.0
11	64.0	1.0
9	77.0	1.5844155844155845
16	66.0	1.0
15	64.0	1.0
24	70.0	1.0
22	63.0	1.0
23	65.0	1.0
25	63.0	1.0
0	88.0	2.227272727272727
