98

18
28
36
12
28
9
35
21
24
34
33
34
30
23
30
37
8
35
36
30
33
34
25
34
32
15
29
21
39
36
22
23
19
34
14
24
35
23
31
38
32
13
6
37
37
25
35
36
25
32
36
31
36
32
35
36
7
23
33
35
36
31
34
36
35
32
24
31
24
11
36
13
36
7
37
37
26
30
36
26
21
35
20
34
35
37
24
31
17
32
16
25
34
32
35
23
37
35

6	88.0	1.5454545454545454
4	93.0	2.182795698924731
1	93.0	2.096774193548387
2	95.0	2.0105263157894737
3	89.0	2.056179775280899
5	96.0	2.1458333333333335
7	87.0	1.5172413793103448
9	88.0	1.6363636363636365
8	84.0	1.4761904761904763
20	70.0	1.0
15	76.0	1.0
10	73.0	1.0
19	70.0	1.0
11	66.0	1.0
23	64.0	1.0
24	72.0	1.0
22	69.0	1.0
14	64.0	1.0
16	70.0	1.0
21	62.0	1.0
12	56.0	1.0
13	54.0	1.0
18	55.0	1.0
25	64.0	1.0
17	67.0	1.0
0	93.0	2.3548387096774195
