223

7
6
8
9
9
4
4
6
5
8
7
6
9
7
5
7
6
6
5
9
6
4
4
7
6
6
9
8
6
7
9
5
4
9
5
9
8
7
9
7
7
3
8
7
3
9
5
9
8
9
6
6
5
9
8
8
9
8
4
8
5
6
7
7
4
3
9
7
5
4
9
9
7
8
7
5
8
7
8
8
8
5
8
9
4
8
7
8
7
9
6
6
4
7
9
8
8
8
9
8
5
9
7
7
6
5
5
9
9
7
8
4
8
8
8
4
8
6
3
3
7
9
5
8
8
8
5
9
6
8
5
6
7
6
8
6
7
9
9
4
7
7
6
5
7
7
6
7
6
9
7
8
6
9
6
7
5
8
8
3
6
7
3
9
7
6
6
4
9
7
4
7
9
6
6
4
7
9
9
8
9
9
5
7
8
6
9
7
7
3
7
7
8
5
6
4
4
5
8
9
7
4
6
5
7
8
7
5
5
5
8
9
7
9
8
8
6
8
4
4
4
9
8

2	116.0	1.0
3	126.0	1.0
1	122.0	1.0
10	135.0	1.0
7	124.0	1.0241935483870968
8	122.0	1.0
4	118.0	1.0
5	113.0	1.008849557522124
9	126.0	1.0
6	119.0	1.0168067226890756
0	194.0	1.4381443298969072
