25

37
33
36
36
36
30
11
21
32
34
30
22
21
36
5
8
37
34
20
28
24
19
28
7
35

3	24.0	2.2083333333333335
15	17.0	1.0
1	23.0	2.4347826086956523
10	14.0	1.0
7	21.0	1.5238095238095237
13	19.0	1.0
16	20.0	1.0
9	23.0	1.565217391304348
4	19.0	2.0526315789473686
18	19.0	1.0
21	17.0	1.0
11	19.0	1.0
8	22.0	1.5909090909090908
6	23.0	1.5217391304347827
17	18.0	1.0
19	17.0	1.0
5	22.0	1.9545454545454546
2	17.0	2.3529411764705883
20	15.0	1.0
12	13.0	1.0
14	10.0	1.0
25	11.0	1.0
24	13.0	1.0
23	13.0	1.0
22	12.0	1.0
0	19.0	2.3157894736842106
