99

32
33
36
35
37
27
5
36
37
38
34
18
27
22
38
37
30
32
30
32
32
37
32
36
32
34
37
27
32
38
37
34
31
38
31
29
35
37
21
35
36
30
37
28
30
35
27
37
32
33
32
37
38
29
39
5
31
30
13
22
22
24
28
35
36
30
31
20
27
34
35
38
34
19
39
39
30
29
34
10
36
30
26
38
37
34
6
32
28
34
35
37
29
37
37
28
28
10
32

3	96.0	2.2291666666666665
4	94.0	2.234042553191489
6	89.0	1.6067415730337078
1	93.0	2.3333333333333335
5	97.0	2.2268041237113403
2	92.0	2.1630434782608696
8	88.0	1.7272727272727273
11	78.0	1.0
22	69.0	1.0
14	73.0	1.0
15	76.0	1.0
23	78.0	1.0
17	74.0	1.0
16	72.0	1.0
7	87.0	1.632183908045977
12	61.0	1.0
13	73.0	1.0
10	74.0	1.0
24	73.0	1.0
21	73.0	1.0
19	75.0	1.0
20	79.0	1.0
18	76.0	1.0
9	89.0	1.6629213483146068
25	72.0	1.0
0	95.0	2.4526315789473685
