246

31
12
20
38
35
38
35
23
23
33
31
8
19
36
30
26
35
35
9
33
8
22
7
12
27
31
28
32
11
39
29
32
20
31
36
36
26
5
14
38
31
37
26
10
37
21
33
32
35
37
20
14
32
16
24
34
24
28
35
18
36
31
18
29
36
6
5
28
38
30
36
5
37
14
35
31
35
26
38
38
38
25
38
4
36
38
34
28
30
27
35
14
26
37
30
14
18
24
37
30
31
8
27
31
30
32
11
26
24
27
33
35
27
35
17
20
24
33
34
24
38
38
30
22
11
34
35
28
30
32
30
37
36
33
36
27
17
11
25
24
21
37
35
36
34
15
8
5
16
37
27
12
33
8
38
33
36
20
30
33
6
33
33
27
36
37
36
34
23
37
35
27
37
35
5
13
10
35
3
12
36
37
35
28
36
29
33
32
29
6
23
25
33
37
26
33
25
38
35
36
36
37
21
38
34
32
10
36
16
34
8
32
4
11
37
37
18
29
31
34
37
13
30
24
23
34
35
34
13
32
34
37
23
34
37
23
37
23
26
32
14
12
37
28
8
20

18	168.0	1.0
3	225.0	2.1733333333333333
16	155.0	1.0
11	156.0	1.0
20	152.0	1.0
17	150.0	1.0
8	199.0	1.6834170854271358
2	208.0	2.2836538461538463
19	181.0	1.0
1	222.0	2.1621621621621623
12	160.0	1.0
15	169.0	1.0
6	208.0	1.4759615384615385
22	154.0	1.0
14	141.0	1.0
21	158.0	1.0
10	156.0	1.0
13	155.0	1.0
4	218.0	2.055045871559633
7	219.0	1.4703196347031964
9	206.0	1.6116504854368932
5	227.0	2.1101321585903086
24	154.0	1.0
25	162.0	1.0
23	162.0	1.0
0	224.0	2.1026785714285716
