97

22
28
23
33
34
23
30
27
8
33
37
30
36
30
33
20
30
35
36
32
34
18
30
17
37
11
23
16
38
36
37
39
31
32
35
34
26
14
38
37
29
36
18
31
22
37
34
36
20
6
34
35
35
30
38
35
36
36
35
34
6
37
35
31
28
36
37
33
28
4
18
29
23
32
37
37
37
29
29
37
30
9
11
30
31
38
23
11
19
31
3
34
30
36
17
35
25

4	91.0	2.076923076923077
1	93.0	2.161290322580645
2	90.0	2.2
7	86.0	1.4534883720930232
3	92.0	2.152173913043478
5	94.0	2.127659574468085
6	90.0	1.5
21	68.0	1.0
13	71.0	1.0
23	68.0	1.0
19	65.0	1.0
8	79.0	1.6962025316455696
18	67.0	1.0
14	64.0	1.0
24	61.0	1.0
12	62.0	1.0
10	61.0	1.0
11	64.0	1.0
17	56.0	1.0
25	57.0	1.0
16	64.0	1.0
22	72.0	1.0
9	85.0	1.5647058823529412
15	74.0	1.0
20	72.0	1.0
0	91.0	2.3846153846153846
