96

37
5
34
28
34
28
35
32
31
31
35
35
29
30
38
11
35
37
19
28
25
36
23
36
25
38
30
11
32
28
38
30
36
27
28
34
21
29
25
25
31
29
33
11
35
29
35
37
9
26
30
22
36
7
32
37
19
37
29
33
23
5
38
28
29
22
33
19
23
34
30
27
36
30
35
22
26
33
21
30
37
37
34
38
7
32
35
29
7
31
34
32
32
37
13
35

16	61.0	1.0
3	88.0	2.102272727272727
8	84.0	1.4642857142857142
21	62.0	1.0
2	89.0	2.168539325842697
7	84.0	1.5595238095238095
11	61.0	1.0
9	82.0	1.5121951219512195
14	70.0	1.0
6	82.0	1.5609756097560976
1	87.0	2.218390804597701
10	63.0	1.0
15	70.0	1.0
12	67.0	1.0
17	68.0	1.0
4	92.0	2.239130434782609
18	67.0	1.0
13	57.0	1.0
20	69.0	1.0
19	64.0	1.0
5	87.0	2.3448275862068964
25	67.0	1.0
23	66.0	1.0
24	70.0	1.0
22	71.0	1.0
0	88.0	2.272727272727273
