242

30
30
27
14
36
37
38
38
25
38
32
30
14
37
38
35
8
5
36
34
26
20
24
26
39
26
25
36
36
26
34
36
27
31
32
29
32
34
8
33
37
35
37
36
26
30
36
31
37
34
9
35
4
37
35
11
13
13
29
13
36
32
35
28
29
38
29
34
30
13
19
30
37
28
35
37
39
29
9
34
37
36
14
10
36
37
33
35
36
15
18
36
33
37
32
32
27
29
22
26
38
19
7
23
38
28
17
37
13
32
35
35
38
30
5
5
28
23
34
31
39
25
36
36
34
35
21
10
37
32
34
18
35
25
28
32
17
22
24
34
31
37
36
9
32
37
19
24
31
35
37
34
12
37
34
39
29
33
37
26
28
37
38
34
32
34
35
15
38
34
32
22
25
38
37
16
36
34
15
22
16
28
18
29
37
24
34
32
37
30
26
22
34
9
22
37
34
37
17
37
37
34
7
25
24
23
24
30
15
26
14
37
36
27
37
35
37
34
26
13
30
36
10
37
36
19
25
3
21
31
31
35
28
37
38
24
37
27
8
27
35
16

4	229.0	2.1965065502183405
2	230.0	2.1782608695652175
5	220.0	2.2409090909090907
9	213.0	1.4976525821596245
11	159.0	1.0
12	168.0	1.0
7	211.0	1.5308056872037914
3	232.0	2.211206896551724
8	215.0	1.5534883720930233
1	231.0	2.0865800865800868
13	177.0	1.0
14	177.0	1.0
10	172.0	1.0
6	214.0	1.4345794392523366
17	163.0	1.0
24	158.0	1.0
20	159.0	1.0
22	161.0	1.0
25	173.0	1.0
23	161.0	1.0
16	146.0	1.0
19	146.0	1.0
15	152.0	1.0
18	160.0	1.0
21	153.0	1.0
0	224.0	2.299107142857143
