248

18
17
36
36
25
29
34
35
38
32
34
37
37
33
36
32
33
31
30
37
34
28
29
34
37
21
8
30
36
37
37
32
9
31
27
38
37
37
38
37
35
33
37
34
29
37
37
17
34
9
36
24
31
28
28
36
26
32
21
19
23
32
34
11
34
7
26
35
35
30
35
32
13
36
35
11
24
18
39
32
29
38
38
26
34
26
23
36
9
35
30
16
14
31
36
37
37
31
25
37
8
7
31
33
37
23
36
5
27
32
28
33
13
38
36
22
26
34
36
33
20
29
37
30
18
32
33
36
32
34
32
24
33
38
38
25
18
37
34
34
32
38
30
38
32
30
34
33
11
26
36
35
35
37
33
37
36
32
32
29
33
34
38
35
37
16
5
23
14
34
36
32
36
31
13
31
30
13
20
29
29
33
35
5
34
11
32
32
8
21
38
34
19
22
37
37
33
36
22
21
36
18
31
29
31
35
38
10
31
35
28
32
18
24
36
13
37
32
31
31
36
31
35
37
23
33
31
17
34
38
24
6
21
34
37
28
37
38
13
33
37
34
22
32
33
36
35
36

4	229.0	2.183406113537118
1	232.0	2.2543103448275863
7	213.0	1.6338028169014085
24	168.0	1.0
22	176.0	1.0
2	222.0	2.31981981981982
12	170.0	1.0
15	159.0	1.0
8	207.0	1.6231884057971016
11	173.0	1.0
19	172.0	1.0
5	234.0	2.175213675213675
6	223.0	1.5381165919282511
18	175.0	1.0
3	230.0	2.217391304347826
17	178.0	1.0
20	200.0	1.0
21	173.0	1.0
10	170.0	1.0
13	172.0	1.0
9	220.0	1.5636363636363637
14	171.0	1.0
23	177.0	1.0
16	168.0	1.0
25	190.0	1.0
0	233.0	2.3776824034334765
