232

4
6
4
9
6
5
7
4
7
8
5
9
7
8
5
8
5
3
8
9
6
7
9
7
9
4
5
8
8
5
9
4
6
4
8
3
6
9
7
4
7
4
7
9
7
7
9
6
7
7
3
7
9
6
8
9
9
9
7
9
7
6
7
4
6
9
6
8
8
7
8
9
4
6
7
6
3
9
6
5
3
9
8
7
5
9
8
4
8
8
7
5
8
7
3
4
9
3
6
8
7
3
9
6
6
8
4
5
4
7
9
7
7
6
9
6
6
6
6
8
9
6
7
7
7
8
9
9
9
7
5
9
9
5
6
8
9
4
7
9
4
7
8
5
3
7
4
8
9
3
3
6
8
8
5
9
8
7
5
7
9
3
4
9
4
8
7
5
9
8
5
4
7
5
4
9
8
8
9
6
8
8
8
7
9
9
6
3
9
5
8
8
8
5
8
4
5
9
5
8
4
9
9
6
5
7
3
7
9
7
7
7
4
9
7
8
7
8
7
7
7
5
8
9
4
8
5
7
7
4
8
7

1	135.0	1.0
7	134.0	1.0
4	119.0	1.0
10	124.0	1.0
8	134.0	1.007462686567164
5	149.0	1.0
6	122.0	1.0
2	108.0	1.0
9	132.0	1.0
3	129.0	1.0
0	186.0	1.413978494623656
