24

36
20
36
22
24
23
37
10
36
33
7
34
21
22
37
31
25
33
36
37
31
35
33
29

3	23.0	2.1739130434782608
11	18.0	1.0
17	18.0	1.0
6	21.0	1.5238095238095237
8	22.0	1.7272727272727273
21	18.0	1.0
7	22.0	1.4090909090909092
18	20.0	1.0
12	18.0	1.0
2	22.0	2.3181818181818183
19	17.0	1.0
5	21.0	2.142857142857143
15	15.0	1.0
4	21.0	2.3333333333333335
20	13.0	1.0
9	20.0	1.6
1	22.0	2.3636363636363638
10	15.0	1.0
14	16.0	1.0
13	16.0	1.0
16	15.0	1.0
24	18.0	1.0
25	14.0	1.0
22	15.0	1.0
23	13.0	1.0
0	22.0	2.227272727272727
