97

23
37
23
36
38
21
12
24
3
35
36
35
33
23
37
37
14
37
36
37
32
23
11
36
33
12
34
4
31
8
36
21
35
24
32
33
37
31
24
28
26
25
22
33
24
21
37
7
33
36
7
35
21
26
19
33
35
18
26
37
36
37
36
34
32
24
26
35
36
33
30
39
36
33
9
16
29
17
32
38
30
38
7
38
36
28
28
7
34
32
35
34
35
36
22
33
18

2	91.0	2.0549450549450547
3	90.0	2.088888888888889
1	88.0	2.2954545454545454
5	92.0	2.032608695652174
24	67.0	1.0
23	66.0	1.0
19	71.0	1.0
6	86.0	1.5116279069767442
17	58.0	1.0
25	56.0	1.0
14	60.0	1.0
9	79.0	1.6835443037974684
7	71.0	1.647887323943662
10	63.0	1.0
22	57.0	1.0
15	64.0	1.0
13	60.0	1.0
4	89.0	2.191011235955056
20	78.0	1.0
16	64.0	1.0
21	69.0	1.0
12	67.0	1.0
18	69.0	1.0
8	77.0	1.7532467532467533
11	64.0	1.0
0	92.0	2.3369565217391304
