100

32
34
24
30
26
33
6
36
34
34
36
26
33
33
28
37
31
28
28
31
36
7
5
30
33
38
8
26
25
34
39
30
20
28
26
3
31
29
30
27
7
33
5
28
29
38
35
37
31
36
37
33
37
23
35
32
30
32
36
29
34
20
30
33
38
35
34
22
32
31
28
21
33
34
37
15
13
17
29
10
31
8
35
33
37
22
37
26
18
20
34
34
34
34
17
34
32
35
31
30

4	94.0	2.0319148936170213
7	87.0	1.471264367816092
6	88.0	1.4545454545454546
5	96.0	2.1145833333333335
8	87.0	1.528735632183908
3	94.0	2.127659574468085
1	95.0	2.1052631578947367
2	97.0	2.2061855670103094
9	88.0	1.4659090909090908
11	65.0	1.0
13	69.0	1.0
14	67.0	1.0
22	69.0	1.0
19	69.0	1.0
20	68.0	1.0
16	68.0	1.0
24	62.0	1.0
25	67.0	1.0
18	67.0	1.0
15	71.0	1.0
23	71.0	1.0
21	67.0	1.0
17	66.0	1.0
12	76.0	1.0
10	71.0	1.0
0	93.0	2.3333333333333335
