25

31
21
30
34
36
36
35
31
19
35
5
36
35
29
37
6
37
27
28
33
30
37
35
37
14

19	14.0	1.0
17	15.0	1.0
3	23.0	2.130434782608696
4	20.0	2.5
18	13.0	1.0
2	23.0	2.260869565217391
14	17.0	1.0
20	20.0	1.0
7	23.0	1.5217391304347827
12	21.0	1.0
15	16.0	1.0
9	22.0	1.3636363636363635
8	21.0	1.5238095238095237
6	21.0	1.8571428571428572
16	19.0	1.0
10	18.0	1.0
13	17.0	1.0
1	24.0	2.375
11	20.0	1.0
5	24.0	2.2083333333333335
22	16.0	1.0
24	18.0	1.0
21	21.0	1.0
23	17.0	1.0
25	17.0	1.0
0	23.0	2.5217391304347827
