97

30
31
8
31
37
36
31
17
26
30
36
31
33
36
36
34
31
8
34
35
35
12
36
15
34
20
37
35
36
30
32
18
34
8
16
8
37
31
5
23
14
34
37
21
29
30
37
35
36
38
6
31
15
25
12
36
36
19
26
37
19
22
23
37
20
38
12
30
36
14
32
37
37
33
3
36
34
20
35
24
38
38
37
21
15
35
30
36
11
30
35
38
35
17
32
6
37

13	65.0	1.0
1	84.0	2.2976190476190474
6	86.0	1.4534883720930232
5	93.0	2.10752688172043
2	92.0	2.1847826086956523
3	89.0	2.2134831460674156
7	88.0	1.4659090909090908
10	68.0	1.0
4	88.0	2.1818181818181817
9	79.0	1.4430379746835442
8	81.0	1.4938271604938271
14	65.0	1.0
11	63.0	1.0
12	67.0	1.0
21	62.0	1.0
18	59.0	1.0
23	66.0	1.0
22	62.0	1.0
15	63.0	1.0
24	66.0	1.0
17	66.0	1.0
16	59.0	1.0
19	58.0	1.0
20	59.0	1.0
25	67.0	1.0
0	86.0	2.2906976744186047
