246

17
24
27
24
21
31
8
37
21
37
29
33
34
32
36
20
28
34
32
35
35
36
30
25
29
34
36
36
23
22
28
31
20
15
10
26
8
4
31
34
38
36
24
37
37
16
34
32
35
34
31
36
18
34
9
34
34
32
32
18
33
20
30
39
30
38
30
26
36
35
38
29
37
36
15
36
33
32
31
25
30
10
36
37
7
36
24
35
12
28
28
27
35
33
36
25
21
28
37
36
13
18
6
33
33
34
34
30
36
4
30
33
19
25
35
34
34
33
36
27
32
34
37
28
21
34
31
33
32
32
32
35
36
16
30
35
36
19
35
10
34
18
33
36
34
38
5
36
37
34
37
26
37
35
34
31
32
35
5
25
31
30
35
27
7
4
37
25
32
38
37
36
24
34
32
38
25
34
37
10
36
33
8
34
31
31
7
16
33
33
29
26
37
30
30
33
7
36
23
38
16
37
35
17
26
38
30
17
35
16
27
31
5
37
5
23
6
28
36
11
36
26
31
18
32
8
28
33
18
21
36
30
27
35
37
31
12
32
17
32
18
30
25
29
35
20

12	163.0	1.0
8	220.0	1.4636363636363636
15	160.0	1.0
1	232.0	2.146551724137931
6	214.0	1.5093457943925233
7	212.0	1.5377358490566038
13	166.0	1.0
10	168.0	1.0
3	230.0	2.1869565217391305
4	233.0	2.167381974248927
5	232.0	2.103448275862069
2	225.0	2.1777777777777776
14	169.0	1.0
11	168.0	1.0
9	207.0	1.5603864734299517
21	167.0	1.0
16	173.0	1.0
17	165.0	1.0
25	167.0	1.0
20	152.0	1.0
22	161.0	1.0
19	155.0	1.0
23	163.0	1.0
18	166.0	1.0
24	167.0	1.0
0	228.0	2.192982456140351
