240

36
25
22
27
16
28
38
33
30
13
30
33
11
31
35
34
7
37
33
37
11
36
36
31
35
31
33
33
36
27
21
26
34
13
26
30
32
33
34
38
39
37
37
31
38
23
28
35
34
36
32
38
27
17
34
35
15
35
37
28
37
19
22
33
5
22
34
19
25
31
25
27
18
21
34
37
35
15
34
32
25
36
35
36
34
34
5
35
39
35
27
6
35
19
35
16
5
37
30
33
21
34
35
29
28
36
27
25
33
3
23
31
6
32
33
37
28
28
36
31
30
39
21
37
38
33
29
30
37
12
32
33
32
18
6
27
35
21
30
36
35
28
31
38
31
37
26
35
29
25
36
34
30
38
37
32
36
36
36
30
31
28
37
37
36
33
34
26
9
36
33
28
37
35
38
36
37
37
16
8
38
8
36
35
38
14
38
33
37
37
32
27
36
22
35
30
31
19
37
5
38
15
33
13
24
38
9
35
33
31
32
25
33
35
32
32
22
34
29
29
31
34
32
19
37
33
37
36
26
10
29
34
38
19
36
34
37
35
37
22

2	215.0	2.227906976744186
3	227.0	2.1674008810572687
1	222.0	2.2927927927927927
4	224.0	2.2410714285714284
15	170.0	1.0
13	163.0	1.0
5	214.0	2.3551401869158877
16	163.0	1.0
25	177.0	1.0
6	199.0	1.6633165829145728
12	154.0	1.0
22	166.0	1.0
9	213.0	1.5539906103286385
18	160.0	1.0
17	163.0	1.0
20	175.0	1.0
23	167.0	1.0
24	172.0	1.0
14	176.0	1.0
10	169.0	1.0
21	174.0	1.0
8	219.0	1.538812785388128
19	175.0	1.0
7	210.0	1.5761904761904761
11	176.0	1.0
0	227.0	2.352422907488987
