95

35
6
16
6
17
35
37
37
25
19
11
28
16
34
36
16
16
34
31
36
17
26
34
36
17
36
25
36
13
32
36
26
29
27
24
28
33
34
10
13
37
21
29
30
37
29
33
25
20
31
37
34
33
11
32
28
29
19
32
35
29
23
26
14
31
24
30
33
25
36
23
35
34
7
35
29
31
32
16
32
27
24
37
37
18
31
35
36
37
30
37
36
25
27
33

2	90.0	2.066666666666667
1	92.0	1.9673913043478262
5	86.0	2.1511627906976742
7	85.0	1.576470588235294
10	62.0	1.0
12	58.0	1.0
13	61.0	1.0
14	64.0	1.0
3	92.0	2.0543478260869565
8	84.0	1.4642857142857142
6	81.0	1.4814814814814814
4	93.0	1.956989247311828
9	87.0	1.471264367816092
11	61.0	1.0
25	64.0	1.0
22	65.0	1.0
19	64.0	1.0
20	67.0	1.0
17	66.0	1.0
24	57.0	1.0
16	59.0	1.0
23	64.0	1.0
21	59.0	1.0
15	58.0	1.0
18	62.0	1.0
0	90.0	2.2333333333333334
