100

4
30
8
36
34
38
35
27
5
37
36
13
34
25
16
13
35
34
32
31
32
31
36
14
37
19
32
15
32
25
35
24
35
31
36
38
11
7
36
34
34
35
38
35
14
32
12
29
22
26
33
36
34
34
34
27
19
35
37
33
30
21
19
26
37
25
36
26
31
13
34
32
37
35
32
31
19
23
33
37
36
26
25
33
30
28
37
15
11
18
36
36
31
36
8
29
6
35
36
37

3	92.0	2.1956521739130435
13	73.0	1.0
4	93.0	2.064516129032258
18	71.0	1.0
2	93.0	2.150537634408602
17	62.0	1.0
8	82.0	1.7560975609756098
6	82.0	1.6585365853658536
15	73.0	1.0
14	68.0	1.0
10	67.0	1.0
16	68.0	1.0
9	84.0	1.4761904761904763
5	92.0	2.2282608695652173
7	85.0	1.6
12	78.0	1.0
11	75.0	1.0
1	91.0	2.230769230769231
23	61.0	1.0
25	62.0	1.0
24	56.0	1.0
21	58.0	1.0
19	55.0	1.0
22	57.0	1.0
20	71.0	1.0
0	93.0	2.2688172043010755
