247

34
37
35
34
27
30
36
31
37
14
35
14
24
37
29
7
38
13
19
35
23
38
34
35
16
30
20
20
27
36
35
35
35
35
36
32
32
23
37
24
37
33
36
14
35
30
34
37
28
30
22
36
31
35
28
38
23
34
28
35
33
35
36
37
21
22
32
37
31
37
28
20
31
14
27
22
26
34
23
32
33
34
11
37
36
9
8
29
3
37
22
35
34
32
25
25
32
20
12
36
30
34
33
35
36
35
27
28
33
28
26
18
35
34
26
7
34
30
38
32
35
29
30
29
21
20
35
37
34
29
34
27
36
37
17
33
35
12
25
30
23
19
27
30
17
24
30
37
29
37
19
36
19
36
30
20
35
33
35
22
27
33
37
33
21
32
28
36
33
35
30
35
35
33
36
34
37
33
8
28
36
36
4
15
37
33
37
36
29
27
27
35
38
31
38
36
34
10
32
10
36
14
35
13
8
24
36
37
38
23
32
37
38
37
5
24
20
19
37
37
10
38
37
38
35
37
29
32
29
37
16
7
36
37
31
35
32
33
35
37
25
24
30
29
38
36
36

12	180.0	1.0
11	184.0	1.0
15	163.0	1.0
4	229.0	2.2052401746724892
14	174.0	1.0
8	229.0	1.519650655021834
3	236.0	2.2584745762711864
10	175.0	1.0
6	210.0	1.6428571428571428
2	240.0	2.191666666666667
5	235.0	2.2085106382978723
1	242.0	2.152892561983471
16	164.0	1.0
9	220.0	1.5818181818181818
13	176.0	1.0
7	220.0	1.4727272727272727
19	175.0	1.0
24	151.0	1.0
17	160.0	1.0
21	164.0	1.0
20	156.0	1.0
22	163.0	1.0
25	174.0	1.0
18	178.0	1.0
23	180.0	1.0
0	238.0	2.23109243697479
