243

30
35
31
23
36
36
26
31
33
37
36
18
34
35
37
33
25
31
34
35
29
34
35
20
34
16
32
37
8
9
34
34
25
9
36
6
23
29
35
22
31
36
19
27
37
29
31
15
15
29
28
37
36
24
34
27
37
36
37
28
32
32
36
13
34
25
13
28
26
21
15
37
36
36
30
29
33
37
4
36
37
36
13
31
29
33
30
9
13
10
29
13
27
37
8
34
32
25
32
29
37
24
8
23
36
28
34
6
6
38
29
24
36
17
3
36
30
12
31
37
36
35
33
28
37
34
24
38
38
21
27
34
16
36
33
38
8
12
38
35
35
29
34
34
3
33
28
37
5
24
21
6
38
30
30
18
37
30
33
35
36
29
31
36
8
34
34
35
34
38
25
36
7
4
37
16
35
36
26
31
31
37
29
25
23
35
33
29
38
32
15
24
6
34
33
34
17
33
38
27
13
26
37
36
25
13
36
11
30
36
5
5
35
36
25
39
14
34
37
11
35
33
21
36
7
39
15
19
33
25
26
32
37
17
37
23
30
22
17
6
35
17
18

4	219.0	2.182648401826484
7	211.0	1.4881516587677726
5	219.0	2.1506849315068495
8	218.0	1.5412844036697249
3	227.0	2.066079295154185
1	228.0	2.1228070175438596
2	220.0	2.1363636363636362
6	219.0	1.5159817351598173
23	156.0	1.0
16	157.0	1.0
19	149.0	1.0
25	149.0	1.0
9	191.0	1.581151832460733
17	145.0	1.0
11	148.0	1.0
24	153.0	1.0
14	153.0	1.0
13	147.0	1.0
12	135.0	1.0
20	159.0	1.0
18	166.0	1.0
15	161.0	1.0
10	163.0	1.0
22	172.0	1.0
21	179.0	1.0
0	224.0	2.2723214285714284
