243

27
29
20
31
20
32
34
33
32
28
34
33
36
36
23
6
17
16
38
16
34
19
19
16
26
38
25
37
32
38
35
34
26
5
9
7
4
33
36
36
29
36
38
11
16
38
23
38
18
8
22
37
37
36
38
35
8
29
23
37
37
11
35
8
22
35
36
13
37
37
3
35
30
37
33
37
37
34
36
30
33
30
35
34
28
33
18
37
33
37
25
31
35
31
34
6
35
21
26
21
19
32
33
38
37
31
29
31
32
12
23
37
37
30
37
32
37
24
23
21
34
35
34
34
34
34
27
37
22
33
37
35
38
31
33
33
28
34
32
32
35
33
29
7
26
35
35
30
34
34
26
36
15
32
33
32
31
21
32
17
20
11
22
37
19
37
37
8
38
37
26
32
38
32
24
24
34
35
33
22
36
37
23
36
15
5
28
35
36
27
31
37
35
15
33
35
36
37
29
26
32
35
23
12
32
37
33
38
7
32
34
36
37
29
37
15
28
36
36
33
35
30
15
23
33
9
29
31
34
35
8
24
36
32
35
37
9
4
31
37
5
10
31

3	222.0	2.2432432432432434
2	228.0	2.1228070175438596
1	218.0	2.1559633027522938
15	175.0	1.0
20	176.0	1.0
10	165.0	1.0
25	163.0	1.0
12	171.0	1.0
11	159.0	1.0
13	175.0	1.0
19	165.0	1.0
21	156.0	1.0
24	166.0	1.0
17	164.0	1.0
22	172.0	1.0
18	161.0	1.0
23	169.0	1.0
9	204.0	1.5686274509803921
8	203.0	1.5911330049261083
5	221.0	2.2217194570135748
6	195.0	1.7025641025641025
14	163.0	1.0
7	214.0	1.5233644859813085
16	166.0	1.0
4	224.0	2.2455357142857144
0	217.0	2.3870967741935485
