245

19
37
14
19
5
21
18
27
37
23
11
37
29
35
36
22
36
34
4
22
34
32
18
11
4
25
37
34
35
37
37
36
14
13
4
38
36
14
18
25
7
31
37
21
30
38
6
36
36
24
35
36
26
35
29
9
28
34
32
33
36
22
35
3
35
34
27
30
8
23
38
5
33
6
33
21
22
37
37
21
5
37
33
32
36
37
29
33
31
33
9
19
11
21
32
18
28
5
31
23
22
29
38
28
5
33
32
33
34
22
22
4
37
35
36
28
21
37
13
28
4
19
38
35
38
32
34
35
29
24
31
35
36
13
4
37
34
33
26
37
6
36
36
23
36
15
37
34
33
32
6
14
31
27
36
29
24
37
36
33
22
36
29
29
34
29
9
27
24
31
35
30
36
36
16
34
36
31
35
23
34
21
35
31
19
30
10
25
28
9
30
32
36
23
36
37
6
35
29
36
35
21
34
28
24
31
18
15
36
18
37
34
36
31
31
36
31
36
33
25
8
3
6
32
33
34
18
29
12
10
17
33
21
38
35
33
32
38
32
33
27
36
4
30
33

3	231.0	2.0432900432900434
2	224.0	2.125
4	220.0	2.1863636363636365
5	227.0	1.9911894273127753
1	228.0	2.0964912280701755
8	210.0	1.5
7	203.0	1.4926108374384237
6	213.0	1.5211267605633803
25	152.0	1.0
9	202.0	1.5643564356435644
12	158.0	1.0
10	150.0	1.0
22	146.0	1.0
17	150.0	1.0
14	160.0	1.0
13	147.0	1.0
15	144.0	1.0
20	148.0	1.0
11	157.0	1.0
24	159.0	1.0
21	159.0	1.0
23	158.0	1.0
18	157.0	1.0
16	166.0	1.0
19	164.0	1.0
0	222.0	2.1666666666666665
