25

33
22
34
33
29
36
38
26
34
25
34
28
26
37
24
36
36
38
20
35
9
15
35
37
32

23	20.0	1.0
13	19.0	1.0
20	21.0	1.0
10	20.0	1.0
3	24.0	2.3333333333333335
19	16.0	1.0
1	23.0	2.3043478260869565
21	17.0	1.0
22	20.0	1.0
6	23.0	1.565217391304348
8	23.0	1.6956521739130435
7	21.0	1.5714285714285714
5	23.0	2.217391304347826
2	23.0	2.260869565217391
9	22.0	1.5909090909090908
14	15.0	1.0
17	18.0	1.0
24	16.0	1.0
12	15.0	1.0
11	18.0	1.0
4	22.0	2.1818181818181817
16	19.0	1.0
18	20.0	1.0
15	19.0	1.0
25	17.0	1.0
0	25.0	2.36
