97

10
33
22
37
23
36
25
33
37
6
36
26
36
15
35
19
12
34
21
30
34
8
31
34
37
34
24
36
5
15
36
24
36
37
14
31
35
20
15
31
11
17
34
31
37
37
23
29
23
17
32
33
33
36
6
15
5
33
12
23
34
26
34
34
38
37
32
35
38
36
29
38
20
31
30
34
7
38
33
33
37
14
13
34
36
22
20
7
35
32
32
30
34
35
6
33
35

3	84.0	2.0714285714285716
4	88.0	2.2045454545454546
1	85.0	2.164705882352941
2	87.0	2.160919540229885
11	61.0	1.0
6	67.0	1.7014925373134329
16	57.0	1.0
13	53.0	1.0
15	67.0	1.0
14	73.0	1.0
22	65.0	1.0
12	65.0	1.0
10	67.0	1.0
18	69.0	1.0
8	78.0	1.7692307692307692
24	66.0	1.0
7	75.0	1.6
17	57.0	1.0
21	63.0	1.0
25	65.0	1.0
19	62.0	1.0
5	88.0	2.215909090909091
9	80.0	1.5875
20	62.0	1.0
23	59.0	1.0
0	90.0	2.188888888888889
