97

35
30
10
26
37
29
31
36
29
29
28
37
27
11
34
32
17
11
36
35
33
25
6
10
37
12
20
35
6
27
27
8
33
20
38
27
16
35
6
29
28
17
21
7
24
38
35
25
10
32
34
31
35
36
24
16
6
37
26
34
34
35
33
37
36
34
3
36
36
27
35
37
34
31
35
32
37
37
36
31
28
26
4
5
35
30
33
12
34
27
26
18
10
10
25
33
36

5	87.0	2.1954022988505746
8	83.0	1.4698795180722892
6	86.0	1.430232558139535
4	88.0	2.090909090909091
2	86.0	2.127906976744186
9	81.0	1.4814814814814814
7	83.0	1.4096385542168675
3	90.0	1.8666666666666667
1	86.0	2.0697674418604652
11	55.0	1.0
10	66.0	1.0
22	69.0	1.0
12	59.0	1.0
20	64.0	1.0
25	64.0	1.0
19	62.0	1.0
13	60.0	1.0
15	65.0	1.0
18	61.0	1.0
17	63.0	1.0
24	62.0	1.0
23	55.0	1.0
14	55.0	1.0
16	60.0	1.0
21	67.0	1.0
0	87.0	2.310344827586207
