220

7
8
8
3
5
7
8
4
8
8
5
8
9
4
9
3
9
8
9
9
5
8
8
8
9
3
7
9
4
8
4
7
8
4
8
3
3
9
3
5
9
5
6
8
6
8
7
8
8
7
6
9
7
9
8
5
6
8
4
7
6
6
9
8
5
6
6
8
5
6
9
8
9
7
9
6
9
7
6
8
8
6
8
8
6
7
9
8
7
8
8
5
6
4
9
8
9
7
6
6
4
4
7
8
6
9
8
5
6
8
3
9
9
9
8
6
6
9
3
9
6
3
6
7
5
4
8
3
5
5
5
3
7
4
8
7
9
5
6
3
6
8
5
6
8
5
6
7
7
5
9
8
4
8
5
4
5
8
3
4
9
7
6
9
9
8
8
9
9
8
9
8
7
5
5
8
8
7
3
8
9
5
6
7
4
4
9
6
9
9
4
9
9
7
8
8
6
7
8
6
6
7
6
4
3
5
3
9
4
7
9
8
6
9
7
9
4
9
8
6

2	144.0	1.0
1	115.0	1.008695652173913
3	124.0	1.0080645161290323
5	120.0	1.0083333333333333
4	123.0	1.0
6	123.0	1.0
9	116.0	1.0
10	113.0	1.0
8	123.0	1.0
7	115.0	1.008695652173913
0	180.0	1.4111111111111112
