35_1000_4.9e-10_4.9e-10_470000000
35
1000
4.9e-10
4.9e-10
470000000

['./treeMaker/main']
1.00437498093	0.585288047791	1.08084797859	0.979046821594	1.14043498039	0.615763902664	0.696269035339	2.16747403145	0.834254026413	1.7344789505	1.45495486259	0.885568857193	2.17607498169	0.45924282074	0.73844408989	0.837131023407	2.65535402298	1.15125584602	2.27335000038	1.11322879791	2.74358797073	0.803268194199	1.27704691887	1.86023187637	0.793870210648	0.599101066589	1.56795191765	1.09566903114	0.588382005692	0.816974878311	1.25104498863	1.07668113708	3.80745601654	0.860550880432	2.37984895706	0.981394052505	0.461075782776	0.893878936768	0.922683000565	0.668148994446	0.901471138	1.15831398964	1.40309882164	1.10341906548	1.42948007584	1.31590104103	0.855416059494	0.485694885254	0.742616176605	0.522759914398	
['./treeMaker/main', '-b']
0.992407083511	0.52686715126	1.00746202469	0.997080802917	1.15140795708	0.614212989807	0.804003953934	2.11871790886	0.781210899353	1.74248504639	1.39014220238	0.960643053055	1.97451210022	0.519324064255	0.783149957657	0.726099967957	2.74599504471	1.0451259613	2.48305892944	1.21287894249	2.78393101692	0.764875888824	1.13333201408	1.63095617294	0.671688079834	0.574366807938	1.52144289017	1.00482606888	0.610243797302	0.804033041	1.11645293236	1.04857301712	3.60263991356	0.838608980179	2.40599894524	0.9753241539	0.469753980637	0.834558010101	1.00119686127	0.607131958008	0.920250177383	1.21659588814	1.33637499809	1.02831792831	1.51095604897	1.33589100838	0.762392997742	0.467849969864	0.741026163101	0.530488967896	
['./treeMaker/main', '-u']
1.0037419796	0.604539871216	0.937432050705	0.884172201157	1.04065990448	0.612455129623	0.771893024445	2.32553005219	0.900990962982	1.66651296616	1.47256183624	0.906512022018	2.30561709404	0.512830018997	0.769212961197	0.817242145538	2.61374998093	1.0034968853	2.31996393204	1.15741610527	2.81329011917	0.804049968719	1.10906195641	1.6875679493	0.753485202789	0.522956848145	1.5082681179	1.07062506676	0.559377908707	0.793008089066	1.15982103348	1.03902816772	3.92390799522	0.838705062866	2.55308318138	0.985767841339	0.463790178299	0.921026945114	0.956079959869	0.592777967453	0.873651981354	1.12086892128	1.20474505424	1.01308012009	1.45568704605	1.19167208672	0.849678039551	0.475275993347	0.746861934662	0.4518430233	
['./treeMaker/main', '-t', '-r', '1']
4.73540091515	3.46971511841	4.85170006752	4.69162607193	5.26383590698	3.58088803291	4.20703411102	6.9267449379	4.46083211899	6.09602379799	5.89949584007	4.54307293892	7.4101960659	3.15888786316	4.13699293137	4.39743208885	8.36763286591	5.16986703873	8.18991112709	5.47015690804	8.33735394478	3.99139404297	5.54971003532	6.31480693817	4.15576601028	3.25627613068	6.37480378151	5.43960595131	3.61764502525	4.37150812149	5.78346705437	5.26804590225	9.42045092583	4.64121985435	8.62811517715	5.06891894341	2.97256398201	4.51233911514	4.61541008949	3.60870885849	4.48345994949	5.47168016434	5.84256887436	5.21078920364	6.35548782349	5.95149302483	4.29654407501	3.10108208656	4.14187908173	3.2700150013	
['./treeMaker/main', '-t', '-r', '2']
7.37421607971	5.35395503044	7.62498402596	7.05604696274	7.90048098564	5.69247198105	6.10541605949	12.0397269726	6.65950703621	10.4350171089	9.72510790825	7.18278217316	12.3694190979	4.9777200222	6.5518848896	6.6744389534	13.1795699596	8.29440617561	12.1259789467	8.1878221035	14.4170839787	7.10798716545	8.20990204811	10.9145200253	6.11444592476	5.33418798447	9.29717183113	7.69535493851	5.48484492302	7.03166699409	8.24499988556	7.929459095	16.6150279045	6.74299907684	13.1019001007	7.52260494232	4.51627588272	6.80723404884	7.12707495689	5.51102304459	7.05785703659	7.80725216866	8.66186690331	8.01705694199	9.29421496391	8.30406808853	6.74554395676	4.78479790688	6.26348614693	5.00640892982	
['./treeMaker/main', '-t', '-r', '1', '-N']
4.77901101112	3.43825292587	4.89001893997	4.72578692436	5.4743449688	3.50400590897	4.27546906471	6.9298157692	4.39960289001	6.2862329483	5.96670889854	4.63812494278	7.28080511093	3.17349696159	4.08248090744	4.60701107979	8.30689620972	5.1346950531	8.2980799675	5.56015181541	8.38978290558	4.0202050209	5.52481412888	6.26138710976	4.21829104424	3.25096702576	6.30576205254	5.40366315842	3.56350493431	4.20858216286	5.61193704605	5.29623508453	9.45445895195	4.44568610191	8.68431305885	5.06645894051	3.31656908989	4.39759898186	4.65447402	3.73427987099	4.50795292854	5.46973609924	5.94001603127	5.21381187439	6.38770985603	5.89779806137	4.31999182701	3.10480904579	4.13862395287	3.25593709946	
['./treeMaker/main', '-t', '-r', '2', '-N']
7.38664102554	5.32723402977	7.49534201622	7.02084898949	7.85969805717	5.59340715408	6.11973690987	12.1015210152	6.6916987896	10.4416158199	9.71522307396	7.17759180069	12.422492981	5.0485560894	6.64001584053	6.89352798462	13.1704530716	8.05030679703	11.9946470261	8.26921892166	14.2946438789	6.84767699242	8.17368412018	11.0325341225	6.09419584274	5.29729008675	9.53607320786	7.70919394493	5.49079990387	6.92915511131	8.28796100616	7.92870807648	16.8484048843	6.80931591988	13.1313660145	7.27748394012	4.63044214249	6.79785490036	7.21559906006	5.52537608147	7.1858727932	7.81411910057	8.6849629879	7.9865090847	9.27030801773	8.35196900368	6.81637120247	4.82620692253	6.25850105286	4.99991106987	
['./treeMaker/main', '-m']
0.156447887421	0.132150888443	0.158672094345	0.166640996933	0.163888931274	0.129337787628	0.139250993729	0.228016138077	0.145044088364	0.189033031464	0.187397956848	0.152487039566	0.207397937775	0.125365972519	0.13905787468	0.143113851547	0.216642141342	0.159067869186	0.215148925781	0.1681599617	0.221804857254	0.151131153107	0.156379938126	0.188992977142	0.138615131378	0.129587888718	0.173617839813	0.16149520874	0.130626916885	0.144863128662	0.165116071701	0.153528928757	0.257673025131	0.144199132919	0.214125156403	0.160305023193	0.117840051651	0.146824121475	0.148899793625	0.130836009979	0.153159141541	0.16210103035	0.17005109787	0.15850687027	0.192186832428	0.167767047882	0.14217209816	0.136574983597	0.143471956253	0.132292032242	
['./treeMaker/main', '-m', '-b']
0.174979925156	0.143867015839	0.171003818512	0.173801898956	0.16997385025	0.139600038528	0.163423061371	0.219648838043	0.168350934982	0.215978860855	0.18628692627	0.166878938675	0.225333213806	0.131490945816	0.156296014786	0.150217056274	0.241100072861	0.185646057129	0.231886148453	0.178635120392	0.263700008392	0.158723831177	0.166352987289	0.200309038162	0.154790878296	0.157582044601	0.186822891235	0.16060090065	0.136259078979	0.1557700634	0.18773317337	0.166127920151	0.283175945282	0.169600009918	0.234397172928	0.166025876999	0.123721122742	0.157774925232	0.167978048325	0.136570930481	0.160361051559	0.16805100441	0.179921150208	0.172462940216	0.199856996536	0.172070026398	0.156551837921	0.131758928299	0.155559062958	0.138921022415	
['./treeMaker/main', '-m', '-w', '1']
0.152279138565	0.140815019608	0.162457942963	0.145195960999	0.157964944839	0.125180959702	0.137326955795	0.217200994492	0.143878936768	0.194716930389	0.182233810425	0.149658918381	0.201058864594	0.124777793884	0.138777971268	0.146054983139	0.212615966797	0.175853013992	0.219363212585	0.158082008362	0.231349945068	0.154948949814	0.17243885994	0.197652816772	0.142107963562	0.136167049408	0.190128087997	0.168055057526	0.13158082962	0.153377056122	0.167237043381	0.177848100662	0.265180110931	0.149760961533	0.222506999969	0.156198978424	0.119290113449	0.164031028748	0.160990953445	0.13494682312	0.156527042389	0.165576934814	0.164380073547	0.166352987289	0.190875053406	0.169011116028	0.143220901489	0.117364883423	0.151637077332	0.131394863129	
['./treeMaker/main', '-m', '-w', '2']
0.150507926941	0.127076864243	0.166568994522	0.152318000793	0.151134967804	0.125901937485	0.161098957062	0.209583044052	0.148701906204	0.194026947021	0.177111148834	0.15079498291	0.216567993164	0.132073879242	0.139352083206	0.160305023193	0.212390899658	0.168161869049	0.22797203064	0.167779922485	0.237554073334	0.163187026978	0.174504995346	0.207877874374	0.136938810349	0.135462999344	0.18789601326	0.15717792511	0.133414983749	0.152294158936	0.166285037994	0.164329051971	0.283303976059	0.148962974548	0.223111867905	0.158374071121	0.120044946671	0.146080970764	0.155203819275	0.14843416214	0.170240879059	0.168457984924	0.171025037766	0.157966852188	0.18032002449	0.179436206818	0.157341957092	0.123598098755	0.142996788025	0.125510931015	
['./treeMaker/main', '-m', '-c', '1']
0.151329994202	0.131485939026	0.162528038025	0.147161960602	0.152991056442	0.137135028839	0.139340877533	0.203099012375	0.146108865738	0.194917917252	0.189761161804	0.1576628685	0.217697143555	0.129806995392	0.138643026352	0.148216962814	0.235950946808	0.163969039917	0.200859069824	0.168292999268	0.228733062744	0.151911973953	0.15533208847	0.188332796097	0.13427400589	0.128756046295	0.185893058777	0.155323982239	0.126349925995	0.15375995636	0.164275884628	0.15328502655	0.255875110626	0.157818078995	0.215133190155	0.156795024872	0.119211912155	0.142390012741	0.151002883911	0.139609098434	0.149552106857	0.154863119125	0.164902925491	0.157808065414	0.175544977188	0.17022895813	0.142370939255	0.120995998383	0.132802009583	0.122123003006	
['./treeMaker/main', '-m', '-c', '2']
0.164520025253	0.130083799362	0.153752088547	0.149050951004	0.155898809433	0.131022930145	0.13644695282	0.221982002258	0.152621984482	0.207225084305	0.181590080261	0.147586107254	0.20122885704	0.12560915947	0.138179063797	0.152403831482	0.213884115219	0.16808795929	0.206912994385	0.162626981735	0.220001935959	0.149540185928	0.161201953888	0.190912008286	0.136388063431	0.147984027863	0.178281068802	0.147999048233	0.14452290535	0.163810014725	0.166317939758	0.150734186172	0.268012046814	0.144083976746	0.233272075653	0.172283887863	0.111991882324	0.142348051071	0.145557880402	0.128164052963	0.158444881439	0.15674996376	0.170188903809	0.163640022278	0.176717042923	0.159112930298	0.159837007523	0.124356031418	0.130651950836	0.126262187958	
['./treeMaker/main', '-m', '-a', '1']
0.172293901443	0.141623020172	0.185336112976	0.17361998558	0.196916103363	0.140329837799	0.159440040588	0.240596055984	0.166911125183	0.213214874268	0.189049005508	0.167752027512	0.214306116104	0.144687891006	0.161762952805	0.152664899826	0.250931978226	0.172198057175	0.227658033371	0.177387952805	0.247701883316	0.161777973175	0.166971921921	0.200954914093	0.15492606163	0.14556312561	0.183348894119	0.162296056747	0.14742398262	0.161674022675	0.172590970993	0.166033029556	0.286836862564	0.158807992935	0.240262031555	0.161799907684	0.128675937653	0.157699108124	0.160897016525	0.154375076294	0.174154996872	0.179002046585	0.184756994247	0.195751905441	0.192770004272	0.193559169769	0.162568807602	0.141873836517	0.14714717865	0.142810106277	
['./treeMaker/main', '-m', '-a', '2']
0.14945101738	0.145973920822	0.175308227539	0.153583049774	0.15493106842	0.134120225906	0.143510103226	0.211713075638	0.142322063446	0.208984851837	0.18080496788	0.155557870865	0.212913036346	0.127699136734	0.155942201614	0.146634817123	0.233551025391	0.16934299469	0.216456890106	0.163263082504	0.22124505043	0.167248010635	0.167654037476	0.191617965698	0.140483140945	0.130681037903	0.189338922501	0.154093027115	0.132029056549	0.14611697197	0.157687902451	0.159568071365	0.255686998367	0.150966882706	0.221797943115	0.156922101974	0.118647098541	0.162678003311	0.16769194603	0.128771066666	0.159309148788	0.168838977814	0.171120882034	0.15784406662	0.170587062836	0.166646957397	0.147961854935	0.12263584137	0.137233018875	0.12029004097	
