35_1000_4.9e-10_4.9e-10_470000000
35
1000
4.9e-10
4.9e-10
470000000

['./treeMaker/main']
1.00187206268	0.604851007462	1.07488393784	0.999993801117	1.13806581497	0.594135046005	0.732149839401	2.03279805183	0.842418193817	1.72649121284	1.3776550293	0.876224994659	2.20018386841	0.45888710022	0.68377494812	0.79855298996	2.72665309906	1.12054109573	2.4042339325	1.2193980217	2.65449094772	0.801542043686	1.17413401604	1.81254601479	0.739759922028	0.59158205986	1.6442091465	1.05804395676	0.583782911301	0.823268890381	1.27393198013	1.14596700668	3.8498570919	0.803375005722	2.5666539669	0.9846367836	0.425526857376	0.870182991028	0.985679149628	0.613057851791	0.959860086441	1.19074702263	1.36947917938	1.18679690361	1.34439992905	1.23601579666	0.856815099716	0.48109292984	0.720995903015	0.501437187195	
['./treeMaker/main', '-b']
0.992517948151	0.524920940399	0.929133892059	0.923791885376	1.06465697289	0.613929986954	0.744987010956	2.06648588181	0.851654052734	1.65751791	1.38649296761	0.916921854019	2.10435414314	0.503901004791	0.823566913605	0.842655897141	2.50307798386	1.09988188744	2.19774985313	1.23120999336	2.77238202095	0.758475065231	1.10811805725	1.74545383453	0.674875974655	0.512298107147	1.56679105759	1.02607917786	0.573369026184	0.817666053772	1.25177598	1.02675795555	3.73387885094	0.810829877853	2.59776592255	1.02516198158	0.437402009964	0.795823097229	0.914135932922	0.645532131195	0.983485937119	1.16571688652	1.28353595734	1.140625	1.47222781181	1.36365604401	0.83243894577	0.431906938553	0.701737880707	0.518988847733	
['./treeMaker/main', '-u']
0.987660884857	0.595927000046	1.07595896721	0.845871210098	1.04178094864	0.611308813095	0.78203701973	2.20478320122	0.870754957199	1.77512598038	1.48687386513	0.956890106201	2.21140408516	0.511063814163	0.767190933228	0.744576931	2.48803687096	1.03228902817	2.12240719795	1.21093988419	2.61866497993	0.844683885574	1.19033312798	1.6473171711	0.761779069901	0.508445978165	1.45031285286	1.12076616287	0.574046850204	0.764275789261	1.13529205322	1.1143488884	3.91207098961	0.868954896927	2.5693500042	1.01367115974	0.450664043427	0.885670900345	0.995871067047	0.637887001038	0.884564876556	1.16966509819	1.33272695541	1.01440000534	1.32095694542	1.1461019516	0.744071960449	0.479303836823	0.732438087463	0.465880870819	
['./treeMaker/main', '-t', '-r', '1']
4.85820913315	3.57248806953	4.76780104637	4.77554297447	5.35710382462	3.5337100029	4.22534680367	7.15466213226	4.41058897972	6.2990629673	6.18192696571	4.77440690994	7.3862760067	3.28036904335	4.10131192207	4.4484360218	8.38360786438	5.2875430584	8.52870607376	5.68900895119	8.57898688316	4.33978414536	5.71720385551	6.44368386269	4.23422813416	3.45066213608	6.49137783051	5.40500497818	3.66279101372	4.45486903191	5.95668292046	5.3448600769	9.5579969883	4.59533596039	8.76832699776	5.12450003624	3.06307291985	4.56454396248	4.81651592255	3.68254089355	4.65296006203	5.51330280304	5.85992693901	5.41679286957	6.47146320343	6.04360699654	4.43522691727	3.26809191704	4.24839806557	3.2938439846	
['./treeMaker/main', '-t', '-r', '2']
7.23404884338	5.26873397827	7.41296815872	7.1435008049	7.87415909767	5.55308198929	6.08266305923	11.8475289345	6.87105488777	10.3868601322	9.32327795029	6.86360406876	12.3820459843	4.96932816505	6.68898487091	6.73288488388	13.2134640217	8.0595099926	11.7627010345	7.9051990509	14.0259251595	6.41546797752	8.09936881065	10.8591988087	6.1950469017	5.33438587189	9.22844600677	7.64875411987	5.52368497849	6.94879198074	8.12305188179	7.79223299026	16.3756489754	6.79731488228	12.9595301151	7.26431488991	4.68740010262	6.53717088699	7.21997404099	5.40575695038	7.12481403351	7.88855910301	8.53835606575	7.88035392761	9.2402908802	8.31133389473	6.59059000015	4.90019798279	6.05027294159	4.82976913452	
['./treeMaker/main', '-t', '-r', '1', '-N']
4.91197013855	3.50336408615	4.84857392311	4.7992939949	5.28921508789	3.62249207497	4.20821905136	7.17649888992	4.49191594124	6.26362204552	6.17256402969	4.83428621292	7.53254294395	3.1830291748	4.22327303886	4.46798610687	8.45312905312	5.50578808784	8.47409105301	5.60378909111	8.70181322098	4.38020706177	5.65106201172	6.45387983322	4.21212601662	3.41463398933	6.44607400894	5.40537405014	3.71243405342	4.26426291466	5.73571014404	5.27925300598	9.47249293327	4.61732912064	8.8398039341	5.19292402267	3.03179216385	4.58045911789	4.8099629879	3.66642189026	4.56912398338	5.58899402618	5.98925995827	5.41014099121	6.51279902458	5.98264503479	4.42101407051	3.15187382698	4.26322603226	3.30480313301	
['./treeMaker/main', '-t', '-r', '2', '-N']
7.249751091	5.37886810303	7.5097181797	7.00418019295	7.96633195877	5.5481338501	6.11251592636	11.9056470394	6.67632603645	10.4165410995	9.29556798935	6.9218018055	12.44333601	5.12601590157	6.67941999435	6.77820205688	13.220430851	8.00142502785	11.8746562004	8.00109815598	14.0504310131	6.29495501518	8.06136512756	10.951048851	6.17031407356	5.27625489235	9.14314413071	7.65505194664	5.443983078	6.99677395821	8.29285478592	7.89764308929	16.4971168041	6.76099205017	12.9663538933	7.16783499718	4.57037305832	6.63835906982	7.20909714699	5.43818593025	7.12456417084	7.87707400322	8.48980879784	7.86119890213	9.16884994507	8.21517014503	6.69579291344	4.8792321682	6.07865095139	4.7677359581	
['./treeMaker/main', '-m']
0.155256032944	0.132300853729	0.158246994019	0.151731014252	0.164574861526	0.138738870621	0.143451929092	0.204596996307	0.165390014648	0.189152002335	0.168664932251	0.150210857391	0.199970006943	0.141389131546	0.140026092529	0.142838001251	0.21542096138	0.157554864883	0.205193996429	0.165910959244	0.221180915833	0.14405798912	0.165661096573	0.189128875732	0.138206005096	0.126907110214	0.173564910889	0.148957967758	0.130972862244	0.144921064377	0.159066915512	0.157017946243	0.251723051071	0.147875785828	0.213984012604	0.154508113861	0.117475986481	0.145478963852	0.15710401535	0.132926940918	0.152745008469	0.169683933258	0.168282985687	0.161386013031	0.17031288147	0.178035974503	0.140846014023	0.119359970093	0.151612043381	0.130844116211	
['./treeMaker/main', '-m', '-b']
0.160763978958	0.141345024109	0.180259943008	0.162850141525	0.180656194687	0.139486074448	0.152684926987	0.232660055161	0.15401506424	0.218586921692	0.192790031433	0.16712808609	0.232823133469	0.136002063751	0.163285970688	0.158451080322	0.233030080795	0.17530798912	0.230954885483	0.1900639534	0.250027894974	0.17399096489	0.169799089432	0.200371980667	0.144702911377	0.135861158371	0.196588039398	0.171180963516	0.145071029663	0.165568113327	0.171543121338	0.175424814224	0.277210235596	0.157835960388	0.245603084564	0.164421081543	0.12322306633	0.176128149033	0.158416032791	0.141531944275	0.16947221756	0.168209075928	0.179556131363	0.170398950577	0.187674045563	0.17515206337	0.152811765671	0.132058858871	0.148422956467	0.126970052719	
['./treeMaker/main', '-m', '-w', '1']
0.155097007751	0.126168966293	0.160991191864	0.152714967728	0.154093027115	0.127779006958	0.137302875519	0.214756011963	0.149254798889	0.190669059753	0.176968097687	0.147967815399	0.198897123337	0.12437582016	0.140055894852	0.142539978027	0.224188804626	0.160537958145	0.215349197388	0.157294988632	0.231907844543	0.148593902588	0.175900936127	0.200299024582	0.142131090164	0.131407976151	0.200839042664	0.157860040665	0.133727788925	0.163229942322	0.167997121811	0.164720058441	0.263329029083	0.147733926773	0.220973968506	0.155436992645	0.118906021118	0.148967981339	0.154717206955	0.13556599617	0.156800985336	0.163280963898	0.169927120209	0.155508995056	0.177940130234	0.161412000656	0.147294998169	0.116264104843	0.130532026291	0.134029865265	
['./treeMaker/main', '-m', '-w', '2']
0.170562982559	0.127149105072	0.152168035507	0.155344963074	0.17654800415	0.128156900406	0.137886047363	0.216458082199	0.149763822556	0.194875955582	0.173213005066	0.147546052933	0.198551177979	0.12421298027	0.156331062317	0.154114961624	0.217045783997	0.156615972519	0.213278055191	0.181422948837	0.228940963745	0.142292022705	0.165177106857	0.188561201096	0.146030187607	0.126308202744	0.191182136536	0.158905029297	0.134200811386	0.151987075806	0.167348861694	0.162400960922	0.267983913422	0.151880025864	0.222467184067	0.158660888672	0.120318889618	0.150609970093	0.159393072128	0.136375904083	0.159497022629	0.180760860443	0.191557884216	0.165467977524	0.187180995941	0.16757106781	0.143271207809	0.123995065689	0.140187978745	0.122637987137	
['./treeMaker/main', '-m', '-c', '1']
0.148026943207	0.132260084152	0.156318902969	0.148739099503	0.153184175491	0.129028081894	0.13917517662	0.201766014099	0.145976066589	0.192317008972	0.195134878159	0.143522977829	0.214820146561	0.130303144455	0.145801067352	0.137998104095	0.230828046799	0.164194107056	0.221360206604	0.177584886551	0.226707935333	0.142852783203	0.153259038925	0.186940193176	0.139576196671	0.127491950989	0.172016143799	0.155595064163	0.134505987167	0.144229888916	0.160134077072	0.156074047089	0.249727010727	0.144685983658	0.218449831009	0.170535087585	0.118695020676	0.149942874908	0.162520885468	0.128333091736	0.150697946548	0.158214092255	0.169433116913	0.16028881073	0.173715829849	0.163007974625	0.141396045685	0.11871099472	0.13241314888	0.120017051697	
['./treeMaker/main', '-m', '-c', '2']
0.146438121796	0.132524967194	0.152481079102	0.148645877838	0.156152009964	0.147934913635	0.143612146378	0.223598957062	0.142860889435	0.211400032043	0.179286003113	0.146514892578	0.201434850693	0.123995065689	0.140311956406	0.165756940842	0.222455978394	0.158071041107	0.2052090168	0.159689188004	0.219779968262	0.144624948502	0.16010093689	0.18795800209	0.137390851974	0.149098873138	0.176337003708	0.150526046753	0.12998008728	0.16224694252	0.158352136612	0.170943021774	0.247642993927	0.1485850811	0.21027302742	0.16063284874	0.114516973495	0.141510009766	0.146229982376	0.127635002136	0.149194955826	0.163506984711	0.161050796509	0.163483142853	0.17738699913	0.158061027527	0.140633821487	0.126219034195	0.15277504921	0.135843992233	
['./treeMaker/main', '-m', '-a', '1']
0.169062137604	0.161394834518	0.167235136032	0.166141986847	0.174466133118	0.142271995544	0.167325973511	0.220098018646	0.161221981049	0.208158969879	0.189062833786	0.163669109344	0.212181091309	0.164809942245	0.161513090134	0.174295902252	0.225357055664	0.201472043991	0.237083911896	0.177824020386	0.231241941452	0.174575090408	0.170827150345	0.20490193367	0.158859014511	0.143411874771	0.184509038925	0.15998005867	0.162708997726	0.168888092041	0.188694000244	0.165096998215	0.265431880951	0.160477876663	0.229206085205	0.181627035141	0.128436088562	0.156714916229	0.162452936172	0.143958091736	0.174198865891	0.178386211395	0.196164131165	0.180357933044	0.194553136826	0.179895877838	0.171058177948	0.140419960022	0.151419878006	0.149744033813	
['./treeMaker/main', '-m', '-a', '2']
0.165498018265	0.126262903214	0.163959980011	0.145328998566	0.170379161835	0.1270840168	0.143813848495	0.213250160217	0.163706064224	0.195468187332	0.180675983429	0.150202989578	0.219990968704	0.130123138428	0.145296096802	0.153267860413	0.223015069962	0.157389163971	0.213818073273	0.159978866577	0.21835899353	0.144937992096	0.164337158203	0.187935113907	0.141069889069	0.132313013077	0.169987916946	0.156950950623	0.133030176163	0.150320768356	0.159645080566	0.168357849121	0.262804985046	0.140771865845	0.22186589241	0.165279150009	0.119323015213	0.145570993423	0.156066894531	0.131500959396	0.149364948273	0.178778886795	0.172641038895	0.164777040482	0.171162128448	0.17370390892	0.147972106934	0.122596979141	0.136677026749	0.134565114975	
