50_1000_4.9e-10_4.9e-10_470000000
50
1000
4.9e-10
4.9e-10
470000000

['./treeMaker/main']
2.60224509239	3.10963201523	4.20570516586	3.50956296921	2.89973402023	1.81274294853	1.01565480232	4.14538908005	2.07100486755	1.7341299057	1.24414420128	1.33663010597	4.34841322899	2.52701401711	1.5513150692	2.37258505821	5.80293512344	2.44045996666	1.18949699402	6.17127180099	3.88447809219	1.28638601303	1.43294405937	2.82702803612	4.76099896431	1.69484710693	1.72447896004	2.23017787933	2.2664899826	6.03273701668	1.97352313995	1.9188349247	1.83887290955	2.38982105255	2.63834810257	2.36455893517	2.94449687004	3.68612504005	3.75796604156	5.92384004593	3.31272912025	2.91068315506	10.3548309803	3.74882698059	3.23126888275	4.55743002892	3.12868189812	1.49513912201	3.36690998077	3.30665397644	
['./treeMaker/main', '-b']
2.44057512283	3.12172889709	4.25405287743	3.21539998055	3.23007893562	1.85182499886	0.926630020142	4.20283102989	1.96540594101	1.77212691307	1.36121702194	1.34285497665	4.2776260376	2.45681381226	1.57908296585	2.59996390343	5.58800506592	2.19239878654	1.10361504555	6.74930381775	3.98753786087	1.27224802971	1.56038808823	2.93528795242	4.72159194946	1.69640493393	1.73842406273	2.30221700668	1.99394798279	6.22725701332	2.00550580025	1.93840003014	1.69296813011	2.4932949543	2.51580810547	2.24512481689	2.96294593811	3.24337697029	4.16829895973	6.46528887749	2.88799405098	2.86436891556	9.73766517639	3.58904695511	3.1458761692	4.04418110847	3.05341005325	1.53589916229	2.9974360466	3.7261300087	
['./treeMaker/main', '-u']
2.67940711975	3.11266303062	3.96370506287	3.13150286674	2.94377803802	1.82542896271	0.935481071472	4.51885795593	1.97313499451	1.84537291527	1.27751898766	1.31329298019	4.26695990562	2.48809313774	1.38230800629	2.45958900452	5.4366440773	2.41031098366	1.24133682251	6.18297696114	3.71493315697	1.27370285988	1.64424705505	3.23288702965	5.2640080452	1.67928218842	1.56016111374	2.2628068924	1.97320318222	6.04078197479	2.26049304008	1.97868204117	1.72127580643	2.5010368824	2.50875306129	1.98843193054	2.81291604042	3.34321808815	3.78195309639	5.59724712372	2.95034980774	2.70126414299	9.62019395828	3.64618897438	3.09530711174	4.21712803841	3.14749121666	1.64797306061	3.50465798378	3.64306902885	
['./treeMaker/main', '-t', '-r', '1']
12.2618360519	14.1634531021	15.1594967842	15.2307059765	12.659607172	10.2028439045	6.38120794296	15.0032689571	9.98529100418	10.0009920597	8.21797418594	8.34725809097	17.0071291924	12.4173030853	8.5609459877	12.315559864	21.0504219532	11.4172201157	7.64978599548	21.9313831329	16.4179060459	7.59883189201	8.65444612503	12.532791853	18.9379417896	9.32129001617	9.26382613182	11.3657369614	11.3580811024	22.1008360386	10.2177500725	10.497756958	9.7872710228	10.198114872	11.3264811039	11.2927391529	13.8844401836	13.9953360558	16.0930609703	19.5888049603	14.7569141388	13.2527050972	26.074185133	15.316204071	13.1473078728	18.2553839684	13.2696819305	8.96386194229	12.9121978283	13.7787051201	
['./treeMaker/main', '-t', '-r', '2']
17.8726198673	22.441242218	24.1181797981	20.5380499363	20.6285340786	15.912460804	10.219534874	24.8514509201	15.5775411129	14.4175779819	11.9264450073	12.3593389988	26.7836592197	19.1100769043	12.6620328426	17.7037470341	29.1742069721	16.2549469471	10.640474081	31.5134859085	23.3195450306	12.6999089718	13.2713201046	19.9137260914	27.1770350933	14.9376471043	13.6787509918	16.5608990192	15.3318989277	31.6498920918	16.1283168793	16.0512681007	13.6691808701	16.8038830757	17.9047000408	16.4313130379	19.6845171452	22.1218400002	22.5334551334	30.88215518	19.795096159	19.1630730629	45.4706718922	22.3025970459	22.076346159	23.4938430786	20.053445816	13.7822749615	20.0507631302	21.882543087	
['./treeMaker/main', '-t', '-r', '1', '-N']
12.1030509472	14.33740592	15.0081329346	14.9776639938	12.6736159325	10.2122929096	6.39301991463	14.9936621189	10.0771210194	10.0340621471	8.26226997375	8.65179300308	16.9302949905	12.4095830917	8.49778819084	12.8011920452	21.4590129852	11.5136859417	7.65649604797	21.9473071098	15.8602778912	7.61991214752	8.66578316689	12.6227681637	18.6277668476	9.2638437748	9.36265301704	11.3276050091	11.3421108723	22.3993771076	10.5759019852	10.6923379898	9.80022597313	10.7443740368	11.4248700142	11.3448960781	14.0332479477	13.9906089306	16.0990338326	19.3498730659	14.9172961712	13.2024278641	26.0092160702	15.4176471233	13.2067661285	18.1535410881	13.2998020649	8.95064210892	12.9870960712	13.771887064	
['./treeMaker/main', '-t', '-r', '2', '-N']
17.9187719822	22.8694069386	24.3492720127	20.5142188072	20.6081240177	16.0354180336	10.1301000118	24.6350779533	15.6048970222	14.6488599777	11.9538700581	12.0610840321	26.6188158989	18.4815349579	12.784389019	17.6140120029	29.4239180088	15.9745340347	10.9495401382	31.5393300056	23.3323209286	12.730670929	13.2130260468	19.7918589115	26.6926150322	14.8372700214	13.5308749676	16.6311149597	15.2723591328	31.735877037	16.11754179	16.1294388771	13.6329901218	17.2826910019	17.7379980087	16.500702858	19.4333069324	21.6811151505	22.6501569748	30.8760471344	19.6791348457	19.2506291866	45.0041031837	22.0104870796	22.0773351192	23.8355078697	19.9344978333	13.954102993	20.0907950401	21.5014219284	
['./treeMaker/main', '-m']
0.307142019272	0.335112094879	0.395742893219	0.3464448452	0.353801012039	0.300096035004	0.228780031204	0.407936096191	0.280403852463	0.288549900055	0.253840923309	0.246929883957	0.376044034958	0.305278778076	0.251585960388	0.321596860886	0.43882894516	0.306147098541	0.236006975174	0.458563089371	0.356714963913	0.252485990524	0.262878894806	0.354255199432	0.382138967514	0.302048921585	0.284403085709	0.308856964111	0.278234004974	0.427592992783	0.286195039749	0.280600070953	0.261681079865	0.328258991241	0.331142902374	0.30317401886	0.32945394516	0.381654977798	0.388523101807	0.441890954971	0.34955406189	0.338890075684	0.560435056686	0.355749845505	0.362983942032	0.382154941559	0.351526975632	0.267231941223	0.328676939011	0.342824935913	
['./treeMaker/main', '-m', '-b']
0.336520910263	0.39071893692	0.438166856766	0.386108875275	0.374017953873	0.314612865448	0.242839097977	0.441423892975	0.301290035248	0.306373119354	0.287563085556	0.280174016953	0.41163611412	0.326621055603	0.282847881317	0.335000038147	0.472844839096	0.311187982559	0.260984182358	0.501610994339	0.407075881958	0.27797794342	0.286846160889	0.36901807785	0.438178062439	0.327850103378	0.291630029678	0.312403917313	0.305001974106	0.481255054474	0.322819948196	0.315481185913	0.293303012848	0.341906070709	0.32639503479	0.304622173309	0.362342834473	0.384729146957	0.419639110565	0.501168966293	0.374065876007	0.349696874619	0.627100229263	0.364992856979	0.369296073914	0.392250061035	0.391326904297	0.282683849335	0.382239103317	0.396208047867	
['./treeMaker/main', '-m', '-w', '1']
0.325251817703	0.341558933258	0.412683963776	0.329986095428	0.358565807343	0.277177095413	0.225496053696	0.401840925217	0.309787034988	0.279330015182	0.265376091003	0.258740186691	0.404533147812	0.324697971344	0.263935089111	0.292673110962	0.432303905487	0.308588981628	0.224390983582	0.450875997543	0.380100011826	0.258683919907	0.253992080688	0.33188700676	0.394864797592	0.282608032227	0.267379045486	0.288863897324	0.307862997055	0.425457000732	0.286726951599	0.306590080261	0.274745941162	0.31936788559	0.326787233353	0.281345129013	0.333183050156	0.37845993042	0.371778011322	0.469132184982	0.337202072144	0.333632946014	0.584872961044	0.365712165833	0.364003896713	0.391923904419	0.35767698288	0.280766963959	0.345779895782	0.367984056473	
['./treeMaker/main', '-m', '-w', '2']
0.328634023666	0.371235132217	0.386729001999	0.336150884628	0.341831922531	0.304934024811	0.234929084778	0.407310009003	0.309200048447	0.281283140182	0.269680976868	0.248019933701	0.394460916519	0.320933103561	0.275186061859	0.316069126129	0.447153091431	0.310072898865	0.225926160812	0.462265014648	0.368413925171	0.259593009949	0.276422023773	0.349958896637	0.412981033325	0.293226003647	0.280386209488	0.287968873978	0.292679071426	0.452336072922	0.296797037125	0.296381235123	0.274361848831	0.311099052429	0.333621025085	0.317620038986	0.334984064102	0.371394872665	0.373377799988	0.458596944809	0.341580152512	0.347011089325	0.585277080536	0.361211061478	0.37829208374	0.39243888855	0.34406709671	0.283965110779	0.346189022064	0.376255989075	
['./treeMaker/main', '-m', '-c', '1']
0.321762084961	0.354840040207	0.386451005936	0.345180034637	0.346656084061	0.291651010513	0.207731962204	0.41317486763	0.294772863388	0.284140110016	0.264317035675	0.255089998245	0.395865917206	0.333940982819	0.260036945343	0.295826911926	0.443873167038	0.310255050659	0.225340127945	0.436249017715	0.360543966293	0.263045072556	0.268108844757	0.339154005051	0.401928901672	0.291157960892	0.272193193436	0.296789884567	0.309799909592	0.443077087402	0.302950143814	0.302889108658	0.267474889755	0.31831908226	0.329760074615	0.282991886139	0.330923080444	0.365795135498	0.377097129822	0.426800966263	0.335826873779	0.33441901207	0.571418046951	0.339027881622	0.361288070679	0.380582094193	0.351430892944	0.284484148026	0.342388153076	0.34818983078	
['./treeMaker/main', '-m', '-c', '2']
0.335592031479	0.341421127319	0.396604061127	0.345667123795	0.35845708847	0.301724910736	0.235706090927	0.398044109344	0.298224925995	0.263330936432	0.252851963043	0.245183944702	0.410459041595	0.322838068008	0.264184951782	0.308309078217	0.444681882858	0.309103012085	0.238837003708	0.452933073044	0.375283002853	0.246393918991	0.262680768967	0.324876070023	0.411607027054	0.294753789902	0.27116394043	0.284273862839	0.293667793274	0.463724136353	0.313992023468	0.307956218719	0.270908117294	0.317330121994	0.330770969391	0.304809808731	0.329716920853	0.360793113708	0.35981798172	0.442271947861	0.338851928711	0.339455842972	0.579945087433	0.353579998016	0.357538938522	0.361773967743	0.364882946014	0.260163068771	0.342595100403	0.366979122162	
['./treeMaker/main', '-m', '-a', '1']
0.362915039062	0.391904115677	0.435509204865	0.358359098434	0.364495992661	0.323081016541	0.262334108353	0.435300111771	0.345856189728	0.314270019531	0.298645973206	0.303773164749	0.439923048019	0.363334178925	0.283319950104	0.345242023468	0.468174934387	0.320907115936	0.270298957825	0.490052938461	0.410665035248	0.293957948685	0.28310084343	0.371894836426	0.436604976654	0.328995943069	0.308564901352	0.33993601799	0.311336040497	0.461029052734	0.338959932327	0.339887142181	0.29146695137	0.351385116577	0.354494094849	0.31037402153	0.354915142059	0.398189067841	0.393039941788	0.484560012817	0.364490032196	0.367690086365	0.588250875473	0.383300065994	0.405174970627	0.407444000244	0.367151975632	0.308551073074	0.362632989883	0.377762079239	
['./treeMaker/main', '-m', '-a', '2']
0.315088033676	0.346386909485	0.389305114746	0.360622882843	0.34951710701	0.297962903976	0.227788925171	0.401147842407	0.283269882202	0.266273975372	0.254854917526	0.246867895126	0.379847049713	0.333828926086	0.251558065414	0.298705101013	0.421851158142	0.299610853195	0.231073141098	0.471216917038	0.360107183456	0.257625102997	0.274374008179	0.356089115143	0.410295009613	0.293101072311	0.281112909317	0.305976867676	0.300508975983	0.450649023056	0.303200960159	0.280287981033	0.269470930099	0.304056882858	0.33874797821	0.288886070251	0.344205141068	0.370388031006	0.369954824448	0.449315071106	0.338435173035	0.332239866257	0.579326152802	0.362013101578	0.36484003067	0.385941982269	0.357425928116	0.280520915985	0.332751989365	0.348126888275	
