50_1000_4.9e-10_4.9e-10_470000000
50
1000
4.9e-10
4.9e-10
470000000

['./treeMaker/main']
2.46972513199	3.37446093559	4.47054791451	3.43102407455	3.18614411354	1.81703305244	0.941124916077	3.96877789497	1.83927798271	1.79304695129	1.35926008224	1.3733830452	4.56358003616	2.62708306313	1.39519786835	2.45582914352	5.70023298264	2.19960689545	1.24546098709	6.27105498314	4.03123879433	1.27742099762	1.55914402008	2.87737989426	4.67796897888	1.72597694397	1.75127696991	2.15459489822	2.35109996796	6.10652208328	2.00007390976	2.10062003136	1.73380994797	2.21740698814	2.50368285179	2.38461017609	3.08926200867	3.24822187424	3.61527705193	6.31206607819	3.42731404305	3.03045320511	9.72476601601	3.66051983833	3.68357396126	4.17941713333	3.0591468811	1.5347840786	3.19543886185	3.39417815208	
['./treeMaker/main', '-b']
2.57291102409	3.62804102898	3.93326401711	3.40182995796	3.12137198448	2.09706997871	0.946201086044	4.01945710182	1.99698114395	2.01524806023	1.44094991684	1.3420791626	4.51648116112	2.51207208633	1.5871591568	2.73281693459	5.59016919136	2.31753802299	1.1593079567	6.25744891167	4.23588609695	1.2945868969	1.48564910889	2.94050884247	4.67370009422	1.89213299751	1.75982904434	2.34599399567	2.04111194611	5.90979099274	2.17583703995	1.95414400101	1.69412398338	2.57112002373	2.56042814255	2.23569893837	3.0020570755	3.25986504555	3.63663196564	6.29573297501	3.05190896988	3.00424385071	10.0064899921	3.50914406776	3.15016102791	4.14584517479	3.41986298561	1.5459690094	2.98391008377	3.61520504951	
['./treeMaker/main', '-u']
2.98505210876	3.38766002655	3.93874287605	3.44539785385	2.92454004288	1.85088992119	0.94041800499	4.7483279705	2.00500202179	1.82766389847	1.30402207375	1.34255409241	4.3021440506	2.45183897018	1.42334890366	2.3515188694	5.59050393105	2.47639799118	1.19109201431	6.06592512131	3.76893997192	1.32228207588	1.51292300224	3.37012004852	4.66473317146	1.685546875	1.6391851902	2.22714090347	2.15623688698	6.09265398979	2.25395798683	2.13716602325	1.59264183044	2.42992997169	2.3759829998	2.0454390049	2.83494114876	3.23007488251	3.79113698006	5.65604805946	3.15722298622	2.69699501991	9.54274606705	3.72999691963	3.37482094765	4.07741904259	3.03188800812	1.56348514557	3.27185583115	3.68359518051	
['./treeMaker/main', '-t', '-r', '1']
11.360752821	13.6455421448	14.4638729095	13.7886090279	11.9956741333	9.4883749485	6.16800689697	14.5836410522	9.54560899734	9.71290397644	7.24178195	7.92636084557	16.0181069374	11.3771309853	8.1336979866	11.9464981556	19.2541821003	10.7988371849	7.02869486809	20.426183939	15.3813281059	7.06412410736	8.18549394608	12.0969657898	17.2656178474	8.82343387604	8.93125581741	10.6122272015	10.548208952	20.6219189167	10.1483211517	9.48954200745	9.23295783997	9.83954381943	10.652807951	8.91961407661	13.1141068935	13.1663160324	15.0082628727	18.3669919968	13.3314669132	11.5899801254	24.5675289631	14.2077078819	13.0061559677	17.4187948704	12.8609659672	8.28300786018	12.1257009506	12.3020000458	
['./treeMaker/main', '-t', '-r', '2']
20.4264318943	25.4406509399	28.6143131256	25.796434164	24.1111011505	18.2248220444	10.7413830757	29.6742050648	17.6486670971	15.970113039	15.9918470383	13.6034150124	32.4477779865	21.7736539841	14.6182699203	19.3588171005	33.6643271446	18.69231987	12.2017879486	36.3786270618	26.2255399227	14.5836279392	15.0629320145	23.7469038963	32.1965808868	17.3437960148	15.7572920322	18.9158461094	17.1815860271	38.3041639328	18.8589589596	18.5743119717	15.6289639473	20.5402228832	19.4480519295	20.1796081066	21.3659350872	25.1578068733	25.483066082	36.4005560875	23.6605808735	22.5843851566	53.9776289463	25.5626981258	25.1711599827	26.6873850822	24.5479409695	16.2031078339	24.2481641769	26.9176898003	
['./treeMaker/main', '-t', '-r', '1', '-N']
11.3439860344	13.7962667942	14.5509388447	13.7193357944	11.9839429855	9.44600200653	6.15855097771	14.6466579437	9.49106121063	9.77828884125	7.29994702339	7.93299484253	15.6297738552	11.4744999409	8.00534200668	12.1745409966	19.3963060379	10.9418230057	7.10726904869	20.656056881	15.0697848797	7.14085102081	8.21906018257	12.1908299923	16.8600380421	8.87254405022	9.01745605469	10.559458971	10.5584309101	21.2335479259	10.0045280457	9.43951010704	9.2623269558	10.0226500034	10.6630578041	9.00264692307	13.1428561211	13.876019001	15.031840086	18.4607570171	13.4353439808	11.534168005	25.0209121704	14.3290998936	12.8126440048	17.7437870502	12.663820982	8.32294297218	12.0167570114	12.4104349613	
['./treeMaker/main', '-t', '-r', '2', '-N']
20.5078580379	25.5473828316	28.9585888386	25.5194540024	24.2239840031	18.3290379047	10.8115539551	29.0660068989	17.4772269726	16.2690310478	15.8510990143	13.50152421	32.6695249081	21.8818118572	14.5781788826	19.113918066	34.0029580593	18.7202391624	12.1384050846	36.1769869328	26.2868721485	14.4961490631	15.0571730137	23.3889718056	32.2901039124	17.3446791172	15.4787898064	18.4909541607	17.0947761536	37.9295239449	18.9710609913	18.3414590359	15.6409850121	20.3221151829	19.332695961	20.3314769268	21.3341159821	24.7507410049	25.7971301079	36.4929478168	23.4852368832	22.6403188705	54.2765769958	25.2488431931	25.3974630833	26.6625311375	24.5696818829	16.2476918697	24.3639688492	26.9803581238	
['./treeMaker/main', '-m']
0.330304861069	0.362040996552	0.441875934601	0.392127037048	0.3603079319	0.314491987228	0.238365888596	0.425857067108	0.295855045319	0.294276952744	0.281498908997	0.260870933533	0.429662942886	0.332367897034	0.268452882767	0.305083990097	0.460118055344	0.339836120605	0.247630119324	0.505419015884	0.377856016159	0.272698879242	0.289535999298	0.381939888	0.462830066681	0.316218137741	0.299085855484	0.302463054657	0.296574831009	0.489717960358	0.307220935822	0.312514066696	0.275120973587	0.34921002388	0.346698045731	0.353088140488	0.353444099426	0.389261960983	0.377279996872	0.5127389431	0.355843067169	0.361706018448	0.642764091492	0.398604154587	0.387707948685	0.411087036133	0.393795967102	0.292370080948	0.369155883789	0.396018981934	
['./treeMaker/main', '-m', '-b']
0.381338834763	0.429212093353	0.469027996063	0.432379961014	0.411233186722	0.345706939697	0.252483844757	0.489572048187	0.350533008575	0.313194990158	0.32090306282	0.295367002487	0.491657972336	0.376531839371	0.309206962585	0.350636005402	0.526324033737	0.358758926392	0.253232002258	0.553413152695	0.434900999069	0.282127857208	0.315437793732	0.410745859146	0.518903017044	0.32116317749	0.306180953979	0.328908920288	0.332844018936	0.581578969955	0.354155063629	0.360675096512	0.309255123138	0.38375711441	0.364694833755	0.356168031693	0.38051700592	0.41363286972	0.429883956909	0.534545898438	0.389701128006	0.381731033325	0.724133014679	0.401450157166	0.415864944458	0.458145141602	0.432420015335	0.321044206619	0.403765916824	0.468459844589	
['./treeMaker/main', '-m', '-w', '1']
0.356770038605	0.3864569664	0.452346086502	0.371878862381	0.384742021561	0.318552017212	0.234740018845	0.451078891754	0.303858041763	0.303998947144	0.310168981552	0.272526979446	0.447175979614	0.333649158478	0.294331073761	0.321923017502	0.479252815247	0.328778982162	0.25473690033	0.506538152695	0.408972978592	0.290928125381	0.300534963608	0.359891891479	0.439508914948	0.306559085846	0.284965991974	0.305353164673	0.315731048584	0.513324975967	0.310163021088	0.322625160217	0.287551879883	0.362296104431	0.336831092834	0.373164892197	0.352360010147	0.385689020157	0.401848077774	0.507297039032	0.377889156342	0.368250846863	0.651582956314	0.373189926147	0.38817691803	0.417416095734	0.403397083282	0.300719976425	0.3879301548	0.426927089691	
['./treeMaker/main', '-m', '-w', '2']
0.370682001114	0.376433849335	0.436506986618	0.37966799736	0.374619960785	0.327343940735	0.250981092453	0.445739030838	0.328168153763	0.296984910965	0.284666061401	0.280807971954	0.456748008728	0.359402894974	0.270071983337	0.332952022552	0.474107027054	0.342015028	0.262531042099	0.519984960556	0.391216039658	0.279453992844	0.272385120392	0.375686883926	0.460505008698	0.301395177841	0.294262886047	0.305064201355	0.331270933151	0.519494056702	0.31449007988	0.333656072617	0.290091991425	0.339547157288	0.338290929794	0.350046873093	0.367010116577	0.385276079178	0.41234087944	0.490579128265	0.374116897583	0.353734970093	0.638819932938	0.407320976257	0.387207984924	0.430628061295	0.379724979401	0.290387868881	0.393405914307	0.407704114914	
['./treeMaker/main', '-m', '-c', '1']
0.356703042984	0.383450031281	0.439969062805	0.392391204834	0.394317865372	0.316233158112	0.235517024994	0.444305896759	0.313144922256	0.292547941208	0.284611940384	0.273536920547	0.470524072647	0.333461046219	0.291436910629	0.323976993561	0.482568979263	0.326308965683	0.241249084473	0.5239610672	0.382498025894	0.275356054306	0.282033920288	0.37247800827	0.461006164551	0.321835041046	0.303419113159	0.313930988312	0.313262939453	0.52224111557	0.332873106003	0.305392026901	0.296618938446	0.355091094971	0.33891916275	0.35480093956	0.354846000671	0.378829956055	0.4038169384	0.513384103775	0.371273994446	0.366289138794	0.6157579422	0.400848865509	0.385905981064	0.411909103394	0.394752979279	0.307051897049	0.38862490654	0.429528951645	
['./treeMaker/main', '-m', '-c', '2']
0.358142137527	0.367154121399	0.43816614151	0.370307207108	0.367195129395	0.312656879425	0.224087953568	0.452772855759	0.32643699646	0.298305034637	0.308642148972	0.273020029068	0.461849927902	0.347725152969	0.292991161346	0.325075864792	0.448406934738	0.330556154251	0.262536048889	0.517496109009	0.415296077728	0.272771835327	0.297394037247	0.372517108917	0.44421505928	0.312346935272	0.290598154068	0.315277099609	0.324018001556	0.518831968307	0.321022033691	0.329252958298	0.302643060684	0.348278999329	0.344344139099	0.343247175217	0.354639053345	0.39416384697	0.409937143326	0.517693996429	0.371340990067	0.360821008682	0.647911071777	0.398988008499	0.385680913925	0.388195037842	0.388556957245	0.29771900177	0.389564990997	0.395755052567	
['./treeMaker/main', '-m', '-a', '1']
0.366727828979	0.419849872589	0.44891500473	0.442521095276	0.403196811676	0.347792863846	0.286205053329	0.488448858261	0.368180990219	0.329617023468	0.316495895386	0.290275812149	0.463785886765	0.385642051697	0.319523096085	0.360478162766	0.504185199738	0.360453128815	0.290019989014	0.506613969803	0.442363977432	0.297012090683	0.324069976807	0.40340089798	0.476490020752	0.361052036285	0.330907821655	0.330544948578	0.33006310463	0.522806167603	0.369802951813	0.356852054596	0.323482036591	0.39204788208	0.371467828751	0.380781888962	0.386631965637	0.433418989182	0.445730924606	0.504132032394	0.39990901947	0.395107984543	0.695804834366	0.428923845291	0.420030117035	0.433268070221	0.417226076126	0.339488983154	0.396306037903	0.432371854782	
['./treeMaker/main', '-m', '-a', '2']
0.342563152313	0.3745200634	0.444454908371	0.373420953751	0.387881994247	0.330280065536	0.234272003174	0.45495891571	0.317631959915	0.281402111053	0.298830032349	0.278590917587	0.431546926498	0.3346118927	0.28926897049	0.312577962875	0.502561092377	0.319308996201	0.246253967285	0.496970891953	0.381516933441	0.290758132935	0.296494007111	0.37846493721	0.457854032516	0.330142974854	0.310159921646	0.31579208374	0.323619127274	0.52659702301	0.334338903427	0.324071884155	0.301483869553	0.337840080261	0.33877491951	0.358107089996	0.347367048264	0.368430137634	0.382416009903	0.514786958694	0.372574806213	0.362998008728	0.624235868454	0.402179956436	0.394351005554	0.391215085983	0.395177841187	0.315114974976	0.369931936264	0.420248031616	
