25_1000_4.9e-10_4.9e-10_470000000
25
1000
4.9e-10
4.9e-10
470000000

['./njst/main']
0.212908029556	0.29599905014	0.30658698082	0.245344877243	0.243275880814	0.23948597908	0.254477977753	0.27769780159	0.271284818649	0.244668006897	0.273006916046	0.257277011871	0.259927034378	0.254681110382	0.231645107269	0.230213165283	0.298449993134	0.412275075912	0.275212049484	0.232110977173	0.267199039459	0.257035970688	0.275964021683	0.326071977615	0.318994998932	0.25093793869	0.275538921356	0.231616973877	0.216753959656	0.203138113022	0.354424953461	0.258625984192	0.546444892883	0.243803024292	0.166036128998	0.325588941574	0.248944044113	0.228287935257	0.204497098923	0.305057048798	0.219593048096	0.280730009079	0.532007932663	0.218150854111	0.266672849655	0.235729932785	0.147202968597	0.202261924744	0.196328878403	0.410977125168	
['./njst/main', '-m']
0.208042860031	0.307578086853	0.297132015228	0.235508918762	0.241235017776	0.227827072144	0.272230148315	0.261698961258	0.255746841431	0.244498968124	0.250784873962	0.268001079559	0.234498977661	0.231598854065	0.225739955902	0.215659141541	0.272349119186	0.394031047821	0.265625953674	0.232779979706	0.240129947662	0.267639160156	0.283149003983	0.301423072815	0.303951978683	0.224601984024	0.283381938934	0.232831001282	0.199083089828	0.203768014908	0.352401971817	0.247406959534	0.519670009613	0.231963157654	0.171962022781	0.303752183914	0.245208024979	0.225690126419	0.200502157211	0.317514896393	0.218806028366	0.277912855148	0.491003990173	0.246464014053	0.26352596283	0.224284172058	0.158280134201	0.204600095749	0.212970972061	0.420394182205	
['./njst/main', '-m', '-b']
0.209885835648	0.291262149811	0.302762985229	0.264689922333	0.236870765686	0.220918178558	0.251302957535	0.267324924469	0.257050991058	0.245486021042	0.252770900726	0.265443086624	0.251290082932	0.244699001312	0.251760959625	0.235882997513	0.286602973938	0.397654056549	0.249529838562	0.236963033676	0.241614103317	0.252884864807	0.290574073792	0.322051048279	0.302346944809	0.237211942673	0.28297996521	0.2375831604	0.215671062469	0.210808992386	0.375725984573	0.245627164841	0.550803899765	0.245946884155	0.167469024658	0.318662166595	0.251690864563	0.225646972656	0.200884103775	0.307288169861	0.22117805481	0.281064033508	0.491033792496	0.221437931061	0.267071962357	0.24076294899	0.167015075684	0.202725887299	0.216417074203	0.410611152649	
['./njst/main', '-m', '-w', '1']
0.203104972839	0.307924032211	0.314804792404	0.253201007843	0.264180898666	0.222345113754	0.248837947845	0.268301963806	0.259423017502	0.237382888794	0.252645969391	0.254890203476	0.238649129868	0.23429608345	0.223437070847	0.212321043015	0.291944026947	0.403169155121	0.26683807373	0.23127412796	0.253252983093	0.252743005753	0.282423019409	0.30614900589	0.321004152298	0.254645109177	0.287344932556	0.249596118927	0.200464010239	0.219343900681	0.366869926453	0.245924949646	0.566128969193	0.241693973541	0.170254945755	0.307187080383	0.268711090088	0.242578029633	0.201862096786	0.309237003326	0.221866846085	0.280665874481	0.493049860001	0.221536159515	0.284898042679	0.244980096817	0.150016069412	0.200885057449	0.212019920349	0.43581700325	
['./njst/main', '-m', '-w', '2']
0.219777822495	0.308666944504	0.318433046341	0.250076055527	0.250452041626	0.234322071075	0.254583835602	0.263121843338	0.263808012009	0.233832120895	0.248979091644	0.256744861603	0.241492986679	0.245508909225	0.248505115509	0.227600812912	0.30340719223	0.391546964645	0.274965047836	0.222534894943	0.248039960861	0.249142885208	0.267711877823	0.303647994995	0.306354999542	0.228023052216	0.303261995316	0.246887207031	0.211311817169	0.202788829803	0.351512908936	0.254101037979	0.521311044693	0.239179849625	0.166769981384	0.289397954941	0.249303817749	0.224988937378	0.247709989548	0.330310821533	0.234772920609	0.280859947205	0.508871078491	0.21950507164	0.284180879593	0.240127086639	0.15492105484	0.20362496376	0.202533006668	0.423920869827	
