25_1000_4.9e-10_4.9e-10_470000000
25
1000
4.9e-10
4.9e-10
470000000

['./njst/main']
0.222034931183	0.284983873367	0.292544126511	0.236104011536	0.24560213089	0.235791921616	0.241631984711	0.265149116516	0.260668039322	0.23663187027	0.261241197586	0.260255813599	0.241677045822	0.2342441082	0.222715139389	0.213254928589	0.289932012558	0.370974063873	0.263098955154	0.230468988419	0.239118099213	0.243110895157	0.282871961594	0.320482969284	0.314715147018	0.232120990753	0.260321140289	0.225789070129	0.195219039917	0.19681096077	0.325538158417	0.255913972855	0.518666982651	0.226799964905	0.174919843674	0.282945871353	0.246649980545	0.221172094345	0.201080083847	0.293288946152	0.210853099823	0.288336992264	0.470170021057	0.222416162491	0.256202936172	0.215450048447	0.147060155869	0.192575931549	0.191339015961	0.380351066589	
['./njst/main', '-m']
0.216064929962	0.296580076218	0.290806055069	0.226292133331	0.231076955795	0.214215040207	0.253705024719	0.269973039627	0.25480890274	0.230200052261	0.267397880554	0.268493890762	0.229254961014	0.242184877396	0.212533950806	0.225581884384	0.277365922928	0.377000808716	0.258614063263	0.221821069717	0.241718053818	0.24244594574	0.270675897598	0.286568880081	0.295377016068	0.214919090271	0.262248039246	0.225877046585	0.196913957596	0.198923826218	0.317285060883	0.236846923828	0.488512039185	0.224852085114	0.187144041061	0.281595945358	0.234126091003	0.216078042984	0.193453073502	0.293940067291	0.209264993668	0.269109964371	0.461612939835	0.23862695694	0.258595943451	0.243826150894	0.154943943024	0.202764034271	0.199647188187	0.377547979355	
['./njst/main', '-m', '-b']
0.199206829071	0.280914783478	0.291874885559	0.238623857498	0.230293035507	0.219548940659	0.231022119522	0.260651111603	0.248456954956	0.227277994156	0.241814851761	0.256626844406	0.24388885498	0.256008863449	0.245918035507	0.224383115768	0.289988040924	0.375468015671	0.24950504303	0.224665880203	0.22850894928	0.242521047592	0.262526988983	0.304996013641	0.302292108536	0.217783927917	0.27125787735	0.234858036041	0.20315694809	0.204442977905	0.318409204483	0.235363006592	0.497545957565	0.248297929764	0.162460803986	0.280120849609	0.235888957977	0.214937925339	0.195976018906	0.29097700119	0.212807178497	0.272020816803	0.461813926697	0.214622020721	0.258301019669	0.235619068146	0.157553195953	0.215372085571	0.192142963409	0.422941923141	
['./njst/main', '-m', '-w', '1']
0.196825027466	0.304747104645	0.316792011261	0.24286198616	0.232825994492	0.220089912415	0.244139909744	0.263921976089	0.258567094803	0.228866100311	0.236679077148	0.241433858871	0.229480981827	0.223216056824	0.214406013489	0.206074953079	0.280925989151	0.367493152618	0.256311893463	0.229050159454	0.243322849274	0.254317998886	0.279820919037	0.287290096283	0.313652038574	0.229582071304	0.282574892044	0.242295980453	0.211717128754	0.216541051865	0.349498987198	0.263952970505	0.479431152344	0.230739116669	0.187507867813	0.312065124512	0.254267930984	0.217172861099	0.197948932648	0.298400163651	0.216156005859	0.271228075027	0.462512016296	0.2166659832	0.257816076279	0.231747865677	0.14400601387	0.210534095764	0.204288959503	0.392204999924	
['./njst/main', '-m', '-w', '2']
0.200367927551	0.29559803009	0.304319143295	0.241312026978	0.250049829483	0.227579116821	0.252650022507	0.276855945587	0.253256082535	0.232485055923	0.23614192009	0.242834091187	0.230705976486	0.232107877731	0.219635009766	0.223581075668	0.261212825775	0.374101161957	0.246383905411	0.214393138885	0.228865861893	0.231272935867	0.257198095322	0.291364908218	0.290822029114	0.239717960358	0.272424936295	0.243391036987	0.217673063278	0.19677901268	0.318238973618	0.234401941299	0.479012012482	0.221982955933	0.161283969879	0.277119159698	0.236243009567	0.223237991333	0.207948923111	0.313472032547	0.237430810928	0.282325983047	0.490377187729	0.209636926651	0.281471014023	0.242515087128	0.161288976669	0.191727161407	0.208227157593	0.38637804985	
