25_1000_4.9e-10_4.9e-10_470000000
25
1000
4.9e-10
4.9e-10
470000000

['./njst/main']
0.230448007584	0.321389198303	0.322582006454	0.262854099274	0.278448104858	0.244338035583	0.27353811264	0.290984869003	0.274452924728	0.271029949188	0.277129888535	0.273326158524	0.286072969437	0.27055478096	0.244421958923	0.237998008728	0.301171064377	0.412700176239	0.278917074203	0.243019104004	0.287784099579	0.275696992874	0.314405918121	0.33286190033	0.340121984482	0.2444460392	0.306699991226	0.257823944092	0.214153051376	0.216711997986	0.351072072983	0.276481151581	0.552927017212	0.272099971771	0.179061174393	0.33132314682	0.261428833008	0.238840103149	0.217602968216	0.35324215889	0.234508991241	0.298794984818	0.549292802811	0.23237991333	0.292684793472	0.236304044724	0.158926010132	0.214942932129	0.20947098732	0.411593914032	
['./njst/main', '-m']
0.216741085052	0.341914176941	0.327365159988	0.262322902679	0.257183074951	0.234089136124	0.2693400383	0.281835079193	0.300452947617	0.273350954056	0.254735946655	0.283008098602	0.253718852997	0.242613077164	0.26259803772	0.226974964142	0.317213058472	0.415010929108	0.280114889145	0.242127895355	0.275774002075	0.266223907471	0.297721862793	0.340980052948	0.350493907928	0.232048988342	0.284283876419	0.257193088531	0.215106964111	0.215662002563	0.346176147461	0.260040998459	0.530807971954	0.250262975693	0.179260969162	0.336240053177	0.258541822433	0.242376804352	0.213689088821	0.32483291626	0.230931997299	0.295210838318	0.505807876587	0.231452941895	0.28230881691	0.24298286438	0.169331789017	0.228291034698	0.215645074844	0.412598848343	
['./njst/main', '-m', '-b']
0.226033210754	0.31422996521	0.318563938141	0.246683835983	0.257028102875	0.233190059662	0.260232925415	0.291306018829	0.274871110916	0.252957820892	0.257535934448	0.268767118454	0.268568992615	0.258554935455	0.273719072342	0.242488145828	0.323355913162	0.414093971252	0.286586999893	0.2288210392	0.26398897171	0.243462085724	0.294211864471	0.327094078064	0.318875789642	0.242598056793	0.295614004135	0.250306844711	0.213808774948	0.223959922791	0.373693943024	0.257743835449	0.547392129898	0.262675046921	0.180572986603	0.329833984375	0.273340940475	0.237237930298	0.224491119385	0.321475028992	0.234083175659	0.296685218811	0.507416009903	0.232241153717	0.281914949417	0.235294103622	0.162344932556	0.238197088242	0.225979089737	0.405297994614	
['./njst/main', '-m', '-w', '1']
0.217489004135	0.320866823196	0.350154876709	0.24755191803	0.26925110817	0.234987020493	0.26031088829	0.281558990479	0.266155958176	0.255419969559	0.258861064911	0.273785829544	0.253212928772	0.243758916855	0.237092971802	0.226880073547	0.286653995514	0.416353940964	0.287378072739	0.240962982178	0.261133909225	0.257122993469	0.297329902649	0.311053991318	0.333801984787	0.233247995377	0.320250988007	0.248660802841	0.232224225998	0.230851173401	0.381328105927	0.278043985367	0.572489976883	0.260048151016	0.181528806686	0.329506158829	0.281491994858	0.254367113113	0.212631940842	0.33439207077	0.234939098358	0.301429033279	0.507189035416	0.232756853104	0.310751914978	0.234606981277	0.183357000351	0.210478067398	0.225504875183	0.431114912033	
['./njst/main', '-m', '-w', '2']
0.23481798172	0.32732796669	0.335155010223	0.265616178513	0.272197008133	0.252007961273	0.271727800369	0.281275987625	0.297821998596	0.24998497963	0.254945039749	0.263602972031	0.251935005188	0.244232177734	0.253906011581	0.240420103073	0.330054044724	0.417167901993	0.282027006149	0.238616943359	0.263071060181	0.259783029556	0.282346010208	0.32004404068	0.318290948868	0.234258890152	0.315030813217	0.24938082695	0.226021051407	0.21774315834	0.346376180649	0.257898807526	0.531999826431	0.244387149811	0.177240133286	0.304925918579	0.257518053055	0.238015890121	0.212578058243	0.340595006943	0.24932217598	0.311909914017	0.54990196228	0.257470846176	0.296758890152	0.235813856125	0.161239147186	0.233925104141	0.208127975464	0.437352895737	
