100_1000_4.9e-10_4.9e-10_470000000
100
1000
4.9e-10
4.9e-10
470000000

['./treeMaker/main']
10.2809138298	15.0751900673	10.5682199001	14.882901907	8.21461606026	16.4262712002	19.5462510586	9.3559179306	8.95222783089	4.81223201752	6.2955288887	18.7161040306	8.41357898712	5.67959308624	8.47968387604	8.17789912224	10.118005991	13.8993239403	16.3573989868	11.4012448788	4.5046889782	6.10435819626	9.18759202957	19.1914899349	8.19425487518	16.6955959797	9.63974905014	11.8863010406	14.4113719463	9.93135285378	4.66607904434	12.4777610302	4.55125498772	16.4676849842	8.52045702934	17.4550008774	14.5067558289	8.17105197906	6.6265001297	7.14853596687	13.5644979477	7.32702898979	5.86059093475	7.3992638588	11.3054969311	23.4977149963	16.0067780018	8.53298592567	6.75971102715	11.304350853	
['./treeMaker/main', '-b']
10.3754251003	15.1753430367	10.6547989845	15.0260910988	8.3052880764	16.5497498512	19.694933176	9.44079685211	9.05627703667	4.85103702545	6.37688708305	18.854861021	8.50417089462	5.73110818863	8.56382703781	8.29132318497	10.2177021503	14.0075609684	16.4746000767	11.4932510853	4.55398893356	6.16225194931	9.43527317047	19.3159930706	8.29044508934	16.835447073	9.79506993294	11.9733929634	14.537651062	9.98861193657	4.71866393089	12.5865747929	4.46105098724	16.6000339985	8.60434794426	17.5910019875	14.6162350178	8.25937700272	6.69619202614	7.22647380829	13.672358036	7.43552684784	5.91736006737	7.47066187859	11.4066751003	23.6523549557	16.1226770878	8.58347392082	6.82730007172	11.2993049622	
['./treeMaker/main', '-u']
10.2911400795	15.0638120174	10.5745780468	14.9271080494	8.62653708458	16.4399600029	19.5506310463	9.36788201332	8.98124480247	4.81472611427	6.32681202888	18.7142281532	8.44244909286	5.68973302841	8.49830412865	8.18430399895	10.1404049397	13.9123380184	16.3648328781	11.4174890518	4.5307559967	6.11641097069	9.27681088448	19.1794168949	8.23925805092	16.7439548969	9.67722821236	11.9021120071	14.4278829098	9.92209792137	4.67766690254	12.5031650066	4.43222689629	16.5134789944	8.54343700409	17.4761049747	14.5150420666	8.21283793449	6.6437869072	7.16722989082	13.5760040283	7.37410998344	5.90306806564	7.41763401031	11.3221158981	23.5098760128	16.0722038746	8.52128195763	6.77711606026	11.2268531322	
['./treeMaker/main', '-t', '-r', '1']
63.2276909351	73.7302911282	60.786370039	82.3710701466	53.7156500816	75.7215018272	93.2866849899	59.4730029106	47.6240839958	34.5669369698	44.3127720356	96.4653041363	51.8937058449	41.2082619667	50.2599129677	51.9281051159	56.3279879093	75.7509958744	83.8814358711	60.2362098694	32.7375559807	38.1588029861	57.008920908	89.8485739231	54.2789711952	76.4202458858	63.712033987	67.1463670731	80.9279279709	58.9626829624	34.7861461639	73.5508069992	32.2694818974	86.4142320156	52.1212658882	93.1999359131	70.7916228771	51.7186181545	46.662623167	49.1894919872	64.9012470245	50.343503952	42.3186950684	48.3903050423	66.8825280666	114.677379847	83.1840429306	55.2624812126	46.3997690678	60.7531659603	
['./treeMaker/main', '-t', '-r', '2']
90.2475988865	119.930482149	88.7991662025	118.747066975	73.8096039295	122.785005093	141.371555805	81.1967151165	80.3430430889	50.311218977	63.202103138	132.115792036	80.9826841354	54.4637868404	78.3533480167	70.9143798351	92.5345048904	104.275596142	124.253731966	92.2152450085	47.2582929134	61.1840538979	79.4218049049	142.107872009	74.634362936	127.659565926	85.3401451111	98.5467579365	108.33991909	85.2089719772	48.2756788731	102.521002054	45.6842169762	127.557206869	79.7320270538	128.999912977	117.078554153	75.8906030655	63.2351288795	75.8678219318	113.020542145	71.1378519535	57.3499519825	67.340626955	94.4968061447	163.012040854	120.061596155	76.1975588799	64.6903629303	95.0198152065	
['./treeMaker/main', '-t', '-r', '1', '-N']
63.3294260502	73.9300408363	60.6868338585	82.4191169739	53.8637049198	75.6862790585	93.3455078602	59.8694739342	48.8606591225	35.4801030159	45.0721311569	98.2520108223	53.1461119652	41.9300851822	51.183426857	53.5367891788	57.4380030632	77.2240028381	85.7407360077	61.43491292	33.521971941	39.1205809116	57.4845290184	91.210321188	52.3031690121	77.1518220901	65.2525889874	68.5711419582	82.1118071079	60.2476971149	35.5667490959	74.9652879238	33.1561391354	88.1139650345	53.0685670376	93.9823670387	72.4847180843	52.2970981598	47.1802179813	49.5590019226	65.76460886	50.9890270233	42.7596540451	48.6204519272	67.8489949703	116.76098609	84.9427599907	56.3978700638	47.5651597977	62.2707409859	
['./treeMaker/main', '-t', '-r', '2', '-N']
92.4031808376	121.471230984	90.4089109898	120.000307083	75.0644459724	124.929287195	142.714221954	81.1021280289	81.6583390236	51.5951628685	63.8536379337	133.344297886	82.3567550182	55.4099349976	77.9760468006	71.6748199463	95.1373419762	106.376722097	126.750060081	93.9497010708	48.5174629688	62.3607909679	80.8000261784	144.375368834	75.2724928856	129.515715122	87.8351671696	101.323576927	112.086028814	86.9374620914	49.5797591209	105.697398901	46.8566160202	130.391085148	81.0538680553	130.802092075	119.426750898	77.0623371601	65.1807749271	70.7155888081	114.358911037	73.2474291325	59.4211750031	69.6556408405	96.6360471249	165.341906071	119.987206936	75.470662117	65.0209281445	95.8661398888	
['./treeMaker/main', '-m']
1.387611866	1.69650316238	1.46360492706	1.59376311302	1.29660010338	1.72870707512	1.85125494003	1.35606789589	1.45364403725	1.07328009605	1.12748599052	1.65053391457	1.34031605721	1.14161705971	1.3110229969	1.28375506401	1.38432312012	1.51373100281	1.63771295547	1.44489097595	1.10301208496	1.20862007141	1.28267383575	1.76695394516	1.30325913429	1.74701118469	1.32972502708	1.46827411652	1.50604009628	1.34516501427	1.07885694504	1.44921088219	1.13396716118	1.65410995483	1.35278582573	1.63108682632	1.56804490089	1.26086187363	1.14281105995	1.13737297058	1.6457798481	1.20150208473	1.12022686005	1.2170279026	1.40324687958	1.82092905045	1.62795805931	1.26350402832	1.20283579826	1.47552609444	
['./treeMaker/main', '-m', '-b']
1.50280213356	1.82103300095	1.55084991455	1.68024015427	1.41854381561	1.84464502335	1.93211197853	1.41925692558	1.54652690887	1.18420219421	1.24194598198	1.83279204369	1.44627785683	1.25669002533	1.49284601212	1.36657905579	1.50729012489	1.62874698639	1.84045290947	1.60800480843	1.1594851017	1.28661203384	1.43856096268	1.96349716187	1.42215180397	1.86852693558	1.49111700058	1.62428307533	1.64411592484	1.53271222115	1.16211700439	1.57991814613	1.14301609993	1.77297401428	1.41350293159	1.80372285843	1.76517891884	1.3611369133	1.21717119217	1.26593399048	1.75413513184	1.30930900574	1.22642493248	1.32298016548	1.52319598198	2.10940599442	1.77731800079	1.31081104279	1.2479300499	1.60239911079	
['./treeMaker/main', '-m', '-w', '1']
1.335490942	1.59568285942	1.39212703705	1.5677819252	1.24703383446	1.64972996712	1.73024511337	1.34554195404	1.4517250061	1.13868188858	1.12901496887	1.71276092529	1.32336115837	1.13582086563	1.33501887321	1.21923303604	1.40920901299	1.54831695557	1.68782711029	1.50331997871	1.13094592094	1.26234793663	1.31854391098	1.80738210678	1.30249094963	1.75520586967	1.34177398682	1.4996099472	1.4992480278	1.30302000046	1.02736902237	1.43073391914	1.12113308907	1.6686899662	1.35146212578	1.63376688957	1.61559081078	1.3553750515	1.11875391006	1.13137412071	1.58424186707	1.24521303177	1.14153409004	1.20944404602	1.46128821373	1.83594489098	1.63114595413	1.20079088211	1.1620619297	1.39102506638	
['./treeMaker/main', '-m', '-w', '2']
1.35927891731	1.6027610302	1.41260385513	1.56458902359	1.27225589752	1.72482705116	1.77978110313	1.36278295517	1.46070885658	1.11430096626	1.15605020523	1.7060239315	1.35532093048	1.14345788956	1.34270906448	1.2701818943	1.40534114838	1.58135604858	1.67986607552	1.4882349968	1.13670802116	1.22682499886	1.33774089813	1.79392290115	1.24630498886	1.64610791206	1.31857204437	1.48652005196	1.50700592995	1.39649796486	1.03635311127	1.45002388954	1.11395215988	1.64541292191	1.31842589378	1.64972805977	1.59713602066	1.25341105461	1.15831398964	1.15121603012	1.5746819973	1.21873497963	1.13123703003	1.22457098961	1.3924908638	1.82513618469	1.65964508057	1.23255801201	1.18934106827	1.46529102325	
['./treeMaker/main', '-m', '-c', '1']
1.35053300858	1.66989398003	1.37684607506	1.55114889145	1.27092909813	1.69112896919	1.72375106812	1.27126479149	1.40142393112	1.07878994942	1.12668299675	1.70229101181	1.29231190681	1.0849199295	1.30462408066	1.2321407795	1.38290905952	1.53951787949	1.66442990303	1.44823884964	1.08908009529	1.19120907784	1.24256491661	1.71846008301	1.26435112953	1.71223688126	1.22403883934	1.36659312248	1.4656920433	1.36326599121	0.988696098328	1.32680892944	1.04119110107	1.61189293861	1.27824187279	1.61022377014	1.56875395775	1.26441216469	1.09021997452	1.13687801361	1.59109306335	1.16482210159	1.04679703712	1.17134094238	1.34539794922	1.76969790459	1.60337400436	1.20610308647	1.13521099091	1.39409089088	
['./treeMaker/main', '-m', '-c', '2']
1.34823989868	1.59120202065	1.32088279724	1.52716302872	1.20199108124	1.63329005241	1.74077391624	1.35881304741	1.476334095	1.08450508118	1.11861395836	1.64119696617	1.31533813477	1.09371590614	1.28641414642	1.22592306137	1.39945888519	1.53468489647	1.70158600807	1.45668792725	1.10432600975	1.17193508148	1.26737093925	1.77368783951	1.25937390327	1.61957502365	1.296626091	1.41323208809	1.48293185234	1.35195207596	1.03609704971	1.38821697235	1.06361103058	1.61350393295	1.29317903519	1.59211301804	1.58029794693	1.24569511414	1.16321086884	1.19644284248	1.62472009659	1.19304990768	1.10404586792	1.23668003082	1.40049910545	1.84722208977	1.58063101768	1.19364500046	1.13169193268	1.43068003654	
['./treeMaker/main', '-m', '-a', '1']
1.5261528492	1.76047992706	1.51977801323	1.63487482071	1.37819695473	1.76811122894	1.82117891312	1.44299197197	1.55569982529	1.24245095253	1.25593709946	1.78230190277	1.46311593056	1.2852499485	1.51068401337	1.36488699913	1.51737904549	1.64250898361	1.75656604767	1.63364315033	1.2289018631	1.33229589462	1.40880584717	1.889067173	1.41863107681	1.89893293381	1.41396999359	1.6077029705	1.66415905952	1.49217486382	1.17560386658	1.61005592346	1.24216794968	1.78196287155	1.51608896255	1.84814691544	1.71002984047	1.43384599686	1.33579015732	1.32432603836	1.75232100487	1.28330802917	1.22712612152	1.40087103844	1.59974980354	1.95726895332	1.69606494904	1.37547016144	1.32230496407	1.57976484299	
['./treeMaker/main', '-m', '-a', '2']
1.40448689461	1.59335398674	1.38807296753	1.58183598518	1.29625988007	1.67496991158	1.70575594902	1.30840992928	1.43766999245	1.10107922554	1.16767692566	1.70580291748	1.32065796852	1.10844898224	1.36319494247	1.24831795692	1.4036989212	1.54002404213	1.66588306427	1.50199103355	1.10860109329	1.17710995674	1.30052399635	1.79691100121	1.29249501228	1.68327999115	1.31076478958	1.43152999878	1.51988506317	1.32342505455	1.05783700943	1.49126291275	1.14064097404	1.68557786942	1.37585282326	1.66367197037	1.60989022255	1.3356859684	1.18167304993	1.21609902382	1.64366912842	1.17219996452	1.1281170845	1.23394298553	1.38633298874	1.83475184441	1.62124609947	1.24868297577	1.22252607346	1.50864696503	
