100_1000_4.9e-10_4.9e-10_470000000
100
1000
4.9e-10
4.9e-10
470000000

['./treeMaker/main']
0.0408163265306	0.0204081632653	0.030612244898	0.0408163265306	0.0408163265306	0.0612244897959	0.030612244898	0.0714285714286	0.0510204081633	0.0408163265306	0.0408163265306	0.0510204081633	0.0612244897959	0.0510204081633	0.0918367346939	0.0612244897959	0.030612244898	0.0510204081633	0.0510204081633	0.0612244897959	0.0510204081633	0.0510204081633	0.0408163265306	0.0204081632653	0.0	0.112244897959	0.112244897959	0.0510204081633	0.0408163265306	0.0408163265306	0.0510204081633	0.0816326530612	0.0714285714286	0.0408163265306	0.0612244897959	0.0816326530612	0.0510204081633	0.0408163265306	0.0816326530612	0.0408163265306	0.0918367346939	0.0918367346939	0.102040816327	0.0816326530612	0.0714285714286	0.0408163265306	0.112244897959	0.0714285714286	0.0510204081633	0.0816326530612	
['./treeMaker/main', '-b']
0.0714285714286	0.0714285714286	0.0918367346939	0.112244897959	0.142857142857	0.0918367346939	0.0816326530612	0.0714285714286	0.0816326530612	0.030612244898	0.0408163265306	0.0408163265306	0.173469387755	0.0714285714286	0.224489795918	0.0918367346939	0.102040816327	0.0816326530612	0.0714285714286	0.0918367346939	0.0408163265306	0.0408163265306	0.0816326530612	0.0816326530612	0.132653061224	0.0918367346939	0.183673469388	0.142857142857	0.132653061224	0.0918367346939	0.030612244898	0.0816326530612	0.132653061224	0.214285714286	0.15306122449	0.142857142857	0.112244897959	0.0102040816327	0.0816326530612	0.0816326530612	0.0816326530612	0.122448979592	0.132653061224	0.163265306122	0.19387755102	0.132653061224	0.122448979592	0.163265306122	0.0918367346939	0.0714285714286	
['./treeMaker/main', '-u']
0.030612244898	0.0408163265306	0.0510204081633	0.0612244897959	0.030612244898	0.030612244898	0.0612244897959	0.0816326530612	0.0816326530612	0.0204081632653	0.0510204081633	0.0408163265306	0.0510204081633	0.0714285714286	0.0408163265306	0.030612244898	0.0816326530612	0.0408163265306	0.0408163265306	0.0408163265306	0.112244897959	0.112244897959	0.0714285714286	0.0714285714286	0.0510204081633	0.102040816327	0.122448979592	0.0714285714286	0.0816326530612	0.0408163265306	0.0510204081633	0.0816326530612	0.0714285714286	0.0408163265306	0.0816326530612	0.102040816327	0.102040816327	0.0408163265306	0.0714285714286	0.0408163265306	0.0408163265306	0.0408163265306	0.0918367346939	0.0816326530612	0.0612244897959	0.030612244898	0.0612244897959	0.0510204081633	0.0612244897959	0.0408163265306	
['./treeMaker/main', '-t', '-r', '1']
0.030612244898	0.0102040816327	0.0612244897959	0.0510204081633	0.0510204081633	0.0204081632653	0.0408163265306	0.0408163265306	0.0612244897959	0.030612244898	0.0408163265306	0.0204081632653	0.0408163265306	0.030612244898	0.0510204081633	0.0408163265306	0.0510204081633	0.0408163265306	0.030612244898	0.0510204081633	0.0714285714286	0.0510204081633	0.0204081632653	0.0408163265306	0.0612244897959	0.102040816327	0.0918367346939	0.0408163265306	0.0612244897959	0.0510204081633	0.030612244898	0.0612244897959	0.0408163265306	0.0408163265306	0.030612244898	0.0612244897959	0.0612244897959	0.0408163265306	0.0510204081633	0.0408163265306	0.0408163265306	0.0204081632653	0.0816326530612	0.0408163265306	0.0612244897959	0.0408163265306	0.030612244898	0.0612244897959	0.0510204081633	0.0510204081633	
['./treeMaker/main', '-t', '-r', '2']
0.0102040816327	0.0102040816327	0.0612244897959	0.030612244898	0.0612244897959	0.0204081632653	0.0510204081633	0.030612244898	0.0612244897959	0.030612244898	0.0612244897959	0.0204081632653	0.030612244898	0.030612244898	0.0408163265306	0.0408163265306	0.0510204081633	0.0408163265306	0.0408163265306	0.0612244897959	0.0816326530612	0.0612244897959	0.0204081632653	0.0408163265306	0.0510204081633	0.112244897959	0.0918367346939	0.0408163265306	0.0816326530612	0.030612244898	0.0408163265306	0.0714285714286	0.0408163265306	0.0510204081633	0.030612244898	0.0714285714286	0.0612244897959	0.0204081632653	0.030612244898	0.0612244897959	0.0408163265306	0.0408163265306	0.102040816327	0.0204081632653	0.0408163265306	0.0408163265306	0.030612244898	0.0510204081633	0.0714285714286	0.0510204081633	
['./treeMaker/main', '-t', '-r', '1', '-N']
0.030612244898	0.0204081632653	0.0510204081633	0.0408163265306	0.0612244897959	0.0204081632653	0.0408163265306	0.0408163265306	0.0612244897959	0.0408163265306	0.0510204081633	0.0204081632653	0.030612244898	0.0612244897959	0.0612244897959	0.0510204081633	0.0510204081633	0.0510204081633	0.0408163265306	0.0510204081633	0.0918367346939	0.0612244897959	0.030612244898	0.0408163265306	0.0510204081633	0.102040816327	0.102040816327	0.0510204081633	0.0816326530612	0.030612244898	0.030612244898	0.0612244897959	0.0510204081633	0.0408163265306	0.030612244898	0.0612244897959	0.0612244897959	0.0204081632653	0.0408163265306	0.0408163265306	0.0816326530612	0.0408163265306	0.112244897959	0.0612244897959	0.0510204081633	0.0510204081633	0.0612244897959	0.0714285714286	0.0612244897959	0.0816326530612	
['./treeMaker/main', '-t', '-r', '2', '-N']
0.030612244898	0.0408163265306	0.0612244897959	0.0408163265306	0.0714285714286	0.0204081632653	0.030612244898	0.0510204081633	0.0510204081633	0.0408163265306	0.0510204081633	0.0204081632653	0.0408163265306	0.0612244897959	0.0714285714286	0.0714285714286	0.0612244897959	0.0612244897959	0.0612244897959	0.0714285714286	0.0918367346939	0.0612244897959	0.0408163265306	0.0510204081633	0.030612244898	0.122448979592	0.122448979592	0.0408163265306	0.0918367346939	0.0408163265306	0.030612244898	0.0714285714286	0.030612244898	0.0408163265306	0.0408163265306	0.0816326530612	0.0612244897959	0.0204081632653	0.0408163265306	0.0612244897959	0.0918367346939	0.030612244898	0.0918367346939	0.030612244898	0.0714285714286	0.0612244897959	0.0612244897959	0.0816326530612	0.0816326530612	0.0714285714286	
['./treeMaker/main', '-m']
0.0510204081633	0.0408163265306	0.0510204081633	0.0408163265306	0.0408163265306	0.0510204081633	0.0612244897959	0.0510204081633	0.0714285714286	0.0204081632653	0.0510204081633	0.0102040816327	0.0816326530612	0.0612244897959	0.0408163265306	0.0204081632653	0.0612244897959	0.0408163265306	0.0408163265306	0.0408163265306	0.132653061224	0.112244897959	0.0510204081633	0.0510204081633	0.0408163265306	0.102040816327	0.0918367346939	0.0510204081633	0.0816326530612	0.0204081632653	0.030612244898	0.0510204081633	0.0612244897959	0.0510204081633	0.0612244897959	0.0816326530612	0.0612244897959	0.0612244897959	0.0510204081633	0.0612244897959	0.0612244897959	0.030612244898	0.0612244897959	0.0612244897959	0.0714285714286	0.0510204081633	0.0510204081633	0.0714285714286	0.0612244897959	0.0612244897959	
['./treeMaker/main', '-m', '-b']
0.0714285714286	0.112244897959	0.0816326530612	0.0816326530612	0.0816326530612	0.102040816327	0.102040816327	0.0612244897959	0.112244897959	0.0408163265306	0.0816326530612	0.0510204081633	0.0816326530612	0.102040816327	0.0510204081633	0.0816326530612	0.0510204081633	0.0918367346939	0.0714285714286	0.0408163265306	0.112244897959	0.0714285714286	0.0816326530612	0.122448979592	0.112244897959	0.112244897959	0.122448979592	0.0816326530612	0.122448979592	0.0510204081633	0.0612244897959	0.0714285714286	0.132653061224	0.102040816327	0.102040816327	0.132653061224	0.112244897959	0.0408163265306	0.0510204081633	0.102040816327	0.0918367346939	0.15306122449	0.183673469388	0.122448979592	0.0816326530612	0.0510204081633	0.0714285714286	0.0918367346939	0.0714285714286	0.0612244897959	
['./treeMaker/main', '-m', '-w', '1']
0.0408163265306	0.0204081632653	0.0510204081633	0.0510204081633	0.0510204081633	0.0408163265306	0.0612244897959	0.0408163265306	0.0714285714286	0.030612244898	0.0510204081633	0.030612244898	0.0612244897959	0.0714285714286	0.0612244897959	0.0408163265306	0.0204081632653	0.030612244898	0.0204081632653	0.0612244897959	0.15306122449	0.0816326530612	0.0408163265306	0.0510204081633	0.0510204081633	0.122448979592	0.0816326530612	0.0510204081633	0.0714285714286	0.0102040816327	0.0408163265306	0.0816326530612	0.0408163265306	0.0408163265306	0.0612244897959	0.0918367346939	0.0816326530612	0.0612244897959	0.0408163265306	0.0714285714286	0.0714285714286	0.030612244898	0.0918367346939	0.0204081632653	0.0816326530612	0.0612244897959	0.0816326530612	0.0714285714286	0.0510204081633	0.0816326530612	
['./treeMaker/main', '-m', '-w', '2']
0.0408163265306	0.0408163265306	0.0510204081633	0.0408163265306	0.0408163265306	0.0510204081633	0.0612244897959	0.0510204081633	0.0714285714286	0.030612244898	0.0510204081633	0.0102040816327	0.0714285714286	0.0714285714286	0.0510204081633	0.0204081632653	0.0714285714286	0.0510204081633	0.0408163265306	0.0510204081633	0.122448979592	0.0918367346939	0.0612244897959	0.0612244897959	0.0408163265306	0.122448979592	0.102040816327	0.0612244897959	0.0714285714286	0.0204081632653	0.030612244898	0.0612244897959	0.0408163265306	0.0510204081633	0.0612244897959	0.0816326530612	0.0612244897959	0.0612244897959	0.0612244897959	0.0612244897959	0.0612244897959	0.0408163265306	0.0918367346939	0.0510204081633	0.0714285714286	0.0510204081633	0.0408163265306	0.0714285714286	0.0510204081633	0.0612244897959	
['./treeMaker/main', '-m', '-c', '1']
0.183673469388	0.183673469388	0.15306122449	0.173469387755	0.183673469388	0.102040816327	0.214285714286	0.234693877551	0.163265306122	0.132653061224	0.224489795918	0.142857142857	0.224489795918	0.204081632653	0.183673469388	0.214285714286	0.15306122449	0.102040816327	0.19387755102	0.15306122449	0.224489795918	0.163265306122	0.173469387755	0.183673469388	0.234693877551	0.204081632653	0.244897959184	0.163265306122	0.204081632653	0.183673469388	0.224489795918	0.173469387755	0.214285714286	0.214285714286	0.19387755102	0.234693877551	0.255102040816	0.15306122449	0.204081632653	0.204081632653	0.183673469388	0.183673469388	0.285714285714	0.183673469388	0.214285714286	0.183673469388	0.214285714286	0.163265306122	0.15306122449	0.122448979592	
['./treeMaker/main', '-m', '-c', '2']
0.163265306122	0.19387755102	0.15306122449	0.173469387755	0.173469387755	0.102040816327	0.214285714286	0.224489795918	0.183673469388	0.142857142857	0.234693877551	0.142857142857	0.214285714286	0.183673469388	0.183673469388	0.183673469388	0.15306122449	0.112244897959	0.224489795918	0.163265306122	0.214285714286	0.132653061224	0.173469387755	0.163265306122	0.214285714286	0.19387755102	0.234693877551	0.173469387755	0.204081632653	0.173469387755	0.214285714286	0.142857142857	0.19387755102	0.204081632653	0.183673469388	0.204081632653	0.234693877551	0.163265306122	0.214285714286	0.183673469388	0.204081632653	0.183673469388	0.275510204082	0.183673469388	0.204081632653	0.15306122449	0.204081632653	0.163265306122	0.163265306122	0.122448979592	
['./treeMaker/main', '-m', '-a', '1']
0.0714285714286	0.102040816327	0.0612244897959	0.102040816327	0.132653061224	0.0918367346939	0.0918367346939	0.102040816327	0.0918367346939	0.0918367346939	0.0816326530612	0.0918367346939	0.122448979592	0.122448979592	0.0714285714286	0.102040816327	0.112244897959	0.0816326530612	0.102040816327	0.142857142857	0.142857142857	0.112244897959	0.0816326530612	0.122448979592	0.122448979592	0.19387755102	0.142857142857	0.102040816327	0.0918367346939	0.0816326530612	0.112244897959	0.0918367346939	0.132653061224	0.102040816327	0.173469387755	0.15306122449	0.142857142857	0.0918367346939	0.102040816327	0.0816326530612	0.112244897959	0.132653061224	0.112244897959	0.0612244897959	0.15306122449	0.0918367346939	0.0918367346939	0.102040816327	0.142857142857	0.0714285714286	
['./treeMaker/main', '-m', '-a', '2']
0.183673469388	0.19387755102	0.19387755102	0.132653061224	0.142857142857	0.224489795918	0.15306122449	0.173469387755	0.173469387755	0.163265306122	0.15306122449	0.183673469388	0.183673469388	0.15306122449	0.112244897959	0.173469387755	0.183673469388	0.183673469388	0.19387755102	0.173469387755	0.244897959184	0.224489795918	0.142857142857	0.19387755102	0.19387755102	0.224489795918	0.173469387755	0.163265306122	0.204081632653	0.163265306122	0.142857142857	0.19387755102	0.183673469388	0.132653061224	0.19387755102	0.173469387755	0.132653061224	0.214285714286	0.19387755102	0.19387755102	0.163265306122	0.183673469388	0.224489795918	0.142857142857	0.173469387755	0.15306122449	0.234693877551	0.132653061224	0.142857142857	0.173469387755	
