10_1000_4.9e-10_4.9e-10_470000000
10
1000
4.9e-10
4.9e-10
470000000

['./treeMaker/main']
0.0674691200256	0.0756170749664	0.0725619792938	0.0781359672546	0.0490419864655	0.0936050415039	0.0622529983521	0.0839400291443	0.129719018936	0.0535979270935	0.10958814621	0.15119600296	0.0417790412903	0.0645930767059	0.0465281009674	0.039822101593	0.0497090816498	0.0342900753021	0.0488338470459	0.0829079151154	0.105954885483	0.103322982788	0.0556380748749	0.071151971817	0.0927550792694	0.0883531570435	0.0880658626556	0.0821928977966	0.0779531002045	0.0635511875153	0.102583885193	0.0818300247192	0.0621259212494	0.11442899704	0.060222864151	0.0572900772095	0.0790929794312	0.0800549983978	0.0938880443573	0.0581409931183	0.0549740791321	0.0593838691711	0.0730299949646	0.0738680362701	0.085510969162	0.0790300369263	0.0939989089966	0.0575540065765	0.088889837265	0.112591028214	
['./treeMaker/main', '-b']
0.0661039352417	0.0726778507233	0.0728080272675	0.0751850605011	0.0569620132446	0.0887060165405	0.0631439685822	0.0800399780273	0.13668680191	0.0535621643066	0.113635063171	0.160010099411	0.0443880558014	0.0641870498657	0.0460510253906	0.0396459102631	0.0517239570618	0.0325479507446	0.0470399856567	0.0835778713226	0.0974318981171	0.106827020645	0.0586428642273	0.0711169242859	0.0937230587006	0.0887298583984	0.0894548892975	0.0711059570312	0.0888159275055	0.061674118042	0.092442035675	0.0804281234741	0.0623898506165	0.117733955383	0.0622308254242	0.060791015625	0.0801451206207	0.0970990657806	0.0953469276428	0.0602960586548	0.0539259910583	0.0671048164368	0.0624160766602	0.0769848823547	0.0953459739685	0.0799160003662	0.0769917964935	0.0665271282196	0.0909719467163	0.111732006073	
['./treeMaker/main', '-u']
0.0809350013733	0.0722000598907	0.0730800628662	0.0843279361725	0.0470139980316	0.0901429653168	0.0625188350677	0.0810658931732	0.14356803894	0.0537719726562	0.107632160187	0.148675203323	0.0376532077789	0.0632998943329	0.0469470024109	0.0421650409698	0.052885055542	0.0460970401764	0.048849105835	0.0867071151733	0.0993709564209	0.100972890854	0.0528671741486	0.0690560340881	0.0919499397278	0.0861439704895	0.0854799747467	0.0701658725739	0.0743708610535	0.0590431690216	0.0894300937653	0.0779631137848	0.0744071006775	0.12347817421	0.0585379600525	0.0604228973389	0.0805068016052	0.0826299190521	0.0929780006409	0.0568819046021	0.0486788749695	0.0590131282806	0.0636188983917	0.0747830867767	0.0830850601196	0.0796339511871	0.0734548568726	0.0544819831848	0.0872960090637	0.110872983932	
['./treeMaker/main', '-t', '-r', '1']
0.280143022537	0.316330909729	0.315212965012	0.333130121231	0.232480049133	0.350720882416	0.291077852249	0.325988054276	0.471251010895	0.235893011093	0.397938013077	0.537796974182	0.179234981537	0.280961990356	0.231575965881	0.200031995773	0.227316141129	0.174932003021	0.220695018768	0.344959974289	0.388874053955	0.422580003738	0.2508289814	0.304916143417	0.362252950668	0.360543966293	0.34996509552	0.303429841995	0.324476003647	0.279186010361	0.369385004044	0.340909957886	0.2788169384	0.418488025665	0.259932994843	0.258685112	0.335497140884	0.343852996826	0.389284133911	0.255308151245	0.248039960861	0.2753469944	0.270900011063	0.324173927307	0.343787908554	0.350373029709	0.323046922684	0.266638040543	0.361826181412	0.425710916519	
['./treeMaker/main', '-t', '-r', '2']
0.427268028259	0.444339036942	0.484009981155	0.486261129379	0.308437108994	0.558624982834	0.404594898224	0.525515794754	0.766117811203	0.368018865585	0.646932125092	0.798346996307	0.286310911179	0.44025182724	0.328423023224	0.291365861893	0.342638015747	0.230209827423	0.336035013199	0.51558804512	0.588973045349	0.646062850952	0.361659049988	0.453512907028	0.603845834732	0.536016941071	0.547890901566	0.457545995712	0.535346984863	0.431987047195	0.58401799202	0.509557008743	0.420687913895	0.671648025513	0.433427095413	0.385663032532	0.510189056396	0.513453006744	0.543480157852	0.383545160294	0.377377986908	0.377839803696	0.420583963394	0.517663002014	0.545042037964	0.535313129425	0.493854999542	0.410706996918	0.564384937286	0.677681922913	
['./treeMaker/main', '-t', '-r', '1', '-N']
0.303572893143	0.296788215637	0.325820922852	0.325134992599	0.227154970169	0.349634885788	0.271443843842	0.341588973999	0.494445085526	0.248393058777	0.430380821228	0.502139091492	0.178333997726	0.298810958862	0.230148077011	0.192667007446	0.228303194046	0.155737876892	0.241112947464	0.349782943726	0.386613845825	0.39173913002	0.254333972931	0.304188013077	0.360249996185	0.380787849426	0.373555898666	0.303292989731	0.332202911377	0.275367975235	0.384386062622	0.34298992157	0.277616977692	0.444147109985	0.276994943619	0.281373023987	0.345291852951	0.331887960434	0.382811069489	0.258332967758	0.228062868118	0.263132095337	0.279937982559	0.326766014099	0.374496936798	0.347223043442	0.321669816971	0.26689696312	0.345118999481	0.443135023117	
['./treeMaker/main', '-t', '-r', '2', '-N']
0.453146934509	0.460530996323	0.482857942581	0.504952907562	0.334044218063	0.56903219223	0.40424990654	0.524877071381	0.778896093369	0.381392002106	0.652531862259	0.832832098007	0.267600059509	0.435785055161	0.30897808075	0.280380964279	0.346856117249	0.239457845688	0.322824954987	0.497346878052	0.567262887955	0.639806985855	0.378784179688	0.488013029099	0.598559856415	0.560508012772	0.547621011734	0.462971925735	0.529444932938	0.445254087448	0.571392774582	0.477736949921	0.40506196022	0.673735141754	0.419509887695	0.394984960556	0.480013132095	0.510148048401	0.552285909653	0.39096903801	0.35671210289	0.386157035828	0.458250045776	0.529536962509	0.525718927383	0.503009080887	0.472319126129	0.436270952225	0.569447040558	0.682557106018	
['./treeMaker/main', '-m']
0.0287680625916	0.026004076004	0.0254812240601	0.0272569656372	0.0233278274536	0.0283880233765	0.0259230136871	0.0269918441772	0.0317981243134	0.0249760150909	0.0407807826996	0.0345180034637	0.0222799777985	0.0278980731964	0.0226480960846	0.0320100784302	0.0245540142059	0.0239369869232	0.0246419906616	0.0290229320526	0.0313339233398	0.0409860610962	0.0263001918793	0.0300440788269	0.0304729938507	0.0279660224915	0.0306119918823	0.0288980007172	0.0299398899078	0.0264129638672	0.0437920093536	0.0262939929962	0.0248110294342	0.0299069881439	0.024022102356	0.0252859592438	0.0290451049805	0.0379490852356	0.0296669006348	0.0265369415283	0.0247128009796	0.02645611763	0.0277061462402	0.0261738300323	0.0265300273895	0.0252461433411	0.0288460254669	0.0248908996582	0.0305891036987	0.0300951004028	
['./treeMaker/main', '-m', '-b']
0.0274610519409	0.0270240306854	0.0300798416138	0.0279290676117	0.0236880779266	0.029235124588	0.0265250205994	0.0277881622314	0.0332510471344	0.0252110958099	0.0310871601105	0.0355949401855	0.0210239887238	0.0265700817108	0.024092912674	0.0225059986115	0.026880979538	0.02330493927	0.0250859260559	0.0277960300446	0.0312089920044	0.0325000286102	0.0246767997742	0.0265531539917	0.0301690101624	0.0328269004822	0.0284810066223	0.028902053833	0.0311441421509	0.0281429290771	0.03995013237	0.0299849510193	0.0291309356689	0.0334570407867	0.0257620811462	0.0256910324097	0.0279791355133	0.0307159423828	0.032105922699	0.0265588760376	0.0275900363922	0.0256559848785	0.0280499458313	0.0390079021454	0.031347990036	0.029886007309	0.0310819149017	0.0244159698486	0.0289449691772	0.0312900543213	
['./treeMaker/main', '-m', '-w', '1']
0.0255749225616	0.0263738632202	0.0256910324097	0.0269169807434	0.0228519439697	0.0280511379242	0.0255749225616	0.0265491008759	0.0319340229034	0.0250208377838	0.0416669845581	0.0321397781372	0.022381067276	0.0259530544281	0.025218963623	0.0212378501892	0.0256049633026	0.0200088024139	0.0241930484772	0.0273110866547	0.0308179855347	0.0335891246796	0.0237538814545	0.0397000312805	0.0323798656464	0.0320799350739	0.0309338569641	0.029944896698	0.0311989784241	0.0283029079437	0.0323801040649	0.028480052948	0.0262551307678	0.0326709747314	0.0255839824677	0.0269701480865	0.0265879631042	0.0264918804169	0.0298748016357	0.026132106781	0.0256390571594	0.0236089229584	0.024729013443	0.0291421413422	0.0298199653625	0.029305934906	0.0297908782959	0.026566028595	0.0278739929199	0.0328688621521	
['./treeMaker/main', '-m', '-w', '2']
0.026547908783	0.0287182331085	0.0280599594116	0.0262429714203	0.024955034256	0.0279250144958	0.0281889438629	0.0262141227722	0.0315480232239	0.0257539749146	0.0403430461884	0.0432910919189	0.0215449333191	0.025985956192	0.0256600379944	0.0247669219971	0.0238828659058	0.0203778743744	0.0244169235229	0.0293588638306	0.0310399532318	0.032543182373	0.0241038799286	0.0266261100769	0.0310258865356	0.0300660133362	0.0305359363556	0.0279939174652	0.0298218727112	0.0277900695801	0.0285139083862	0.0299170017242	0.0286469459534	0.0338580608368	0.0257959365845	0.0274500846863	0.0299708843231	0.0302529335022	0.0287342071533	0.0375380516052	0.024295091629	0.0250279903412	0.0267450809479	0.0273969173431	0.0306849479675	0.0299348831177	0.0303988456726	0.0266718864441	0.0310351848602	0.0314569473267	
['./treeMaker/main', '-m', '-c', '1']
0.0356450080872	0.0290961265564	0.0279879570007	0.0274279117584	0.0256400108337	0.0288791656494	0.0277750492096	0.029021024704	0.0340960025787	0.0324790477753	0.0297620296478	0.0337309837341	0.0211479663849	0.0253219604492	0.0227830410004	0.0217308998108	0.0236968994141	0.0329349040985	0.0222139358521	0.0291781425476	0.0303108692169	0.0316989421844	0.0249500274658	0.0283279418945	0.0294969081879	0.0297789573669	0.0309600830078	0.0288422107697	0.0421478748322	0.0242071151733	0.0285229682922	0.0271000862122	0.0254299640656	0.0306880474091	0.0247850418091	0.0249180793762	0.0270721912384	0.0275309085846	0.0285501480103	0.0351939201355	0.0253670215607	0.0268771648407	0.0255951881409	0.0262389183044	0.026477098465	0.0289080142975	0.0297410488129	0.0257890224457	0.0294878482819	0.0323150157928	
['./treeMaker/main', '-m', '-c', '2']
0.0279629230499	0.027853012085	0.0281388759613	0.0276148319244	0.0333950519562	0.0277490615845	0.0278542041779	0.0293071269989	0.0334432125092	0.024227142334	0.0321879386902	0.0355060100555	0.0228219032288	0.0250129699707	0.0255320072174	0.0241370201111	0.0261662006378	0.0203850269318	0.0242431163788	0.0283029079437	0.0311508178711	0.0321969985962	0.0259749889374	0.0393879413605	0.0283188819885	0.0306100845337	0.028963804245	0.032142162323	0.0262939929962	0.0241689682007	0.0280039310455	0.0268440246582	0.0255229473114	0.0304498672485	0.0247678756714	0.0256431102753	0.0270321369171	0.0273418426514	0.028865814209	0.0265030860901	0.0250430107117	0.0266799926758	0.0266709327698	0.0291221141815	0.0297009944916	0.0255279541016	0.0265328884125	0.027027130127	0.0278029441833	0.0321760177612	
['./treeMaker/main', '-m', '-a', '1']
0.0282349586487	0.0297050476074	0.0386290550232	0.027872800827	0.0260879993439	0.0310559272766	0.0268239974976	0.0296750068665	0.0344939231873	0.026535987854	0.031946182251	0.0357918739319	0.0227401256561	0.0262320041656	0.0260200500488	0.0244140625	0.0267097949982	0.021712064743	0.024719953537	0.031417131424	0.0322110652924	0.0333170890808	0.0260579586029	0.0300090312958	0.0322139263153	0.0309450626373	0.0312821865082	0.0273718833923	0.030699968338	0.0253639221191	0.0318379402161	0.0305008888245	0.0287699699402	0.0339870452881	0.0264849662781	0.0277321338654	0.0303661823273	0.030928850174	0.0320839881897	0.027899980545	0.027626991272	0.0265448093414	0.0289089679718	0.0305540561676	0.0288231372833	0.0291359424591	0.030827999115	0.0282168388367	0.0290670394897	0.0336561203003	
['./treeMaker/main', '-m', '-a', '2']
0.0261988639832	0.0345950126648	0.0366590023041	0.0258781909943	0.0220601558685	0.0273990631104	0.0278580188751	0.0280129909515	0.0306420326233	0.0249049663544	0.0282549858093	0.0348420143127	0.0203638076782	0.025927066803	0.0246551036835	0.0210299491882	0.0230989456177	0.0333111286163	0.0260210037231	0.0297708511353	0.0313119888306	0.0297269821167	0.0249688625336	0.0283761024475	0.0290820598602	0.0290641784668	0.0300078392029	0.026850938797	0.0289080142975	0.0262689590454	0.0291669368744	0.0288560390472	0.0275552272797	0.0292060375214	0.0262351036072	0.0272991657257	0.0267598628998	0.0300590991974	0.0281810760498	0.0352039337158	0.0234980583191	0.0249230861664	0.0256328582764	0.0270149707794	0.0276901721954	0.0266680717468	0.027321100235	0.0247929096222	0.0282669067383	0.0318269729614	
