25_1000_5.2e-11_0.0_470000000
25
1000
5.2e-11
0.0
470000000

['./treeMaker/main']
0.0685830116272	0.0685930252075	0.0763120651245	0.0677220821381	0.0679819583893	0.0672519207001	0.0712280273438	0.0606322288513	0.0590670108795	0.0789170265198	0.0687689781189	0.0755410194397	0.067663192749	0.073853969574	0.061164855957	0.062518119812	0.071634054184	0.084753036499	0.070631980896	0.0716450214386	0.0734918117523	0.0752761363983	0.0763349533081	0.0622692108154	0.0719568729401	0.0665311813354	0.0631420612335	0.0771079063416	0.0640389919281	0.0566120147705	0.0630271434784	0.0697782039642	0.0805008411407	0.0684731006622	0.0723068714142	0.0748670101166	0.0720911026001	0.0593738555908	0.061044216156	0.0628960132599	0.0604197978973	0.0613930225372	0.0738461017609	0.0781500339508	0.0640630722046	0.0768039226532	0.0714399814606	0.0685379505157	0.0910091400146	0.0659899711609	
['./treeMaker/main', '-b']
0.065994977951	0.0685489177704	0.0768148899078	0.0689251422882	0.0711369514465	0.0652599334717	0.0829479694366	0.0646560192108	0.0601761341095	0.0777921676636	0.068990945816	0.0740220546722	0.0766830444336	0.0729100704193	0.0674629211426	0.0656008720398	0.0819301605225	0.0816829204559	0.0695989131927	0.0746629238129	0.074184179306	0.0783219337463	0.0886240005493	0.063355922699	0.0725390911102	0.0664851665497	0.066831111908	0.0806529521942	0.0634949207306	0.060005903244	0.063444852829	0.0706160068512	0.0930759906769	0.0737121105194	0.0780129432678	0.0740652084351	0.0582661628723	0.0584721565247	0.0584919452667	0.061136007309	0.0588591098785	0.0616059303284	0.0600829124451	0.0727438926697	0.0627458095551	0.0730359554291	0.069356918335	0.0802121162415	0.0798060894012	0.0675230026245	
['./treeMaker/main', '-u']
0.0682129859924	0.0668609142303	0.0799911022186	0.0797030925751	0.0686979293823	0.0626630783081	0.0838549137115	0.0636141300201	0.0587780475616	0.0650880336761	0.0633769035339	0.0714321136475	0.06369805336	0.0787169933319	0.0640769004822	0.0638210773468	0.0792961120605	0.0841190814972	0.0717468261719	0.068687915802	0.0719621181488	0.0737109184265	0.080854177475	0.063362121582	0.0729880332947	0.067253112793	0.0681478977203	0.0782308578491	0.0617458820343	0.0727899074554	0.0657999515533	0.0742189884186	0.094633102417	0.0664219856262	0.0701699256897	0.069344997406	0.0580441951752	0.0580010414124	0.0580108165741	0.0757541656494	0.061206817627	0.0619359016418	0.0592629909515	0.0723719596863	0.0645458698273	0.0752110481262	0.0722630023956	0.0691859722137	0.0790450572968	0.0664939880371	
['./treeMaker/main', '-t', '-r', '1']
0.555203914642	0.579803943634	0.632390975952	0.582404851913	0.583683013916	0.560668230057	0.627045869827	0.531905174255	0.513962984085	0.563319206238	0.545584917068	0.644237041473	0.553972959518	0.640143871307	0.528640985489	0.542066812515	0.553406000137	0.713638067245	0.586813926697	0.585056066513	0.646689891815	0.621371030807	0.646288871765	0.516229152679	0.620938062668	0.560369968414	0.562949895859	0.669664144516	0.527063846588	0.51115322113	0.556553840637	0.59232378006	0.676166057587	0.567662000656	0.603954076767	0.637521028519	0.484644889832	0.495074987411	0.49015879631	0.511979818344	0.510397911072	0.548676013947	0.541379213333	0.637735843658	0.550998926163	0.646796941757	0.627480983734	0.608731031418	0.687696933746	0.569499969482	
['./treeMaker/main', '-t', '-r', '2']
0.718565940857	0.754340171814	0.796086072922	0.708724975586	0.750456094742	0.679078102112	0.803101062775	0.634917974472	0.648236989975	0.681147813797	0.671104192734	0.770308017731	0.680102825165	0.825184106827	0.700107812881	0.69167804718	0.756397008896	0.95781493187	0.794929981232	0.79675412178	0.841929912567	0.847971916199	0.863000154495	0.665229797363	0.804085016251	0.710222959518	0.740743160248	0.849846839905	0.683680057526	0.642434835434	0.718497037888	0.789870977402	0.906401157379	0.74295091629	0.821187019348	0.781305074692	0.638569116592	0.630218982697	0.608325004578	0.641867160797	0.644837141037	0.65827703476	0.662140130997	0.867264986038	0.702535152435	0.806488037109	0.750906944275	0.748637914658	0.818114042282	0.699126958847	
['./treeMaker/main', '-t', '-r', '1', '-N']
0.593436002731	0.555001020432	0.640156030655	0.570404052734	0.614089012146	0.555598974228	0.593167066574	0.535895109177	0.500946998596	0.574661016464	0.555135011673	0.631981134415	0.575988054276	0.638163089752	0.558351039886	0.57127404213	0.568768978119	0.752020835876	0.62376499176	0.605595111847	0.617670059204	0.618355035782	0.637535095215	0.549853086472	0.637565851212	0.548947095871	0.54655790329	0.658123970032	0.523728132248	0.518383026123	0.580356121063	0.643868923187	0.712742805481	0.588882923126	0.603044986725	0.59946680069	0.532059907913	0.494754076004	0.486621141434	0.540413856506	0.51127910614	0.551065921783	0.504608154297	0.613597869873	0.526902914047	0.619053125381	0.636961936951	0.595104217529	0.691733121872	0.588960170746	
['./treeMaker/main', '-t', '-r', '2', '-N']
0.689836025238	0.721298933029	0.85028386116	0.733346223831	0.803462982178	0.696458101273	0.764254808426	0.654428005219	0.669717073441	0.714263916016	0.680712938309	0.785910129547	0.669899940491	0.844170093536	0.678079128265	0.694257974625	0.746929883957	0.937195062637	0.775300979614	0.759567975998	0.790618896484	0.81179690361	0.843938112259	0.682594060898	0.761566162109	0.730478048325	0.724080085754	0.861480951309	0.660061120987	0.603652000427	0.731818914413	0.797924041748	0.923686981201	0.713501930237	0.818415164948	0.777252912521	0.632694005966	0.636721134186	0.627299785614	0.664180040359	0.637630939484	0.658035993576	0.674762010574	0.835561037064	0.713280200958	0.839930057526	0.753763914108	0.745208978653	0.833935022354	0.705969810486	
['./treeMaker/main', '-m']
0.0534560680389	0.0524339675903	0.0586650371552	0.0567510128021	0.0547699928284	0.0530931949615	0.0548198223114	0.0517501831055	0.0522978305817	0.0535018444061	0.0551540851593	0.0572071075439	0.0529129505157	0.0561969280243	0.0533218383789	0.0542690753937	0.0542740821838	0.0668098926544	0.0547621250153	0.0547070503235	0.0549478530884	0.0552949905396	0.06773686409	0.0504100322723	0.0539140701294	0.0512948036194	0.0513029098511	0.0561730861664	0.0510427951813	0.0487468242645	0.0517308712006	0.0542461872101	0.0564818382263	0.0610270500183	0.0547699928284	0.0567359924316	0.053699016571	0.0535051822662	0.0497319698334	0.0530500411987	0.0513279438019	0.052402973175	0.0546679496765	0.0582880973816	0.0540399551392	0.055004119873	0.0528249740601	0.052875995636	0.0586111545563	0.0525231361389	
['./treeMaker/main', '-m', '-b']
0.0542860031128	0.0568399429321	0.0555830001831	0.0535588264465	0.0549831390381	0.0510151386261	0.055114030838	0.0538079738617	0.0513541698456	0.0535879135132	0.0532009601593	0.0562410354614	0.0566699504852	0.0589699745178	0.0544378757477	0.0558090209961	0.0575709342957	0.0607550144196	0.059604883194	0.0554459095001	0.0532100200653	0.0539200305939	0.0544278621674	0.0496530532837	0.0528159141541	0.0506160259247	0.0619208812714	0.0553271770477	0.0521960258484	0.052090883255	0.0512261390686	0.0549609661102	0.0595779418945	0.054053068161	0.0528130531311	0.0543370246887	0.0498061180115	0.0498168468475	0.049576997757	0.049103975296	0.0490620136261	0.0489981174469	0.04967212677	0.0545978546143	0.0506448745728	0.0607089996338	0.0572080612183	0.0569069385529	0.0600581169128	0.0546541213989	
['./treeMaker/main', '-m', '-w', '1']
0.0554971694946	0.0521659851074	0.0564410686493	0.052649974823	0.0537478923798	0.050990819931	0.0544300079346	0.050961971283	0.0529680252075	0.0534470081329	0.0551850795746	0.0551199913025	0.0520241260529	0.054505109787	0.0508708953857	0.0521769523621	0.0525588989258	0.0610659122467	0.0540170669556	0.0533220767975	0.0534310340881	0.0558469295502	0.0567889213562	0.0511100292206	0.0540370941162	0.063985824585	0.0525028705597	0.0567049980164	0.0515029430389	0.0497171878815	0.0518300533295	0.0632078647614	0.0567960739136	0.0572049617767	0.0539181232452	0.0535569190979	0.0538320541382	0.0510489940643	0.0516178607941	0.0542588233948	0.064512014389	0.0516469478607	0.0558609962463	0.0576140880585	0.054379940033	0.0563430786133	0.0577321052551	0.0547659397125	0.0610020160675	0.0541391372681	
['./treeMaker/main', '-m', '-w', '2']
0.0531959533691	0.0534670352936	0.053925037384	0.051924943924	0.0526080131531	0.0636160373688	0.0541250705719	0.0528240203857	0.0513279438019	0.0553619861603	0.0544941425323	0.054456949234	0.0523481369019	0.060672044754	0.0502090454102	0.0520210266113	0.052726984024	0.0638978481293	0.0549750328064	0.0556750297546	0.056097984314	0.0558459758759	0.057028055191	0.052102804184	0.0538890361786	0.053230047226	0.0533380508423	0.060133934021	0.0503270626068	0.0494379997253	0.0507509708405	0.0533950328827	0.0579118728638	0.0538029670715	0.0540978908539	0.055125951767	0.0489649772644	0.0527629852295	0.052943944931	0.0520598888397	0.0503859519958	0.0507810115814	0.0512671470642	0.0577688217163	0.0537159442902	0.055459022522	0.0546910762787	0.0534899234772	0.0564851760864	0.0527620315552	
['./treeMaker/main', '-m', '-c', '1']
0.0534660816193	0.0514330863953	0.0570900440216	0.0531411170959	0.0517189502716	0.0505771636963	0.0541830062866	0.050773859024	0.0492250919342	0.0510399341583	0.0519189834595	0.0579152107239	0.0508658885956	0.0552971363068	0.0525920391083	0.053277015686	0.0661110877991	0.0600600242615	0.0572040081024	0.0522420406342	0.0521540641785	0.0530979633331	0.0541651248932	0.0488381385803	0.0523068904877	0.0501019954681	0.0499811172485	0.0543749332428	0.0491881370544	0.0469360351562	0.0496110916138	0.0522060394287	0.0541610717773	0.052209854126	0.0515251159668	0.0511560440063	0.0475900173187	0.0478219985962	0.0476219654083	0.0478899478912	0.0476689338684	0.047590970993	0.0483510494232	0.052766084671	0.0496809482574	0.0665149688721	0.055496931076	0.0542728900909	0.0588490962982	0.0563840866089	
['./treeMaker/main', '-m', '-c', '2']
0.0554730892181	0.0553579330444	0.0581769943237	0.0536119937897	0.0560741424561	0.0523159503937	0.0559968948364	0.0525918006897	0.0519268512726	0.0538649559021	0.0537259578705	0.0564000606537	0.0533719062805	0.0572259426117	0.051549911499	0.0544199943542	0.0543210506439	0.0582020282745	0.0545930862427	0.0531098842621	0.0636739730835	0.0533170700073	0.054055929184	0.0609328746796	0.0628371238708	0.0488250255585	0.0498051643372	0.0565528869629	0.0514659881592	0.0491859912872	0.0520238876343	0.0546109676361	0.0554261207581	0.0574851036072	0.05419921875	0.0578780174255	0.0501191616058	0.0520401000977	0.0510239601135	0.0510039329529	0.0516669750214	0.0538110733032	0.051295042038	0.0570950508118	0.0521099567413	0.0607740879059	0.0561640262604	0.0561029911041	0.0592458248138	0.052906036377	
['./treeMaker/main', '-m', '-a', '1']
0.0720720291138	0.0811460018158	0.0708889961243	0.079852104187	0.0666959285736	0.0646569728851	0.0669279098511	0.0789129734039	0.0710339546204	0.0660741329193	0.0660810470581	0.0686180591583	0.0708479881287	0.0703508853912	0.0663421154022	0.0674819946289	0.0806131362915	0.0752639770508	0.0722699165344	0.0713050365448	0.0678739547729	0.0811719894409	0.0889449119568	0.0664691925049	0.0681531429291	0.0710909366608	0.0668678283691	0.0724968910217	0.0700769424438	0.0653660297394	0.0682461261749	0.0694589614868	0.0828459262848	0.0726101398468	0.0735080242157	0.0692000389099	0.0673320293427	0.0664131641388	0.0686929225922	0.0667538642883	0.0667231082916	0.066586971283	0.0699620246887	0.0709569454193	0.0685060024261	0.0703229904175	0.0717568397522	0.0666818618774	0.0704891681671	0.0655648708344	
['./treeMaker/main', '-m', '-a', '2']
0.0507318973541	0.051638841629	0.053966999054	0.0505220890045	0.0524339675903	0.0494170188904	0.0519728660583	0.0489330291748	0.0489091873169	0.0505669116974	0.0540850162506	0.0547451972961	0.0514719486237	0.0547399520874	0.0507390499115	0.0519139766693	0.0520231723785	0.0577120780945	0.0536148548126	0.062961101532	0.0540900230408	0.0560219287872	0.0568020343781	0.0516240596771	0.0554339885712	0.0536210536957	0.052197933197	0.0555038452148	0.0637211799622	0.0502350330353	0.0534601211548	0.0570800304413	0.0586190223694	0.053337097168	0.054799079895	0.0551519393921	0.0655858516693	0.0498349666595	0.0502982139587	0.050332069397	0.0501549243927	0.0502741336823	0.0504140853882	0.055153131485	0.0521268844604	0.0544300079346	0.0535769462585	0.0527620315552	0.0565690994263	0.0517659187317	
