25_1000_5.2e-11_5.2e-12_470000000
25
1000
5.2e-11
5.2e-12
470000000

['./treeMaker/main']
0.0683908462524	0.0619781017303	0.0920481681824	0.073723077774	0.0672860145569	0.067400932312	0.0624349117279	0.0620942115784	0.0620820522308	0.0668399333954	0.0652320384979	0.0688309669495	0.09801197052	0.0708100795746	0.0780980587006	0.0625200271606	0.0669929981232	0.0705890655518	0.0707249641418	0.0700299739838	0.0764319896698	0.0581851005554	0.0717258453369	0.0639908313751	0.0630040168762	0.0555238723755	0.0633299350739	0.058856010437	0.0568768978119	0.0724668502808	0.0985779762268	0.0692338943481	0.0786800384521	0.0676689147949	0.0669550895691	0.0782971382141	0.0612580776215	0.0710051059723	0.058611869812	0.0591950416565	0.0625450611115	0.0560309886932	0.0592839717865	0.0684289932251	0.0835649967194	0.0605778694153	0.0750551223755	0.0660607814789	0.0659050941467	0.0694010257721	
['./treeMaker/main', '-b']
0.0688369274139	0.0585010051727	0.0791070461273	0.0619769096375	0.0664670467377	0.0630550384521	0.0631258487701	0.0627870559692	0.0624480247498	0.0677978992462	0.0712900161743	0.0687389373779	0.112987041473	0.0743579864502	0.0856969356537	0.0621330738068	0.0656790733337	0.0695629119873	0.0761580467224	0.0724170207977	0.0881152153015	0.0564827919006	0.0698130130768	0.0751621723175	0.0632350444794	0.056097984314	0.0636911392212	0.0595028400421	0.0577418804169	0.0730159282684	0.0994272232056	0.0675990581512	0.0791299343109	0.071564912796	0.0687050819397	0.0799112319946	0.0624508857727	0.0735499858856	0.0638890266418	0.0626938343048	0.0656430721283	0.0583951473236	0.0622360706329	0.0720629692078	0.0811460018158	0.0650498867035	0.0765781402588	0.0635879039764	0.0586619377136	0.068745136261	
['./treeMaker/main', '-u']
0.0667450428009	0.0570530891418	0.0803809165955	0.0644409656525	0.0683221817017	0.0655930042267	0.0768299102783	0.066370010376	0.066260099411	0.0724201202393	0.0701351165771	0.0807409286499	0.0964548587799	0.0805909633636	0.0709989070892	0.0654678344727	0.0681130886078	0.0738701820374	0.0759949684143	0.0772919654846	0.0770699977875	0.0600700378418	0.0762050151825	0.0680210590363	0.0682740211487	0.0586171150208	0.0664231777191	0.0605430603027	0.0590159893036	0.0761179924011	0.101993083954	0.0699300765991	0.0816719532013	0.0717239379883	0.0677788257599	0.0763919353485	0.0645039081573	0.0840549468994	0.0591621398926	0.0606400966644	0.0634438991547	0.0570559501648	0.0602781772614	0.0693380832672	0.0838351249695	0.0605881214142	0.0763919353485	0.0675220489502	0.0636081695557	0.0739018917084	
['./treeMaker/main', '-t', '-r', '1']
0.600952863693	0.484076023102	0.651566982269	0.533001899719	0.570488929749	0.564856052399	0.549286842346	0.545261859894	0.515876054764	0.586395978928	0.579553127289	0.59753203392	0.858058929443	0.622591018677	0.576563119888	0.527820110321	0.556612014771	0.57842206955	0.625379085541	0.5823969841	0.631459951401	0.47148680687	0.587801218033	0.521697044373	0.533154964447	0.455617904663	0.510961055756	0.475910902023	0.50329709053	0.591822147369	0.791653156281	0.596563100815	0.673285007477	0.571625947952	0.548472881317	0.631464958191	0.512638092041	0.607963085175	0.519372940063	0.531167984009	0.56927895546	0.503131866455	0.509774923325	0.5848300457	0.678426980972	0.511224985123	0.661961078644	0.532330036163	0.516963005066	0.58545088768	
['./treeMaker/main', '-t', '-r', '2']
0.760050058365	0.628761053085	0.911723852158	0.670656919479	0.732052087784	0.700111150742	0.671058177948	0.715990781784	0.695770025253	0.774901151657	0.762640953064	0.728988170624	1.12403392792	0.770581007004	0.743412971497	0.714081048965	0.720134019852	0.789936065674	0.822600841522	0.784250974655	0.815502882004	0.597148895264	0.810626029968	0.70706987381	0.661738872528	0.560302972794	0.66068983078	0.635584115982	0.619795084	0.841658115387	1.06224799156	0.774381875992	0.853968143463	0.747866153717	0.743077039719	0.86740398407	0.675379037857	0.789612054825	0.660609960556	0.678107976913	0.701647996902	0.58674287796	0.679656028748	0.803943872452	0.925113916397	0.657102108002	0.862108945847	0.726263999939	0.635774850845	0.769762039185	
['./treeMaker/main', '-t', '-r', '1', '-N']
0.595649003983	0.477395057678	0.665307044983	0.519464969635	0.569612026215	0.563592910767	0.564077138901	0.526436090469	0.520917892456	0.576318025589	0.566200017929	0.578109025955	0.841333150864	0.626756906509	0.545795917511	0.523018121719	0.584241867065	0.597650766373	0.629505872726	0.581672906876	0.611395120621	0.480727910995	0.590861797333	0.518192052841	0.509928941727	0.474698066711	0.521742105484	0.487675905228	0.487407922745	0.628720998764	0.796061992645	0.597942829132	0.646160840988	0.59533405304	0.557466030121	0.61820101738	0.505456924438	0.626717090607	0.544495105743	0.548752069473	0.55463385582	0.493282079697	0.515192985535	0.601808071136	0.713030815125	0.487594842911	0.618869066238	0.53053021431	0.51957988739	0.556863069534	
['./treeMaker/main', '-t', '-r', '2', '-N']
0.735586166382	0.654260873795	0.882421016693	0.672789812088	0.766874074936	0.678380012512	0.681294202805	0.702053070068	0.704869031906	0.767478942871	0.765720844269	0.729258060455	1.09733390808	0.76443696022	0.716078996658	0.696689128876	0.737282991409	0.76485991478	0.802010059357	0.749168872833	0.814481019974	0.602077960968	0.823005914688	0.707325935364	0.669882059097	0.589240074158	0.676041126251	0.592303037643	0.591251134872	0.79357790947	1.0595240593	0.777668952942	0.874032020569	0.772177934647	0.761151075363	0.872633934021	0.653986930847	0.786885976791	0.65650677681	0.686592102051	0.732450962067	0.579532146454	0.648394823074	0.774005889893	0.899075031281	0.659883975983	0.826385974884	0.730332136154	0.636415958405	0.791522979736	
['./treeMaker/main', '-m']
0.0552220344543	0.0495340824127	0.0586941242218	0.0530569553375	0.0547020435333	0.0519847869873	0.0514538288116	0.050961971283	0.054318189621	0.0568809509277	0.0539638996124	0.0610089302063	0.0603950023651	0.0634059906006	0.0501270294189	0.0516531467438	0.0511438846588	0.0550889968872	0.0550968647003	0.0564270019531	0.0540199279785	0.0514018535614	0.0527539253235	0.052738904953	0.0517451763153	0.048397064209	0.0510249137878	0.0514478683472	0.0510959625244	0.0567138195038	0.0634288787842	0.0542597770691	0.0682489871979	0.0499029159546	0.0497889518738	0.0541379451752	0.0475649833679	0.0514979362488	0.047492980957	0.053435087204	0.0518178939819	0.048593044281	0.0505530834198	0.0528869628906	0.0574760437012	0.0493061542511	0.0636928081512	0.0484488010406	0.0471701622009	0.0535910129547	
['./treeMaker/main', '-m', '-b']
0.0544209480286	0.0498571395874	0.0574369430542	0.0515608787537	0.0533058643341	0.0517120361328	0.0514321327209	0.0514171123505	0.0522911548615	0.0541141033173	0.0534210205078	0.062530040741	0.0644009113312	0.0542957782745	0.0548028945923	0.0523180961609	0.0534710884094	0.0551800727844	0.0550451278687	0.0558729171753	0.056921005249	0.0631711483002	0.0564179420471	0.0540339946747	0.063462972641	0.0495538711548	0.0522148609161	0.0528399944305	0.0524289608002	0.0567328929901	0.063178062439	0.0543398857117	0.0722458362579	0.0522820949554	0.0527439117432	0.0576210021973	0.0502710342407	0.0544650554657	0.0505640506744	0.0509510040283	0.0528271198273	0.046854019165	0.0488929748535	0.0522079467773	0.0566439628601	0.0476720333099	0.0537700653076	0.0502619743347	0.0480811595917	0.051561832428	
['./treeMaker/main', '-m', '-w', '1']
0.0510280132294	0.0471811294556	0.0539300441742	0.0488049983978	0.0530829429626	0.0482020378113	0.0541839599609	0.0533790588379	0.0542011260986	0.0548489093781	0.0535750389099	0.0548322200775	0.06418800354	0.0568509101868	0.0620620250702	0.0604629516602	0.0642189979553	0.052875995636	0.05428814888	0.0655238628387	0.0552830696106	0.0612099170685	0.052992105484	0.0525050163269	0.0552558898926	0.0473239421844	0.0533661842346	0.0517861843109	0.0517621040344	0.0558669567108	0.0639271736145	0.0538802146912	0.0538470745087	0.0500109195709	0.0501489639282	0.0559709072113	0.0535349845886	0.0548579692841	0.0547621250153	0.0521321296692	0.0540840625763	0.052906036377	0.0525720119476	0.0557310581207	0.0609469413757	0.0497369766235	0.0566310882568	0.0539660453796	0.0546081066132	0.0588929653168	
['./treeMaker/main', '-m', '-w', '2']
0.051411151886	0.0478041172028	0.0548729896545	0.0493290424347	0.0510430335999	0.0497810840607	0.0490589141846	0.0491421222687	0.0499289035797	0.0510079860687	0.0508029460907	0.0559370517731	0.06267619133	0.0552730560303	0.0547959804535	0.0550630092621	0.0538139343262	0.0579779148102	0.0563969612122	0.0605900287628	0.0665888786316	0.0464129447937	0.0520720481873	0.0500509738922	0.0493519306183	0.045891046524	0.0492680072784	0.0472509860992	0.0471200942993	0.0664520263672	0.0639839172363	0.0551068782806	0.0602450370789	0.0650489330292	0.0524821281433	0.0573439598083	0.0500960350037	0.0544538497925	0.0490610599518	0.0628409385681	0.0542149543762	0.0524010658264	0.0477089881897	0.0513818264008	0.0619101524353	0.0532310009003	0.052953004837	0.0499999523163	0.0480108261108	0.0517640113831	
['./treeMaker/main', '-m', '-c', '1']
0.0633430480957	0.0478210449219	0.0564041137695	0.0501661300659	0.0504260063171	0.0488011837006	0.049408197403	0.0489749908447	0.0495300292969	0.0513100624084	0.0507159233093	0.05060505867	0.0594229698181	0.051600933075	0.050124168396	0.0490140914917	0.0504219532013	0.0512030124664	0.052561044693	0.0525588989258	0.051833152771	0.0491487979889	0.0541548728943	0.0558800697327	0.055162191391	0.0522329807281	0.0554249286652	0.0539259910583	0.053346157074	0.0537669658661	0.0593318939209	0.0648350715637	0.0604341030121	0.0536241531372	0.0630540847778	0.0569679737091	0.0520279407501	0.0550060272217	0.062068939209	0.0516138076782	0.0625748634338	0.0501298904419	0.0520040988922	0.0537641048431	0.0573830604553	0.0501270294189	0.0642018318176	0.0530259609222	0.0514240264893	0.0567290782928	
['./treeMaker/main', '-m', '-c', '2']
0.0543651580811	0.0513689517975	0.0600190162659	0.0523159503937	0.051707983017	0.0512678623199	0.0521080493927	0.0535430908203	0.0565280914307	0.0566289424896	0.0525598526001	0.0553350448608	0.0636060237885	0.0538790225983	0.0553910732269	0.0537331104279	0.0538949966431	0.0565707683563	0.0564761161804	0.0592110157013	0.0562419891357	0.0494890213013	0.055202960968	0.054976940155	0.0505089759827	0.0600578784943	0.0528609752655	0.0514941215515	0.0499029159546	0.0560708045959	0.0632948875427	0.0565240383148	0.054379940033	0.049950838089	0.0496060848236	0.0544548034668	0.0471360683441	0.0620160102844	0.0480768680573	0.0482630729675	0.0644109249115	0.0496101379395	0.0516259670258	0.0568120479584	0.0591430664062	0.0495450496674	0.0567228794098	0.0535609722137	0.0504229068756	0.0552229881287	
['./treeMaker/main', '-m', '-a', '1']
0.0832688808441	0.0623869895935	0.0691859722137	0.0648238658905	0.0815498828888	0.0666699409485	0.0668950080872	0.0663747787476	0.067223072052	0.0687520503998	0.0688939094543	0.0651149749756	0.0804769992828	0.0692009925842	0.0675711631775	0.0786390304565	0.0670280456543	0.0687279701233	0.0699739456177	0.0787179470062	0.0694110393524	0.0716059207916	0.0722458362579	0.0642311573029	0.0646200180054	0.066605091095	0.0663170814514	0.0645840167999	0.0648009777069	0.0667622089386	0.0811178684235	0.0821430683136	0.068531036377	0.0650858879089	0.0707440376282	0.0846359729767	0.0624802112579	0.0796921253204	0.0650629997253	0.0659070014954	0.0678300857544	0.0653219223022	0.0639090538025	0.0710079669952	0.0731301307678	0.065034866333	0.084440946579	0.0676600933075	0.065141916275	0.0832319259644	
['./treeMaker/main', '-m', '-a', '2']
0.0508439540863	0.0498790740967	0.0562658309937	0.0559239387512	0.0534031391144	0.0530409812927	0.0539708137512	0.0535440444946	0.0537350177765	0.0645661354065	0.0559871196747	0.057028055191	0.06294298172	0.0531139373779	0.0518879890442	0.0506310462952	0.0520570278168	0.0530700683594	0.054062128067	0.053670167923	0.0539178848267	0.0497121810913	0.0550558567047	0.0525841712952	0.0519258975983	0.0482220649719	0.051600933075	0.0499970912933	0.0494961738586	0.0552110671997	0.0632979869843	0.0535650253296	0.0539231300354	0.0503821372986	0.0504179000854	0.0546679496765	0.0477938652039	0.0518999099731	0.0483369827271	0.0486168861389	0.0499889850616	0.0472340583801	0.0554349422455	0.0546700954437	0.0545139312744	0.0472328662872	0.0529000759125	0.0515778064728	0.049586057663	0.052925825119	
