25_1000_0_0_190000000
25
1000
0
0
190000000

['./treeMaker/main']
0.0452620983124	0.0442268848419	0.0439560413361	0.0442860126495	0.0444009304047	0.0443859100342	0.0443949699402	0.0440249443054	0.0440080165863	0.0445151329041	0.0442290306091	0.0443730354309	0.0438530445099	0.0447719097137	0.0444941520691	0.0440490245819	0.0440089702606	0.0441591739655	0.04421210289	0.0441241264343	0.0441358089447	0.0442819595337	0.0435309410095	0.044606924057	0.0445649623871	0.0439319610596	0.0436079502106	0.0441257953644	0.0436971187592	0.0439929962158	0.0444741249084	0.0441880226135	0.0436191558838	0.0444071292877	0.0439488887787	0.0439491271973	0.0441470146179	0.0442078113556	0.0444090366364	0.0443489551544	0.0442769527435	0.0467391014099	0.0568680763245	0.0447421073914	0.0437769889832	0.0437920093536	0.0438978672028	0.0437831878662	0.043890953064	0.0441269874573	
['./treeMaker/main', '-b']
0.0602369308472	0.0438461303711	0.0467760562897	0.0469000339508	0.0470769405365	0.0455100536346	0.0476858615875	0.046028137207	0.0500710010529	0.0489571094513	0.0475399494171	0.0472719669342	0.04678606987	0.0471410751343	0.0466229915619	0.0493259429932	0.0468971729279	0.0481860637665	0.0469739437103	0.0473170280457	0.0459258556366	0.0461738109589	0.0459132194519	0.0452008247375	0.0469291210175	0.0585520267487	0.0457859039307	0.046578168869	0.0464460849762	0.0461728572845	0.0474510192871	0.0461189746857	0.0444679260254	0.0448179244995	0.0443189144135	0.0571320056915	0.045716047287	0.0451259613037	0.0453259944916	0.0465199947357	0.0472660064697	0.0558948516846	0.0461580753326	0.0466380119324	0.0467569828033	0.0474147796631	0.0470399856567	0.0463399887085	0.0455830097198	0.047550201416	
['./treeMaker/main', '-u']
0.0481181144714	0.0476539134979	0.0457358360291	0.0480170249939	0.0618250370026	0.043655872345	0.0446741580963	0.0439949035645	0.0441889762878	0.044764995575	0.0443480014801	0.0439889431	0.044193983078	0.0441091060638	0.0445342063904	0.0444350242615	0.0458419322968	0.0436909198761	0.0445530414581	0.0440168380737	0.0435810089111	0.044291973114	0.0431678295135	0.0439450740814	0.0458998680115	0.0517199039459	0.04634308815	0.0471260547638	0.0463738441467	0.0474240779877	0.0471510887146	0.0459079742432	0.0440938472748	0.0467729568481	0.0457289218903	0.0455689430237	0.0445499420166	0.0474779605865	0.0472340583801	0.0461540222168	0.0459680557251	0.0470588207245	0.0442469120026	0.0498030185699	0.046667098999	0.0478069782257	0.0462901592255	0.049418926239	0.0462141036987	0.0462729930878	
['./treeMaker/main', '-t', '-r', '1']
0.36381316185	0.363468885422	0.362390041351	0.374559164047	0.376178026199	0.370625972748	0.364373922348	0.378044843674	0.360847949982	0.376897096634	0.366936922073	0.359400987625	0.343790054321	0.357737064362	0.363629102707	0.362163066864	0.362627983093	0.368921041489	0.361989021301	0.362750053406	0.360845088959	0.365805149078	0.368682861328	0.361515045166	0.368986845016	0.363223075867	0.362808942795	0.372530937195	0.365303993225	0.377281188965	0.348480939865	0.366132974625	0.358935832977	0.369153022766	0.368215799332	0.364891052246	0.363297939301	0.366863965988	0.374933004379	0.367448806763	0.349994897842	0.362602949142	0.371749162674	0.372372865677	0.357725858688	0.34589099884	0.365000963211	0.366686105728	0.360395908356	0.364033937454	
['./treeMaker/main', '-t', '-r', '2']
0.418562889099	0.420258045197	0.401827096939	0.404339075089	0.417538166046	0.420538187027	0.431293010712	0.415933847427	0.409016132355	0.412723064423	0.422078847885	0.408219099045	0.413369178772	0.435285806656	0.424778938293	0.397439002991	0.413178920746	0.424441099167	0.404417037964	0.413163900375	0.399167060852	0.410300970078	0.410057067871	0.404893875122	0.42404794693	0.426875114441	0.411028862	0.399821996689	0.41615986824	0.432662010193	0.419745922089	0.434406995773	0.403246164322	0.395242214203	0.414044141769	0.404417037964	0.419654130936	0.428842067719	0.401471853256	0.389585018158	0.390522003174	0.403609037399	0.403789997101	0.408507108688	0.39728307724	0.405314922333	0.432542085648	0.424075126648	0.437707185745	0.414644956589	
['./treeMaker/main', '-t', '-r', '1', '-N']
0.369135141373	0.364656925201	0.36363196373	0.366216897964	0.359853029251	0.345919132233	0.367519855499	0.371057987213	0.364664077759	0.364814043045	0.371948957443	0.346304893494	0.365383148193	0.358637809753	0.378067970276	0.36141204834	0.350346088409	0.362203836441	0.363932132721	0.346047878265	0.34477186203	0.365042924881	0.34814286232	0.364505052567	0.360040903091	0.358781099319	0.361919879913	0.36198592186	0.376804113388	0.371057033539	0.362951993942	0.366405010223	0.359414100647	0.364313840866	0.3625831604	0.369911193848	0.36492395401	0.374120950699	0.364815950394	0.349745035172	0.352926015854	0.375505924225	0.36176109314	0.365992069244	0.344274997711	0.362851858139	0.36301112175	0.360279083252	0.362784862518	0.369084835052	
['./treeMaker/main', '-t', '-r', '2', '-N']
0.414026975632	0.421463012695	0.429991006851	0.405805110931	0.425394058228	0.418354988098	0.427770853043	0.414771080017	0.426438093185	0.412735939026	0.42369389534	0.414083957672	0.425295829773	0.394882917404	0.422724962234	0.407641172409	0.406706094742	0.433906078339	0.413676977158	0.397670984268	0.387069940567	0.412002086639	0.420802116394	0.414798021317	0.406944990158	0.406938791275	0.418458938599	0.386387109756	0.416072845459	0.425014972687	0.418746948242	0.434742927551	0.401895999908	0.41535282135	0.391677856445	0.415766000748	0.421349048615	0.421729803085	0.41485285759	0.416763067245	0.405402898788	0.426753044128	0.408684968948	0.418230056763	0.409044027328	0.419676065445	0.410136938095	0.421149969101	0.421876907349	0.40687584877	
['./treeMaker/main', '-m']
0.0583999156952	0.0437290668488	0.042888879776	0.0429019927979	0.0435450077057	0.0428931713104	0.0430250167847	0.0437400341034	0.0429630279541	0.0429570674896	0.0431988239288	0.0430278778076	0.0425639152527	0.0427279472351	0.0442550182343	0.0437409877777	0.0438709259033	0.0441291332245	0.0438928604126	0.0438070297241	0.043778181076	0.0439300537109	0.0433831214905	0.0439128875732	0.0421869754791	0.0421209335327	0.0416550636292	0.043741941452	0.0436599254608	0.0451419353485	0.0571231842041	0.0428719520569	0.0455060005188	0.0450429916382	0.05411195755	0.0561370849609	0.0457980632782	0.0444009304047	0.0462791919708	0.0459990501404	0.044420003891	0.0433688163757	0.0450088977814	0.0450189113617	0.0489251613617	0.0441658496857	0.0446810722351	0.0447399616241	0.0480439662933	0.0462090969086	
['./treeMaker/main', '-m', '-b']
0.051784992218	0.0470569133759	0.0448739528656	0.0489401817322	0.0480849742889	0.0442130565643	0.0466389656067	0.045893907547	0.0446290969849	0.0490381717682	0.0456681251526	0.0446689128876	0.0457849502563	0.0577659606934	0.0463719367981	0.049576997757	0.0466439723969	0.0464901924133	0.0499370098114	0.047080039978	0.0478188991547	0.0469148159027	0.0455760955811	0.0472681522369	0.0499789714813	0.0466611385345	0.0459599494934	0.0468661785126	0.049665927887	0.0466089248657	0.0510339736938	0.0466330051422	0.0491271018982	0.0493218898773	0.0486600399017	0.0467419624329	0.044487953186	0.0453999042511	0.0473098754883	0.0453960895538	0.0517411231995	0.0442910194397	0.0445132255554	0.0566549301147	0.0460169315338	0.0538330078125	0.0459561347961	0.0475740432739	0.0433971881866	0.0460710525513	
['./treeMaker/main', '-m', '-w', '1']
0.0452728271484	0.044823884964	0.0433049201965	0.0455639362335	0.0443909168243	0.0451021194458	0.048506975174	0.0453498363495	0.0432419776917	0.0462839603424	0.0454061031342	0.044732093811	0.0471949577332	0.0448219776154	0.0462739467621	0.045793056488	0.0453038215637	0.0446901321411	0.043753862381	0.0450551509857	0.0454208850861	0.0454468727112	0.0463168621063	0.0432720184326	0.0446949005127	0.0447089672089	0.0429971218109	0.0458931922913	0.0444641113281	0.0446090698242	0.0432231426239	0.0447309017181	0.0461521148682	0.0461819171906	0.0451970100403	0.0448269844055	0.0458281040192	0.0473968982697	0.0432021617889	0.054212808609	0.0451698303223	0.0467638969421	0.0461838245392	0.0470449924469	0.0452139377594	0.0463039875031	0.0455858707428	0.0444819927216	0.0457441806793	0.0548729896545	
['./treeMaker/main', '-m', '-w', '2']
0.048681974411	0.0448839664459	0.0457301139832	0.0454978942871	0.0459411144257	0.0445258617401	0.0461740493774	0.0461578369141	0.0445668697357	0.0466330051422	0.0466871261597	0.045835018158	0.04722905159	0.0464539527893	0.0456528663635	0.0457239151001	0.0566689968109	0.0449380874634	0.0496139526367	0.042181968689	0.0421829223633	0.0432670116425	0.0417828559875	0.0424711704254	0.0427007675171	0.0422208309174	0.0420289039612	0.0427181720734	0.0421559810638	0.042496919632	0.0429182052612	0.0425519943237	0.0419368743896	0.055006980896	0.0431678295135	0.0432260036469	0.0434701442719	0.0436291694641	0.0434551239014	0.0430779457092	0.0430488586426	0.0433080196381	0.042934179306	0.0435070991516	0.0428740978241	0.0429890155792	0.0431909561157	0.042866230011	0.0431790351868	0.0431070327759	
['./treeMaker/main', '-m', '-c', '1']
0.0424790382385	0.0427479743958	0.0425779819489	0.0425679683685	0.0427629947662	0.0426199436188	0.043112039566	0.0424041748047	0.0552101135254	0.0456309318542	0.0454089641571	0.0438618659973	0.0438799858093	0.0444540977478	0.0454430580139	0.0446350574493	0.0434918403625	0.047308921814	0.0466661453247	0.0464498996735	0.0453400611877	0.0455949306488	0.0439591407776	0.0464282035828	0.0480370521545	0.0459830760956	0.0457229614258	0.0547661781311	0.0452470779419	0.0475780963898	0.0460669994354	0.0457739830017	0.0463850498199	0.0455448627472	0.0441811084747	0.0435440540314	0.0423400402069	0.0421369075775	0.0424990653992	0.0419840812683	0.0417468547821	0.0535209178925	0.0449650287628	0.0448551177979	0.0452599525452	0.0444140434265	0.0466299057007	0.0455000400543	0.0466539859772	0.0457620620728	
['./treeMaker/main', '-m', '-c', '2']
0.0493659973145	0.0484490394592	0.0489268302917	0.0465860366821	0.0449130535126	0.0455641746521	0.0458168983459	0.0444979667664	0.0450670719147	0.0489590167999	0.043625831604	0.0451629161835	0.0456750392914	0.0455520153046	0.0452179908752	0.0476930141449	0.0450911521912	0.0557658672333	0.0466370582581	0.0446639060974	0.0453929901123	0.0470430850983	0.0449907779694	0.0451741218567	0.0482020378113	0.0464119911194	0.0563280582428	0.0456051826477	0.0441539287567	0.0458369255066	0.0457489490509	0.0446410179138	0.0458829402924	0.0455811023712	0.0462169647217	0.0480699539185	0.0446500778198	0.0487668514252	0.045487165451	0.0489251613617	0.0448710918427	0.0457580089569	0.0448870658875	0.0566520690918	0.0451760292053	0.0454699993134	0.0457971096039	0.0445821285248	0.0465049743652	0.045891046524	
['./treeMaker/main', '-m', '-a', '1']
0.0614039897919	0.0609180927277	0.0599439144135	0.0588541030884	0.0602819919586	0.0599501132965	0.0586287975311	0.057813167572	0.0588200092316	0.0588898658752	0.0585980415344	0.0579671859741	0.058434009552	0.0578770637512	0.0592498779297	0.0581059455872	0.0582559108734	0.0587520599365	0.0582859516144	0.0586190223694	0.0583047866821	0.0582818984985	0.0570409297943	0.0581259727478	0.0593650341034	0.0581221580505	0.0586919784546	0.0629260540009	0.0734150409698	0.0580661296844	0.058189868927	0.058413028717	0.0573439598083	0.0596389770508	0.0578219890594	0.0579931735992	0.0585618019104	0.0585179328918	0.0586869716644	0.0623660087585	0.060889005661	0.0584630966187	0.0568208694458	0.0591859817505	0.0575468540192	0.0577409267426	0.0579850673676	0.0589120388031	0.0585849285126	0.0586068630219	
['./treeMaker/main', '-m', '-a', '2']
0.0442378520966	0.043319940567	0.0431261062622	0.0431778430939	0.0432748794556	0.0478880405426	0.0455892086029	0.0452439785004	0.0457401275635	0.0467290878296	0.0455000400543	0.0456800460815	0.0483870506287	0.0465528964996	0.0452980995178	0.0477819442749	0.0460939407349	0.0436267852783	0.0461549758911	0.0452120304108	0.047306060791	0.0484080314636	0.0447878837585	0.0451328754425	0.0464520454407	0.045825958252	0.0458481311798	0.0489277839661	0.0447010993958	0.0460782051086	0.0453300476074	0.0452620983124	0.0445530414581	0.0550229549408	0.0452978610992	0.0456001758575	0.0589339733124	0.0438930988312	0.0434491634369	0.0440809726715	0.0429880619049	0.0430879592896	0.0427548885345	0.0434131622314	0.042640209198	0.0430319309235	0.0430130958557	0.0429909229279	0.0429430007935	0.043004989624	
