25_1000_4.9e-10_4.9e-10_470000000_cut_7
25
1000
4.9e-10
4.9e-10
470000000
cut_7
['./treeMaker/main']
0.090133190155	0.214534044266	0.205129861832	0.133915901184	0.138117790222	0.113177061081	0.143655061722	0.166686058044	0.14736199379	0.122564792633	0.136919021606	0.134589910507	0.135666131973	0.121640920639	0.10227894783	0.10271692276	0.169260025024	0.401084899902	0.154296875	0.0979890823364	0.12880897522	0.115717887878	0.167032003403	0.224582910538	0.224728822708	0.107450962067	0.163194894791	0.135495901108	0.0877730846405	0.0867691040039	0.320933103561	0.157459020615	1.24263000488	0.136275053024	0.0485980510712	0.20263504982	0.136621952057	0.110188961029	0.0916690826416	0.276258945465	0.105401992798	0.19743013382	1.00977802277	0.105803966522	0.174917936325	0.114571094513	0.0372071266174	0.0881409645081	0.104231119156	0.492261171341	
['./treeMaker/main', '-b']
0.095153093338	0.2076151371	0.218583106995	0.119827985764	0.134944915771	0.116059064865	0.145695209503	0.174864053726	0.164057016373	0.139624834061	0.124918937683	0.148000955582	0.126780986786	0.11757183075	0.114724159241	0.103504896164	0.165961027145	0.41782283783	0.144633769989	0.103587865829	0.114849090576	0.107492923737	0.187326192856	0.229570150375	0.213558912277	0.104527950287	0.160135030746	0.141960144043	0.0834009647369	0.0864639282227	0.351216077805	0.147724866867	1.25419020653	0.132752895355	0.0479280948639	0.210345029831	0.140748023987	0.108122110367	0.0914330482483	0.268439054489	0.107181072235	0.200381994247	1.00903606415	0.102395057678	0.17130112648	0.127331018448	0.0380599498749	0.0911211967468	0.0909860134125	0.500911951065	
['./treeMaker/main', '-u']
0.0890181064606	0.205415964127	0.206480979919	0.13512301445	0.132846832275	0.115020036697	0.157171964645	0.165140867233	0.153399944305	0.137760877609	0.123261928558	0.139162063599	0.122035980225	0.121320009232	0.103410959244	0.114206075668	0.169831991196	0.390338897705	0.142464876175	0.0988829135895	0.11998295784	0.117800951004	0.166059017181	0.242564916611	0.220408916473	0.115883827209	0.157903909683	0.126976966858	0.0830509662628	0.0848140716553	0.333404064178	0.140511989594	1.24029994011	0.131325960159	0.0477831363678	0.197585821152	0.132742881775	0.108266115189	0.0933940410614	0.265074968338	0.103948116302	0.194448947906	1.00895881653	0.10706281662	0.168180942535	0.115535020828	0.0380911827087	0.0903241634369	0.0922291278839	0.487066030502	
['./treeMaker/main', '-t', '-r', '1']
0.892877817154	1.73387289047	1.66566205025	1.1117579937	1.2014901638	1.0912270546	1.28420996666	1.50321793556	1.3232460022	1.2197239399	1.17881393433	1.20675301552	1.15655994415	1.07997512817	0.973954916	1.0451130867	1.48167085648	2.35952186584	1.19386911392	0.902156114578	1.12717986107	1.02935695648	1.4850461483	1.78305411339	1.71541213989	0.992703914642	1.43626213074	1.21010398865	0.875028848648	0.860995054245	2.25251603127	1.29503703117	4.81907701492	1.2134950161	0.472983121872	1.70189213753	1.27367591858	1.05605101585	0.932954072952	1.88565993309	0.98126912117	1.61021399498	3.90340805054	1.01399493217	1.64908003807	1.04774188995	0.385431051254	0.931406021118	0.879853963852	2.5880689621	
['./treeMaker/main', '-t', '-r', '2']
1.36717700958	2.7636680603	2.63534593582	1.84396314621	1.8666741848	1.67765212059	1.90115594864	2.2447040081	2.1242480278	1.72554111481	1.87837815285	1.85938501358	1.96061205864	1.74071407318	1.47143316269	1.51833820343	2.19436097145	3.90510606766	2.02595901489	1.50579619408	1.68748784065	1.72532701492	2.14239311218	2.57500696182	2.6149020195	1.64618396759	2.12954616547	1.9328379631	1.29135894775	1.27311205864	3.40542387962	1.97852993011	6.63781309128	1.77527785301	0.7549700737	2.65580201149	1.91504883766	1.63011693954	1.39195895195	2.94486904144	1.60870790482	2.7179479599	6.18931508064	1.49296689034	2.39255595207	1.62580394745	0.603920936584	1.37458300591	1.34061598778	4.26684594154	
['./treeMaker/main', '-t', '-r', '1', '-N']
0.910773992538	1.74386906624	1.63965797424	1.14297580719	1.22071909904	1.08774089813	1.34603190422	1.55295705795	1.31416511536	1.19704794884	1.19542980194	1.27499580383	1.18649101257	1.12198400497	1.00300598145	1.04391884804	1.47554898262	2.36165809631	1.23636293411	0.941971063614	1.12446689606	1.01010012627	1.45425319672	1.78684997559	1.71759819984	1.00413298607	1.47758793831	1.24494695663	0.862600803375	0.862189769745	2.28929805756	1.27986478806	4.79467201233	1.23152208328	0.511787891388	1.72241687775	1.27156400681	1.06601285934	0.917750835419	1.90852618217	0.977375030518	1.6186671257	3.92221713066	1.0161459446	1.57482981682	1.09861397743	0.398089885712	0.9350669384	0.84913110733	2.63889598846	
['./treeMaker/main', '-t', '-r', '2', '-N']
1.38345599174	2.67758584023	2.64187097549	1.83296513557	1.89695882797	1.71085906029	1.89151191711	2.27316308022	2.13262200356	1.79296708107	1.90397500992	1.93305110931	1.9130551815	1.76763606071	1.50027108192	1.56277084351	2.31035614014	3.93586301804	2.01519989967	1.50993895531	1.72326493263	1.70190000534	2.16448903084	2.59298491478	2.64834284782	1.66365599632	2.15965414047	1.93199014664	1.30969405174	1.33835911751	3.42185306549	2.04194092751	6.7798910141	1.84364509583	0.800837993622	2.61304283142	1.94685411453	1.56370592117	1.39134383202	2.98662018776	1.6150841713	2.78870296478	6.20254588127	1.51650881767	2.33434391022	1.6433031559	0.597702980042	1.39798402786	1.3810198307	4.24921107292	
['./treeMaker/main', '-m']
0.0540189743042	0.0633969306946	0.0726490020752	0.0498781204224	0.0546960830688	0.0474240779877	0.0555169582367	0.0594191551208	0.0562028884888	0.0498111248016	0.0528948307037	0.0556390285492	0.0508139133453	0.0493490695953	0.0471820831299	0.058984041214	0.0619931221008	0.0933110713959	0.0497031211853	0.0438799858093	0.0465490818024	0.0434691905975	0.0544738769531	0.0605869293213	0.0648190975189	0.0428009033203	0.0531690120697	0.0476989746094	0.0390920639038	0.040195941925	0.0698058605194	0.050595998764	0.115231990814	0.0493268966675	0.0301609039307	0.0613360404968	0.051666021347	0.0466091632843	0.0422480106354	0.0672249794006	0.0442399978638	0.0661451816559	0.112403869629	0.0485908985138	0.0611791610718	0.0491988658905	0.0282938480377	0.0581061840057	0.0399160385132	0.0822019577026	
['./treeMaker/main', '-m', '-b']
0.0439250469208	0.0638699531555	0.0652320384979	0.0506410598755	0.0550639629364	0.0483088493347	0.0549199581146	0.0589270591736	0.0582392215729	0.0510849952698	0.0517830848694	0.0522980690002	0.0521030426025	0.0525391101837	0.0472679138184	0.0467059612274	0.0597870349884	0.0867319107056	0.0547869205475	0.0469551086426	0.0494179725647	0.0481479167938	0.0584449768066	0.0659039020538	0.0673899650574	0.0455410480499	0.0571670532227	0.0510900020599	0.0435371398926	0.0434610843658	0.0778019428253	0.0536930561066	0.123391866684	0.0534510612488	0.0315499305725	0.0641369819641	0.0557727813721	0.048091173172	0.043585062027	0.0823938846588	0.0476830005646	0.0641210079193	0.11955499649	0.0474400520325	0.0573580265045	0.0482931137085	0.0264511108398	0.041533946991	0.0426309108734	0.0880298614502	
['./treeMaker/main', '-m', '-w', '1']
0.0423679351807	0.0605561733246	0.0614700317383	0.0474150180817	0.0509080886841	0.0447950363159	0.0507640838623	0.0584568977356	0.0574429035187	0.0506529808044	0.0503721237183	0.0509350299835	0.0501430034637	0.0482637882233	0.0451130867004	0.0441911220551	0.0571138858795	0.0814809799194	0.0518760681152	0.0472688674927	0.049408197403	0.0441401004791	0.0578999519348	0.0645208358765	0.065211057663	0.0437369346619	0.0549330711365	0.0473620891571	0.0397660732269	0.0404629707336	0.0700399875641	0.0648219585419	0.120044946671	0.0530569553375	0.0330030918121	0.0636451244354	0.0545330047607	0.0485579967499	0.0441930294037	0.0702180862427	0.0514287948608	0.0631310939789	0.11145401001	0.0576589107513	0.0548598766327	0.0488569736481	0.0263109207153	0.0410850048065	0.0419139862061	0.0859830379486	
['./treeMaker/main', '-m', '-w', '2']
0.0441858768463	0.0626511573792	0.0634460449219	0.0485858917236	0.0659739971161	0.0442430973053	0.0507748126984	0.0547170639038	0.0539948940277	0.0475409030914	0.0479650497437	0.0495710372925	0.0488710403442	0.0470509529114	0.044615983963	0.0475788116455	0.059583902359	0.083261013031	0.0499591827393	0.0445079803467	0.0470387935638	0.0445158481598	0.0558390617371	0.0613930225372	0.0636639595032	0.04390001297	0.0561289787292	0.0494890213013	0.040463924408	0.0416960716248	0.0730550289154	0.0527050495148	0.1211810112	0.0492479801178	0.0304820537567	0.0655329227448	0.0554261207581	0.0510640144348	0.0437760353088	0.0742590427399	0.0510170459747	0.0752630233765	0.12274813652	0.0517158508301	0.0694878101349	0.048141002655	0.0263769626617	0.0412261486053	0.0420529842377	0.0862691402435	
['./treeMaker/main', '-m', '-c', '1']
0.0484700202942	0.0647709369659	0.0663709640503	0.0477449893951	0.0518939495087	0.0458068847656	0.0521349906921	0.0557699203491	0.0549838542938	0.0483050346375	0.0611839294434	0.0512051582336	0.0508618354797	0.0521221160889	0.0479488372803	0.0454249382019	0.060998916626	0.083722114563	0.0527989864349	0.0469119548798	0.0503380298615	0.0475630760193	0.057245016098	0.0646560192108	0.0661609172821	0.0473370552063	0.0581519603729	0.0538220405579	0.043340921402	0.0446090698242	0.0752382278442	0.0577487945557	0.120432853699	0.0536270141602	0.0325469970703	0.0638868808746	0.0542759895325	0.0517451763153	0.0451419353485	0.0656819343567	0.0439250469208	0.0582339763641	0.10574388504	0.0469951629639	0.0560839176178	0.0468010902405	0.0260908603668	0.0409348011017	0.04154920578	0.085284948349	
['./treeMaker/main', '-m', '-c', '2']
0.0461671352386	0.0625298023224	0.0651950836182	0.050252199173	0.0636749267578	0.0480990409851	0.0553958415985	0.0563650131226	0.0564739704132	0.0502858161926	0.0495901107788	0.0514149665833	0.0528538227081	0.0528259277344	0.0467450618744	0.045520067215	0.0581459999084	0.0840229988098	0.0557260513306	0.0472869873047	0.0608088970184	0.0475890636444	0.0591518878937	0.0647761821747	0.0646321773529	0.046875	0.0576779842377	0.054417848587	0.0420529842377	0.0414612293243	0.0774419307709	0.0542831420898	0.120131969452	0.0492780208588	0.0305578708649	0.0636439323425	0.0517618656158	0.0466220378876	0.0421900749207	0.068078994751	0.0448791980743	0.0601060390472	0.122356176376	0.0445499420166	0.0545740127563	0.0459649562836	0.0258049964905	0.0397109985352	0.0409548282623	0.0825819969177	
['./treeMaker/main', '-m', '-a', '1']
0.0490169525146	0.0686039924622	0.0804491043091	0.0504288673401	0.0545749664307	0.048709154129	0.0544581413269	0.0582020282745	0.0577390193939	0.0510709285736	0.0518500804901	0.0535640716553	0.0541172027588	0.0516300201416	0.0490901470184	0.0477459430695	0.0633471012115	0.0856328010559	0.0566020011902	0.0510721206665	0.0535769462585	0.050831079483	0.0630710124969	0.0692670345306	0.0854399204254	0.0464890003204	0.0574948787689	0.0519859790802	0.042328119278	0.0459561347961	0.0801560878754	0.057904958725	0.126018047333	0.0582051277161	0.0356230735779	0.0666189193726	0.0678880214691	0.0504899024963	0.0456790924072	0.0725328922272	0.0488641262054	0.0642170906067	0.115277051926	0.0471749305725	0.0579161643982	0.062518119812	0.0342929363251	0.0459630489349	0.0470311641693	0.0977289676666	
['./treeMaker/main', '-m', '-a', '2']
0.0466279983521	0.0619740486145	0.0639810562134	0.0482530593872	0.0515611171722	0.0457608699799	0.052011013031	0.0557849407196	0.0549540519714	0.0494799613953	0.04789686203	0.0526790618896	0.0501561164856	0.0481960773468	0.0547919273376	0.0467429161072	0.0613510608673	0.0817399024963	0.0538499355316	0.0480320453644	0.0496640205383	0.0466690063477	0.0576300621033	0.0642321109772	0.0674729347229	0.0467851161957	0.0581262111664	0.0586040019989	0.041522026062	0.0423769950867	0.0714778900146	0.0537691116333	0.116652011871	0.055596113205	0.0329189300537	0.0631811618805	0.0563428401947	0.04616522789	0.0444951057434	0.0712099075317	0.0449190139771	0.05832695961	0.106009960175	0.044163942337	0.054340839386	0.0458481311798	0.025651216507	0.0395691394806	0.0425608158112	0.0859038829803	
