25_1000_2.7e-10_1.35e-10_470000000
25
1000
2.7e-10
1.35e-10
470000000

['./treeMaker/main']
0.333556890488	0.981288909912	1.9328751564	0.20995593071	0.268526077271	0.582412004471	0.21145606041	0.736351013184	0.430980920792	0.642102956772	0.176458120346	0.291388034821	0.287108898163	6.62235307693	0.189070940018	0.20520401001	0.473870992661	1.11575889587	0.46968793869	0.332388877869	0.374255895615	0.61355304718	0.551778078079	0.401015996933	0.47133398056	1.48645710945	0.220478057861	0.415035963058	0.565050840378	0.793334007263	0.371435880661	0.263235092163	0.192487001419	0.418127059937	0.192080974579	0.593425989151	0.355606079102	0.643939971924	0.702363967896	0.388990163803	0.329341173172	0.774355888367	0.327651977539	0.28724694252	0.449166059494	0.266941070557	0.282041072845	0.685660123825	0.243803024292	0.189702987671	
['./treeMaker/main', '-b']
0.347930908203	0.957309961319	1.81388998032	0.226478099823	0.24921298027	0.543829917908	0.202461004257	0.714189052582	0.409030914307	0.588387012482	0.170694112778	0.267362833023	0.281408071518	6.28867697716	0.208837032318	0.212025165558	0.522078990936	1.07180190086	0.456008911133	0.35049200058	0.364260911942	0.60058093071	0.549436092377	0.405604839325	0.482673168182	1.46148586273	0.233478069305	0.422502040863	0.55116891861	0.814348936081	0.411139011383	0.27901506424	0.191935062408	0.459619998932	0.193969964981	0.608879089355	0.381485939026	0.716196775436	0.772618055344	0.404271125793	0.33175611496	0.812841892242	0.336206912994	0.264990091324	0.487544059753	0.306177139282	0.271004915237	0.720300912857	0.260468006134	0.200142860413	
['./treeMaker/main', '-u']
0.344779968262	1.01598596573	1.90729308128	0.213371038437	0.274117946625	0.624465942383	0.200536966324	0.760668039322	0.43327999115	0.625375986099	0.176730871201	0.293212890625	0.265233039856	6.37506484985	0.205693006516	0.203029155731	0.513159990311	1.0875749588	0.490967035294	0.349357843399	0.371401071548	0.603349924088	0.538333892822	0.423754930496	0.523850917816	1.53839898109	0.211664915085	0.400557041168	0.5712018013	0.810266971588	0.406123876572	0.262219905853	0.189001083374	0.424092054367	0.185688972473	0.599204063416	0.390522956848	0.712809085846	0.754258871078	0.383111953735	0.334618091583	0.799710988998	0.333536148071	0.284166097641	0.466404914856	0.29042506218	0.289741039276	0.721918106079	0.266519069672	0.185195922852	
['./treeMaker/main', '-t', '-r', '1']
2.06920194626	3.52360010147	5.0349240303	1.47163486481	1.73077201843	2.89490795135	1.44622993469	3.12923288345	2.34562206268	2.8185479641	1.31425881386	1.81951403618	1.84655594826	10.6068809032	1.41074180603	1.48382210732	2.53986287117	3.86912894249	2.46489906311	1.93311500549	2.15484499931	2.54458403587	2.73491883278	2.24071311951	2.56856703758	4.56047797203	1.49059987068	2.19597506523	2.68144202232	3.19027996063	2.22170901299	1.83812594414	1.41489505768	2.36720895767	1.42009186745	2.73463010788	2.20877099037	2.94140481949	3.27012300491	2.12145900726	1.88217616081	3.24471402168	2.02714395523	1.72328400612	2.52964806557	1.75838017464	1.73488092422	3.09421491623	1.61395001411	1.30076217651	
['./treeMaker/main', '-t', '-r', '2']
2.98111796379	5.43073606491	7.91448497772	2.201816082	2.39272093773	3.91713500023	2.1301240921	4.52469277382	3.40801000595	4.50064682961	1.87013697624	2.603058815	2.59286379814	14.7192361355	2.17011499405	2.1974067688	3.86900186539	5.50283098221	3.54841399193	3.19896697998	3.25658106804	4.6614279747	3.95365595818	3.40117502213	3.69420480728	6.88414692879	2.29050111771	3.29567193985	3.8986260891	4.78645515442	3.20194888115	2.76290106773	1.9657099247	3.60574316978	2.08262610435	4.21710395813	3.1929769516	4.44857788086	4.75942111015	3.17083501816	2.9452278614	4.53525304794	2.83276605606	2.43279099464	3.6557700634	2.56281995773	2.60799598694	4.51998400688	2.47348213196	1.95346999168	
['./treeMaker/main', '-t', '-r', '1', '-N']
2.05127286911	3.4176170826	5.07614994049	1.48711013794	1.71059918404	2.74358797073	1.40277695656	3.13084506989	2.33455204964	2.81654286385	1.29022097588	1.78968596458	1.77107596397	10.3830139637	1.46028017998	1.52525305748	2.7207930088	4.00203585625	2.53839612007	1.88815903664	2.15389204025	2.65256214142	2.70266795158	2.2868449688	2.51690506935	4.53641796112	1.51753687859	2.24348688126	2.70263004303	3.21649622917	2.23271393776	1.84636497498	1.41015505791	2.4375038147	1.43864011765	2.7801220417	2.22997999191	2.95824289322	3.21215009689	2.18181395531	1.89865398407	3.29232597351	1.98903799057	1.73016190529	2.46725797653	1.72738599777	1.70881104469	3.08892297745	1.61612796783	1.26241016388	
['./treeMaker/main', '-t', '-r', '2', '-N']
2.96905589104	5.49295687675	7.93254184723	2.14113497734	2.49457097054	4.00205087662	2.12198615074	4.52455711365	3.45283293724	4.3817191124	1.85236406326	2.62132000923	2.55576705933	14.6420819759	2.23127412796	2.141726017	3.79580998421	5.46233582497	3.59059000015	3.1462688446	3.22268390656	4.77393198013	3.99516487122	3.47380304337	3.65133309364	6.83769512177	2.27181696892	3.23642206192	3.8838300705	4.85888695717	3.20651483536	2.75412678719	1.91018199921	3.59169697762	2.06303715706	4.17171406746	3.16294193268	4.42832899094	4.75760507584	3.23940896988	2.86837887764	4.53859591484	2.8732521534	2.43452596664	3.62823581696	2.67863798141	2.63176894188	4.46900892258	2.53758692741	1.8755671978	
['./treeMaker/main', '-m']
0.0907990932465	0.124508142471	0.154847860336	0.0781490802765	0.0822229385376	0.106805801392	0.0788300037384	0.113727092743	0.10803103447	0.108371973038	0.0727691650391	0.0996639728546	0.087329864502	0.231605052948	0.0784759521484	0.0809829235077	0.104656934738	0.13454914093	0.113528966904	0.0931529998779	0.0993220806122	0.113885879517	0.110852956772	0.102226018906	0.105769872665	0.150167942047	0.0808970928192	0.101668834686	0.10505604744	0.123138189316	0.0981769561768	0.0872189998627	0.0751299858093	0.100911140442	0.0777499675751	0.114001989365	0.0940980911255	0.11590218544	0.115170001984	0.0971548557281	0.0912299156189	0.118249177933	0.0915820598602	0.0866940021515	0.103271961212	0.088986158371	0.088495016098	0.13006401062	0.0898599624634	0.0779299736023	
['./treeMaker/main', '-m', '-b']
0.104588031769	0.148366928101	0.175743103027	0.0828120708466	0.0875458717346	0.115961074829	0.0829329490662	0.137451887131	0.106989145279	0.119306087494	0.0773701667786	0.092141866684	0.0908479690552	0.252930164337	0.0936851501465	0.0857000350952	0.113328933716	0.140070915222	0.10343503952	0.112557888031	0.0996391773224	0.134946107864	0.120537996292	0.107705116272	0.113279104233	0.166661024094	0.0864109992981	0.106994152069	0.118137121201	0.131560087204	0.103997945786	0.0941388607025	0.0798890590668	0.103594064713	0.0841660499573	0.121922016144	0.103513002396	0.140439987183	0.134043931961	0.0996789932251	0.107234954834	0.135650157928	0.0929279327393	0.0908000469208	0.107122898102	0.089928150177	0.0904719829559	0.118862867355	0.0898039340973	0.0772161483765	
['./treeMaker/main', '-m', '-w', '1']
0.0948758125305	0.129981040955	0.169074058533	0.078901052475	0.082808971405	0.106401205063	0.078675031662	0.116845846176	0.102144002914	0.112823963165	0.0743119716644	0.0881779193878	0.0880081653595	0.240628004074	0.0869920253754	0.083221912384	0.107235193253	0.130995988846	0.10512804985	0.092808008194	0.0969939231873	0.119674921036	0.122488021851	0.102792978287	0.121682882309	0.154479980469	0.0850551128387	0.103465080261	0.109026908875	0.118916034698	0.0952200889587	0.100774049759	0.0815441608429	0.105830907822	0.0811948776245	0.114670038223	0.093220949173	0.127851963043	0.117269992828	0.111424207687	0.093138217926	0.119971036911	0.0923109054565	0.0887310504913	0.100466966629	0.0856530666351	0.0845639705658	0.125672101974	0.0893709659576	0.0748980045319	
['./treeMaker/main', '-m', '-w', '2']
0.0962729454041	0.145304918289	0.165014982224	0.0795969963074	0.0962271690369	0.121366024017	0.0786700248718	0.115888118744	0.103959083557	0.128695964813	0.0730938911438	0.091420173645	0.0899558067322	0.248019933701	0.0906898975372	0.0800089836121	0.106543064117	0.133965969086	0.106016159058	0.100026130676	0.101899862289	0.119863986969	0.11036491394	0.10027384758	0.120599985123	0.153143167496	0.0814809799194	0.105824947357	0.110439062119	0.135098934174	0.10271692276	0.0994749069214	0.075795173645	0.101202011108	0.0921649932861	0.120577096939	0.0986540317535	0.11779499054	0.129917144775	0.102082014084	0.0977308750153	0.12614107132	0.101834058762	0.096599817276	0.109295845032	0.0939118862152	0.105370044708	0.112454175949	0.0894899368286	0.0895781517029	
['./treeMaker/main', '-m', '-c', '1']
0.0933530330658	0.128688812256	0.154769897461	0.0819249153137	0.0953731536865	0.106066942215	0.0768420696259	0.131592988968	0.105850934982	0.114009857178	0.075611114502	0.0878269672394	0.0868339538574	0.245476007462	0.08092212677	0.0929880142212	0.106025934219	0.133334875107	0.103390932083	0.0974509716034	0.100255966187	0.111349105835	0.105622053146	0.104239940643	0.104317903519	0.157787084579	0.0802938938141	0.100415945053	0.106825113297	0.120877981186	0.095841884613	0.0847749710083	0.0732440948486	0.103635072708	0.0760848522186	0.111634969711	0.0950140953064	0.114015102386	0.118695020676	0.0982978343964	0.105363845825	0.114310979843	0.0922739505768	0.0886330604553	0.100234031677	0.100047111511	0.0977799892426	0.115319013596	0.0880658626556	0.0868220329285	
['./treeMaker/main', '-m', '-c', '2']
0.0903379917145	0.129972934723	0.157299995422	0.078339099884	0.0956690311432	0.12335395813	0.0859708786011	0.120561122894	0.10453915596	0.116216182709	0.0786459445953	0.103293895721	0.0914649963379	0.258157968521	0.0804588794708	0.0810871124268	0.116454839706	0.146433830261	0.115410804749	0.102918863297	0.098571062088	0.131326913834	0.11891913414	0.118744134903	0.108992099762	0.162847995758	0.0791130065918	0.0997309684753	0.10182094574	0.11639213562	0.0990109443665	0.0891580581665	0.076761007309	0.10163807869	0.0789220333099	0.113682031631	0.096617937088	0.120875835419	0.112450838089	0.101552009583	0.0912201404572	0.120532035828	0.0906240940094	0.0870912075043	0.103590011597	0.0859229564667	0.0884990692139	0.121303081512	0.0897119045258	0.0777609348297	
['./treeMaker/main', '-m', '-a', '1']
0.104049921036	0.155277013779	0.173963069916	0.0919930934906	0.0956308841705	0.122397184372	0.0925409793854	0.128347873688	0.110249996185	0.127681016922	0.0896141529083	0.115876913071	0.096449136734	0.2410800457	0.100510120392	0.091117143631	0.110060930252	0.147920131683	0.117542982101	0.107610940933	0.108187913895	0.131376028061	0.130531787872	0.111701011658	0.117238044739	0.164418935776	0.102714061737	0.114796876907	0.127012968063	0.134856939316	0.112275123596	0.100958824158	0.0878069400787	0.113548994064	0.0957050323486	0.124438047409	0.109368085861	0.133037090302	0.129713058472	0.116706132889	0.100004911423	0.12494301796	0.0993030071259	0.0962200164795	0.111937999725	0.0976400375366	0.0965490341187	0.12252497673	0.102713108063	0.0886738300323	
['./treeMaker/main', '-m', '-a', '2']
0.0933558940887	0.128836870193	0.155884027481	0.0931899547577	0.0878019332886	0.105310916901	0.0768399238586	0.112437963486	0.111794948578	0.11261510849	0.0740919113159	0.0879468917847	0.0887098312378	0.254215955734	0.0882070064545	0.0789501667023	0.100018978119	0.138283967972	0.106014966965	0.0923759937286	0.0915770530701	0.112278938293	0.105405092239	0.114146947861	0.115773916245	0.157887935638	0.0804789066315	0.111424922943	0.109359025955	0.11877822876	0.111182928085	0.0879039764404	0.0754170417786	0.10015296936	0.0752348899841	0.108155965805	0.0924940109253	0.11386680603	0.116544008255	0.0944340229034	0.0931971073151	0.118041992188	0.0904960632324	0.0875499248505	0.103578090668	0.0880599021912	0.0872938632965	0.115118026733	0.0878319740295	0.0759539604187	
