25_1000_2.7e-10_1.35e-10_470000000
25
1000
2.7e-10
1.35e-10
470000000

['./treeMaker/main']
0.354370117188	0.984356880188	1.91212511063	0.224299907684	0.256685972214	0.590170145035	0.20138001442	0.732600212097	0.427976131439	0.631778001785	0.179346084595	0.278996944427	0.26850104332	6.21846485138	0.201300144196	0.205357074738	0.483745098114	1.12411499023	0.468735933304	0.351745843887	0.341291904449	0.568468809128	0.55789899826	0.430049180984	0.500357866287	1.55230402946	0.225636005402	0.417318105698	0.571664810181	0.778966903687	0.407207012177	0.286435842514	0.181929111481	0.450074195862	0.199829816818	0.593845844269	0.380542039871	0.641319036484	0.783154964447	0.385777950287	0.323813199997	0.772419929504	0.335067033768	0.276026964188	0.464687108994	0.287003040314	0.27725481987	0.692318916321	0.269243955612	0.175714969635	
['./treeMaker/main', '-b']
0.351042985916	0.993234157562	1.96475195885	0.212244033813	0.261337041855	0.592884063721	0.19606089592	0.715362071991	0.410727024078	0.61173915863	0.181640863419	0.282113075256	0.278553009033	6.5333211422	0.199982881546	0.212126016617	0.486254930496	1.08442401886	0.459198951721	0.34406208992	0.364729166031	0.595732927322	0.513283014297	0.418544054031	0.505620956421	1.44160819054	0.220685958862	0.415012121201	0.540853023529	0.768625974655	0.396054029465	0.283591985703	0.193069934845	0.445426940918	0.195700883865	0.615485906601	0.401414871216	0.705478191376	0.806489944458	0.38911318779	0.33801484108	0.797345161438	0.33192896843	0.286324977875	0.493396043777	0.276396036148	0.269268035889	0.751935958862	0.265075206757	0.199099063873	
['./treeMaker/main', '-u']
0.345616102219	0.990958929062	1.90920996666	0.218364953995	0.269665956497	0.603504896164	0.203372955322	0.756448030472	0.442056179047	0.622580051422	0.181080102921	0.281345844269	0.28835105896	6.62931609154	0.200217962265	0.205577850342	0.507300138474	1.10857605934	0.481205940247	0.339801073074	0.356253147125	0.590381145477	0.571657896042	0.418022155762	0.51564002037	1.55030894279	0.218739032745	0.400422811508	0.551453113556	0.78204703331	0.388878107071	0.289881944656	0.193743944168	0.440227985382	0.18581199646	0.572978019714	0.385118961334	0.705613851547	0.785901784897	0.383545875549	0.326709032059	0.803938865662	0.350482940674	0.279056072235	0.470545053482	0.290745973587	0.27779507637	0.715255975723	0.271965026855	0.192997217178	
['./treeMaker/main', '-t', '-r', '1']
2.04114103317	3.54820394516	5.36602187157	1.4601111412	1.74742889404	2.78650593758	1.4435749054	3.25055193901	2.34219193459	2.8958671093	1.32139587402	1.87580800056	1.82407999039	10.5807869434	1.46600079536	1.53498697281	2.64298796654	3.99490499496	2.5706448555	2.15584301949	2.21230483055	2.76719594002	2.77994084358	2.30976510048	2.6034591198	4.81411194801	1.54769897461	2.29685688019	2.79365515709	3.24129295349	2.22029089928	1.83309602737	1.4419939518	2.48135590553	1.43006396294	2.83342599869	2.28467512131	3.0268368721	3.33604097366	2.26870799065	1.92130804062	3.32188606262	2.05215191841	1.76210904121	2.52405500412	1.82654309273	1.81138300896	3.19969820976	1.67141795158	1.36929607391	
['./treeMaker/main', '-t', '-r', '2']
2.9351708889	5.45196890831	7.60983300209	2.13058686256	2.4065849781	3.95060682297	2.02590823174	4.4499309063	3.39087820053	4.45959615707	1.849588871	2.72712302208	2.59099006653	14.575895071	2.13062691689	2.2046020031	3.92312717438	5.63662409782	3.67993211746	3.03487801552	3.23884296417	4.40734410286	3.9076218605	3.41722798347	3.66752791405	6.72467517853	2.25947380066	3.27810502052	3.82891011238	4.84049201012	3.09199285507	2.62710118294	1.95847892761	3.55852413177	2.08756613731	4.17453098297	3.20026898384	4.37897109985	4.63933801651	3.15165305138	2.99307608604	4.59141111374	2.76707601547	2.42939782143	3.59454107285	2.63999009132	2.69010591507	4.4731221199	2.49318408966	1.88334989548	
['./treeMaker/main', '-t', '-r', '1', '-N']
2.14706802368	3.56244802475	5.30658888817	1.47183704376	1.75310897827	2.75243997574	1.48339486122	3.26239180565	2.37619996071	2.92252087593	1.32572388649	1.89464402199	1.84136891365	10.6423258781	1.40614795685	1.56169295311	2.68970108032	4.07675099373	2.4895632267	2.15767121315	2.22403502464	2.73910784721	2.83975791931	2.25603914261	2.56615900993	4.82550597191	1.48592805862	2.31196403503	2.76168107986	3.23015379906	2.25249099731	1.8433868885	1.38052606583	2.55302095413	1.38438510895	2.82229495049	2.24935412407	3.11014008522	3.38603496552	2.27528691292	1.958796978	3.36237096786	2.02921390533	1.79165410995	2.50835108757	1.76317000389	1.76746702194	3.20436692238	1.64727401733	1.31912398338	
['./treeMaker/main', '-t', '-r', '2', '-N']
2.9865000248	5.46571612358	7.60052800179	2.13400292397	2.45531702042	3.94970583916	2.08963990211	4.64464902878	3.40132403374	4.43194007874	1.90376710892	2.67851781845	2.54752087593	14.4568779469	2.12406992912	2.15039300919	3.77062511444	5.62833809853	3.61381101608	3.06170797348	3.11955308914	4.45513820648	4.00607705116	3.45549201965	3.67498993874	6.68844795227	2.27625083923	3.26174902916	3.81398916245	4.84124517441	3.17192482948	2.5379679203	1.99428510666	3.58448815346	2.05544805527	4.25323414803	3.18977689743	4.38291311264	4.6268351078	3.08892607689	2.93953108788	4.61936402321	2.84351396561	2.45286512375	3.64140486717	2.63417696953	2.67376208305	4.57689809799	2.49196195602	1.94593119621	
['./treeMaker/main', '-m']
0.0922300815582	0.124503135681	0.154834032059	0.0781879425049	0.0824699401855	0.106544971466	0.0922229290009	0.115453004837	0.0978808403015	0.110235929489	0.0726749897003	0.0854561328888	0.0885751247406	0.248463869095	0.077821969986	0.0813570022583	0.104517936707	0.133625984192	0.102164030075	0.0924599170685	0.0912399291992	0.113880157471	0.104140043259	0.11404299736	0.104609966278	0.152052164078	0.0813970565796	0.108821868896	0.103674888611	0.130019903183	0.098475933075	0.0865190029144	0.0757999420166	0.1007771492	0.076700925827	0.106745958328	0.0947709083557	0.116314172745	0.127279996872	0.0968418121338	0.103874921799	0.11829996109	0.0903007984161	0.0890431404114	0.102961063385	0.100054979324	0.0884091854095	0.116488933563	0.0894689559937	0.0808641910553	
['./treeMaker/main', '-m', '-b']
0.101213932037	0.144196987152	0.165428876877	0.0827322006226	0.0895888805389	0.115786075592	0.0827100276947	0.135720014572	0.110220909119	0.118063926697	0.0777308940887	0.0920650959015	0.090891122818	0.260354995728	0.0789799690247	0.0883948802948	0.109637975693	0.141574859619	0.120126008987	0.0954821109772	0.102154016495	0.117062091827	0.113129854202	0.107635974884	0.114771127701	0.159432888031	0.0877130031586	0.108669996262	0.11639881134	0.132474899292	0.115444898605	0.0918660163879	0.0809118747711	0.10376906395	0.0787570476532	0.124163866043	0.103753089905	0.128111124039	0.127036094666	0.100444078445	0.0938768386841	0.129029989243	0.0931560993195	0.089763879776	0.106945037842	0.0898830890656	0.0897929668427	0.119184017181	0.103582859039	0.077987909317	
['./treeMaker/main', '-m', '-w', '1']
0.091315984726	0.143168926239	0.17180109024	0.0815420150757	0.0837440490723	0.105292797089	0.0786280632019	0.135893106461	0.102056026459	0.114267110825	0.0749278068542	0.0874578952789	0.087061882019	0.251533985138	0.0744969844818	0.0866858959198	0.105319976807	0.137068033218	0.101083040237	0.096626996994	0.0952050685883	0.111797094345	0.112550020218	0.102628946304	0.106225967407	0.141900062561	0.0903160572052	0.114053964615	0.110096216202	0.121989011765	0.0937941074371	0.0848119258881	0.0895628929138	0.105036973953	0.0829610824585	0.113209009171	0.0964388847351	0.111929893494	0.120486021042	0.0968279838562	0.0913798809052	0.120193004608	0.0924370288849	0.0891060829163	0.103021144867	0.0851829051971	0.0849120616913	0.111056804657	0.0908348560333	0.0762448310852	
['./treeMaker/main', '-m', '-w', '2']
0.104142904282	0.132878065109	0.155282974243	0.079756975174	0.084480047226	0.108551979065	0.0821349620819	0.114459037781	0.102049827576	0.115585803986	0.0743758678436	0.0864081382751	0.0881659984589	0.243598222733	0.0770990848541	0.0823838710785	0.104218959808	0.146250009537	0.111361026764	0.0978879928589	0.096971988678	0.114817142487	0.12508392334	0.101614952087	0.100402116776	0.150522947311	0.0847959518433	0.0965719223022	0.107270956039	0.120932102203	0.100101947784	0.0973889827728	0.0778839588165	0.101802825928	0.0772700309753	0.124398946762	0.10702085495	0.135033845901	0.117432117462	0.0966980457306	0.0917179584503	0.136150836945	0.0982351303101	0.0906038284302	0.109870910645	0.0921268463135	0.0908041000366	0.113281011581	0.0870199203491	0.077908039093	
['./treeMaker/main', '-m', '-c', '1']
0.0952751636505	0.128604888916	0.159673929214	0.0775609016418	0.0845890045166	0.106142997742	0.0770120620728	0.134044885635	0.107899904251	0.1134121418	0.0770819187164	0.0882539749146	0.0895318984985	0.232220888138	0.0815269947052	0.0862920284271	0.108943939209	0.137724876404	0.104415893555	0.095244884491	0.0964479446411	0.12282204628	0.104545116425	0.097118139267	0.103457927704	0.156270027161	0.0839478969574	0.100116014481	0.106328964233	0.120939970016	0.0976099967957	0.0832369327545	0.0736291408539	0.0975360870361	0.0763359069824	0.110223054886	0.094092130661	0.117046833038	0.111423969269	0.0961799621582	0.0915830135345	0.120745897293	0.0924468040466	0.0888109207153	0.103370904922	0.085244178772	0.0892651081085	0.116727113724	0.0876100063324	0.0758271217346	
['./treeMaker/main', '-m', '-c', '2']
0.0921938419342	0.124661922455	0.17333984375	0.0786910057068	0.0833280086517	0.111325025558	0.0851941108704	0.120013952255	0.108582019806	0.116991996765	0.0785090923309	0.0916709899902	0.099091053009	0.24072098732	0.0847270488739	0.081710100174	0.106280088425	0.138138055801	0.104264974594	0.110146045685	0.0989849567413	0.115288972855	0.125562906265	0.122464895248	0.109511852264	0.150304794312	0.0811579227448	0.111974000931	0.116287946701	0.120543956757	0.0935370922089	0.088033914566	0.0773010253906	0.101590871811	0.0898149013519	0.115249156952	0.0971128940582	0.118446111679	0.119455099106	0.0931000709534	0.0951788425446	0.119464874268	0.0901699066162	0.0872390270233	0.102792978287	0.0875370502472	0.0972790718079	0.116717815399	0.0879848003387	0.0779390335083	
['./treeMaker/main', '-m', '-a', '1']
0.108555078506	0.138151168823	0.183938026428	0.0928740501404	0.0959248542786	0.122319221497	0.0929639339447	0.127366065979	0.124028921127	0.122627973557	0.100386857986	0.102077960968	0.0965039730072	0.238900899887	0.0875771045685	0.0949528217316	0.124945878983	0.154355049133	0.119542121887	0.106324195862	0.110283136368	0.127806186676	0.126382112503	0.113269090652	0.127789974213	0.160263061523	0.0966708660126	0.118734836578	0.120213031769	0.140207052231	0.108216047287	0.0986878871918	0.0888481140137	0.120370864868	0.0913801193237	0.125396966934	0.113483905792	0.132420063019	0.142421007156	0.114264011383	0.122564077377	0.124493122101	0.0993800163269	0.0966558456421	0.111207962036	0.0973651409149	0.0968420505524	0.122131824493	0.106923103333	0.0883219242096	
['./treeMaker/main', '-m', '-a', '2']
0.0942139625549	0.128880023956	0.160193920135	0.0770630836487	0.0885851383209	0.123131990433	0.0768308639526	0.111649036407	0.0988709926605	0.114244937897	0.0744681358337	0.0873091220856	0.0835258960724	0.251996040344	0.0756709575653	0.0828051567078	0.114608049393	0.148852109909	0.111217975616	0.0948929786682	0.0909950733185	0.106457948685	0.105389118195	0.097727060318	0.106108903885	0.142210006714	0.0852949619293	0.101053953171	0.106078147888	0.120795965195	0.0933361053467	0.0872440338135	0.0760180950165	0.100289106369	0.0764989852905	0.106068134308	0.0917279720306	0.112986087799	0.130056142807	0.109045028687	0.0897600650787	0.118036031723	0.0906639099121	0.0871880054474	0.103113889694	0.087532043457	0.087415933609	0.115537881851	0.0879549980164	0.0757350921631	
