25_1000_0_0_48000000
25
1000
0
0
48000000

['./treeMaker/main']
0.0497272014618	0.0478310585022	0.0470418930054	0.0489521026611	0.0462441444397	0.0462050437927	0.0462920665741	0.046334028244	0.046373128891	0.0455718040466	0.0478329658508	0.0502529144287	0.0478460788727	0.0472719669342	0.0554809570312	0.046777009964	0.046355009079	0.047375202179	0.0571351051331	0.0458459854126	0.0472869873047	0.044634103775	0.0468330383301	0.0462799072266	0.0541200637817	0.0481379032135	0.043799161911	0.0441429615021	0.0441160202026	0.0457770824432	0.0482499599457	0.0451631546021	0.0458059310913	0.0488638877869	0.0447199344635	0.0463149547577	0.0459380149841	0.0464420318604	0.0463631153107	0.0488140583038	0.045783996582	0.0442810058594	0.0442390441895	0.0442891120911	0.0444729328156	0.0445411205292	0.0442888736725	0.0443639755249	0.0442368984222	0.0444028377533	
['./treeMaker/main', '-b']
0.0443968772888	0.0448319911957	0.0466079711914	0.0479969978333	0.0510120391846	0.0475718975067	0.0465030670166	0.0567269325256	0.044625043869	0.0443420410156	0.048654794693	0.0478069782257	0.0501251220703	0.0483231544495	0.0473580360413	0.047621011734	0.0479779243469	0.0470688343048	0.046110868454	0.0473020076752	0.0465788841248	0.0461888313293	0.0445039272308	0.046226978302	0.0468149185181	0.0468089580536	0.0575399398804	0.0466358661652	0.0490190982819	0.0472180843353	0.0487580299377	0.0502960681915	0.0466058254242	0.0474219322205	0.0465772151947	0.0480439662933	0.0474438667297	0.0554759502411	0.0484499931335	0.0469179153442	0.0465631484985	0.0466940402985	0.048828125	0.0451328754425	0.04643201828	0.046483039856	0.0467360019684	0.0453419685364	0.0467450618744	0.0463259220123	
['./treeMaker/main', '-u']
0.0458459854126	0.0459020137787	0.0456390380859	0.0463991165161	0.045991897583	0.0457878112793	0.045795917511	0.0460169315338	0.048465013504	0.0590150356293	0.048376083374	0.0478498935699	0.0465240478516	0.0555670261383	0.044487953186	0.044203042984	0.0442910194397	0.0444481372833	0.0442409515381	0.0442790985107	0.0446939468384	0.0443761348724	0.0445699691772	0.044116973877	0.0454490184784	0.0446510314941	0.044450044632	0.0447750091553	0.0445339679718	0.0444359779358	0.0443689823151	0.0444750785828	0.0443599224091	0.0482890605927	0.0486090183258	0.0464458465576	0.047415971756	0.0472400188446	0.0462789535522	0.0508010387421	0.0476078987122	0.0477540493011	0.0493330955505	0.0510339736938	0.0476379394531	0.0502650737762	0.0492651462555	0.0469281673431	0.049800157547	0.049164056778	
['./treeMaker/main', '-t', '-r', '1']
0.35423707962	0.356127977371	0.356437921524	0.359085083008	0.357848167419	0.358201026917	0.358174085617	0.352963924408	0.369301080704	0.362565040588	0.36962890625	0.341421127319	0.359681844711	0.339699029922	0.340879917145	0.359636068344	0.341453075409	0.360264062881	0.358129024506	0.362486839294	0.359869003296	0.372457027435	0.368146181107	0.369079113007	0.358867883682	0.354704856873	0.355343103409	0.356656074524	0.360291004181	0.341009140015	0.368655204773	0.372619152069	0.357430934906	0.366829872131	0.358722925186	0.362186908722	0.360664844513	0.34231710434	0.341210126877	0.357399940491	0.356562852859	0.370790958405	0.341063976288	0.342319965363	0.370709896088	0.355224847794	0.34738111496	0.340724945068	0.35756111145	0.367603778839	
['./treeMaker/main', '-t', '-r', '2']
0.428445100784	0.441128015518	0.425414085388	0.428858995438	0.412053108215	0.437736034393	0.433981895447	0.430283069611	0.403851985931	0.402626037598	0.408622980118	0.413753986359	0.459008932114	0.412391901016	0.408094167709	0.425915956497	0.421940803528	0.426959037781	0.435616970062	0.437772035599	0.450675964355	0.423670053482	0.433132171631	0.437453985214	0.423777103424	0.438350915909	0.422274112701	0.438102006912	0.465610980988	0.431681156158	0.409450054169	0.44372010231	0.428539991379	0.423644065857	0.427742958069	0.443074941635	0.424969911575	0.44381403923	0.427025079727	0.404891967773	0.406246900558	0.434619903564	0.410624027252	0.412019014359	0.431189060211	0.444580078125	0.432740926743	0.422497034073	0.421439886093	0.433500051498	
['./treeMaker/main', '-t', '-r', '1', '-N']
0.360183000565	0.342170000076	0.360672950745	0.356271982193	0.356626987457	0.343945026398	0.354493141174	0.367952823639	0.360054016113	0.356246948242	0.384459018707	0.357821941376	0.360727071762	0.366647005081	0.349498987198	0.354338169098	0.358551025391	0.365215063095	0.354699850082	0.355073928833	0.36928486824	0.369194984436	0.344352960587	0.37368106842	0.342037916183	0.359172105789	0.337069034576	0.357845783234	0.359084129333	0.355328083038	0.364408016205	0.36356306076	0.355484008789	0.38710308075	0.360151052475	0.344619035721	0.355677127838	0.353278160095	0.356194019318	0.369483947754	0.340465784073	0.361799955368	0.341648101807	0.358675956726	0.341760873795	0.342856884003	0.35714006424	0.357748985291	0.365711927414	0.356183052063	
['./treeMaker/main', '-t', '-r', '2', '-N']
0.442562103271	0.44099187851	0.43089389801	0.419312000275	0.447728872299	0.425726890564	0.44594502449	0.432318925858	0.418328046799	0.416921138763	0.425383090973	0.42804813385	0.448539972305	0.440365791321	0.423273086548	0.434268951416	0.415475845337	0.426359891891	0.436231851578	0.439296960831	0.458163976669	0.455481052399	0.452553033829	0.444189071655	0.437201023102	0.448199987411	0.423953056335	0.445917844772	0.452883958817	0.434903144836	0.421550035477	0.434453010559	0.411557912827	0.407757997513	0.407970905304	0.44025015831	0.431887865067	0.443051815033	0.421883106232	0.423852205276	0.430423021317	0.450003862381	0.427809000015	0.433680057526	0.431620121002	0.440427064896	0.434731006622	0.423301935196	0.423186063766	0.429334163666	
['./treeMaker/main', '-m']
0.042072057724	0.0424749851227	0.0420358181	0.0421421527863	0.0427250862122	0.0420889854431	0.0420649051666	0.0424768924713	0.0419688224792	0.0417900085449	0.042699098587	0.0422899723053	0.0449650287628	0.0477950572968	0.04842710495	0.0466470718384	0.0457518100739	0.0464539527893	0.043445110321	0.0456740856171	0.045236825943	0.0454490184784	0.0553541183472	0.0453119277954	0.0460269451141	0.057431936264	0.0423481464386	0.0433161258698	0.0432648658752	0.0428280830383	0.0457220077515	0.045490026474	0.0449011325836	0.0441870689392	0.045284986496	0.0440528392792	0.0454480648041	0.0460550785065	0.0464680194855	0.0468230247498	0.0461668968201	0.046737909317	0.0465450286865	0.0467591285706	0.0454399585724	0.0451228618622	0.0455570220947	0.0437040328979	0.0441789627075	0.044723033905	
['./treeMaker/main', '-m', '-b']
0.0470941066742	0.0461399555206	0.0469779968262	0.046737909317	0.0464560985565	0.0571429729462	0.0470559597015	0.0472619533539	0.0461359024048	0.0461790561676	0.0552399158478	0.0457279682159	0.04585313797	0.0453548431396	0.0455000400543	0.0458540916443	0.0458388328552	0.0464289188385	0.0461070537567	0.0550529956818	0.0449697971344	0.0452010631561	0.0455238819122	0.0457961559296	0.0459859371185	0.0450820922852	0.0454831123352	0.0462770462036	0.0474760532379	0.0469250679016	0.0475060939789	0.0471529960632	0.0471680164337	0.0498020648956	0.0444960594177	0.043979883194	0.0568988323212	0.0459380149841	0.0450689792633	0.0488991737366	0.044095993042	0.0467300415039	0.0465960502625	0.0460851192474	0.0462348461151	0.0463440418243	0.045037984848	0.0457689762115	0.0488131046295	0.0469460487366	
['./treeMaker/main', '-m', '-w', '1']
0.0455181598663	0.0449409484863	0.0442800521851	0.0458650588989	0.0452048778534	0.0458829402924	0.0453588962555	0.0486350059509	0.0474338531494	0.0451049804688	0.0478539466858	0.0461030006409	0.0464279651642	0.0543551445007	0.0452921390533	0.0457370281219	0.0477287769318	0.0450658798218	0.0455620288849	0.0455842018127	0.0431160926819	0.0419929027557	0.0421979427338	0.0418770313263	0.0421409606934	0.0422658920288	0.0418808460236	0.0423638820648	0.0421631336212	0.0423159599304	0.0422739982605	0.0423448085785	0.0424509048462	0.042356967926	0.0423061847687	0.0432488918304	0.043851852417	0.0432469844818	0.0429329872131	0.0570440292358	0.0453441143036	0.0470819473267	0.046679019928	0.0460548400879	0.0461990833282	0.0477349758148	0.0466349124908	0.048043012619	0.0457339286804	0.046003818512	
['./treeMaker/main', '-m', '-w', '2']
0.0456099510193	0.0460140705109	0.0459699630737	0.0461909770966	0.0458569526672	0.0490698814392	0.0455989837646	0.0464820861816	0.0460059642792	0.0461177825928	0.0462739467621	0.0457000732422	0.0455009937286	0.0452699661255	0.0459020137787	0.0458850860596	0.0452828407288	0.0452241897583	0.0445539951324	0.0466151237488	0.0456681251526	0.046441078186	0.0452809333801	0.0486979484558	0.044585943222	0.0458188056946	0.0459580421448	0.0437231063843	0.0474581718445	0.0438280105591	0.0448529720306	0.0459070205688	0.0559558868408	0.0505068302155	0.0467970371246	0.0475218296051	0.0459280014038	0.0453169345856	0.0442581176758	0.045606136322	0.044842004776	0.0453209877014	0.0464100837708	0.0451118946075	0.045068025589	0.0450780391693	0.0462849140167	0.0459010601044	0.046982049942	0.0470690727234	
['./treeMaker/main', '-m', '-c', '1']
0.0465910434723	0.0500299930573	0.0452899932861	0.0447449684143	0.0450367927551	0.0448009967804	0.0452001094818	0.0469450950623	0.0441181659698	0.0454919338226	0.0462019443512	0.0452058315277	0.0458409786224	0.0480921268463	0.0469222068787	0.0438938140869	0.0463879108429	0.0453288555145	0.0442719459534	0.0432410240173	0.0457370281219	0.0447030067444	0.0455889701843	0.0436151027679	0.0446670055389	0.0452558994293	0.0449621677399	0.0450799465179	0.0452468395233	0.0439088344574	0.0451130867004	0.0449759960175	0.0448050498962	0.0447981357574	0.045049905777	0.0592291355133	0.0453901290894	0.0445048809052	0.0473132133484	0.0446019172668	0.0442130565643	0.0464899539948	0.0465219020844	0.0459740161896	0.045471906662	0.0468490123749	0.0456688404083	0.0451309680939	0.0446519851685	0.046648979187	
['./treeMaker/main', '-m', '-c', '2']
0.0452699661255	0.0574498176575	0.0467598438263	0.046975851059	0.0458598136902	0.0479190349579	0.0431840419769	0.0452649593353	0.0453059673309	0.044469833374	0.0454480648041	0.0454339981079	0.04558801651	0.045224905014	0.0449950695038	0.0443201065063	0.0456209182739	0.0447080135345	0.0452189445496	0.0452959537506	0.04665184021	0.045881986618	0.0476679801941	0.045166015625	0.0449550151825	0.0443389415741	0.0442650318146	0.0454208850861	0.0537741184235	0.0462219715118	0.0443060398102	0.0467550754547	0.0441689491272	0.0507180690765	0.0464329719543	0.0464570522308	0.047287940979	0.0448858737946	0.0442218780518	0.0452260971069	0.0476090908051	0.0457201004028	0.04709815979	0.0460538864136	0.0447819232941	0.0477459430695	0.0450859069824	0.0462961196899	0.0453078746796	0.0455031394958	
['./treeMaker/main', '-m', '-a', '1']
0.0625579357147	0.0588920116425	0.0568420886993	0.0699119567871	0.0625751018524	0.0629110336304	0.062105178833	0.0637390613556	0.0645749568939	0.0612089633942	0.0636370182037	0.062313079834	0.0710361003876	0.0639460086823	0.0597999095917	0.0638699531555	0.0639817714691	0.0594358444214	0.0585360527039	0.0586609840393	0.0594608783722	0.0589780807495	0.0592257976532	0.0582151412964	0.0588030815125	0.0603020191193	0.0584061145782	0.0591609477997	0.0587019920349	0.0590541362762	0.0594668388367	0.0594458580017	0.0588028430939	0.0602328777313	0.0603511333466	0.062108039856	0.0602898597717	0.0603091716766	0.0574769973755	0.0588660240173	0.0618290901184	0.059602022171	0.0580978393555	0.0593709945679	0.0581998825073	0.0592980384827	0.0585899353027	0.0748908519745	0.0610799789429	0.064101934433	
['./treeMaker/main', '-m', '-a', '2']
0.0482590198517	0.0457401275635	0.0457029342651	0.0460889339447	0.0550138950348	0.0461421012878	0.0445320606232	0.0454089641571	0.0459930896759	0.0465950965881	0.0472640991211	0.0463571548462	0.0466070175171	0.0465400218964	0.046767950058	0.0467240810394	0.0469291210175	0.0485510826111	0.0460131168365	0.0463500022888	0.0484728813171	0.0433690547943	0.0459821224213	0.0440421104431	0.0448391437531	0.0448760986328	0.0461211204529	0.0455567836761	0.0461490154266	0.0459208488464	0.0460450649261	0.045804977417	0.04611992836	0.0491428375244	0.0440511703491	0.0431590080261	0.0430309772491	0.0430481433868	0.0428261756897	0.0434899330139	0.043160200119	0.0437219142914	0.0434119701385	0.0430209636688	0.0434050559998	0.0435950756073	0.0429811477661	0.0436658859253	0.0439538955688	0.0433299541473	
