25_1000_4.9e-10_4.9e-10_190000000
25
1000
4.9e-10
4.9e-10
190000000

['./treeMaker/main']
0.425295114517	0.342451810837	0.204559803009	0.269019126892	0.244382143021	0.363646030426	0.363053798676	0.448825120926	0.527480125427	0.373610019684	0.320354938507	0.254087924957	0.262871026993	0.505719900131	1.22637200356	0.405868053436	0.287160158157	0.763785123825	0.446350812912	0.457117080688	0.2922539711	0.966982841492	0.4700050354	0.683342933655	0.356638908386	0.481374979019	0.392337083817	0.571450948715	0.634380817413	0.346858024597	0.820531845093	0.939056873322	0.295213937759	0.127823114395	0.686269044876	0.34494805336	0.245880842209	0.386070966721	0.31001496315	0.218641042709	0.455039024353	0.459526062012	0.458098888397	0.450697183609	0.314926862717	0.231904029846	0.341841936111	0.644832134247	0.461591959	0.634533166885	
['./treeMaker/main', '-b']
0.434147119522	0.341976881027	0.198598861694	0.277616024017	0.247251033783	0.343554019928	0.367191076279	0.424912929535	0.542857885361	0.380699157715	0.300267219543	0.26563501358	0.262080192566	0.518724918365	1.25410795212	0.412235021591	0.304270029068	0.731736183167	0.447733163834	0.455008983612	0.298695087433	0.904608011246	0.445948123932	0.686601877213	0.339622974396	0.501056194305	0.374059915543	0.55314707756	0.676784038544	0.349857091904	0.818204879761	0.930995941162	0.311833143234	0.13134598732	0.680305957794	0.342287063599	0.249673128128	0.379997014999	0.318736076355	0.220043182373	0.459971904755	0.439877986908	0.43329000473	0.446185112	0.302272081375	0.232456922531	0.335778951645	0.622429132462	0.442857027054	0.632575035095	
['./treeMaker/main', '-u']
0.401613950729	0.338371038437	0.217901945114	0.266303062439	0.25106883049	0.360155105591	0.384269952774	0.450037956238	0.533089160919	0.402539968491	0.313672065735	0.255395889282	0.244328975677	0.507907867432	1.22970700264	0.426292181015	0.311955213547	0.784976005554	0.465786933899	0.458899974823	0.293583869934	0.914433956146	0.483596086502	0.667964935303	0.321573019028	0.485721111298	0.385869026184	0.559041023254	0.660286188126	0.34959602356	0.84001493454	0.891683101654	0.295568943024	0.130409955978	0.695666074753	0.33931016922	0.237693071365	0.378648996353	0.298767089844	0.219892024994	0.432167053223	0.435316801071	0.42872595787	0.423451900482	0.333128929138	0.232942819595	0.337035894394	0.649147987366	0.473232030869	0.639360904694	
['./treeMaker/main', '-t', '-r', '1']
2.33800983429	2.16362094879	1.5012550354	1.83118081093	1.66895484924	2.01013803482	2.21046209335	2.34163308144	2.61953902245	2.32473993301	1.8415760994	1.77387809753	1.76667404175	2.69202899933	4.25948214531	2.41288399696	1.88383483887	3.37486982346	2.4018239975	2.39693593979	1.86120486259	3.27314805984	2.48226308823	3.06108617783	2.10579705238	2.44820189476	2.19448590279	2.70498490334	2.94110012054	2.05363202095	3.48685407639	3.62003898621	1.93797302246	1.08291316032	2.96678805351	2.0876288414	1.66978001595	2.25688099861	1.88088917732	1.4681391716	2.42444205284	2.37020397186	2.48743915558	2.45857810974	1.98935723305	1.7331340313	1.9154009819	3.09727311134	2.46224212646	2.97052407265	
['./treeMaker/main', '-t', '-r', '2']
3.53155589104	3.15736889839	2.13948488235	2.63126802444	2.42533302307	3.16106295586	3.14231300354	3.54380512238	4.04272007942	3.28832006454	2.85932278633	2.58875894547	2.42801499367	3.86442899704	6.33017897606	3.50687408447	2.83944201469	4.78311109543	3.83962488174	3.68296694756	2.8517138958	5.76698207855	3.67873883247	4.34768915176	3.04798293114	3.86611604691	3.28288984299	3.95946598053	4.50454878807	3.18789100647	5.03180480003	5.59551095963	2.90280795097	1.45894193649	4.552257061	3.11433720589	2.441177845	3.24428200722	2.91659212112	2.18923807144	3.70901298523	3.54078316689	3.56993198395	3.50408911705	3.00079083443	2.36705493927	3.17205810547	4.27397704124	3.67247700691	4.35825896263	
['./treeMaker/main', '-t', '-r', '1', '-N']
2.30510115623	2.16988992691	1.50707006454	1.72755694389	1.71654605865	1.9942240715	2.25699591637	2.44769406319	2.62322187424	2.3390610218	1.91140604019	1.6833088398	1.72340893745	2.73374199867	4.19238901138	2.38467907906	1.94169211388	3.34755992889	2.37916898727	2.42123818398	1.7931330204	3.23325896263	2.61823701859	3.16286015511	2.06517887115	2.43840098381	2.21438694	2.70192503929	2.93147516251	2.06512594223	3.51936793327	3.58319497108	1.91323399544	1.02064490318	3.0132598877	2.03769898415	1.70779585838	2.21813392639	1.91676998138	1.52954411507	2.50408506393	2.43153786659	2.40409803391	2.4478969574	2.05617785454	1.66291713715	1.97465705872	2.99996209145	2.48667383194	2.97138214111	
['./treeMaker/main', '-t', '-r', '2', '-N']
3.46739602089	3.09099912643	2.27950596809	2.59592008591	2.3543241024	3.11912894249	3.19643592834	3.51538085938	3.96115803719	3.23761606216	2.90992903709	2.5979719162	2.41015005112	3.91688704491	6.23345589638	3.49338889122	2.82352089882	4.72931313515	3.82075691223	3.71393013	2.80211091042	5.79589414597	3.65005016327	4.34838700294	2.99909591675	3.84778380394	3.3049621582	3.97860312462	4.52494597435	3.14194417	5.18282008171	5.61320996284	2.82466101646	1.51231694221	4.57222795486	3.2349550724	2.53375482559	3.2075510025	2.90580415726	2.17608594894	3.69802117348	3.62734603882	3.55663895607	3.44874691963	2.92894005775	2.40447998047	3.18066096306	4.25634789467	3.64027786255	4.31048607826	
['./treeMaker/main', '-m']
0.0909731388092	0.0880281925201	0.0700969696045	0.0905930995941	0.0768799781799	0.084361076355	0.0861818790436	0.0916419029236	0.101258039474	0.0973880290985	0.0841839313507	0.0901989936829	0.0766890048981	0.107774972916	0.123143911362	0.0899119377136	0.0806949138641	0.105062961578	0.0934860706329	0.104573011398	0.0787420272827	0.136183977127	0.0904979705811	0.107818841934	0.0832879543304	0.100265026093	0.0844469070435	0.095447063446	0.103671073914	0.0824398994446	0.105688095093	0.113970994949	0.0849189758301	0.0626289844513	0.101721048355	0.0843410491943	0.0775210857391	0.0848550796509	0.0814819335938	0.0857748985291	0.0902500152588	0.0990052223206	0.0891752243042	0.0925889015198	0.0811791419983	0.0713410377502	0.0972509384155	0.110800981522	0.0888681411743	0.0992829799652	
['./treeMaker/main', '-m', '-b']
0.09681391716	0.0909080505371	0.0731470584869	0.0813009738922	0.0793499946594	0.0920648574829	0.0908219814301	0.0960330963135	0.101933002472	0.0890901088715	0.0853958129883	0.0787589550018	0.0772759914398	0.108829975128	0.132271051407	0.0931861400604	0.0834169387817	0.108042001724	0.0966579914093	0.0946979522705	0.0827589035034	0.143939971924	0.108055830002	0.107739925385	0.0844128131866	0.0974931716919	0.102725028992	0.103666067123	0.106784820557	0.0886430740356	0.116190910339	0.12207698822	0.0843150615692	0.0625989437103	0.107182025909	0.0862131118774	0.0936810970306	0.0904269218445	0.0861740112305	0.074786901474	0.0955150127411	0.0927751064301	0.0940160751343	0.0951449871063	0.0859980583191	0.0839748382568	0.0848338603973	0.118315935135	0.0970499515533	0.110518932343	
['./treeMaker/main', '-m', '-w', '1']
0.0853199958801	0.0981228351593	0.0692479610443	0.0771391391754	0.0752170085907	0.0982940196991	0.0866861343384	0.0903990268707	0.0981810092926	0.0866348743439	0.0827808380127	0.0765240192413	0.0752708911896	0.0910651683807	0.11886382103	0.0914459228516	0.0813348293304	0.10219502449	0.0912919044495	0.0894181728363	0.0941500663757	0.125953912735	0.092554807663	0.108102083206	0.0963690280914	0.0925099849701	0.0861291885376	0.0961170196533	0.106203079224	0.0871179103851	0.110094070435	0.11464715004	0.0829458236694	0.064083814621	0.11914396286	0.0831758975983	0.0763421058655	0.0847470760345	0.0814030170441	0.0713050365448	0.0881190299988	0.0900800228119	0.0998620986938	0.0918619632721	0.0790870189667	0.0756449699402	0.0828490257263	0.101124048233	0.0919411182404	0.101458787918	
['./treeMaker/main', '-m', '-w', '2']
0.0920159816742	0.0942649841309	0.071634054184	0.0788660049438	0.0759420394897	0.0875060558319	0.0862848758698	0.0908029079437	0.0986950397491	0.0873110294342	0.0836470127106	0.0803990364075	0.0753028392792	0.0947329998016	0.12334394455	0.0898690223694	0.0825340747833	0.105342149734	0.0939540863037	0.0931150913239	0.081668138504	0.122298955917	0.0890989303589	0.116595983505	0.0877101421356	0.109237909317	0.088033914566	0.110874176025	0.102905035019	0.097776889801	0.111088991165	0.118624925613	0.0830368995667	0.0616939067841	0.104168891907	0.0847618579865	0.0786008834839	0.0874440670013	0.0837080478668	0.0861070156097	0.09108710289	0.0909850597382	0.0943989753723	0.0921380519867	0.0850660800934	0.0872390270233	0.0888299942017	0.109311819077	0.105618000031	0.111212968826	
['./treeMaker/main', '-m', '-c', '1']
0.0925209522247	0.0849220752716	0.0696408748627	0.0766780376434	0.0891058444977	0.0854640007019	0.0842049121857	0.0894758701324	0.110985040665	0.0854430198669	0.0954048633575	0.0762870311737	0.0882430076599	0.0906021595001	0.135779857635	0.0894060134888	0.0806429386139	0.10724401474	0.0913600921631	0.0892889499664	0.0789868831635	0.133851051331	0.0903458595276	0.102458000183	0.0808839797974	0.0912189483643	0.0877261161804	0.0972650051117	0.104143857956	0.0839819908142	0.109402894974	0.11656999588	0.093544960022	0.0596899986267	0.100265026093	0.0813088417053	0.0747318267822	0.0823149681091	0.0830709934235	0.0770080089569	0.0874261856079	0.0873820781708	0.0880129337311	0.0867009162903	0.0932879447937	0.0726230144501	0.0828859806061	0.103339910507	0.0897600650787	0.0989370346069	
['./treeMaker/main', '-m', '-c', '2']
0.0857450962067	0.0827779769897	0.0727050304413	0.0866661071777	0.0729079246521	0.0894989967346	0.0855820178986	0.0904479026794	0.0976350307465	0.0839941501617	0.0803139209747	0.0788819789886	0.0858421325684	0.0915620326996	0.119395017624	0.0868511199951	0.0782330036163	0.104863882065	0.0935199260712	0.0921950340271	0.080883026123	0.125029087067	0.0910680294037	0.103389978409	0.0798301696777	0.0942049026489	0.0872530937195	0.104262113571	0.10564994812	0.0834510326385	0.106379032135	0.113682985306	0.0824019908905	0.0624449253082	0.11320400238	0.0833239555359	0.074070930481	0.0982329845428	0.0827858448029	0.0713539123535	0.0889041423798	0.0890998840332	0.0896971225739	0.0930321216583	0.0810160636902	0.0710828304291	0.0859282016754	0.114080905914	0.0910940170288	0.10754108429	
['./treeMaker/main', '-m', '-a', '1']
0.11318397522	0.0932369232178	0.0770919322968	0.0816910266876	0.0969958305359	0.0946290493011	0.100744962692	0.0967581272125	0.108951091766	0.0974650382996	0.0932769775391	0.0865740776062	0.0837199687958	0.102453947067	0.13156914711	0.0968310832977	0.088613986969	0.112148046494	0.101645946503	0.0996179580688	0.10308098793	0.130228996277	0.108505010605	0.112869024277	0.0881609916687	0.0996680259705	0.0924170017242	0.105329990387	0.111433982849	0.092141866684	0.113919019699	0.119827985764	0.0878348350525	0.0675439834595	0.112111091614	0.10467004776	0.0857021808624	0.0994110107422	0.0895578861237	0.0793280601501	0.094712972641	0.0951550006866	0.0959851741791	0.0964739322662	0.0888080596924	0.0789749622345	0.0924639701843	0.107609033585	0.0963580608368	0.109818935394	
['./treeMaker/main', '-m', '-a', '2']
0.0889611244202	0.0854110717773	0.0675239562988	0.079913854599	0.0757131576538	0.0889890193939	0.0860579013824	0.0901880264282	0.0964119434357	0.0891888141632	0.0848379135132	0.0796768665314	0.072546005249	0.0914390087128	0.118556976318	0.0863969326019	0.0951890945435	0.104338884354	0.0936431884766	0.0919690132141	0.0815660953522	0.133991956711	0.0889620780945	0.105267047882	0.0840032100677	0.0937469005585	0.0866551399231	0.094829082489	0.106195211411	0.0952200889587	0.106117963791	0.113646030426	0.0803470611572	0.0599179267883	0.100760936737	0.0812799930573	0.0872099399567	0.085657119751	0.0818331241608	0.0838248729706	0.0875039100647	0.0888199806213	0.0885708332062	0.0925199985504	0.0813870429993	0.0726850032806	0.0814118385315	0.100733995438	0.0921761989594	0.0998170375824	
