25_1000_4.9e-10_4.9e-10_48000000
25
1000
4.9e-10
4.9e-10
48000000

['./treeMaker/main']
0.418148994446	0.73868393898	0.451839923859	0.848854064941	0.944034099579	0.336545944214	0.339138031006	0.228720903397	0.429793119431	0.319765090942	0.388773202896	0.406455993652	0.441044092178	0.682280063629	0.364697933197	0.719100952148	0.606640815735	0.453834056854	0.241796970367	1.68076300621	0.421599149704	0.353524923325	0.192676067352	0.386981964111	1.26568412781	1.30197715759	0.565804004669	0.541341781616	0.31427693367	0.225620985031	0.218827962875	0.299913883209	0.341600894928	0.567815065384	0.139335155487	0.295588970184	0.369945049286	0.335999011993	1.15225791931	0.265898942947	0.326276063919	0.57710814476	0.262489080429	1.04355311394	0.181005001068	1.17533183098	0.420440912247	0.394300937653	0.668048143387	0.715658187866	
['./treeMaker/main', '-b']
0.424273967743	0.757988929749	0.467000961304	0.814615011215	0.933673858643	0.347919940948	0.341074943542	0.220191955566	0.423325777054	0.313188076019	0.377496004105	0.426081180573	0.439129114151	0.650770902634	0.359688997269	0.717560052872	0.622421979904	0.468636989594	0.254550933838	1.64891290665	0.42218208313	0.365833044052	0.202785968781	0.39285492897	1.28936505318	1.29392004013	0.560631036758	0.547553062439	0.323815822601	0.234030008316	0.212197065353	0.313897132874	0.357791185379	0.588723897934	0.141789913177	0.299011945724	0.372189998627	0.316424131393	1.16288805008	0.245113134384	0.323562860489	0.609775066376	0.249200105667	1.07077908516	0.175103902817	1.1996319294	0.438891172409	0.397382974625	0.657397985458	0.714286088943	
['./treeMaker/main', '-u']
0.420768976212	0.710035800934	0.434933900833	0.84526014328	0.969824075699	0.332823991776	0.318965911865	0.223052978516	0.411903858185	0.308376789093	0.385324954987	0.410140991211	0.448870182037	0.659720182419	0.351706027985	0.700338840485	0.633234024048	0.456595897675	0.235049009323	1.58448719978	0.413177967072	0.345392942429	0.195858001709	0.404309034348	1.23055291176	1.28118491173	0.542068004608	0.550863981247	0.325556993484	0.226565122604	0.221607923508	0.309159994125	0.355615139008	0.583729028702	0.147791862488	0.290693998337	0.372143030167	0.333647966385	1.14620900154	0.257977962494	0.323734998703	0.585604906082	0.249141216278	1.00968408585	0.186769008636	1.21411991119	0.421602964401	0.399134874344	0.661896944046	0.732297897339	
['./treeMaker/main', '-t', '-r', '1']
2.43940401077	3.28045606613	2.44274997711	3.49115610123	3.7164170742	2.10090589523	2.04072999954	1.67916512489	2.43634080887	1.95852899551	2.31242179871	2.34534978867	2.45629906654	3.15416193008	2.14471197128	3.16384792328	2.98088002205	2.47348618507	1.74414300919	5.21269702911	2.33067178726	1.99288392067	1.44519805908	2.31014299393	4.22278690338	4.18249392509	2.75470495224	2.9999089241	1.94304895401	1.71196603775	1.49910402298	1.98124694824	2.14017796516	2.83059310913	1.2099878788	1.88452315331	2.20746183395	2.03042507172	4.23492407799	1.69773507118	1.97247719765	2.94470596313	1.77216601372	3.83939409256	1.33210897446	4.26332902908	2.43057203293	2.44769287109	3.10730695724	3.21972703934	
['./treeMaker/main', '-t', '-r', '2']
3.65563297272	4.62119913101	3.67502307892	5.11384892464	5.47090315819	3.17260503769	2.97597098351	2.20142793655	3.63462090492	2.81957602501	3.19490098953	3.29604005814	3.48996686935	4.52268886566	3.18964505196	4.61742401123	4.50141596794	3.80469202995	2.37242412567	7.59100604057	3.47524785995	3.46783399582	1.99838781357	3.54791498184	6.28461003304	6.69258213043	4.06722712517	3.98443889618	3.16078305244	2.25004506111	2.37701296806	2.77839112282	3.02331995964	4.10443997383	1.66739201546	2.6272649765	3.10665202141	2.94105815887	5.99606800079	2.48856496811	3.0233130455	3.93937206268	2.47910499573	5.7750890255	1.98197484016	5.96606588364	3.54576897621	3.39239811897	4.50665998459	4.54976701736	
['./treeMaker/main', '-t', '-r', '1', '-N']
2.43270206451	3.35136699677	2.40792798996	3.4900829792	3.74719500542	2.06658792496	1.98018598557	1.63730978966	2.36840510368	1.93458986282	2.21303510666	2.49606108665	2.44539523125	3.136302948	2.174077034	3.13139104843	2.97103500366	2.41517305374	1.75546097755	5.30159401894	2.22873306274	1.9937069416	1.45290398598	2.28281497955	4.14132905006	4.12781596184	2.76293587685	2.99498510361	1.97082710266	1.64721989632	1.46752810478	1.98215103149	2.14473700523	2.78424811363	1.1541030407	1.84298396111	2.17780017853	2.02471089363	4.24257087708	1.66607117653	1.94991087914	3.01748299599	1.74523878098	3.89076185226	1.29285311699	4.24016809464	2.42184710503	2.43708992004	3.00247597694	3.21961116791	
['./treeMaker/main', '-t', '-r', '2', '-N']
3.49383187294	4.65531611443	3.71930789948	5.16041588783	5.48066496849	3.15943002701	2.97643709183	2.27012705803	3.65053987503	2.83427095413	3.16263699532	3.34136295319	3.45359516144	4.5454788208	3.23857784271	4.57254600525	4.54693603516	3.75086784363	2.42942619324	7.53694701195	3.48511219025	3.424077034	1.99618792534	3.52616810799	6.25537204742	6.69061398506	4.07182121277	3.98318004608	3.15884995461	2.30516600609	2.42866301537	2.78170609474	3.04884696007	4.17264604568	1.64546704292	2.60030698776	3.13648104668	2.92407894135	6.05981111526	2.49000000954	3.05664587021	3.95612502098	2.50359606743	5.87916493416	1.94335079193	5.94997811317	3.56493401527	3.35739994049	4.51979398727	4.5857758522	
['./treeMaker/main', '-m']
0.0926899909973	0.101176023483	0.0884289741516	0.111472845078	0.11580991745	0.0849809646606	0.0839838981628	0.0681920051575	0.0881741046906	0.0796511173248	0.0909190177917	0.0890169143677	0.0873031616211	0.105478048325	0.0853941440582	0.102432012558	0.10230588913	0.0943839550018	0.0748989582062	0.132843017578	0.0868351459503	0.0855560302734	0.0674021244049	0.0863637924194	0.120676994324	0.127217054367	0.0941109657288	0.0917088985443	0.085196018219	0.0736110210419	0.0757479667664	0.0794408321381	0.0920369625092	0.11047911644	0.0617589950562	0.0801830291748	0.0841009616852	0.0842678546906	0.121775150299	0.0776309967041	0.0841720104218	0.0958869457245	0.0739159584045	0.11511516571	0.0676460266113	0.122778892517	0.0892200469971	0.0878291130066	0.103657007217	0.106055021286	
['./treeMaker/main', '-m', '-b']
0.0890638828278	0.107917070389	0.0939199924469	0.131675004959	0.125240087509	0.0863420963287	0.0873248577118	0.0729041099548	0.103594064713	0.0836861133575	0.0881390571594	0.0974941253662	0.0947949886322	0.118741035461	0.0898010730743	0.109782934189	0.109591960907	0.0978841781616	0.0760540962219	0.159929990768	0.0919079780579	0.0926909446716	0.0715980529785	0.0963051319122	0.13120508194	0.137079000473	0.115919828415	0.101516962051	0.0915248394012	0.077663898468	0.0750279426575	0.0853540897369	0.0864970684052	0.117993116379	0.0656580924988	0.08198595047	0.0863289833069	0.0867760181427	0.126023769379	0.0941588878632	0.08948802948	0.102216959	0.0792019367218	0.127362966537	0.0710499286652	0.132076978683	0.0950529575348	0.0934171676636	0.110522985458	0.115672111511	
['./treeMaker/main', '-m', '-w', '1']
0.100826978683	0.104736089706	0.106675863266	0.12530207634	0.109900951385	0.0830681324005	0.0813219547272	0.0687420368195	0.0916571617126	0.0813920497894	0.0859789848328	0.0911700725555	0.0898590087891	0.102008104324	0.0847671031952	0.106590986252	0.106966018677	0.0969979763031	0.0787951946259	0.139953136444	0.0897891521454	0.0884609222412	0.069267988205	0.0894050598145	0.119767189026	0.12736415863	0.11316204071	0.104182004929	0.0854430198669	0.0748660564423	0.085070848465	0.0792260169983	0.0973031520844	0.0945999622345	0.0611419677734	0.079952955246	0.083888053894	0.0843019485474	0.116903066635	0.0753600597382	0.0821070671082	0.101326942444	0.0759060382843	0.11776804924	0.067734003067	0.12270116806	0.0890259742737	0.0862529277802	0.100793123245	0.102610826492	
['./treeMaker/main', '-m', '-w', '2']
0.0859010219574	0.102092981339	0.0887758731842	0.108992099762	0.110154867172	0.082878112793	0.0965900421143	0.0734550952911	0.0956568717957	0.086138010025	0.0904450416565	0.109035015106	0.0908410549164	0.102953910828	0.0857560634613	0.113056898117	0.108199119568	0.0930728912354	0.0746140480042	0.139309167862	0.087042093277	0.0872001647949	0.0697259902954	0.103749036789	0.124653816223	0.13356590271	0.100049972534	0.0969529151917	0.0921199321747	0.0766999721527	0.0776748657227	0.0830838680267	0.0895109176636	0.100503921509	0.0640292167664	0.083065032959	0.0874469280243	0.0884399414062	0.124895811081	0.0747880935669	0.082300901413	0.098198890686	0.0750880241394	0.121527910233	0.0685319900513	0.124549150467	0.0922431945801	0.100343942642	0.104202985764	0.110728979111	
['./treeMaker/main', '-m', '-c', '1']
0.0881690979004	0.1037940979	0.0912411212921	0.111220121384	0.127611160278	0.0818660259247	0.0821499824524	0.0694348812103	0.0881111621857	0.0933399200439	0.0856568813324	0.0919301509857	0.0901138782501	0.102090120316	0.0816631317139	0.103610038757	0.102465867996	0.0903520584106	0.0721888542175	0.140115976334	0.0961649417877	0.0869178771973	0.0859940052032	0.0894339084625	0.125133037567	0.132104873657	0.0936210155487	0.0942487716675	0.086051940918	0.0739438533783	0.0735919475555	0.0793960094452	0.0810689926147	0.0945868492126	0.0599858760834	0.0775249004364	0.0974609851837	0.0849330425262	0.123903036118	0.08136510849	0.0869560241699	0.107001781464	0.0761868953705	0.119521856308	0.0706729888916	0.122895002365	0.0880439281464	0.090912103653	0.11955499649	0.105135917664	
['./treeMaker/main', '-m', '-c', '2']
0.0870587825775	0.103532075882	0.0908801555634	0.11150097847	0.113380908966	0.0820169448853	0.0814909934998	0.073333978653	0.0905029773712	0.081668138504	0.0854730606079	0.0915789604187	0.0901110172272	0.102291107178	0.0846140384674	0.107137918472	0.106543064117	0.0908198356628	0.0716469287872	0.13308596611	0.0867519378662	0.0860800743103	0.0704011917114	0.0889480113983	0.127629995346	0.131327867508	0.0974929332733	0.0930271148682	0.085244178772	0.0865030288696	0.0730178356171	0.0792021751404	0.0961878299713	0.0946910381317	0.0606989860535	0.0793240070343	0.0837581157684	0.0849649906158	0.117144823074	0.0755839347839	0.0820200443268	0.0967562198639	0.0741238594055	0.127714157104	0.0697491168976	0.118415117264	0.0868301391602	0.0860979557037	0.0998108386993	0.102784156799	
['./treeMaker/main', '-m', '-a', '1']
0.107612133026	0.123675107956	0.0962247848511	0.115453958511	0.122944116592	0.0924949645996	0.0913710594177	0.088182926178	0.0974359512329	0.092001914978	0.10546207428	0.10834312439	0.0967109203339	0.104420185089	0.092041015625	0.111009836197	0.117851018906	0.101677894592	0.0776970386505	0.144801855087	0.0950150489807	0.093227148056	0.0906701087952	0.102205991745	0.133198976517	0.140268087387	0.105820178986	0.103528022766	0.0949771404266	0.0824971199036	0.0974819660187	0.0892210006714	0.0886700153351	0.102027177811	0.068498134613	0.0870349407196	0.0904979705811	0.0924780368805	0.127768993378	0.0853939056396	0.0922510623932	0.102375984192	0.0813310146332	0.119957208633	0.0803039073944	0.12957406044	0.0916321277618	0.0924348831177	0.106800079346	0.108659982681	
['./treeMaker/main', '-m', '-a', '2']
0.0852189064026	0.103213071823	0.100374937057	0.115453958511	0.112149000168	0.100762844086	0.0836699008942	0.070986032486	0.0921499729156	0.083554983139	0.0862581729889	0.100082159042	0.0912089347839	0.104906082153	0.0831248760223	0.105249881744	0.105606079102	0.0929570198059	0.0740489959717	0.13349199295	0.0891051292419	0.0871789455414	0.0715610980988	0.0880432128906	0.122526884079	0.134566068649	0.0954918861389	0.106438875198	0.0859379768372	0.0735077857971	0.0732359886169	0.0817670822144	0.0924210548401	0.113629817963	0.0623390674591	0.0767998695374	0.0931842327118	0.0842640399933	0.122102975845	0.0772619247437	0.0923459529877	0.098895072937	0.0784080028534	0.119549036026	0.0837109088898	0.122361898422	0.0969550609589	0.0908718109131	0.116015911102	0.113842010498	
