25_1000_5.2e-11_5.2e-12_470000000
25
1000
5.2e-11
5.2e-12
470000000

['./treeMaker/main']
0.069874048233	0.0593109130859	0.0818951129913	0.0661239624023	0.0722270011902	0.0652341842651	0.0652101039886	0.0626130104065	0.0626759529114	0.0672459602356	0.0661351680756	0.0819780826569	0.0988750457764	0.0712687969208	0.0668239593506	0.06720495224	0.0780611038208	0.0716009140015	0.0847678184509	0.07053399086	0.0734248161316	0.0595910549164	0.0717179775238	0.0642349720001	0.0635480880737	0.0566968917847	0.0636370182037	0.0599820613861	0.0574729442596	0.0734579563141	0.0989398956299	0.0703971385956	0.0786650180817	0.0694000720978	0.0671691894531	0.0781490802765	0.0618760585785	0.0718629360199	0.0731298923492	0.0595588684082	0.0628597736359	0.0564510822296	0.0602719783783	0.0695950984955	0.0943291187286	0.0609610080719	0.0840418338776	0.0666921138763	0.0665390491486	0.0687050819397	
['./treeMaker/main', '-b']
0.0686428546906	0.0622811317444	0.0799992084503	0.0630729198456	0.0676040649414	0.0637428760529	0.0636470317841	0.0636329650879	0.0631759166718	0.0683698654175	0.0675230026245	0.0698800086975	0.0980310440063	0.0768020153046	0.0702939033508	0.0672378540039	0.0664038658142	0.0714819431305	0.0716650485992	0.073282957077	0.0756239891052	0.0612859725952	0.0702049732208	0.062971830368	0.0675580501556	0.0571348667145	0.064502954483	0.0603978633881	0.0580649375916	0.0740849971771	0.10081076622	0.068274974823	0.0904099941254	0.0688948631287	0.068253993988	0.0803439617157	0.0634918212891	0.0735681056976	0.0621061325073	0.0627419948578	0.0659680366516	0.0589089393616	0.062432050705	0.0727279186249	0.0983099937439	0.0586791038513	0.0772891044617	0.0775408744812	0.0590300559998	0.0677990913391	
['./treeMaker/main', '-u']
0.0675361156464	0.0581510066986	0.0937120914459	0.0647530555725	0.0692329406738	0.0661308765411	0.0658631324768	0.0744190216064	0.0636661052704	0.0706608295441	0.070384979248	0.072126865387	0.0988669395447	0.0716621875763	0.0678069591522	0.0738101005554	0.0684421062469	0.073301076889	0.0746579170227	0.0751278400421	0.077535867691	0.0620090961456	0.074679851532	0.0672309398651	0.0661289691925	0.0597062110901	0.066642999649	0.0609090328217	0.0602469444275	0.0779669284821	0.112206935883	0.0723738670349	0.0804870128632	0.0733661651611	0.0708820819855	0.0760979652405	0.0611441135406	0.0723128318787	0.0633189678192	0.0614960193634	0.0642559528351	0.0570330619812	0.06094789505	0.0710740089417	0.0975410938263	0.0612659454346	0.0768980979919	0.0792701244354	0.0651528835297	0.0739741325378	
['./treeMaker/main', '-t', '-r', '1']
0.626132965088	0.51756811142	0.704999923706	0.545992136002	0.601112127304	0.571833848953	0.564187049866	0.561818122864	0.563189029694	0.592278003693	0.603125095367	0.619573116302	0.89448595047	0.633154153824	0.597688913345	0.572999000549	0.560964107513	0.590687036514	0.609395980835	0.631613016129	0.622200965881	0.494932889938	0.650522947311	0.564343929291	0.524696111679	0.482157945633	0.531864881516	0.486230134964	0.470530986786	0.603826999664	0.806669950485	0.604084968567	0.704773187637	0.604915857315	0.588104009628	0.651942968369	0.506958007812	0.626605033875	0.536689996719	0.547642946243	0.587619781494	0.513067007065	0.527859926224	0.626872062683	0.699186086655	0.496678829193	0.648499011993	0.542260885239	0.50109910965	0.593325138092	
['./treeMaker/main', '-t', '-r', '2']
0.735199928284	0.626662015915	0.920350074768	0.698261976242	0.759324073792	0.709526062012	0.717685937881	0.675345897675	0.72238111496	0.769732952118	0.75030207634	0.756899833679	1.06577396393	0.809470891953	0.721042156219	0.734601974487	0.753716945648	0.753670930862	0.826375007629	0.789917945862	0.823780059814	0.629394054413	0.761957168579	0.691104888916	0.649775028229	0.599593877792	0.659622907639	0.633859872818	0.60436296463	0.8322930336	1.10646915436	0.76371884346	0.873746156693	0.719254970551	0.755631923676	0.854285955429	0.678412914276	0.769441127777	0.644972085953	0.680948019028	0.732977151871	0.59183716774	0.65016078949	0.813242912292	0.928064823151	0.659358024597	0.832077026367	0.707535028458	0.635239124298	0.769805908203	
['./treeMaker/main', '-t', '-r', '1', '-N']
0.60018992424	0.502794027328	0.704871177673	0.559290885925	0.601808071136	0.580231904984	0.554658889771	0.549262046814	0.548928022385	0.586739778519	0.588027954102	0.588891029358	0.889195919037	0.615411043167	0.562762022018	0.535308122635	0.559772014618	0.612090826035	0.640137910843	0.64515709877	0.62588095665	0.482054948807	0.605148792267	0.532586812973	0.520884990692	0.460709095001	0.53145813942	0.502705097198	0.500663995743	0.628022909164	0.826714992523	0.601363897324	0.666985034943	0.566532850266	0.598077058792	0.650165081024	0.508581876755	0.606061935425	0.535472154617	0.543570041656	0.575611829758	0.513447999954	0.533628940582	0.618460178375	0.729223012924	0.498596906662	0.662908792496	0.54144692421	0.512156963348	0.575777053833	
['./treeMaker/main', '-t', '-r', '2', '-N']
0.71609210968	0.637185811996	0.886569023132	0.659765005112	0.75877904892	0.716471910477	0.673350811005	0.675603866577	0.695247888565	0.738846063614	0.767985105515	0.755429983139	1.06306600571	0.76319694519	0.724380016327	0.699385881424	0.758677005768	0.762594938278	0.803480863571	0.757564067841	0.808302164078	0.620931863785	0.768290042877	0.698143005371	0.686486005783	0.598252058029	0.688101053238	0.601535797119	0.579750061035	0.793097019196	1.04788994789	0.786003112793	0.872977972031	0.746121883392	0.752269029617	0.872069120407	0.640510082245	0.796136140823	0.660341024399	0.68538403511	0.749600887299	0.579753875732	0.6717710495	0.826148033142	0.888394117355	0.623113870621	0.864161968231	0.724180221558	0.656887054443	0.77699303627	
['./treeMaker/main', '-m']
0.0668299198151	0.0512869358063	0.0592160224915	0.0536301136017	0.0557610988617	0.0538280010223	0.0631952285767	0.0540480613708	0.0514838695526	0.0534901618958	0.0531527996063	0.0529570579529	0.0612821578979	0.0560970306396	0.0511779785156	0.0512778759003	0.0545358657837	0.0532791614532	0.0553979873657	0.0543351173401	0.0560719966888	0.0499742031097	0.0523369312286	0.0538468360901	0.0498571395874	0.0485961437225	0.0502898693085	0.0644750595093	0.0517041683197	0.0595691204071	0.0657541751862	0.052992105484	0.0570471286774	0.0523681640625	0.0500490665436	0.0532729625702	0.047749042511	0.0517039299011	0.0481729507446	0.0482590198517	0.0517141819	0.0486779212952	0.0502150058746	0.0536651611328	0.0574209690094	0.0497150421143	0.0553169250488	0.0523641109467	0.047945022583	0.0506229400635	
['./treeMaker/main', '-m', '-b']
0.054811000824	0.0500919818878	0.0582890510559	0.0519831180573	0.0535359382629	0.0519549846649	0.0517771244049	0.0518248081207	0.0523841381073	0.054016828537	0.0540080070496	0.0534179210663	0.0631618499756	0.0575339794159	0.0547988414764	0.0522320270538	0.0519869327545	0.0560240745544	0.0559258460999	0.0557079315186	0.0555069446564	0.0504260063171	0.066281080246	0.0543208122253	0.0543868541718	0.057028055191	0.0518231391907	0.049174785614	0.0512080192566	0.0565280914307	0.0649170875549	0.0530459880829	0.0581529140472	0.0550541877747	0.052502155304	0.0565810203552	0.050626039505	0.0548589229584	0.0508780479431	0.0510988235474	0.0536270141602	0.0607368946075	0.0493819713593	0.0525228977203	0.0568721294403	0.0481131076813	0.0537588596344	0.0506122112274	0.04865193367	0.051276922226	
['./treeMaker/main', '-m', '-w', '1']
0.0511422157288	0.0475878715515	0.0541799068451	0.0492079257965	0.0523920059204	0.0511469841003	0.0502820014954	0.0561108589172	0.0533709526062	0.0545878410339	0.0580668449402	0.0544159412384	0.0641911029816	0.065055847168	0.0537149906158	0.0500340461731	0.0627629756927	0.0544521808624	0.0554478168488	0.0526781082153	0.058571100235	0.0521020889282	0.0634429454803	0.0521790981293	0.0518379211426	0.0486879348755	0.0557341575623	0.0519030094147	0.0515291690826	0.0557420253754	0.0642530918121	0.0549139976501	0.0538809299469	0.0504019260406	0.0500519275665	0.0535871982574	0.0623068809509	0.0592749118805	0.0534641742706	0.0530340671539	0.0551950931549	0.0524389743805	0.0538051128387	0.0559248924255	0.0578019618988	0.0497901439667	0.0570750236511	0.0563540458679	0.0550539493561	0.0546679496765	
['./treeMaker/main', '-m', '-w', '2']
0.0699751377106	0.047828912735	0.0548348426819	0.0498139858246	0.0511569976807	0.0497381687164	0.0495030879974	0.0519089698792	0.049782037735	0.0512819290161	0.0509819984436	0.0675048828125	0.0670537948608	0.05531001091	0.0546081066132	0.0540289878845	0.054582118988	0.0564780235291	0.0569138526917	0.0558412075043	0.0547180175781	0.0626499652863	0.051470041275	0.0496339797974	0.0494768619537	0.0463981628418	0.049103975296	0.0481960773468	0.0471031665802	0.0563049316406	0.0734210014343	0.056009054184	0.0585548877716	0.0573229789734	0.0536329746246	0.0564949512482	0.0507831573486	0.0546848773956	0.0507719516754	0.0496678352356	0.0562641620636	0.0523920059204	0.0624089241028	0.0516700744629	0.0556910037994	0.0545320510864	0.073478937149	0.050304889679	0.048810005188	0.0513479709625	
['./treeMaker/main', '-m', '-c', '1']
0.0519261360168	0.057914018631	0.0557570457458	0.0496032238007	0.0500431060791	0.0489108562469	0.0496551990509	0.0495240688324	0.0495538711548	0.0512278079987	0.0510580539703	0.0507469177246	0.0609049797058	0.0518901348114	0.049546957016	0.0496780872345	0.0508399009705	0.0515718460083	0.0525908470154	0.0522530078888	0.0520370006561	0.0586090087891	0.0557289123535	0.0646929740906	0.0564661026001	0.0519330501556	0.0548810958862	0.0548090934753	0.0540778636932	0.0593020915985	0.0588700771332	0.051078081131	0.0599131584167	0.054251909256	0.0545370578766	0.0656080245972	0.0514900684357	0.0551600456238	0.0502009391785	0.0529990196228	0.0618138313293	0.0533211231232	0.0562360286713	0.0548379421234	0.0591940879822	0.05087018013	0.0561029911041	0.0562839508057	0.0536417961121	0.0517930984497	
['./treeMaker/main', '-m', '-c', '2']
0.0547668933868	0.0494148731232	0.0578889846802	0.0522699356079	0.0539591312408	0.0509660243988	0.0528471469879	0.0631220340729	0.0526919364929	0.0572390556335	0.0548138618469	0.0553789138794	0.0631229877472	0.06422996521	0.050243139267	0.0515050888062	0.0538959503174	0.056104183197	0.0562989711761	0.0555078983307	0.0545408725739	0.0514931678772	0.0542109012604	0.054141998291	0.0521981716156	0.0474450588226	0.0610771179199	0.0546581745148	0.0504059791565	0.0555279254913	0.0641000270844	0.0558009147644	0.0569348335266	0.0502359867096	0.0496408939362	0.0530188083649	0.0473539829254	0.0512180328369	0.0489377975464	0.0489139556885	0.0504360198975	0.0507769584656	0.053386926651	0.056009054184	0.0590710639954	0.0551738739014	0.0563609600067	0.0540089607239	0.0521240234375	0.0555059909821	
['./treeMaker/main', '-m', '-a', '1']
0.0714271068573	0.0642359256744	0.0692269802094	0.0647759437561	0.0666790008545	0.0695650577545	0.0670540332794	0.0666799545288	0.0673780441284	0.0688059329987	0.0685141086578	0.079931974411	0.0738661289215	0.0691571235657	0.067351102829	0.0670070648193	0.0683190822601	0.0796520709991	0.0696799755096	0.0692081451416	0.0681400299072	0.0652542114258	0.0727770328522	0.0822179317474	0.0637938976288	0.0610549449921	0.0660870075226	0.0652329921722	0.0646629333496	0.0663850307465	0.0743720531464	0.0687530040741	0.071270942688	0.0651760101318	0.0648639202118	0.0701489448547	0.0663108825684	0.0664088726044	0.0674841403961	0.0656378269196	0.0679659843445	0.0640649795532	0.0638852119446	0.0672299861908	0.0725140571594	0.0753648281097	0.072252035141	0.0691630840302	0.0656418800354	0.0683867931366	
['./treeMaker/main', '-m', '-a', '2']
0.054358959198	0.0476031303406	0.0566990375519	0.0511419773102	0.0558710098267	0.0643169879913	0.0544691085815	0.0531330108643	0.0648369789124	0.0555808544159	0.0657429695129	0.0541439056396	0.0637619495392	0.0539889335632	0.0516901016235	0.051148891449	0.0522060394287	0.0532100200653	0.0540449619293	0.0535650253296	0.0539519786835	0.0487680435181	0.054790019989	0.0524520874023	0.0522320270538	0.0489718914032	0.0518329143524	0.0508501529694	0.049859046936	0.0554320812225	0.0634379386902	0.0541591644287	0.0536088943481	0.0517840385437	0.0502932071686	0.053699016571	0.048712015152	0.0520749092102	0.048840045929	0.0492551326752	0.0506870746613	0.0473020076752	0.0490159988403	0.0560531616211	0.070259809494	0.0475900173187	0.0527119636536	0.0496730804443	0.0502660274506	0.0530889034271	
