25_1000_4.9e-10_4.9e-10_470000000_cut_1
25
1000
4.9e-10
4.9e-10
470000000
cut_1
['./treeMaker/main']
0.110980987549	0.223245859146	0.256047010422	0.125914096832	0.154677867889	0.105923175812	0.159371852875	0.177929162979	0.163545846939	0.141205787659	0.132222175598	0.179988145828	0.145343065262	0.127721071243	0.121276140213	0.0971219539642	0.215806007385	0.438261032104	0.130120038986	0.113831043243	0.135501861572	0.109338998795	0.176198959351	0.281886100769	0.262576818466	0.107285022736	0.202520132065	0.126667976379	0.0847730636597	0.0955920219421	0.350831985474	0.153464078903	1.49615478516	0.14186000824	0.0524079799652	0.198179006577	0.139633178711	0.129211902618	0.104057073593	0.295549154282	0.122586965561	0.200726032257	1.06990194321	0.116739034653	0.195965051651	0.125284910202	0.0424530506134	0.0916659832001	0.0937020778656	0.614389181137	
['./treeMaker/main', '-b']
0.114559173584	0.230108976364	0.266722917557	0.14227604866	0.152611970901	0.111175060272	0.167176961899	0.181968927383	0.179380893707	0.137305021286	0.130079030991	0.163608789444	0.168380022049	0.130507946014	0.133198022842	0.104471921921	0.202836990356	0.445847034454	0.149391174316	0.115285158157	0.14416885376	0.127712011337	0.200600862503	0.284228086472	0.264996051788	0.110371112823	0.198220968246	0.147013902664	0.0866289138794	0.098149061203	0.383243083954	0.153942108154	1.47423887253	0.143185138702	0.0560550689697	0.221698045731	0.147032976151	0.133949995041	0.105908155441	0.299890041351	0.12012386322	0.199301958084	1.06652283669	0.107851982117	0.215534925461	0.119235038757	0.043356180191	0.0939309597015	0.0954539775848	0.605035066605	
['./treeMaker/main', '-u']
0.12602186203	0.231130123138	0.24555182457	0.127946853638	0.155117988586	0.110852956772	0.164231061935	0.186835050583	0.183067083359	0.14218211174	0.134047031403	0.176830053329	0.167127847672	0.133711099625	0.126590013504	0.100914955139	0.205997943878	0.45058298111	0.137821912766	0.131629943848	0.141891002655	0.113388061523	0.184208154678	0.291738033295	0.265706062317	0.10830783844	0.210493087769	0.125787973404	0.0849578380585	0.0996890068054	0.364521980286	0.167793989182	1.47790884972	0.14866399765	0.053318977356	0.198369979858	0.140534162521	0.151644945145	0.119343042374	0.307575941086	0.120275020599	0.183305025101	1.0742650032	0.106896877289	0.206638097763	0.11355304718	0.0423531532288	0.0899479389191	0.104260921478	0.620513916016	
['./treeMaker/main', '-t', '-r', '1']
1.10031890869	1.83711099625	1.85368895531	1.14330601692	1.35314083099	1.09503698349	1.5248401165	1.5691421032	1.46194195747	1.36449694633	1.26589202881	1.39364004135	1.38049197197	1.19801211357	1.23993992805	0.998510837555	1.71032094955	2.49796581268	1.21880483627	1.06018614769	1.33598303795	1.15670990944	1.58654618263	2.13516306877	1.95275998116	1.0716881752	1.69206094742	1.29427504539	0.91276884079	1.02227306366	2.45902204514	1.43638586998	5.21525096893	1.33051800728	0.587541818619	1.72855997086	1.3064699173	1.31913805008	1.10275006294	2.1017780304	1.10683202744	1.55745315552	4.01791810989	0.979681968689	1.77097010612	1.09612798691	0.472307920456	0.965980052948	0.955469846725	3.11291599274	
['./treeMaker/main', '-t', '-r', '2']
1.63521003723	2.72094297409	2.98449993134	1.81181097031	2.05711698532	1.58461499214	2.20700192451	2.38966989517	2.3592069149	2.00967788696	1.98696994781	2.22001600266	2.252835989	1.94122004509	1.79314994812	1.51405000687	2.60308003426	4.14169692993	1.97683286667	1.70794296265	1.94586992264	1.78637981415	2.28107595444	3.08185601234	2.95664000511	1.73883199692	2.43598794937	1.97509098053	1.32017087936	1.56122708321	3.68917107582	2.05622792244	7.22616481781	1.95337986946	0.876496076584	2.67081999779	2.0066139698	1.92141604424	1.63664197922	3.32963895798	1.75508999825	2.61280798912	6.46166801453	1.42398095131	2.56522297859	1.64311408997	0.676596164703	1.37370204926	1.41986584663	4.82659602165	
['./treeMaker/main', '-t', '-r', '1', '-N']
1.05254411697	1.84968209267	1.85849404335	1.20143508911	1.42977499962	1.06288981438	1.48531198502	1.59826397896	1.45169591904	1.35808086395	1.25008511543	1.43500614166	1.33790898323	1.20813989639	1.24928689003	1.03514194489	1.75961184502	2.51601815224	1.24601888657	1.10999798775	1.33812403679	1.09751296043	1.59218001366	2.10027718544	1.90232801437	1.02989315987	1.62634897232	1.28353500366	0.935764074326	0.971968889236	2.48696899414	1.39785599709	5.21070599556	1.29801797867	0.602284908295	1.75893211365	1.309871912	1.27133989334	1.10444903374	2.1847641468	1.12531495094	1.60538983345	4.01242303848	0.966014146805	1.73347115517	1.08442306519	0.450913906097	0.978404998779	0.966690063477	3.04695916176	
['./treeMaker/main', '-t', '-r', '2', '-N']
1.58559584618	2.74557304382	3.04479193687	1.82513403893	2.07701516151	1.60218214989	2.13965320587	2.41170501709	2.32757902145	1.99891591072	1.91050410271	2.24191498756	2.28794693947	1.90252518654	1.80732607841	1.45290899277	2.62945890427	4.13017106056	1.90830898285	1.66494011879	1.97903394699	1.81086397171	2.35728907585	3.07773685455	2.95825099945	1.69261312485	2.43016409874	1.96955394745	1.31592798233	1.54069209099	3.60342311859	2.09926605225	7.30444192886	1.92258000374	0.911719083786	2.6611430645	2.02898621559	1.85562300682	1.62305307388	3.36382293701	1.80758619308	2.58716797829	6.32475399971	1.43071913719	2.55512714386	1.64061617851	0.706546783447	1.41856694221	1.4036860466	4.9678940773	
['./treeMaker/main', '-m']
0.0454769134521	0.0626361370087	0.0665638446808	0.048534154892	0.0541191101074	0.0457699298859	0.0542891025543	0.0573320388794	0.0569598674774	0.0501229763031	0.049546957016	0.0520048141479	0.0513849258423	0.0480289459229	0.0462920665741	0.0425391197205	0.0587358474731	0.0799028873444	0.0496511459351	0.0460000038147	0.0639519691467	0.049742937088	0.0567719936371	0.0683469772339	0.0687801837921	0.0443851947784	0.0559389591217	0.0478410720825	0.0389959812164	0.0418949127197	0.0715198516846	0.0514860153198	0.11994600296	0.0499200820923	0.0310101509094	0.0592160224915	0.050183057785	0.048063993454	0.0427901744843	0.0806789398193	0.0463409423828	0.0588691234589	0.111681222916	0.0440979003906	0.0549850463867	0.0452399253845	0.0265967845917	0.039311170578	0.0523648262024	0.0866160392761	
['./treeMaker/main', '-m', '-b']
0.0466990470886	0.0784809589386	0.0700130462646	0.053188085556	0.0572597980499	0.0494689941406	0.0577149391174	0.0615179538727	0.060644865036	0.055242061615	0.0544059276581	0.0590989589691	0.058207988739	0.0529808998108	0.0498089790344	0.0472819805145	0.0648000240326	0.0873720645905	0.0523629188538	0.0508069992065	0.05482006073	0.0494759082794	0.0638871192932	0.0712420940399	0.0694110393524	0.0488169193268	0.0645480155945	0.0529851913452	0.0429520606995	0.0449919700623	0.0791079998016	0.0546689033508	0.130625963211	0.0558421611786	0.0343129634857	0.0737879276276	0.0578808784485	0.0534739494324	0.0488510131836	0.076229095459	0.0545899868011	0.0641679763794	0.125550031662	0.0507159233093	0.0646851062775	0.0525231361389	0.0304100513458	0.0457580089569	0.0475342273712	0.099277973175	
['./treeMaker/main', '-m', '-w', '1']
0.0472431182861	0.0642240047455	0.0662569999695	0.0541789531708	0.0571649074554	0.0483338832855	0.0646531581879	0.0575070381165	0.0559420585632	0.0494639873505	0.0493700504303	0.0532579421997	0.0524618625641	0.0495250225067	0.0475158691406	0.0438649654388	0.0601608753204	0.0824868679047	0.0504899024963	0.0471279621124	0.0503168106079	0.0457830429077	0.0566470623016	0.0663630962372	0.0661659240723	0.0439960956573	0.0552599430084	0.0476081371307	0.0392599105835	0.0423948764801	0.0714120864868	0.0511620044708	0.117722988129	0.0510499477386	0.0313520431519	0.0610949993134	0.0516271591187	0.0488820075989	0.044173002243	0.0702259540558	0.0464050769806	0.0568761825562	0.117134094238	0.0586380958557	0.0558149814606	0.0451288223267	0.0264699459076	0.0392301082611	0.0407958030701	0.0869421958923	
['./treeMaker/main', '-m', '-w', '2']
0.0439620018005	0.0605359077454	0.0696229934692	0.0488691329956	0.0563740730286	0.047947883606	0.0545001029968	0.0603330135345	0.067104101181	0.0519230365753	0.050066947937	0.0550298690796	0.0559539794922	0.0604438781738	0.101603031158	0.0508718490601	0.0636627674103	0.0816669464111	0.0497720241547	0.0456490516663	0.0491218566895	0.0445969104767	0.0608110427856	0.086198091507	0.0643889904022	0.0439779758453	0.05703997612	0.0541338920593	0.0526340007782	0.0442900657654	0.0775048732758	0.0546290874481	0.127133846283	0.0525019168854	0.0317671298981	0.0614850521088	0.052680015564	0.0498151779175	0.0446259975433	0.0716822147369	0.0469100475311	0.0622959136963	0.109383821487	0.0442459583282	0.0613579750061	0.0612740516663	0.0261981487274	0.0395691394806	0.055538892746	0.0924601554871	
['./treeMaker/main', '-m', '-c', '1']
0.0440299510956	0.0672628879547	0.0694799423218	0.0523700714111	0.0594608783722	0.0477039813995	0.0590398311615	0.057806968689	0.0597329139709	0.0501520633698	0.0534930229187	0.0562291145325	0.0537078380585	0.0537779331207	0.0489621162415	0.0440289974213	0.0699319839478	0.0825748443604	0.0620059967041	0.0515999794006	0.0560359954834	0.0506608486176	0.061399936676	0.0713059902191	0.0756061077118	0.0452508926392	0.0579659938812	0.0500640869141	0.0410218238831	0.0441999435425	0.0736138820648	0.0548210144043	0.124039888382	0.0495040416718	0.0307059288025	0.0589718818665	0.0502469539642	0.0478129386902	0.042769908905	0.0679759979248	0.0462090969086	0.0595810413361	0.117026090622	0.0473659038544	0.0550510883331	0.0450360774994	0.0261900424957	0.0390980243683	0.0406370162964	0.0864310264587	
['./treeMaker/main', '-m', '-c', '2']
0.0433928966522	0.0596339702606	0.0633502006531	0.0462288856506	0.0511810779572	0.0434989929199	0.0519549846649	0.0542538166046	0.0542988777161	0.047483921051	0.0476171970367	0.0512280464172	0.0505340099335	0.047651052475	0.0458400249481	0.0456390380859	0.0629119873047	0.0846481323242	0.0533828735352	0.0492949485779	0.0523998737335	0.0480070114136	0.0590949058533	0.067981004715	0.068039894104	0.0475130081177	0.0615859031677	0.0508298873901	0.0377960205078	0.0413479804993	0.0706789493561	0.0507020950317	0.124883174896	0.0619950294495	0.0308601856232	0.0597629547119	0.0511798858643	0.0488741397858	0.0439529418945	0.0707008838654	0.046110868454	0.0613069534302	0.112631082535	0.0453400611877	0.0572090148926	0.048082113266	0.0265510082245	0.0406758785248	0.0422399044037	0.0909850597382	
['./treeMaker/main', '-m', '-a', '1']
0.0486588478088	0.0661680698395	0.0688397884369	0.0655469894409	0.0572018623352	0.0492389202118	0.0574388504028	0.0604388713837	0.0609970092773	0.0531461238861	0.0536289215088	0.0570900440216	0.0565600395203	0.0640602111816	0.0519449710846	0.0514340400696	0.066771030426	0.0888690948486	0.0557618141174	0.048985004425	0.0524668693542	0.0479879379272	0.058424949646	0.0674390792847	0.0681328773499	0.0501239299774	0.0606610774994	0.0529890060425	0.043713092804	0.0469958782196	0.0780880451202	0.0564200878143	0.1241979599	0.0576541423798	0.0347430706024	0.0753228664398	0.053729057312	0.0509479045868	0.0458450317383	0.0809299945831	0.0498530864716	0.0629000663757	0.133776903152	0.0479011535645	0.0598640441895	0.0498430728912	0.0302269458771	0.0434021949768	0.0450329780579	0.0914218425751	
['./treeMaker/main', '-m', '-a', '2']
0.0443520545959	0.0603768825531	0.0641739368439	0.0466730594635	0.0552279949188	0.0452489852905	0.0538828372955	0.0563149452209	0.0564379692078	0.0494728088379	0.0489571094513	0.0534250736237	0.0526459217072	0.0496089458466	0.0476150512695	0.0440120697021	0.0601990222931	0.0828709602356	0.0642759799957	0.045795917511	0.0633239746094	0.0478739738464	0.0590901374817	0.0687730312347	0.069324016571	0.0582699775696	0.0552561283112	0.0595738887787	0.0403981208801	0.0432949066162	0.0746538639069	0.0654888153076	0.118451833725	0.0514919757843	0.0310809612274	0.0596511363983	0.0528090000153	0.0498769283295	0.0450360774994	0.0732769966125	0.0489819049835	0.0707490444183	0.116666078568	0.0432200431824	0.0562379360199	0.0462050437927	0.0271279811859	0.0400550365448	0.0413479804993	0.0862820148468	
