25_100_4.9e-10_4.9e-10_470000000
25
100
4.9e-10
4.9e-10
470000000

['./treeMaker/main']
0.0183479785919	0.0141088962555	0.0194239616394	0.0155079364777	0.0117101669312	0.0124959945679	0.0143120288849	0.0200080871582	0.0154941082001	0.0133419036865	0.0233578681946	0.0199480056763	0.0168011188507	0.0143990516663	0.0125830173492	0.0198969841003	0.0150709152222	0.0120739936829	0.011402130127	0.0281150341034	0.013778924942	0.014454126358	0.0150270462036	0.0185489654541	0.0180599689484	0.0214698314667	0.0314478874207	0.0183870792389	0.016294002533	0.0166461467743	0.0167660713196	0.0234799385071	0.0129411220551	0.0182750225067	0.0139670372009	0.0141530036926	0.0138258934021	0.0129859447479	0.0167119503021	0.0156199932098	0.0147910118103	0.0161418914795	0.0146100521088	0.0116770267487	0.0276789665222	0.0102350711823	0.0155658721924	0.0132961273193	0.0138118267059	0.016065120697	
['./treeMaker/main', '-b']
0.0214908123016	0.0159201622009	0.0223882198334	0.0191690921783	0.0147049427032	0.0102398395538	0.0123560428619	0.0192008018494	0.0260109901428	0.024454832077	0.0234909057617	0.0196468830109	0.0155029296875	0.0156381130219	0.0127301216125	0.0229508876801	0.0136981010437	0.0142970085144	0.0114388465881	0.0283379554749	0.0139260292053	0.0149610042572	0.0161690711975	0.0210280418396	0.0192840099335	0.0307340621948	0.0221629142761	0.019739151001	0.0253539085388	0.0197510719299	0.0224649906158	0.0243771076202	0.015095949173	0.0223081111908	0.01424908638	0.0135419368744	0.014289855957	0.0155808925629	0.0189979076385	0.0158748626709	0.0144670009613	0.0164308547974	0.0167880058289	0.0142428874969	0.0154778957367	0.012964963913	0.0243279933929	0.0133559703827	0.01606798172	0.0146491527557	
['./treeMaker/main', '-u']
0.0210409164429	0.016606092453	0.0196528434753	0.0164349079132	0.0141930580139	0.0100131034851	0.0131180286407	0.0188901424408	0.0138719081879	0.0133328437805	0.0213580131531	0.0181040763855	0.0151689052582	0.0178949832916	0.0151350498199	0.0200591087341	0.0148439407349	0.0120220184326	0.0117671489716	0.0271470546722	0.0135769844055	0.0167181491852	0.0132739543915	0.0182290077209	0.0159721374512	0.0186579227448	0.0200459957123	0.0167489051819	0.0138041973114	0.0164098739624	0.0139880180359	0.0209670066833	0.012923002243	0.0180380344391	0.0122489929199	0.0132968425751	0.0126349925995	0.0130341053009	0.0278799533844	0.0166959762573	0.0165801048279	0.0188159942627	0.0175049304962	0.0142600536346	0.014986038208	0.0124220848083	0.0136520862579	0.0134899616241	0.0140280723572	0.0142929553986	
['./treeMaker/main', '-t', '-r', '1']
0.261291027069	0.198374032974	0.311414003372	0.23447394371	0.143007040024	0.102297067642	0.147751092911	0.269189834595	0.191340923309	0.159549951553	0.341823816299	0.285106897354	0.193779945374	0.17236995697	0.16631603241	0.296092987061	0.158467054367	0.155482053757	0.118996143341	0.448748826981	0.138469934464	0.198662042618	0.167876958847	0.292303085327	0.214344024658	0.294211149216	0.297184944153	0.241044998169	0.179208993912	0.255089044571	0.165330886841	0.301373958588	0.164514064789	0.268253087997	0.14657998085	0.177533864975	0.162013053894	0.169896125793	0.224538803101	0.211369991302	0.199725866318	0.235637187958	0.192898988724	0.13259601593	0.207154989243	0.103730916977	0.170557022095	0.170903921127	0.18635892868	0.207223892212	
['./treeMaker/main', '-t', '-r', '2']
0.430780172348	0.281913995743	0.473016023636	0.32873916626	0.208472967148	0.146066904068	0.239811897278	0.405454874039	0.268524885178	0.251450061798	0.501801013947	0.41542506218	0.277213096619	0.240518093109	0.227668046951	0.472164154053	0.231328010559	0.210121870041	0.184899806976	0.647709846497	0.19446516037	0.298337936401	0.257693052292	0.42141699791	0.337927103043	0.438677072525	0.464006900787	0.388166904449	0.29023194313	0.359091043472	0.265156984329	0.499783039093	0.252731084824	0.459407091141	0.230895996094	0.268434047699	0.265533924103	0.243849992752	0.342459917068	0.291388034821	0.302644968033	0.382878065109	0.309724092484	0.197762966156	0.336572885513	0.160083055496	0.265034914017	0.239161014557	0.269828081131	0.313543081284	
['./treeMaker/main', '-t', '-r', '1', '-N']
0.273943901062	0.19505405426	0.325119018555	0.22526884079	0.143218994141	0.102396011353	0.143186092377	0.265779972076	0.191302776337	0.164064884186	0.34009885788	0.283921003342	0.193703889847	0.164319992065	0.161988019943	0.294492006302	0.168783903122	0.140682935715	0.120327949524	0.443561077118	0.126159906387	0.189022779465	0.159457921982	0.276408195496	0.204830884933	0.295663118362	0.312064170837	0.231068134308	0.189016103745	0.238142967224	0.176478147507	0.302031993866	0.166755914688	0.269286155701	0.154973983765	0.164234876633	0.158942937851	0.153705120087	0.21522808075	0.210871934891	0.184883117676	0.226861953735	0.202275037766	0.127866029739	0.2084441185	0.116144895554	0.189050912857	0.161540031433	0.188356161118	0.191133022308	
['./treeMaker/main', '-t', '-r', '2', '-N']
0.429177999496	0.288938999176	0.458515167236	0.332298994064	0.201772928238	0.159333944321	0.234456062317	0.40065407753	0.274842977524	0.239332914352	0.504186868668	0.41292309761	0.282603025436	0.240787982941	0.227432012558	0.457890033722	0.244074106216	0.218240022659	0.193279027939	0.613461971283	0.200562953949	0.328279972076	0.269269943237	0.429858922958	0.332826852798	0.451601982117	0.467922210693	0.379703044891	0.268816947937	0.360921144485	0.261131048203	0.509808063507	0.25653386116	0.449568033218	0.228989839554	0.255430936813	0.256734132767	0.24321103096	0.33872795105	0.278707027435	0.278094053268	0.360713005066	0.282452106476	0.208918809891	0.314462900162	0.15642619133	0.265424013138	0.249257087708	0.268121004105	0.310377120972	
['./treeMaker/main', '-m']
0.0116229057312	0.0106670856476	0.012668132782	0.0113680362701	0.00928092002869	0.0100510120392	0.0122010707855	0.0249009132385	0.0118839740753	0.0104870796204	0.0160918235779	0.0136649608612	0.0119600296021	0.0107560157776	0.0120458602905	0.0140640735626	0.0131299495697	0.0107688903809	0.0101280212402	0.01868891716	0.0116128921509	0.0125620365143	0.0220620632172	0.0128080844879	0.0141830444336	0.012904882431	0.0134680271149	0.0122418403625	0.0214660167694	0.0142390727997	0.0137619972229	0.0151619911194	0.0105218887329	0.0161240100861	0.010360956192	0.0119302272797	0.0112228393555	0.0127758979797	0.0130770206451	0.0109210014343	0.0125529766083	0.0139100551605	0.0122079849243	0.0101990699768	0.0137701034546	0.00997805595398	0.0132818222046	0.0111792087555	0.0125508308411	0.0123889446259	
['./treeMaker/main', '-m', '-b']
0.0146980285645	0.0128090381622	0.0149538516998	0.0247189998627	0.0102820396423	0.0110399723053	0.011785030365	0.0156350135803	0.0113739967346	0.0118517875671	0.016961812973	0.0133512020111	0.0148439407349	0.0110759735107	0.0122289657593	0.0162570476532	0.0137281417847	0.0121059417725	0.0116119384766	0.0191209316254	0.0125031471252	0.0133390426636	0.011538028717	0.014976978302	0.0147240161896	0.0135049819946	0.0142738819122	0.012834072113	0.011265039444	0.0148389339447	0.0115749835968	0.0154759883881	0.0125370025635	0.0139031410217	0.0125350952148	0.0132310390472	0.012127161026	0.0110650062561	0.0135209560394	0.0113310813904	0.0128300189972	0.0127890110016	0.011883020401	0.0104970932007	0.0143558979034	0.00936579704285	0.0136690139771	0.0113310813904	0.0133440494537	0.0125789642334	
['./treeMaker/main', '-m', '-w', '1']
0.0132169723511	0.0119168758392	0.0153970718384	0.0119800567627	0.00976300239563	0.0110499858856	0.0125501155853	0.0157608985901	0.01349401474	0.0105609893799	0.0162038803101	0.0136771202087	0.0120100975037	0.010990858078	0.0120830535889	0.0140290260315	0.0131020545959	0.0118060112	0.0101249217987	0.0182280540466	0.0100128650665	0.011479139328	0.0123829841614	0.0147678852081	0.0141959190369	0.0128600597382	0.0135581493378	0.0122737884521	0.0109121799469	0.0140779018402	0.011754989624	0.0161769390106	0.0110821723938	0.0152261257172	0.0101819038391	0.0127558708191	0.0117878913879	0.0123910903931	0.0139348506927	0.01114320755	0.0128509998322	0.0124709606171	0.0126779079437	0.0108048915863	0.0135900974274	0.00975394248962	0.0128839015961	0.0127611160278	0.020143032074	0.011421918869	
['./treeMaker/main', '-m', '-w', '2']
0.0151071548462	0.0130851268768	0.0238628387451	0.0137040615082	0.00997495651245	0.010880947113	0.0120630264282	0.0159618854523	0.0131928920746	0.0125420093536	0.0160429477692	0.0258460044861	0.0119500160217	0.0112838745117	0.0114459991455	0.0156118869781	0.0106809139252	0.0118768215179	0.0113701820374	0.0181500911713	0.012745141983	0.0132329463959	0.0115787982941	0.0147199630737	0.0145871639252	0.0131940841675	0.0137820243835	0.01398396492	0.0110318660736	0.0141890048981	0.0114359855652	0.0153489112854	0.0132730007172	0.0151162147522	0.0119659900665	0.0127651691437	0.0127680301666	0.0124969482422	0.0144071578979	0.0113110542297	0.0131061077118	0.013482093811	0.0123789310455	0.0105109214783	0.0140600204468	0.00955295562744	0.0135159492493	0.0117750167847	0.0128600597382	0.0120511054993	
['./treeMaker/main', '-m', '-c', '1']
0.0142860412598	0.0111379623413	0.016047000885	0.0132329463959	0.0101239681244	0.0106091499329	0.0108549594879	0.0153138637543	0.0126721858978	0.0127589702606	0.0159149169922	0.0126810073853	0.0141339302063	0.0110440254211	0.0118238925934	0.0144760608673	0.0131778717041	0.0117928981781	0.0116381645203	0.018002986908	0.0207140445709	0.0113840103149	0.0128479003906	0.0154659748077	0.0143718719482	0.0131008625031	0.0138008594513	0.0146670341492	0.0107429027557	0.0137820243835	0.0111448764801	0.0151610374451	0.0105121135712	0.0155501365662	0.0100920200348	0.0124230384827	0.0120069980621	0.0124399662018	0.0136439800262	0.0210120677948	0.0108389854431	0.0133450031281	0.0122740268707	0.00985503196716	0.0137569904327	0.00934314727783	0.012993812561	0.0129280090332	0.0126628875732	0.0117421150208	
['./treeMaker/main', '-m', '-c', '2']
0.0149109363556	0.0129461288452	0.0150849819183	0.0119822025299	0.00978994369507	0.0108580589294	0.0120010375977	0.015163898468	0.0108969211578	0.0113968849182	0.0158760547638	0.0153870582581	0.0116910934448	0.0108618736267	0.0120360851288	0.0154550075531	0.0122828483582	0.0113711357117	0.0113351345062	0.0184400081635	0.0101289749146	0.0131738185883	0.0122230052948	0.01478099823	0.0119891166687	0.018000125885	0.0131189823151	0.0149450302124	0.0111930370331	0.0137979984283	0.0114850997925	0.0153388977051	0.0100650787354	0.0147888660431	0.0214419364929	0.010176897049	0.0099561214447	0.0125920772552	0.0125460624695	0.0113739967346	0.012806892395	0.0134530067444	0.0123488903046	0.0106251239777	0.0134749412537	0.00944995880127	0.0126321315765	0.0120520591736	0.0125749111176	0.0116879940033	
['./treeMaker/main', '-m', '-a', '1']
0.0151128768921	0.012955904007	0.0142800807953	0.0124859809875	0.0101869106293	0.014358997345	0.0130801200867	0.0164480209351	0.0134501457214	0.0140469074249	0.0163018703461	0.0162329673767	0.0147271156311	0.0110368728638	0.0121870040894	0.0142409801483	0.011794090271	0.0121209621429	0.00992894172668	0.0186989307404	0.0134871006012	0.011668920517	0.011775970459	0.0149109363556	0.0127930641174	0.0248370170593	0.0148329734802	0.0148930549622	0.0136058330536	0.0135009288788	0.0126221179962	0.0152111053467	0.013592004776	0.016104221344	0.0109539031982	0.012885093689	0.0123980045319	0.0121321678162	0.0132868289948	0.0221781730652	0.0216789245605	0.0122740268707	0.0126481056213	0.0103340148926	0.0142130851746	0.00956511497498	0.0138669013977	0.0118691921234	0.0127229690552	0.0125629901886	
['./treeMaker/main', '-m', '-a', '2']
0.0141549110413	0.0137591362	0.0141589641571	0.0141091346741	0.0101571083069	0.0107350349426	0.0115900039673	0.0151898860931	0.0109820365906	0.0111229419708	0.0165820121765	0.0156779289246	0.0123538970947	0.0105528831482	0.0121021270752	0.0154559612274	0.0113928318024	0.0200271606445	0.0116200447083	0.0184910297394	0.0124690532684	0.0137298107147	0.0119199752808	0.0149240493774	0.0121560096741	0.0130138397217	0.0162451267242	0.0229198932648	0.0130369663239	0.0140149593353	0.0112869739532	0.0155439376831	0.0114789009094	0.0143740177155	0.0121719837189	0.0131239891052	0.0123131275177	0.0120620727539	0.0140030384064	0.0109848976135	0.0114161968231	0.011815071106	0.0238528251648	0.0118701457977	0.0135459899902	0.0092670917511	0.0129480361938	0.0171768665314	0.0127141475677	0.0109210014343	
