25_1000_1.9e-10_1.9e-10_10000
25
1000
1.9e-10
1.9e-10
10000

['./treeMaker/main']
0.12491607666	0.121543884277	0.0974848270416	0.131541967392	0.111236095428	0.127316951752	0.106969118118	0.109523057938	0.1048579216	0.107460975647	0.103915929794	0.109575033188	0.106927156448	0.143798112869	0.0946650505066	0.106924057007	0.134577989578	0.0964419841766	0.168151855469	0.128566026688	0.115349054337	0.16999912262	0.138556003571	0.113185167313	0.116977930069	0.130537033081	0.11049580574	0.0945279598236	0.128145933151	0.101292133331	0.105839967728	0.161994934082	0.104758024216	0.113223075867	0.108804941177	0.126248121262	0.189925193787	0.110312223434	0.110620975494	0.102308034897	0.110822916031	0.165191888809	0.109922170639	0.121469020844	0.135359048843	0.0891389846802	0.0896391868591	0.188518047333	0.0936889648438	0.109394073486	
['./treeMaker/main', '-b']
0.124838829041	0.121159076691	0.11488699913	0.13353395462	0.113209962845	0.135439872742	0.104424953461	0.111876964569	0.0959100723267	0.108059167862	0.109164953232	0.09898686409	0.119462013245	0.141741991043	0.0941529273987	0.106380939484	0.135955095291	0.0899488925934	0.177608966827	0.123210191727	0.0990099906921	0.170984983444	0.134519100189	0.10772395134	0.110560178757	0.126711130142	0.107048034668	0.0966699123383	0.130342006683	0.107242107391	0.113445997238	0.164731025696	0.106391906738	0.0999238491058	0.115167856216	0.128685951233	0.168926000595	0.111317157745	0.121533870697	0.0983240604401	0.109311819077	0.158811092377	0.123420000076	0.122574090958	0.137457132339	0.0902202129364	0.0935158729553	0.178953886032	0.0865390300751	0.112043142319	
['./treeMaker/main', '-u']
0.122977018356	0.119601011276	0.0966060161591	0.145471096039	0.108694791794	0.126748085022	0.10514998436	0.109098911285	0.0912899971008	0.109886169434	0.106923103333	0.111976861954	0.119771957397	0.143613815308	0.096333026886	0.120670080185	0.143197774887	0.0972139835358	0.161405801773	0.128734111786	0.0985000133514	0.164203882217	0.132289886475	0.126908063889	0.117635011673	0.132905960083	0.113351106644	0.0998129844666	0.139968156815	0.123821020126	0.110913991928	0.156867980957	0.106036901474	0.103111028671	0.119555950165	0.139589071274	0.169054985046	0.115489006042	0.110407114029	0.103260040283	0.112904071808	0.163643836975	0.111489057541	0.123245000839	0.145632982254	0.0904181003571	0.0968539714813	0.170316934586	0.0912909507751	0.105492115021	
['./treeMaker/main', '-t', '-r', '1']
1.02365899086	0.996860980988	0.857680082321	1.04465484619	0.920097827911	1.02921295166	0.866146087646	0.919199943542	0.812081098557	0.921108007431	0.885571956635	0.818192005157	0.883273839951	1.13395810127	0.789870977402	0.859547138214	1.08137083054	0.796730995178	1.28843808174	1.02206301689	0.861710071564	1.20980596542	1.10355997086	0.921090841293	0.971019029617	0.996896982193	0.919308900833	0.791756153107	1.02913212776	0.870240926743	0.908356904984	1.22502803802	0.890279054642	0.790910959244	0.928847074509	1.06100296974	1.2973279953	0.956392049789	0.944526910782	0.843154907227	0.916789054871	1.2481508255	0.909919023514	0.994679927826	1.07598686218	0.734188079834	0.792014837265	1.33732700348	0.747664928436	0.824928045273	
['./treeMaker/main', '-t', '-r', '2']
1.46756291389	1.49615097046	1.17782711983	1.63770699501	1.33889389038	1.49595880508	1.22686886787	1.34725093842	1.12337303162	1.30450201035	1.32714796066	1.17879009247	1.28766489029	1.65216898918	1.08417892456	1.33442401886	1.63362908363	1.14191603661	2.0475871563	1.62445187569	1.29124403	2.12276911736	1.74227309227	1.38109302521	1.43175315857	1.63123893738	1.32061004639	1.16783905029	1.57474994659	1.3254699707	1.3791718483	1.90660309792	1.29888296127	1.18100595474	1.39984822273	1.57675600052	2.04116296768	1.44577002525	1.4355609417	1.25485992432	1.36122298241	1.89408922195	1.39246606827	1.48508095741	1.55720496178	1.11475586891	1.1641190052	2.00287389755	1.08827400208	1.36428308487	
['./treeMaker/main', '-t', '-r', '1', '-N']
1.02984189987	1.01262712479	0.84117102623	1.06335806847	0.896639108658	1.03066897392	0.882816076279	0.919686794281	0.791637897491	0.916143894196	0.875719070435	0.82150387764	0.90856218338	1.10913014412	0.76419210434	0.892647981644	1.08224320412	0.796252965927	1.28838706017	1.00994801521	0.830575942993	1.20726799965	1.0764567852	0.925295114517	0.941096067429	1.00434112549	0.939527988434	0.789439916611	1.04769086838	0.857008934021	0.889482975006	1.19236898422	0.885616064072	0.840602874756	0.914999008179	1.05362319946	1.34206199646	0.983247995377	0.975297927856	0.859605073929	0.894695043564	1.25507807732	0.930136919022	1.00222587585	1.0914940834	0.744561910629	0.764276027679	1.36034393311	0.749624967575	0.824054956436	
['./treeMaker/main', '-t', '-r', '2', '-N']
1.46636390686	1.47259497643	1.2192029953	1.62385678291	1.31343102455	1.51222300529	1.24610590935	1.36297798157	1.11276817322	1.28496813774	1.31688690186	1.23076295853	1.2704398632	1.62553095818	1.05430698395	1.32443499565	1.67223286629	1.18881297112	2.04904007912	1.60866117477	1.29610991478	2.1044459343	1.73047709465	1.34577202797	1.43203902245	1.64104104042	1.33965277672	1.17512106895	1.63738799095	1.33809995651	1.4090461731	1.9232840538	1.28842616081	1.15923595428	1.40695405006	1.57643985748	2.01540803909	1.48258709908	1.47270202637	1.25093817711	1.39702796936	1.92758798599	1.35030078888	1.46339797974	1.56148982048	1.12201786041	1.1481719017	1.98989295959	1.07105088234	1.34334588051	
['./treeMaker/main', '-m']
0.0626659393311	0.0623419284821	0.0569219589233	0.0642578601837	0.061026096344	0.0619611740112	0.0586647987366	0.0594699382782	0.0568780899048	0.0586979389191	0.0574910640717	0.058159828186	0.0576691627502	0.0612320899963	0.0532560348511	0.0537438392639	0.0624179840088	0.0543651580811	0.0739390850067	0.0654330253601	0.0600199699402	0.0748460292816	0.0664689540863	0.0598540306091	0.0607769489288	0.068351984024	0.0740330219269	0.0534629821777	0.0765819549561	0.0601980686188	0.059632062912	0.0699739456177	0.058678150177	0.0575020313263	0.0595650672913	0.0643811225891	0.071751832962	0.0614819526672	0.0613970756531	0.0592460632324	0.0610911846161	0.0661199092865	0.0617039203644	0.0654098987579	0.06667304039	0.0558378696442	0.0563719272614	0.0710849761963	0.0549688339233	0.0605330467224	
['./treeMaker/main', '-m', '-b']
0.0647909641266	0.0713288784027	0.059072971344	0.0657289028168	0.06077003479	0.0669498443604	0.0637810230255	0.0801801681519	0.0725951194763	0.0641448497772	0.0577349662781	0.0565800666809	0.0573489665985	0.0649619102478	0.0553019046783	0.0572810173035	0.0647640228271	0.0560870170593	0.0699391365051	0.0621430873871	0.0579118728638	0.0720012187958	0.0645921230316	0.0583109855652	0.0590589046478	0.0652079582214	0.0727198123932	0.058984041214	0.066605091095	0.0626230239868	0.0616710186005	0.0728631019592	0.0571959018707	0.0667240619659	0.0753788948059	0.0663211345673	0.0721991062164	0.0600128173828	0.0599801540375	0.0579721927643	0.0625	0.0710020065308	0.0594348907471	0.059821844101	0.063444852829	0.0540060997009	0.0544757843018	0.0709538459778	0.066223859787	0.0619540214539	
['./treeMaker/main', '-m', '-w', '1']
0.0623228549957	0.0617740154266	0.0567598342896	0.0640079975128	0.0606157779694	0.0621998310089	0.0585758686066	0.0717051029205	0.0579421520233	0.0574839115143	0.0596160888672	0.0563149452209	0.0572509765625	0.070769071579	0.0553359985352	0.0554919242859	0.0650539398193	0.057843208313	0.070564031601	0.0601649284363	0.0682239532471	0.0729010105133	0.0661208629608	0.0592019557953	0.060112953186	0.0661480426788	0.0592260360718	0.0600039958954	0.0623269081116	0.0596129894257	0.0579340457916	0.0676500797272	0.0575070381165	0.0560789108276	0.0587539672852	0.0675830841064	0.0689680576324	0.0589590072632	0.0605020523071	0.0596308708191	0.0600678920746	0.0640680789948	0.0576469898224	0.0613069534302	0.0665090084076	0.0682508945465	0.0528440475464	0.0686218738556	0.0519731044769	0.0565941333771	
['./treeMaker/main', '-m', '-w', '2']
0.0595049858093	0.0632138252258	0.0575408935547	0.0647790431976	0.0621118545532	0.0624721050262	0.0591778755188	0.0597488880157	0.0572550296783	0.0592761039734	0.058109998703	0.0584669113159	0.059051990509	0.0659508705139	0.0576410293579	0.05925989151	0.0646839141846	0.0546300411224	0.0708491802216	0.0647420883179	0.0697681903839	0.0735638141632	0.0660228729248	0.0596570968628	0.0576980113983	0.0652370452881	0.0655951499939	0.0579571723938	0.0650207996368	0.0608479976654	0.0599091053009	0.070182800293	0.0588729381561	0.0587089061737	0.0598700046539	0.0622968673706	0.0706779956818	0.0610280036926	0.0630869865417	0.0612201690674	0.0655121803284	0.0677981376648	0.0616769790649	0.06209897995	0.0661940574646	0.0566561222076	0.0565848350525	0.0716068744659	0.0567760467529	0.0629019737244	
['./treeMaker/main', '-m', '-c', '1']
0.0801150798798	0.0579478740692	0.0531251430511	0.0600109100342	0.0599880218506	0.0620851516724	0.0588121414185	0.0595231056213	0.056853055954	0.0589020252228	0.0580101013184	0.0578281879425	0.0582399368286	0.0652830600739	0.0567400455475	0.0577371120453	0.0653710365295	0.0574097633362	0.0705058574677	0.0633850097656	0.0582830905914	0.0724720954895	0.0661869049072	0.0693809986115	0.0590059757233	0.0681400299072	0.0606310367584	0.060054063797	0.0653510093689	0.0589690208435	0.0616688728333	0.071261882782	0.059974193573	0.0606279373169	0.0709900856018	0.0619399547577	0.0693140029907	0.0608789920807	0.0771069526672	0.0723750591278	0.0601987838745	0.0679538249969	0.0604138374329	0.0615191459656	0.0654411315918	0.0557219982147	0.055967092514	0.0705218315125	0.054671049118	0.0598270893097	
['./treeMaker/main', '-m', '-c', '2']
0.0625729560852	0.06196808815	0.056569814682	0.0639932155609	0.0605709552765	0.0603649616241	0.0593390464783	0.0556781291962	0.0580480098724	0.0605621337891	0.0649058818817	0.0586259365082	0.0596828460693	0.0663750171661	0.0564289093018	0.0554440021515	0.0626289844513	0.0571260452271	0.0697798728943	0.0640280246735	0.0584461688995	0.0723509788513	0.064731836319	0.0581409931183	0.0595500469208	0.064197063446	0.063441991806	0.0563290119171	0.0633339881897	0.0588848590851	0.057156085968	0.069785118103	0.0579979419708	0.060662984848	0.0609421730042	0.0658559799194	0.070513010025	0.0596630573273	0.0608508586884	0.0609078407288	0.0732460021973	0.0674500465393	0.0608451366425	0.0620489120483	0.0653119087219	0.0557708740234	0.0559318065643	0.0707740783691	0.0547859668732	0.0596611499786	
['./treeMaker/main', '-m', '-a', '1']
0.086217880249	0.0721151828766	0.0683369636536	0.0727858543396	0.0703859329224	0.0763990879059	0.0807609558105	0.0692369937897	0.0791850090027	0.0648200511932	0.0633769035339	0.0653779506683	0.065819978714	0.0714800357819	0.0674350261688	0.0807511806488	0.0722508430481	0.0708129405975	0.0809531211853	0.072970867157	0.06582903862	0.0789890289307	0.0760178565979	0.0689649581909	0.0657970905304	0.0744621753693	0.073157787323	0.0715529918671	0.0773639678955	0.0748319625854	0.0670840740204	0.0941979885101	0.0684509277344	0.0676901340485	0.0661151409149	0.0733599662781	0.0809609889984	0.0706911087036	0.0714550018311	0.0701920986176	0.0717041492462	0.0779180526733	0.0682020187378	0.0817089080811	0.075248003006	0.065906047821	0.0766320228577	0.0827350616455	0.0669219493866	0.0772411823273	
['./treeMaker/main', '-m', '-a', '2']
0.0666799545288	0.0645270347595	0.0593709945679	0.0666840076447	0.0622880458832	0.0633380413055	0.0581641197205	0.0593369007111	0.0568480491638	0.0590379238129	0.0570709705353	0.0580680370331	0.0586769580841	0.0681979656219	0.0596919059753	0.0578098297119	0.0671448707581	0.0731661319733	0.0668520927429	0.0603470802307	0.0548129081726	0.0682818889618	0.062392950058	0.056930065155	0.0566511154175	0.062518119812	0.0576839447021	0.0541589260101	0.0623068809509	0.0568010807037	0.0556170940399	0.0656569004059	0.0549631118774	0.054927110672	0.0556879043579	0.073511838913	0.0713121891022	0.0613119602203	0.0610570907593	0.0592310428619	0.0610361099243	0.0682320594788	0.0613620281219	0.0619959831238	0.0668320655823	0.0612041950226	0.0583488941193	0.0881581306458	0.0517539978027	0.0577058792114	
