25_1000_4.9e-10_4.9e-10_470000000_cut_3
25
1000
4.9e-10
4.9e-10
470000000
cut_3
['./treeMaker/main']
0.0948071479797	0.229250907898	0.223776102066	0.115477800369	0.164051055908	0.113621234894	0.150439023972	0.175045013428	0.164032936096	0.138360977173	0.148836135864	0.137830972672	0.14999294281	0.135825872421	0.120405912399	0.0996160507202	0.204823970795	0.427700042725	0.140943050385	0.113741874695	0.135756969452	0.107810020447	0.170923948288	0.271076202393	0.258355855942	0.0996279716492	0.20477104187	0.122745990753	0.0873749256134	0.109809160233	0.357535839081	0.157968044281	1.31313085556	0.141863822937	0.0533668994904	0.204658031464	0.150270938873	0.12323307991	0.100346088409	0.293626785278	0.113894939423	0.199327945709	1.02059292793	0.113514900208	0.187870025635	0.11833190918	0.0397078990936	0.091796875	0.0850689411163	0.577412128448	
['./treeMaker/main', '-b']
0.0974960327148	0.230515003204	0.241024971008	0.119353055954	0.153702974319	0.117829084396	0.154911994934	0.188900947571	0.182307004929	0.140523910522	0.155560016632	0.141125917435	0.150973081589	0.135395050049	0.123037099838	0.102286100388	0.20769405365	0.423887014389	0.155584812164	0.113111972809	0.130875825882	0.106359004974	0.168979883194	0.252429008484	0.256530046463	0.115066051483	0.200287818909	0.129565000534	0.092139005661	0.0993559360504	0.365503072739	0.166120052338	1.44082903862	0.144609928131	0.0550880432129	0.204661130905	0.148559093475	0.12618803978	0.10223698616	0.279608011246	0.110178947449	0.198734998703	1.13013005257	0.101869106293	0.19288611412	0.12207698822	0.0405969619751	0.0963089466095	0.0893650054932	0.580083847046	
['./treeMaker/main', '-u']
0.109025001526	0.218575954437	0.225611925125	0.120239019394	0.152040958405	0.120600938797	0.150734901428	0.173234939575	0.179583787918	0.136096954346	0.150624990463	0.138128042221	0.14334487915	0.13258600235	0.117795944214	0.0985388755798	0.198653936386	0.416723966599	0.151859998703	0.111088991165	0.12992310524	0.104605913162	0.167742013931	0.249740839005	0.241180896759	0.102233171463	0.184833049774	0.127445936203	0.100354909897	0.0990319252014	0.354466915131	0.163705825806	1.31494307518	0.156131982803	0.0615930557251	0.21364402771	0.161209106445	0.130254983902	0.10610294342	0.277143001556	0.110467910767	0.195729017258	1.11954283714	0.099173784256	0.189910888672	0.121694087982	0.041718006134	0.0950710773468	0.0878071784973	0.556357860565	
['./treeMaker/main', '-t', '-r', '1']
0.916208982468	1.726790905	1.64842319489	1.04875516891	1.3237080574	1.08146190643	1.30786991119	1.42997407913	1.36887216568	1.28250908852	1.25892400742	1.2114109993	1.28015112877	1.21917486191	1.07559609413	1.00738310814	1.59252285957	2.31675291061	1.19977211952	1.05901908875	1.24019002914	0.973367929459	1.37682390213	1.68792009354	1.77368998528	0.944690942764	1.63226914406	1.15540480614	0.905883073807	0.932019948959	2.25700306892	1.37184715271	4.91161394119	1.25371193886	0.564769029617	1.44750618935	1.34514904022	1.16820192337	0.992843151093	2.07821893692	1.05215215683	1.55572605133	3.93956112862	0.936204910278	1.64150190353	1.1118080616	0.408837080002	0.968339920044	0.793485879898	2.62485194206	
['./treeMaker/main', '-t', '-r', '2']
1.57880997658	3.02654409409	2.94921398163	1.94099617004	2.21018195152	1.96410298347	2.25953698158	2.41545295715	2.47206711769	2.10373497009	2.61953186989	2.28368401527	2.50759100914	2.24485301971	1.92923307419	1.58599495888	2.8709859848	4.55472779274	2.11203312874	1.87397098541	2.11532902718	1.76622009277	2.48746800423	3.36042308807	3.28094911575	1.90031504631	2.61705303192	2.04011297226	1.47668790817	1.55423688889	4.06584405899	2.46756696701	8.21917891502	2.1951520443	0.964106082916	3.06406283379	2.26230597496	1.97175502777	1.65679788589	3.4974360466	1.79966807365	3.08668589592	7.34523105621	1.59636807442	2.76587700844	1.9641559124	0.760247945786	1.69032812119	1.56605291367	5.75924706459	
['./treeMaker/main', '-t', '-r', '1', '-N']
0.963187932968	1.69952082634	1.75144505501	1.10084080696	1.25951313972	1.10039877892	1.36906599998	1.50540614128	1.39193820953	1.26392793655	1.1926009655	1.26566290855	1.25330114365	1.21303296089	1.09724903107	0.952564954758	1.60708594322	2.3351328373	1.20706295967	1.0427839756	1.22282385826	1.02713108063	1.43881106377	1.68747806549	1.80973720551	0.942068099976	1.56300592422	1.13370299339	0.860033988953	0.909517049789	2.24396800995	1.37006211281	4.83268213272	1.23333501816	0.567225933075	1.50026988983	1.34422802925	1.15000605583	0.956920146942	2.01665210724	1.03105211258	1.51085615158	3.86776900291	0.952652931213	1.59020900726	1.12795901299	0.409841060638	0.959848880768	0.796932935715	2.76848292351	
['./treeMaker/main', '-t', '-r', '2', '-N']
1.65658903122	3.0744228363	3.04604697227	1.87227702141	2.20471405983	1.9890499115	2.24840903282	2.40798211098	2.55317091942	2.03523087502	2.69660305977	2.245885849	2.47432494164	2.25193810463	1.92959403992	1.56469082832	2.80709695816	4.65213012695	2.25495481491	1.8776140213	2.09659695625	1.80385303497	2.45441102982	3.46351194382	3.3355410099	1.94746112823	2.64720582962	2.04153895378	1.48192691803	1.5706410408	3.99675297737	2.365858078	8.15733003616	2.24352192879	1.00432705879	3.0578110218	2.29235196114	1.9719440937	1.66210508347	3.39579796791	1.86011505127	3.19226884842	7.13188385963	1.55603384972	2.74924302101	1.96126103401	0.700111865997	1.57765221596	1.4998190403	5.78521203995	
['./treeMaker/main', '-m']
0.0434880256653	0.0627951622009	0.0635488033295	0.0477178096771	0.0688829421997	0.0512280464172	0.0595109462738	0.0613958835602	0.0624480247498	0.0559818744659	0.05832695961	0.0558850765228	0.0574400424957	0.0554029941559	0.051479101181	0.0490281581879	0.0689649581909	0.0903301239014	0.0547621250153	0.0507380962372	0.0527110099792	0.0478188991547	0.0636341571808	0.0722188949585	0.0708920955658	0.051274061203	0.0611510276794	0.0559952259064	0.0439231395721	0.0466549396515	0.0794568061829	0.0658640861511	0.131001234055	0.052768945694	0.0323050022125	0.0675759315491	0.0536711215973	0.049791097641	0.0444331169128	0.0709969997406	0.0462889671326	0.0636441707611	0.133031845093	0.0441071987152	0.0575308799744	0.0488018989563	0.0272738933563	0.0424680709839	0.0433118343353	0.100762844086	
['./treeMaker/main', '-m', '-b']
0.0492260456085	0.0693089962006	0.0745911598206	0.0535168647766	0.0588600635529	0.0532531738281	0.0594770908356	0.0625808238983	0.0750391483307	0.053416967392	0.0600309371948	0.0559730529785	0.0688471794128	0.0555589199066	0.052964925766	0.0576519966125	0.0671479701996	0.095535993576	0.0566401481628	0.0517578125	0.0547680854797	0.0496170520782	0.062155008316	0.0753490924835	0.0779650211334	0.0484380722046	0.0629639625549	0.0536160469055	0.0435228347778	0.0456719398499	0.092670917511	0.0588059425354	0.142751932144	0.0576820373535	0.0361120700836	0.0881450176239	0.0571842193604	0.0529329776764	0.0470149517059	0.0746929645538	0.0479969978333	0.0695631504059	0.137132883072	0.0494468212128	0.0741219520569	0.0666260719299	0.0282537937164	0.0455241203308	0.0480470657349	0.11263012886	
['./treeMaker/main', '-m', '-w', '1']
0.0595459938049	0.0656180381775	0.066545009613	0.0499320030212	0.0550119876862	0.0490570068359	0.0554549694061	0.0581080913544	0.0582947731018	0.0512828826904	0.0565149784088	0.0532429218292	0.0683410167694	0.0547118186951	0.0511407852173	0.0467281341553	0.0664808750153	0.0879781246185	0.064327955246	0.0483920574188	0.0511810779572	0.0458810329437	0.057941198349	0.0775179862976	0.0708620548248	0.0472259521484	0.0597259998322	0.0519449710846	0.0443019866943	0.0428450107574	0.0773601531982	0.0550520420074	0.131483078003	0.0530459880829	0.0322139263153	0.0673279762268	0.0537769794464	0.0499050617218	0.0446999073029	0.0708110332489	0.0464289188385	0.0632951259613	0.118185997009	0.0459001064301	0.0595889091492	0.0491669178009	0.027214050293	0.0424959659576	0.043160200119	0.101357936859	
['./treeMaker/main', '-m', '-w', '2']
0.0449240207672	0.0653650760651	0.0661790370941	0.0496129989624	0.0548529624939	0.0488991737366	0.05531001091	0.0577499866486	0.0580060482025	0.0511889457703	0.0562481880188	0.0529661178589	0.0551071166992	0.0524041652679	0.049329996109	0.0447700023651	0.0626130104065	0.0974478721619	0.0667521953583	0.0512039661407	0.0581040382385	0.0521569252014	0.0608777999878	0.0740489959717	0.0733587741852	0.0479609966278	0.0628139972687	0.0514440536499	0.0406301021576	0.0426518917084	0.075355052948	0.0540931224823	0.127819061279	0.0520610809326	0.0320239067078	0.0714151859283	0.0539560317993	0.0500018596649	0.0564630031586	0.0732219219208	0.0486199855804	0.0640859603882	0.12230181694	0.0468499660492	0.0589220523834	0.0485270023346	0.0272209644318	0.0417609214783	0.0489959716797	0.105594873428	
['./treeMaker/main', '-m', '-c', '1']
0.0475080013275	0.0655941963196	0.0684969425201	0.0546069145203	0.0566220283508	0.0509788990021	0.0577068328857	0.0576980113983	0.0580041408539	0.0480768680573	0.0540020465851	0.0507121086121	0.0528080463409	0.0507118701935	0.0474460124969	0.0437109470367	0.0608198642731	0.082671880722	0.0535089969635	0.048712015152	0.0511639118195	0.0457191467285	0.0579419136047	0.0698299407959	0.0699088573456	0.0432851314545	0.0570011138916	0.0486710071564	0.0400190353394	0.0422568321228	0.075028181076	0.054319858551	0.142673015594	0.0531849861145	0.0321581363678	0.0673670768738	0.0536248683929	0.0477468967438	0.0429592132568	0.0680708885193	0.0450689792633	0.0607399940491	0.131059169769	0.0459971427917	0.0596759319305	0.0499849319458	0.0278129577637	0.0426630973816	0.0437009334564	0.0995979309082	
['./treeMaker/main', '-m', '-c', '2']
0.0438709259033	0.065721988678	0.0668330192566	0.0527410507202	0.0560359954834	0.0512218475342	0.0536110401154	0.0583951473236	0.0605909824371	0.0507960319519	0.0558121204376	0.0533061027527	0.0546870231628	0.0543928146362	0.0499210357666	0.0443940162659	0.0619559288025	0.0862040519714	0.0511999130249	0.0485231876373	0.0508460998535	0.0452709197998	0.0579388141632	0.0842509269714	0.0846879482269	0.0597808361053	0.0728461742401	0.0549190044403	0.0448260307312	0.0486869812012	0.084468126297	0.0572590827942	0.138375997543	0.0538098812103	0.0333380699158	0.0667090415955	0.0540361404419	0.0529360771179	0.0514328479767	0.0746939182281	0.0521218776703	0.0645790100098	0.123687028885	0.0488691329956	0.0574660301208	0.0474028587341	0.0266120433807	0.0409510135651	0.0419390201569	0.0953438282013	
['./treeMaker/main', '-m', '-a', '1']
0.0471470355988	0.0669751167297	0.0677411556244	0.0516018867493	0.0567278862	0.0638029575348	0.0603229999542	0.0616290569305	0.0632519721985	0.0551400184631	0.0603799819946	0.0566740036011	0.0587310791016	0.0549750328064	0.0512719154358	0.0473399162292	0.0787489414215	0.0911240577698	0.0622689723969	0.0565159320831	0.0586919784546	0.0501048564911	0.0623161792755	0.0875020027161	0.073823928833	0.0483160018921	0.0602879524231	0.066125869751	0.0444488525391	0.0471951961517	0.0811500549316	0.0590460300446	0.132145881653	0.0716760158539	0.0405950546265	0.0764892101288	0.0596477985382	0.0511860847473	0.0462920665741	0.0721049308777	0.0488610267639	0.072408914566	0.122506856918	0.0476598739624	0.061185836792	0.0512218475342	0.02996301651	0.0449030399323	0.0457971096039	0.0998759269714	
['./treeMaker/main', '-m', '-a', '2']
0.0436708927155	0.0655810832977	0.0634961128235	0.0475780963898	0.0526480674744	0.0468068122864	0.0529890060425	0.0595850944519	0.0576379299164	0.0506191253662	0.0566439628601	0.0533909797668	0.0586869716644	0.0526270866394	0.0722789764404	0.0445349216461	0.0619041919708	0.0860850811005	0.054053068161	0.0487148761749	0.051500082016	0.0450870990753	0.0563769340515	0.0719828605652	0.070286989212	0.0458369255066	0.0606498718262	0.0506269931793	0.0415298938751	0.0435152053833	0.0776500701904	0.0550200939178	0.131561040878	0.0561361312866	0.0338940620422	0.0715329647064	0.0557298660278	0.0516619682312	0.0480539798737	0.073135137558	0.0489399433136	0.0638670921326	0.118052005768	0.0473029613495	0.063854932785	0.050726890564	0.0288231372833	0.0438370704651	0.0538959503174	0.101308107376	
