25_1000_0_0_48000000
25
1000
0
0
48000000

['./treeMaker/main']
0.047523021698	0.049017906189	0.0463120937347	0.048660993576	0.048672914505	0.0453140735626	0.0467231273651	0.0486240386963	0.0488538742065	0.0459468364716	0.046669960022	0.0461819171906	0.0476219654083	0.0467629432678	0.0462579727173	0.0455729961395	0.0443861484528	0.0452380180359	0.0456039905548	0.0476648807526	0.046648979187	0.0454759597778	0.045401096344	0.0495810508728	0.0477480888367	0.0590481758118	0.0435409545898	0.0438938140869	0.055587053299	0.0488140583038	0.0456619262695	0.04611992836	0.0454728603363	0.0457000732422	0.0462510585785	0.047385931015	0.0457410812378	0.0447490215302	0.0460300445557	0.0434799194336	0.0432410240173	0.044056892395	0.043203830719	0.043771982193	0.0437579154968	0.043937921524	0.0438718795776	0.0436410903931	0.0435271263123	0.0440549850464	
['./treeMaker/main', '-b']
0.0441570281982	0.0548498630524	0.0463850498199	0.0495879650116	0.0494818687439	0.0475130081177	0.0476140975952	0.0494029521942	0.0572800636292	0.0460779666901	0.0561339855194	0.0478239059448	0.0469501018524	0.0464789867401	0.0451059341431	0.0473599433899	0.0530200004578	0.0445289611816	0.0464091300964	0.0491981506348	0.0461039543152	0.0453219413757	0.0492939949036	0.0483651161194	0.0459179878235	0.0480859279633	0.054692029953	0.0488429069519	0.04936003685	0.0464789867401	0.0463211536407	0.0463070869446	0.0467891693115	0.0444159507751	0.0494899749756	0.0475380420685	0.0464179515839	0.047868013382	0.0468950271606	0.0457301139832	0.0466749668121	0.047464132309	0.0450930595398	0.0490729808807	0.0486881732941	0.0461761951447	0.0493741035461	0.0459578037262	0.0460889339447	0.0479319095612	
['./treeMaker/main', '-u']
0.0458180904388	0.0460059642792	0.0462169647217	0.0463910102844	0.048171043396	0.0462529659271	0.0481112003326	0.0460579395294	0.0563530921936	0.0457701683044	0.0479490756989	0.0476830005646	0.0469119548798	0.0469908714294	0.043928861618	0.0438139438629	0.0433900356293	0.0438640117645	0.0441877841949	0.0441699028015	0.0441889762878	0.0439209938049	0.0438320636749	0.0438759326935	0.0441520214081	0.0442531108856	0.0439400672913	0.0440168380737	0.0439758300781	0.0441009998322	0.0438940525055	0.0440540313721	0.0438678264618	0.0449728965759	0.0446119308472	0.0461418628693	0.0447709560394	0.0485339164734	0.0453820228577	0.049703836441	0.0470070838928	0.0469310283661	0.0471789836884	0.0453190803528	0.0475099086761	0.0598120689392	0.0468702316284	0.0476851463318	0.0470170974731	0.0472028255463	
['./treeMaker/main', '-t', '-r', '1']
0.357722043991	0.369786977768	0.34823012352	0.354604005814	0.354074001312	0.368674993515	0.357126951218	0.368264913559	0.339976072311	0.368067979813	0.355116128922	0.349725008011	0.360263824463	0.352381944656	0.348997116089	0.351645946503	0.349653959274	0.356780052185	0.366780042648	0.360602140427	0.359220027924	0.338875055313	0.339378118515	0.386434793472	0.354159832001	0.355511903763	0.366214990616	0.356742143631	0.354254961014	0.361148118973	0.372679948807	0.344063997269	0.358369112015	0.354789972305	0.355944871902	0.361676931381	0.356647014618	0.355090856552	0.358804941177	0.338399887085	0.363635778427	0.354699850082	0.352599859238	0.337996006012	0.340519189835	0.357486009598	0.35507106781	0.364128828049	0.360508918762	0.356418132782	
['./treeMaker/main', '-t', '-r', '2']
0.429476976395	0.421752929688	0.418882846832	0.414121866226	0.411771059036	0.431756019592	0.418729066849	0.412508964539	0.429100990295	0.398264884949	0.396581172943	0.418632984161	0.44570016861	0.404180049896	0.410674095154	0.397330999374	0.379351854324	0.415331840515	0.42962884903	0.440915107727	0.443897008896	0.414623975754	0.432680130005	0.414247989655	0.411874055862	0.427029132843	0.412253856659	0.407757997513	0.42532491684	0.425638198853	0.407953023911	0.395956993103	0.414551019669	0.40783905983	0.390717983246	0.436111927032	0.42341709137	0.42240691185	0.412769079208	0.408264160156	0.404263019562	0.434469938278	0.40367603302	0.416039943695	0.425975799561	0.400087118149	0.420838117599	0.412791967392	0.410886764526	0.419679880142	
['./treeMaker/main', '-t', '-r', '1', '-N']
0.356392860413	0.33820605278	0.352891921997	0.354186058044	0.355141162872	0.34255194664	0.358011007309	0.360245943069	0.357213020325	0.363810062408	0.364666938782	0.358137130737	0.357857942581	0.352605104446	0.362065076828	0.35534787178	0.336988925934	0.354010105133	0.354706048965	0.366769075394	0.35412979126	0.356580018997	0.339527130127	0.356313943863	0.335685014725	0.364193916321	0.349260091782	0.353668928146	0.336777925491	0.363279104233	0.339637041092	0.355064868927	0.351556062698	0.361326932907	0.351627111435	0.356848955154	0.35683298111	0.355304956436	0.358598947525	0.352035999298	0.337520837784	0.358531951904	0.356095075607	0.361913204193	0.337630987167	0.354725122452	0.366588115692	0.354601860046	0.359704971313	0.3702480793	
['./treeMaker/main', '-t', '-r', '2', '-N']
0.420264959335	0.417614936829	0.410217046738	0.416866064072	0.404185056686	0.423681020737	0.425384998322	0.411994218826	0.412173986435	0.411035060883	0.413800954819	0.426306962967	0.438402891159	0.429579019547	0.420159101486	0.410193920135	0.400438070297	0.410439014435	0.433125972748	0.399295091629	0.434792041779	0.425845861435	0.427304983139	0.420825004578	0.411907911301	0.432473182678	0.412891864777	0.420150995255	0.428196191788	0.429017066956	0.418688774109	0.40539598465	0.395484924316	0.404112815857	0.414188146591	0.423112154007	0.425987958908	0.417427062988	0.416246891022	0.395071983337	0.412516117096	0.449364900589	0.405323028564	0.404036998749	0.434880971909	0.417721033096	0.42734003067	0.39556479454	0.401427030563	0.418977975845	
['./treeMaker/main', '-m']
0.0422132015228	0.0416951179504	0.041405916214	0.0415019989014	0.0414800643921	0.0415859222412	0.0420608520508	0.0417518615723	0.0415320396423	0.0413298606873	0.0419220924377	0.0555629730225	0.0453608036041	0.0448279380798	0.0440709590912	0.0553369522095	0.0473392009735	0.0446858406067	0.0452740192413	0.0457799434662	0.0457630157471	0.0454909801483	0.0545318126678	0.0457260608673	0.0455329418182	0.0436379909515	0.0425431728363	0.0427470207214	0.0535571575165	0.0453469753265	0.0443210601807	0.0458540916443	0.0436110496521	0.0448658466339	0.0474030971527	0.0452899932861	0.0436799526215	0.048583984375	0.0436699390411	0.0440452098846	0.0479340553284	0.0465009212494	0.0462219715118	0.0473661422729	0.0431909561157	0.0439569950104	0.0452108383179	0.0446360111237	0.044627904892	0.0497870445251	
['./treeMaker/main', '-m', '-b']
0.0442907810211	0.0459170341492	0.046276807785	0.0463991165161	0.0466618537903	0.0476939678192	0.0480489730835	0.0462820529938	0.044842004776	0.0433831214905	0.0540750026703	0.044891834259	0.0460970401764	0.0552439689636	0.0445091724396	0.0449612140656	0.0430219173431	0.044830083847	0.0481669902802	0.044643163681	0.0455279350281	0.0458109378815	0.0447969436646	0.0448250770569	0.0447361469269	0.0458970069885	0.0449149608612	0.0463540554047	0.0465610027313	0.0468859672546	0.0454349517822	0.0469679832458	0.0469059944153	0.0469861030579	0.0448460578918	0.0463659763336	0.0541079044342	0.044713973999	0.0451610088348	0.0431780815125	0.0453290939331	0.0462350845337	0.0450110435486	0.0443160533905	0.0457961559296	0.0455029010773	0.0448799133301	0.0448729991913	0.046324968338	0.0442061424255	
['./treeMaker/main', '-m', '-w', '1']
0.0429389476776	0.0450210571289	0.0533900260925	0.0450551509857	0.0446600914001	0.0441081523895	0.0458779335022	0.0452039241791	0.0450320243835	0.0449430942535	0.0441980361938	0.0459499359131	0.0444679260254	0.0462918281555	0.0449721813202	0.0439059734344	0.0468800067902	0.045028924942	0.0442841053009	0.0460379123688	0.0410010814667	0.0415618419647	0.0422580242157	0.0415120124817	0.0414628982544	0.0421230792999	0.0416948795319	0.0419881343842	0.0420320034027	0.0419368743896	0.0424511432648	0.0423588752747	0.0419220924377	0.0420730113983	0.0521149635315	0.0441360473633	0.043032169342	0.0428230762482	0.0425870418549	0.0550458431244	0.0470018386841	0.0465340614319	0.0450530052185	0.0480189323425	0.0459928512573	0.0458931922913	0.054939031601	0.0454399585724	0.05633020401	0.0470671653748	
['./treeMaker/main', '-m', '-w', '2']
0.0456140041351	0.0442938804626	0.0447149276733	0.0484690666199	0.0443139076233	0.0436410903931	0.0468180179596	0.0449559688568	0.0451610088348	0.0439879894257	0.0449359416962	0.0455369949341	0.0456500053406	0.0463600158691	0.0442819595337	0.0442020893097	0.0453898906708	0.0455718040466	0.0459978580475	0.0448801517487	0.04474401474	0.0459251403809	0.0457410812378	0.0464098453522	0.045284986496	0.0450530052185	0.0442562103271	0.0456631183624	0.0457139015198	0.0457820892334	0.0452539920807	0.0447149276733	0.045205116272	0.0467607975006	0.0463910102844	0.0453560352325	0.044557094574	0.0431168079376	0.0460960865021	0.0442872047424	0.0453560352325	0.0460619926453	0.044075012207	0.0449299812317	0.0452070236206	0.0459718704224	0.0445520877838	0.0444061756134	0.0463528633118	0.0469191074371	
['./treeMaker/main', '-m', '-c', '1']
0.0436310768127	0.0461850166321	0.0462579727173	0.0451209545135	0.0424292087555	0.042848110199	0.0444459915161	0.0438680648804	0.0452809333801	0.047000169754	0.0457050800323	0.0458571910858	0.0462460517883	0.0457310676575	0.0455479621887	0.0459411144257	0.0478489398956	0.0458250045776	0.0428919792175	0.0456709861755	0.045037984848	0.0436141490936	0.0445420742035	0.0438339710236	0.0447950363159	0.0478041172028	0.0443608760834	0.0445070266724	0.045511007309	0.044732093811	0.0422599315643	0.0480668544769	0.0446181297302	0.0444369316101	0.0470900535583	0.048574924469	0.0472500324249	0.0443170070648	0.0569658279419	0.0450489521027	0.0480439662933	0.0462958812714	0.0441119670868	0.0455830097198	0.0454468727112	0.0442171096802	0.0463910102844	0.0440428256989	0.0447809696198	0.0457530021667	
['./treeMaker/main', '-m', '-c', '2']
0.044016122818	0.0445990562439	0.0439569950104	0.0439310073853	0.0442409515381	0.0474531650543	0.0451688766479	0.0458610057831	0.0432457923889	0.0455191135406	0.0446510314941	0.0450518131256	0.0452270507812	0.04261302948	0.0444450378418	0.0449938774109	0.0432119369507	0.0448360443115	0.0455610752106	0.0450119972229	0.0478248596191	0.0439338684082	0.0445261001587	0.0448570251465	0.0434219837189	0.0439009666443	0.0447540283203	0.0438551902771	0.043881893158	0.044310092926	0.0445818901062	0.0443770885468	0.0461010932922	0.0446960926056	0.045089006424	0.0465259552002	0.043655872345	0.0448269844055	0.0447721481323	0.044084072113	0.0453310012817	0.0441691875458	0.0435950756073	0.0442152023315	0.0438539981842	0.0467600822449	0.0455839633942	0.0434060096741	0.0451350212097	0.0463018417358	
['./treeMaker/main', '-m', '-a', '1']
0.0623199939728	0.0552191734314	0.0544831752777	0.0728759765625	0.0587048530579	0.0608558654785	0.0600879192352	0.0607149600983	0.0629949569702	0.0626449584961	0.061017036438	0.0628800392151	0.0637991428375	0.0621399879456	0.0714099407196	0.057461977005	0.0745100975037	0.059032201767	0.0560719966888	0.0570499897003	0.0577230453491	0.0564248561859	0.0578429698944	0.0556530952454	0.0569009780884	0.058895111084	0.0561740398407	0.0567710399628	0.0574541091919	0.0572230815887	0.057697057724	0.0701048374176	0.0562720298767	0.0584070682526	0.0590491294861	0.0610761642456	0.0580549240112	0.0581181049347	0.0555381774902	0.0558521747589	0.0562388896942	0.0587651729584	0.0557010173798	0.0699520111084	0.0560901165009	0.056991815567	0.0569548606873	0.0609750747681	0.0580761432648	0.0645611286163	
['./treeMaker/main', '-m', '-a', '2']
0.0448410511017	0.0457549095154	0.0460319519043	0.0473339557648	0.0449941158295	0.0479640960693	0.0457820892334	0.0441319942474	0.044942855835	0.0447690486908	0.0470840930939	0.0462419986725	0.0466980934143	0.0456960201263	0.043646812439	0.0462379455566	0.0448179244995	0.0454411506653	0.046403169632	0.0458920001984	0.0445311069489	0.0454869270325	0.0463421344757	0.0449390411377	0.0576179027557	0.0461440086365	0.044576883316	0.0452601909637	0.0455567836761	0.0448842048645	0.0447540283203	0.045823097229	0.0449831485748	0.0427851676941	0.0416359901428	0.0427241325378	0.042270898819	0.0419659614563	0.0424718856812	0.0432741641998	0.0430510044098	0.0426461696625	0.0424129962921	0.0433080196381	0.0427181720734	0.0426089763641	0.0431091785431	0.0423700809479	0.042377948761	0.0425970554352	
