25_1000_0_0_10000
25
1000
0
0
10000

['./treeMaker/main']
0.0433628559113	0.0432820320129	0.0436580181122	0.043289899826	0.0437622070312	0.0430309772491	0.043604850769	0.0539300441742	0.0465281009674	0.0461409091949	0.0486319065094	0.0462939739227	0.0453460216522	0.0456299781799	0.0461800098419	0.0451099872589	0.0484070777893	0.045567035675	0.0457949638367	0.0461120605469	0.0457289218903	0.0454320907593	0.0449669361115	0.0455329418182	0.0457608699799	0.0484669208527	0.0460000038147	0.0462498664856	0.0455620288849	0.0451879501343	0.048054933548	0.0474209785461	0.0480890274048	0.0468108654022	0.0469489097595	0.0460870265961	0.0463168621063	0.0490210056305	0.0477387905121	0.0456969738007	0.0460271835327	0.0443978309631	0.0446560382843	0.0457448959351	0.0459249019623	0.0461821556091	0.046541929245	0.0463597774506	0.0458450317383	0.0501279830933	
['./treeMaker/main', '-b']
0.0463268756866	0.045814037323	0.0573668479919	0.0456900596619	0.048919916153	0.0454671382904	0.047621011734	0.0470399856567	0.0459218025208	0.0457808971405	0.0455288887024	0.046352148056	0.0454158782959	0.0456669330597	0.04722905159	0.0471611022949	0.0564968585968	0.0566539764404	0.0458760261536	0.0462629795074	0.0465838909149	0.0441000461578	0.0468699932098	0.0453541278839	0.0496580600739	0.0464310646057	0.0461871623993	0.0503590106964	0.0455238819122	0.046844959259	0.0486948490143	0.0488789081573	0.0473759174347	0.0444929599762	0.0467700958252	0.045774936676	0.0453579425812	0.0460200309753	0.04603099823	0.0441651344299	0.0471189022064	0.0458381175995	0.0483641624451	0.0468831062317	0.0487489700317	0.0464081764221	0.0489490032196	0.045590877533	0.0465171337128	0.0468399524689	
['./treeMaker/main', '-u']
0.0547521114349	0.0456459522247	0.0461390018463	0.0462930202484	0.0464770793915	0.0445649623871	0.0458011627197	0.0445070266724	0.0464060306549	0.0460369586945	0.0439479351044	0.0480449199677	0.046483039856	0.0453310012817	0.0462770462036	0.0456459522247	0.0485510826111	0.0435268878937	0.0456309318542	0.0493361949921	0.0461828708649	0.0449910163879	0.0451200008392	0.0456619262695	0.0463449954987	0.0473170280457	0.0440089702606	0.0461518764496	0.0456409454346	0.0442140102386	0.0447540283203	0.0466690063477	0.0460610389709	0.0477120876312	0.0453441143036	0.0467920303345	0.0463039875031	0.0490419864655	0.0444660186768	0.0488481521606	0.0487279891968	0.0484240055084	0.0453350543976	0.0491349697113	0.0447950363159	0.0464100837708	0.048896074295	0.0472278594971	0.0455861091614	0.0490989685059	
['./treeMaker/main', '-t', '-r', '1']
0.352675914764	0.353446960449	0.35605096817	0.356829881668	0.360342025757	0.339218854904	0.365657091141	0.363790035248	0.359768867493	0.352647066116	0.345329046249	0.358192920685	0.364747047424	0.355630874634	0.360491991043	0.363051891327	0.35537815094	0.335299968719	0.354022026062	0.354844808578	0.35252404213	0.351102828979	0.355725049973	0.363056182861	0.356619119644	0.354470014572	0.356750965118	0.356517076492	0.339081048965	0.347392082214	0.361768007278	0.340644836426	0.353896141052	0.354113101959	0.354173183441	0.357586145401	0.360101938248	0.351531028748	0.35147190094	0.35342001915	0.358674049377	0.356878042221	0.355319976807	0.354184865952	0.358092069626	0.35271692276	0.352868080139	0.356698036194	0.359084129333	0.365378141403	
['./treeMaker/main', '-t', '-r', '2']
0.439213037491	0.405542850494	0.43100810051	0.417448043823	0.404147863388	0.409821033478	0.439691066742	0.412089109421	0.422080039978	0.406439781189	0.420105934143	0.447139024734	0.409013986588	0.394274950027	0.439515113831	0.399430036545	0.402901172638	0.407385826111	0.415097951889	0.448671102524	0.428898096085	0.399826049805	0.412957191467	0.423007965088	0.43457198143	0.411906003952	0.397723913193	0.423076868057	0.404085874557	0.40803694725	0.442949056625	0.39284992218	0.401082992554	0.406648159027	0.406851053238	0.434397935867	0.432533025742	0.42925286293	0.418390035629	0.395113229752	0.418430089951	0.419630050659	0.374537944794	0.416363954544	0.408523082733	0.425529003143	0.403570175171	0.414943933487	0.435754060745	0.417425870895	
['./treeMaker/main', '-t', '-r', '1', '-N']
0.353517055511	0.354856967926	0.351320981979	0.352742910385	0.364889860153	0.33918094635	0.35789680481	0.357423782349	0.356895923615	0.358999967575	0.359797000885	0.351171970367	0.339211940765	0.336519002914	0.359043836594	0.337821960449	0.353098154068	0.339811086655	0.355664014816	0.363715171814	0.351474046707	0.35068321228	0.351514816284	0.358603000641	0.365521907806	0.354854822159	0.350864887238	0.352989912033	0.342412948608	0.336536169052	0.354099035263	0.358963012695	0.366523981094	0.358944892883	0.365064144135	0.365937948227	0.356416940689	0.365844011307	0.349426031113	0.347048044205	0.358344078064	0.358728885651	0.355854988098	0.360689163208	0.351417064667	0.356534957886	0.334540843964	0.354480981827	0.340448856354	0.362208127975	
['./treeMaker/main', '-t', '-r', '2', '-N']
0.433413982391	0.412188053131	0.424597978592	0.411608934402	0.41326379776	0.407475948334	0.428263187408	0.442812919617	0.421298027039	0.412353038788	0.43356180191	0.428550958633	0.405639886856	0.402887105942	0.433526992798	0.394510030746	0.393039941788	0.410113811493	0.415768861771	0.431472063065	0.422435998917	0.413668870926	0.408963918686	0.409273862839	0.431951999664	0.422139883041	0.404672145844	0.404563903809	0.403110980988	0.406130075455	0.443254947662	0.421852827072	0.409606933594	0.411365032196	0.404989957809	0.41459107399	0.41352391243	0.407116889954	0.403090000153	0.400370836258	0.412058830261	0.432152986526	0.40469789505	0.41907787323	0.388689994812	0.413136005402	0.397686004639	0.411859989166	0.420361042023	0.421735048294	
['./treeMaker/main', '-m']
0.0439548492432	0.044625043869	0.0459229946136	0.0453090667725	0.0454208850861	0.0448799133301	0.0452990531921	0.0453231334686	0.0453729629517	0.0440452098846	0.0442531108856	0.0446300506592	0.0447700023651	0.0438771247864	0.0453720092773	0.0450971126556	0.0444560050964	0.0446650981903	0.0460999011993	0.0457861423492	0.0439488887787	0.0444469451904	0.045028924942	0.0453889369965	0.0451281070709	0.0425209999084	0.0431551933289	0.0428280830383	0.0449209213257	0.0437579154968	0.0457909107208	0.0467710494995	0.044970035553	0.0460410118103	0.0452499389648	0.0455739498138	0.0446908473969	0.0471470355988	0.0447559356689	0.0437209606171	0.0448470115662	0.0425691604614	0.0468900203705	0.0444369316101	0.0446829795837	0.0445048809052	0.0436539649963	0.0440058708191	0.0448341369629	0.0453820228577	
['./treeMaker/main', '-m', '-b']
0.0488200187683	0.0427820682526	0.0454280376434	0.0478880405426	0.0456399917603	0.0428550243378	0.0458900928497	0.0457890033722	0.0443480014801	0.0453488826752	0.0463838577271	0.0462548732758	0.0444760322571	0.0431768894196	0.043319940567	0.0441689491272	0.0479400157928	0.0456819534302	0.0578320026398	0.0439429283142	0.0439789295197	0.0440618991852	0.0440909862518	0.0418999195099	0.0425999164581	0.0428581237793	0.0420751571655	0.0422060489655	0.0425598621368	0.0423200130463	0.0427169799805	0.0427839756012	0.0426061153412	0.0423400402069	0.0435190200806	0.0432369709015	0.0423429012299	0.0434060096741	0.0437211990356	0.042515039444	0.0432550907135	0.0441009998322	0.0435180664062	0.0425400733948	0.0422160625458	0.0559179782867	0.0542390346527	0.0455400943756	0.0453748703003	0.0542278289795	
['./treeMaker/main', '-m', '-w', '1']
0.0460319519043	0.0453839302063	0.0448591709137	0.0452358722687	0.0447890758514	0.0441150665283	0.0488500595093	0.0451741218567	0.0441160202026	0.0438539981842	0.0445909500122	0.0450859069824	0.0448200702667	0.0445199012756	0.0446760654449	0.0443930625916	0.0445709228516	0.0439600944519	0.0452389717102	0.0453431606293	0.0444269180298	0.0465099811554	0.0461819171906	0.0468420982361	0.048271894455	0.0436680316925	0.0452511310577	0.044401884079	0.044597864151	0.0443139076233	0.0444800853729	0.045028924942	0.045373916626	0.0462551116943	0.0437088012695	0.04518699646	0.0440411567688	0.0467619895935	0.0438480377197	0.0441799163818	0.0448579788208	0.0528879165649	0.0450229644775	0.0448019504547	0.0448679924011	0.0440921783447	0.0434930324554	0.0450439453125	0.0434110164642	0.0449080467224	
['./treeMaker/main', '-m', '-w', '2']
0.0448288917542	0.0479168891907	0.0465478897095	0.0466010570526	0.0460360050201	0.0462851524353	0.0450870990753	0.0458581447601	0.0442028045654	0.0454499721527	0.0570819377899	0.0424511432648	0.0420439243317	0.0420739650726	0.0425341129303	0.0420300960541	0.0469341278076	0.0457148551941	0.0435500144958	0.0477411746979	0.045352935791	0.0451350212097	0.0472111701965	0.0454280376434	0.0449039936066	0.0460891723633	0.0466210842133	0.0448758602142	0.0460028648376	0.0452041625977	0.0446000099182	0.0441789627075	0.0446569919586	0.0449130535126	0.0452530384064	0.0462210178375	0.0456600189209	0.0452959537506	0.0450229644775	0.0443980693817	0.0424349308014	0.0425550937653	0.0444731712341	0.0467579364777	0.044939994812	0.045431137085	0.0452220439911	0.0446588993073	0.0451707839966	0.0476150512695	
['./treeMaker/main', '-m', '-c', '1']
0.0448470115662	0.0432381629944	0.0443921089172	0.0444598197937	0.043897151947	0.0445427894592	0.0457890033722	0.0464768409729	0.0457260608673	0.0452899932861	0.0443351268768	0.0444600582123	0.0435540676117	0.0429909229279	0.0453159809113	0.044203042984	0.0441958904266	0.0439710617065	0.0452609062195	0.0455861091614	0.0441129207611	0.0442831516266	0.0450391769409	0.0447199344635	0.0438771247864	0.0445599555969	0.0438098907471	0.0447731018066	0.0447402000427	0.052766084671	0.0452439785004	0.0437588691711	0.0445420742035	0.0433921813965	0.0435891151428	0.0452270507812	0.0447809696198	0.0452389717102	0.0435960292816	0.0438439846039	0.0438380241394	0.0477080345154	0.0457608699799	0.0439970493317	0.0529570579529	0.0450541973114	0.0450820922852	0.0436179637909	0.0469110012054	0.0442349910736	
['./treeMaker/main', '-m', '-c', '2']
0.044193983078	0.0460040569305	0.0458300113678	0.0433299541473	0.0447819232941	0.0435650348663	0.0453770160675	0.0439469814301	0.0440790653229	0.0446259975433	0.0439929962158	0.0452809333801	0.048113822937	0.0434658527374	0.046159029007	0.0438158512115	0.0488541126251	0.0443258285522	0.044261932373	0.0455331802368	0.0465400218964	0.044420003891	0.0451488494873	0.0437910556793	0.0445618629456	0.0441608428955	0.0451068878174	0.043940782547	0.0473930835724	0.0446579456329	0.0460720062256	0.0459060668945	0.0421597957611	0.0447039604187	0.0452768802643	0.0450751781464	0.0448451042175	0.0458800792694	0.0440001487732	0.0437841415405	0.0461618900299	0.0428700447083	0.0444860458374	0.0475068092346	0.0432469844818	0.0449078083038	0.0444221496582	0.0454709529877	0.0443449020386	0.0459411144257	
['./treeMaker/main', '-m', '-a', '1']
0.0609140396118	0.0594890117645	0.0595848560333	0.0697700977325	0.0598909854889	0.0605478286743	0.0628900527954	0.0582499504089	0.0580768585205	0.0596199035645	0.0579431056976	0.0585970878601	0.059063911438	0.0563459396362	0.0598108768463	0.0576369762421	0.0568470954895	0.0589280128479	0.0617768764496	0.0621190071106	0.0595810413361	0.0579521656036	0.0582411289215	0.0587840080261	0.0618240833282	0.0595440864563	0.0608360767365	0.0584719181061	0.0556111335754	0.0655660629272	0.0572509765625	0.055734872818	0.0581510066986	0.0619049072266	0.0658459663391	0.0616030693054	0.0566320419312	0.0584499835968	0.0591540336609	0.0565059185028	0.0544271469116	0.056147813797	0.053820848465	0.05415391922	0.0557241439819	0.0577478408813	0.0579900741577	0.0576031208038	0.0584189891815	0.0590579509735	
['./treeMaker/main', '-m', '-a', '2']
0.0547320842743	0.0452859401703	0.0432319641113	0.0457761287689	0.0442359447479	0.0443091392517	0.0453398227692	0.0439150333405	0.0447909832001	0.0453429222107	0.0453410148621	0.0450267791748	0.0447800159454	0.0445051193237	0.0454471111298	0.0444400310516	0.0475890636444	0.0446140766144	0.0421478748322	0.0427939891815	0.0424361228943	0.0422561168671	0.0425488948822	0.0423910617828	0.0426599979401	0.0423631668091	0.0420801639557	0.0423018932343	0.0422079563141	0.0419027805328	0.0426909923553	0.0422961711884	0.0423469543457	0.0424439907074	0.0424430370331	0.0429081916809	0.042368888855	0.0431530475616	0.0419890880585	0.0420370101929	0.0425519943237	0.0424897670746	0.0418000221252	0.0424370765686	0.0423109531403	0.0421440601349	0.042601108551	0.0422840118408	0.042505979538	0.0432019233704	
