25_1000_4.9e-10_4.9e-10_470000000_cut_6
25
1000
4.9e-10
4.9e-10
470000000
cut_6
['./treeMaker/main']
0.0932550430298	0.22913813591	0.219926118851	0.118793964386	0.139280080795	0.109916210175	0.152747869492	0.173212051392	0.162316083908	0.122971057892	0.12285399437	0.131418228149	0.130640029907	0.123610019684	0.104569911957	0.0963740348816	0.168716907501	0.420866012573	0.138298988342	0.0992150306702	0.121029853821	0.103690862656	0.174021959305	0.225531816483	0.224051952362	0.0990209579468	0.171095132828	0.133496046066	0.0868239402771	0.08518409729	0.326271057129	0.142899990082	1.25383496284	0.130182981491	0.0468158721924	0.203393936157	0.140836954117	0.11206817627	0.10493183136	0.265673160553	0.103590011597	0.205291986465	1.03045678139	0.101622819901	0.171369075775	0.114552974701	0.0361258983612	0.103315114975	0.101994037628	0.455255031586	
['./treeMaker/main', '-b']
0.0950818061829	0.219269037247	0.20813202858	0.118026018143	0.141725063324	0.1080930233	0.139004230499	0.162580013275	0.156890869141	0.140058040619	0.13915514946	0.13413310051	0.132750988007	0.142403125763	0.104666948318	0.114494085312	0.171512842178	0.433655023575	0.14034318924	0.106015920639	0.11870598793	0.105947971344	0.19206905365	0.245365142822	0.220001935959	0.101767063141	0.160692930222	0.123904943466	0.0856230258942	0.0835180282593	0.354819059372	0.15979385376	1.3080971241	0.134970903397	0.0480918884277	0.229821205139	0.140337944031	0.115609884262	0.0931911468506	0.255266189575	0.102257013321	0.192183971405	0.951164007187	0.100955963135	0.175148010254	0.117072820663	0.0369250774384	0.0888621807098	0.0868239402771	0.473639011383	
['./treeMaker/main', '-u']
0.11044716835	0.220136165619	0.206605911255	0.116809844971	0.140590906143	0.110892057419	0.138803005219	0.165142059326	0.148957967758	0.127092123032	0.127067089081	0.135715007782	0.133858919144	0.136291980743	0.102660894394	0.0965740680695	0.169564008713	0.41856098175	0.144853115082	0.103675842285	0.116188049316	0.106204032898	0.183474063873	0.242278814316	0.221310853958	0.0975821018219	0.161087989807	0.125579118729	0.0842230319977	0.0831689834595	0.349352836609	0.158872127533	1.22816514969	0.130521059036	0.0474770069122	0.211230039597	0.151123046875	0.125262975693	0.0933229923248	0.277335882187	0.102932214737	0.196765184402	0.968438863754	0.10419511795	0.180672883987	0.120683908463	0.0386199951172	0.0906357765198	0.0862801074982	0.459214925766	
['./treeMaker/main', '-t', '-r', '1']
0.935883045197	1.78017902374	1.64021897316	1.06320214272	1.3065931797	1.0510931015	1.33107805252	1.42677307129	1.31005787849	1.1805460453	1.10373616219	1.17416000366	1.16825008392	1.09179115295	0.983889102936	0.977734804153	1.47580385208	2.41892790794	1.19083213806	0.930346012115	1.11107683182	1.0550570488	1.42606687546	1.66272091866	1.70575404167	0.947881937027	1.43393206596	1.18613314629	0.858282089233	0.832336902618	2.22242307663	1.26770997047	4.72486877441	1.16038513184	0.480429887772	1.5841999054	1.28578805923	1.07111096382	0.888543128967	1.89628982544	1.01595282555	1.57432293892	3.86157011986	1.0118560791	1.57088589668	1.13642597198	0.371170043945	0.900750160217	0.837233066559	2.50183200836	
['./treeMaker/main', '-t', '-r', '2']
1.45568394661	2.84319782257	2.68317914009	1.77690386772	1.90454602242	1.61451983452	1.83869981766	2.19932293892	2.17643904686	1.81384992599	1.91683983803	1.91351008415	2.0141119957	1.85049390793	1.53651380539	1.55227208138	2.28389406204	4.09477305412	1.97420096397	1.54668307304	1.74306082726	1.74013996124	2.27592802048	2.7913479805	2.7052989006	1.66418004036	2.2137401104	1.96070218086	1.28748512268	1.32807302475	3.46471095085	2.11797189713	6.99301290512	1.88625192642	0.797847986221	2.77756714821	2.00874996185	1.67508387566	1.43698406219	2.94380116463	1.63545298576	2.73564100266	6.19043016434	1.46221518517	2.44490814209	1.69836592674	0.599440097809	1.42994499207	1.39380812645	4.34444618225	
['./treeMaker/main', '-t', '-r', '1', '-N']
0.924680948257	1.7904419899	1.60161185265	1.11426711082	1.26003217697	1.03602099419	1.30579590797	1.48988294601	1.35868096352	1.21971893311	1.17769193649	1.23234081268	1.1632361412	1.10726499557	1.0232899189	0.950876951218	1.4551680088	2.39643287659	1.1972720623	0.967381000519	1.12945199013	1.06386113167	1.44215893745	1.70753097534	1.69471216202	0.952882051468	1.47995901108	1.19842910767	0.893205165863	0.804978132248	2.26877498627	1.28564882278	4.75496006012	1.18847894669	0.479478120804	1.59500908852	1.26979708672	1.03951501846	0.928876876831	1.91833114624	0.989093065262	1.61539983749	3.84043002129	0.999418020248	1.52741098404	1.13208389282	0.396977901459	0.886771917343	0.848499059677	2.56232905388	
['./treeMaker/main', '-t', '-r', '2', '-N']
1.4827940464	2.84208583832	2.69724011421	1.80376601219	1.94999909401	1.63381814957	1.8549990654	2.20397496223	2.17313194275	1.75827288628	1.9432079792	1.89789795876	1.99229001999	1.83310508728	1.51051807404	1.48540616035	2.38409996033	4.0830271244	1.99995517731	1.58642816544	1.72789406776	1.7639439106	2.26409292221	2.77288889885	2.75482082367	1.64561796188	2.16327691078	1.9412381649	1.31246089935	1.32527112961	3.45173001289	2.02806305885	6.86595702171	1.89066100121	0.817118883133	2.76802802086	2.01494288445	1.65051388741	1.42333483696	2.9791970253	1.61839795113	2.72236204147	6.1840929985	1.51357698441	2.36581587791	1.70055603981	0.59192609787	1.3661198616	1.3470389843	4.3453040123	
['./treeMaker/main', '-m']
0.0439579486847	0.0622999668121	0.0619339942932	0.0482270717621	0.0510139465332	0.0444741249084	0.050176858902	0.0538520812988	0.0537388324738	0.0466940402985	0.0486109256744	0.0498068332672	0.0638270378113	0.051666021347	0.0495798587799	0.0459189414978	0.0598790645599	0.0853340625763	0.055212020874	0.0476179122925	0.0526149272919	0.045355796814	0.0581319332123	0.0805759429932	0.0630722045898	0.0545089244843	0.0540461540222	0.0491170883179	0.0402059555054	0.0407919883728	0.0718281269073	0.0516691207886	0.127441883087	0.0619649887085	0.0336949825287	0.0655331611633	0.049045085907	0.0453698635101	0.0410161018372	0.0648431777954	0.0549621582031	0.0600020885468	0.124391078949	0.0448770523071	0.056932926178	0.0479340553284	0.0264971256256	0.0396420955658	0.0406248569489	0.0889668464661	
['./treeMaker/main', '-m', '-b']
0.0489299297333	0.0653960704803	0.0682380199432	0.0522699356079	0.0558938980103	0.047021150589	0.0534279346466	0.0580167770386	0.0589160919189	0.0536768436432	0.0551090240479	0.0539660453796	0.057058095932	0.0541000366211	0.052885055542	0.0548009872437	0.0621790885925	0.088947057724	0.0547380447388	0.0511538982391	0.0525441169739	0.0505418777466	0.061224937439	0.0677609443665	0.0862610340118	0.0454170703888	0.0581378936768	0.0520660877228	0.0424101352692	0.0427341461182	0.0770299434662	0.0555260181427	0.12864613533	0.0522119998932	0.0331561565399	0.069365978241	0.0534791946411	0.0504238605499	0.0464589595795	0.0722949504852	0.0490710735321	0.0641460418701	0.117367982864	0.0574369430542	0.0589549541473	0.0487811565399	0.0267310142517	0.0425429344177	0.0442428588867	0.10319185257	
['./treeMaker/main', '-m', '-w', '1']
0.046285867691	0.0629990100861	0.0634708404541	0.0487310886383	0.0530529022217	0.0473248958588	0.0543928146362	0.0569739341736	0.0652570724487	0.047868013382	0.0496079921722	0.050950050354	0.0505549907684	0.0487279891968	0.0456030368805	0.0433659553528	0.056688785553	0.0814621448517	0.0496201515198	0.0447590351105	0.0525858402252	0.0462830066681	0.0574638843536	0.0823819637299	0.0655338764191	0.0439949035645	0.0549340248108	0.0491940975189	0.0404350757599	0.0410981178284	0.0750730037689	0.0525090694427	0.118273973465	0.05042719841	0.030797958374	0.0782690048218	0.0519518852234	0.0469529628754	0.0425539016724	0.0671329498291	0.0446209907532	0.0602920055389	0.110316991806	0.0449368953705	0.0562479496002	0.0472099781036	0.0260729789734	0.0407960414886	0.0408160686493	0.0841600894928	
['./treeMaker/main', '-m', '-w', '2']
0.0428140163422	0.0781660079956	0.064887046814	0.0487868785858	0.051265001297	0.0443871021271	0.050323009491	0.053768157959	0.0534460544586	0.0467150211334	0.0485548973083	0.0532219409943	0.0536839962006	0.0511779785156	0.0482070446014	0.0465619564056	0.0580849647522	0.0792689323425	0.0507860183716	0.0446839332581	0.0475330352783	0.0446619987488	0.0552010536194	0.0632529258728	0.0640411376953	0.0428690910339	0.0537490844727	0.0482528209686	0.0398161411285	0.0404019355774	0.0721349716187	0.0522308349609	0.120523929596	0.0520811080933	0.033096075058	0.0656638145447	0.0534200668335	0.048938035965	0.0440318584442	0.083676815033	0.0463330745697	0.0634500980377	0.114712953568	0.0470910072327	0.060154914856	0.0498239994049	0.026871919632	0.0433781147003	0.0442979335785	0.0878019332886	
['./treeMaker/main', '-m', '-c', '1']
0.0448880195618	0.0617799758911	0.0633130073547	0.0518419742584	0.054102897644	0.0478110313416	0.0536408424377	0.0591330528259	0.0558278560638	0.0490310192108	0.0491089820862	0.0518519878387	0.051372051239	0.0513160228729	0.0499398708344	0.0445301532745	0.0591609477997	0.084625005722	0.0665431022644	0.0455679893494	0.0481750965118	0.0450649261475	0.0563490390778	0.0648341178894	0.0733380317688	0.0436851978302	0.0550429821014	0.0494060516357	0.0524990558624	0.0445499420166	0.0743389129639	0.0532290935516	0.120877027512	0.0498869419098	0.0328900814056	0.0649540424347	0.0532379150391	0.0479600429535	0.0446448326111	0.0676400661469	0.0577230453491	0.0625219345093	0.111256122589	0.0440049171448	0.0555930137634	0.0460078716278	0.0256969928741	0.0399789810181	0.0408639907837	0.0854921340942	
['./treeMaker/main', '-m', '-c', '2']
0.0423638820648	0.0617959499359	0.0614840984344	0.0467460155487	0.0524618625641	0.0445458889008	0.0497040748596	0.0531668663025	0.0573318004608	0.0484609603882	0.0477530956268	0.0490050315857	0.0488171577454	0.0475389957428	0.0496208667755	0.0454709529877	0.0598061084747	0.082888841629	0.0519661903381	0.0461010932922	0.0496909618378	0.0455808639526	0.057049036026	0.0662140846252	0.0647838115692	0.0437490940094	0.0547368526459	0.0492060184479	0.040256023407	0.0407440662384	0.0816810131073	0.052353143692	0.118530035019	0.0522048473358	0.0323588848114	0.0653700828552	0.052971124649	0.0468800067902	0.0422790050507	0.067008972168	0.0445330142975	0.0598769187927	0.112668037415	0.0431649684906	0.0548491477966	0.0460460186005	0.0256907939911	0.0396399497986	0.0407848358154	0.0847160816193	
['./treeMaker/main', '-m', '-a', '1']
0.0461609363556	0.066477060318	0.065178155899	0.0641260147095	0.0590941905975	0.0476849079132	0.0555799007416	0.0596599578857	0.0578770637512	0.0501239299774	0.0524950027466	0.0538749694824	0.0665709972382	0.0521810054779	0.0519490242004	0.0516879558563	0.0630731582642	0.0857520103455	0.0586450099945	0.0630769729614	0.0543248653412	0.0495018959045	0.064453125	0.0671758651733	0.0803110599518	0.0477440357208	0.0584239959717	0.0528719425201	0.0438170433044	0.0533690452576	0.0766000747681	0.0570430755615	0.12461400032	0.0558788776398	0.0336148738861	0.067183971405	0.0608069896698	0.0508389472961	0.0455770492554	0.0712230205536	0.0483820438385	0.064150094986	0.113293886185	0.0486121177673	0.0597929954529	0.0510129928589	0.0291481018066	0.0441789627075	0.0456640720367	0.0912261009216	
['./treeMaker/main', '-m', '-a', '2']
0.0434401035309	0.0633690357208	0.0628960132599	0.0479211807251	0.0524501800537	0.0453810691833	0.0516729354858	0.0554511547089	0.068558216095	0.0471820831299	0.0489881038666	0.0518789291382	0.0513429641724	0.0498330593109	0.0465550422668	0.0561740398407	0.0602221488953	0.0803520679474	0.0499999523163	0.0441179275513	0.0503921508789	0.0452690124512	0.0562767982483	0.0649220943451	0.0651681423187	0.0437800884247	0.0548360347748	0.0492341518402	0.0405030250549	0.0409100055695	0.072359085083	0.0518028736115	0.132486104965	0.0508968830109	0.0292868614197	0.0626289844513	0.0509049892426	0.046196937561	0.0419828891754	0.065681219101	0.0440101623535	0.0587170124054	0.111292123795	0.0445399284363	0.0562801361084	0.0471260547638	0.0263710021973	0.0407509803772	0.0418329238892	0.0909128189087	
