25_1000_1.9e-10_1.9e-10_48000000
25
1000
1.9e-10
1.9e-10
48000000

['./treeMaker/main']
0.0991652011871	0.0818779468536	0.0934419631958	0.122759819031	0.101613044739	0.130203962326	0.0956900119781	0.169239044189	0.138971090317	0.145293951035	0.114289045334	0.119137048721	0.100405931473	0.106465101242	0.109058856964	0.105036020279	0.0985989570618	0.140769004822	0.104295969009	0.140662193298	0.0954699516296	0.0973291397095	0.105120897293	0.0881330966949	0.134775876999	0.0923299789429	0.114235162735	0.106026887894	0.103379964828	0.134830951691	0.092983007431	0.0738749504089	0.112648963928	0.161329984665	0.182573795319	0.0835311412811	0.0997269153595	0.125896930695	0.117752790451	0.083566904068	0.101813077927	0.111397027969	0.095165014267	0.125604152679	0.10266494751	0.0891180038452	0.105412006378	0.086305141449	0.101459980011	0.105515956879	
['./treeMaker/main', '-b']
0.0979409217834	0.0840609073639	0.111724853516	0.125370025635	0.105906963348	0.135302066803	0.102830886841	0.191371917725	0.149437904358	0.145018815994	0.115782976151	0.117324113846	0.106050014496	0.121206998825	0.102954864502	0.117426872253	0.0989580154419	0.146706819534	0.0934090614319	0.127131938934	0.100922822952	0.102122068405	0.0948009490967	0.0875430107117	0.129609823227	0.0936090946198	0.110059022903	0.107018947601	0.123222112656	0.13673210144	0.0822830200195	0.0734720230103	0.112900972366	0.161807060242	0.163594007492	0.0877439975739	0.109379053116	0.142506122589	0.115515947342	0.0846848487854	0.101714849472	0.111046791077	0.0952730178833	0.14710187912	0.119380950928	0.0923988819122	0.093850851059	0.0871181488037	0.103476047516	0.0927920341492	
['./treeMaker/main', '-u']
0.0967919826508	0.0848071575165	0.0951240062714	0.129029035568	0.106892108917	0.133776903152	0.0983421802521	0.172950029373	0.142258882523	0.148792982101	0.132286071777	0.133327007294	0.105437994003	0.107571840286	0.10740685463	0.105118989944	0.100176095963	0.150527000427	0.09383893013	0.126782178879	0.1115899086	0.103575944901	0.0956008434296	0.10076880455	0.135710000992	0.0969879627228	0.118145942688	0.11093711853	0.105983018875	0.15238904953	0.0849349498749	0.0733709335327	0.113890171051	0.15470290184	0.170540094376	0.0868098735809	0.104636192322	0.126919031143	0.113424062729	0.0834319591522	0.10138297081	0.110689878464	0.0930280685425	0.127729892731	0.104846000671	0.0908029079437	0.09334897995	0.0912010669708	0.104480981827	0.0908257961273	
['./treeMaker/main', '-t', '-r', '1']
0.849485874176	0.762553930283	0.819571018219	1.03042984009	0.889086008072	1.12927007675	0.840637922287	1.38913297653	1.15749788284	1.20980000496	0.964936971664	1.0223429203	0.868545055389	0.922702074051	0.884370803833	0.917120933533	0.90297293663	1.22657299042	0.847258090973	1.10348200798	0.87913107872	0.845444917679	0.809864997864	0.746479034424	1.08404111862	0.783699989319	0.950011968613	0.896866083145	0.919284105301	1.19823598862	0.755203008652	0.654429912567	0.990612983704	1.26994991302	1.32562708855	0.792286872864	0.884536027908	1.06941103935	0.992588996887	0.756627082825	0.83881688118	1.01993489265	0.841646194458	1.07680106163	0.897345066071	0.780015945435	0.804511070251	0.785570144653	0.911802053452	0.813904047012	
['./treeMaker/main', '-t', '-r', '2']
1.11224007607	0.965489864349	1.16371512413	1.40722203255	1.19048595428	1.48575496674	1.09992194176	1.9245390892	1.53585004807	1.64243412018	1.30974602699	1.39824390411	1.202657938	1.19974112511	1.24288702011	1.20207190514	1.16798996925	1.66511487961	1.07108998299	1.41786789894	1.13710308075	1.19108104706	1.03814482689	0.999793052673	1.45296502113	1.03160595894	1.25179886818	1.19228792191	1.15856194496	1.5484521389	0.947777986526	0.839410066605	1.33072686195	1.72712683678	1.81426596642	1.04086995125	1.1949698925	1.43438696861	1.28193593025	0.97679400444	1.1377658844	1.271089077	1.15405797958	1.51730799675	1.25206494331	1.01933598518	1.12656283379	0.972728013992	1.23924779892	1.10457611084	
['./treeMaker/main', '-t', '-r', '1', '-N']
0.860375881195	0.755588054657	0.862410068512	1.05034708977	0.89181804657	1.14936590195	0.866103887558	1.40605401993	1.18399405479	1.22295999527	1.00750589371	1.02424287796	0.893994808197	0.949268817902	0.864367961884	0.879631996155	0.879023075104	1.18366003036	0.800805091858	1.10604190826	0.863811969757	0.849220991135	0.794303178787	0.761445999146	1.05478310585	0.797255039215	0.978725194931	0.904546022415	0.932435035706	1.20920705795	0.773731946945	0.640757799149	0.988029003143	1.2284309864	1.35134291649	0.790079116821	0.904336929321	1.08590888977	0.999027013779	0.755717992783	0.892751932144	1.00376701355	0.864324092865	1.11624407768	0.897491931915	0.780791044235	0.846883058548	0.750315904617	0.924851894379	0.793618917465	
['./treeMaker/main', '-t', '-r', '2', '-N']
1.15736985207	0.98176908493	1.18743300438	1.42199206352	1.17736983299	1.53687500954	1.06731510162	1.98339605331	1.4949631691	1.67167782784	1.38426804543	1.41608309746	1.18626999855	1.16625809669	1.22264003754	1.20919394493	1.17122983932	1.61993193626	1.04552984238	1.46453404427	1.11878705025	1.19018602371	1.0581099987	1.00894403458	1.52079296112	1.09830307961	1.33538293839	1.16509389877	1.18558502197	1.53461384773	0.949469804764	0.826103925705	1.38508605957	1.74037218094	1.77871894836	1.03065896034	1.17194008827	1.4477660656	1.30896496773	0.981457948685	1.14050197601	1.23559904099	1.15902113914	1.5484149456	1.20661497116	1.06558990479	1.16624212265	0.996814012527	1.22012090683	1.10353708267	
['./treeMaker/main', '-m']
0.0546369552612	0.0517330169678	0.056667804718	0.0600609779358	0.0560898780823	0.0611679553986	0.0554449558258	0.0664381980896	0.061233997345	0.0634989738464	0.0570919513702	0.0580759048462	0.0546519756317	0.0540690422058	0.0562191009521	0.0542049407959	0.0531709194183	0.0617489814758	0.0532050132751	0.0623600482941	0.0561628341675	0.0577549934387	0.0547530651093	0.0528378486633	0.0602610111237	0.0538210868835	0.0588870048523	0.0547459125519	0.054347038269	0.0600459575653	0.0506181716919	0.0488681793213	0.0585010051727	0.0641369819641	0.0684340000153	0.0514600276947	0.0529749393463	0.0594339370728	0.0727260112762	0.0529761314392	0.0577399730682	0.0615260601044	0.0578210353851	0.0617918968201	0.0575020313263	0.0534918308258	0.0542991161346	0.0618441104889	0.067332983017	0.0523428916931	
['./treeMaker/main', '-m', '-b']
0.0694379806519	0.0530371665955	0.0557570457458	0.0610017776489	0.0571568012238	0.0630979537964	0.0569169521332	0.0680780410767	0.0626847743988	0.0661721229553	0.0691709518433	0.0609891414642	0.0572328567505	0.0574181079865	0.0586051940918	0.0563359260559	0.0557770729065	0.0656158924103	0.055233001709	0.0611510276794	0.0568811893463	0.0580570697784	0.055948972702	0.0541591644287	0.0613431930542	0.0548601150513	0.0616040229797	0.0576350688934	0.0566399097443	0.0629889965057	0.0524930953979	0.0504429340363	0.0609440803528	0.0674321651459	0.0685238838196	0.0538988113403	0.0569140911102	0.062420129776	0.0617859363556	0.0538280010223	0.0595941543579	0.0585401058197	0.0567150115967	0.0628190040588	0.0588920116425	0.0552930831909	0.0565981864929	0.0540480613708	0.0579450130463	0.0547549724579	
['./treeMaker/main', '-m', '-w', '1']
0.0549468994141	0.0522289276123	0.0543367862701	0.0597050189972	0.0559239387512	0.0611050128937	0.0552930831909	0.0660169124603	0.0611660480499	0.0646040439606	0.0574541091919	0.0581750869751	0.0566380023956	0.0556690692902	0.0577070713043	0.0554611682892	0.0550179481506	0.0634100437164	0.054151058197	0.0596630573273	0.0566339492798	0.0571160316467	0.0543651580811	0.0526781082153	0.0721719264984	0.0547878742218	0.0591878890991	0.0573329925537	0.0570428371429	0.0628628730774	0.0531558990479	0.0510580539703	0.0613269805908	0.0673599243164	0.0685789585114	0.0521340370178	0.0545740127563	0.0598039627075	0.0586099624634	0.0512888431549	0.0555679798126	0.0561711788177	0.0553979873657	0.0602331161499	0.069571018219	0.0545039176941	0.0559799671173	0.0550818443298	0.0591788291931	0.0564367771149	
['./treeMaker/main', '-m', '-w', '2']
0.0581560134888	0.0543689727783	0.0578618049622	0.0618679523468	0.0562429428101	0.061439037323	0.0563929080963	0.0692200660706	0.0684299468994	0.0682771205902	0.064845085144	0.0624568462372	0.069228887558	0.0615649223328	0.0599439144135	0.0577771663666	0.0572309494019	0.0657250881195	0.0560879707336	0.0616290569305	0.0580289363861	0.0591661930084	0.0565440654755	0.0525860786438	0.0604121685028	0.0644390583038	0.0593209266663	0.0569839477539	0.0612440109253	0.0820450782776	0.0521559715271	0.0501790046692	0.0605819225311	0.0661931037903	0.0680568218231	0.0532941818237	0.0554399490356	0.0622940063477	0.059298992157	0.0521640777588	0.0561101436615	0.0591900348663	0.0564200878143	0.0620410442352	0.0587100982666	0.0550100803375	0.0562629699707	0.0515558719635	0.0550518035889	0.0533180236816	
['./treeMaker/main', '-m', '-c', '1']
0.0582480430603	0.0649478435516	0.0661909580231	0.0608289241791	0.0561490058899	0.0608448982239	0.0553350448608	0.0665230751038	0.0612788200378	0.067666053772	0.0590929985046	0.0590829849243	0.0555300712585	0.055419921875	0.0574610233307	0.0552189350128	0.0542540550232	0.0779490470886	0.0529801845551	0.058581829071	0.0554699897766	0.0620379447937	0.0578408241272	0.0509219169617	0.0589601993561	0.0531280040741	0.0566110610962	0.0546410083771	0.0545170307159	0.0598888397217	0.0506160259247	0.0609309673309	0.0601670742035	0.069415807724	0.067626953125	0.0545179843903	0.0550048351288	0.0597200393677	0.0574009418488	0.0505628585815	0.0545377731323	0.0553331375122	0.0538671016693	0.0592839717865	0.0555808544159	0.0526688098907	0.0573909282684	0.0533480644226	0.0585949420929	0.058278799057	
['./treeMaker/main', '-m', '-c', '2']
0.0587000846863	0.0553390979767	0.0569219589233	0.0614418983459	0.0538039207458	0.0593478679657	0.05415391922	0.064414024353	0.0605220794678	0.0625140666962	0.0576169490814	0.0579879283905	0.0544850826263	0.0544290542603	0.0564050674438	0.06907081604	0.0558228492737	0.0672180652618	0.0561439990997	0.0611169338226	0.058315038681	0.0604631900787	0.0596928596497	0.0636019706726	0.0755269527435	0.0533580780029	0.0691051483154	0.0582230091095	0.0572807788849	0.0613830089569	0.0513069629669	0.0503859519958	0.0603251457214	0.0657069683075	0.0765471458435	0.0546078681946	0.0539388656616	0.0595138072968	0.0587139129639	0.0513179302216	0.0552821159363	0.0568420886993	0.0643701553345	0.0612988471985	0.058445930481	0.0564239025116	0.0563740730286	0.051677942276	0.0556700229645	0.0660450458527	
['./treeMaker/main', '-m', '-a', '1']
0.0672678947449	0.0655570030212	0.081344127655	0.0729110240936	0.0668139457703	0.0696890354156	0.068578004837	0.0770649909973	0.070506811142	0.0865728855133	0.06547498703	0.0672478675842	0.0637979507446	0.0636649131775	0.0693368911743	0.0628769397736	0.0614161491394	0.07097697258	0.0729129314423	0.0661840438843	0.064658164978	0.0670611858368	0.077082157135	0.061644077301	0.0671870708466	0.0620901584625	0.0648000240326	0.063570022583	0.0631139278412	0.0831091403961	0.0643558502197	0.0623979568481	0.0718188285828	0.0768949985504	0.0778069496155	0.0786690711975	0.0677061080933	0.068480014801	0.0675868988037	0.0590128898621	0.0630939006805	0.0741140842438	0.0817089080811	0.0690670013428	0.0669350624084	0.0610098838806	0.0625219345093	0.0598788261414	0.0643169879913	0.0609269142151	
['./treeMaker/main', '-m', '-a', '2']
0.0572590827942	0.0547201633453	0.0603609085083	0.057324886322	0.0550138950348	0.0597159862518	0.0552749633789	0.0646739006042	0.0603930950165	0.0664110183716	0.0584299564362	0.0595259666443	0.0556688308716	0.0573830604553	0.0572671890259	0.0560960769653	0.06414103508	0.065612077713	0.0558369159698	0.0611429214478	0.0568840503693	0.0568900108337	0.0546250343323	0.0651609897614	0.0593609809875	0.0533001422882	0.0570719242096	0.0551288127899	0.0548601150513	0.0744271278381	0.0548620223999	0.0541861057281	0.0617740154266	0.0638020038605	0.0666999816895	0.0520918369293	0.0540211200714	0.058580160141	0.0582489967346	0.0506429672241	0.0545279979706	0.0551660060883	0.0538840293884	0.0588510036469	0.0556819438934	0.0521628856659	0.0531959533691	0.0556218624115	0.0578110218048	0.0555009841919	
