25_1000_4.9e-10_4.9e-10_190000000
25
1000
4.9e-10
4.9e-10
190000000

['./treeMaker/main']
0.426907062531	0.358157873154	0.220855951309	0.273627996445	0.244642972946	0.35574388504	0.389976024628	0.443332910538	0.545870065689	0.399325847626	0.322368860245	0.264649868011	0.268274068832	0.521337032318	1.27421498299	0.409601926804	0.288451194763	0.722738027573	0.43917798996	0.446459054947	0.285145998001	0.964492082596	0.47856092453	0.710253000259	0.332515001297	0.481305837631	0.377784013748	0.555788040161	0.618844985962	0.326483011246	0.812461137772	0.960695981979	0.294856071472	0.129402160645	0.68115401268	0.323534965515	0.251247882843	0.384217023849	0.31590294838	0.209079027176	0.430866956711	0.43393611908	0.449707984924	0.43904209137	0.311388969421	0.241702079773	0.31395983696	0.647055149078	0.453871011734	0.640329122543	
['./treeMaker/main', '-b']
0.429417133331	0.368865013123	0.223680973053	0.269619941711	0.235058069229	0.371921777725	0.36651301384	0.459609985352	0.526840925217	0.401886940002	0.302287101746	0.245803833008	0.263581991196	0.523790121078	1.26856279373	0.413820981979	0.312336921692	0.763275146484	0.432238101959	0.460124015808	0.300528049469	0.941714048386	0.448625802994	0.678479909897	0.33204293251	0.48628282547	0.390410900116	0.568876028061	0.673367977142	0.356733083725	0.828925848007	0.943521022797	0.297732830048	0.143006086349	0.682900905609	0.345786094666	0.250099897385	0.382619857788	0.30170416832	0.212078094482	0.459939002991	0.455912828445	0.434737920761	0.453209877014	0.336679935455	0.256042003632	0.339442968369	0.648627996445	0.451610088348	0.616110086441	
['./treeMaker/main', '-u']
0.427977800369	0.372537851334	0.198643922806	0.264734983444	0.262567043304	0.367351055145	0.38855099678	0.438617944717	0.543554067612	0.374074935913	0.315175771713	0.253365039825	0.257048845291	0.512427091599	1.25771594048	0.40860414505	0.315845012665	0.767742872238	0.452845096588	0.458554029465	0.296638965607	0.951732873917	0.471115112305	0.677697896957	0.322427988052	0.479557037354	0.365256071091	0.544042825699	0.661684036255	0.354158878326	0.842599868774	0.959448099136	0.297162055969	0.130872011185	0.640250921249	0.327977895737	0.249855041504	0.358501911163	0.320129156113	0.223788976669	0.433663845062	0.436368942261	0.450873851776	0.456439971924	0.304195165634	0.256563186646	0.31907081604	0.656243085861	0.477536201477	0.631818056107	
['./treeMaker/main', '-t', '-r', '1']
2.36510300636	2.16311812401	1.55962300301	1.77626514435	1.67158508301	2.05539298058	2.24619603157	2.46543812752	2.6309928894	2.3513982296	1.95553016663	1.79532790184	1.75607895851	2.69607305527	4.33418607712	2.43658208847	1.927298069	3.57226395607	2.39806604385	2.50397515297	1.90677404404	3.44376993179	2.53410601616	3.19554591179	2.21264886856	2.62531995773	2.24528479576	2.74302387238	3.04886603355	2.15869998932	3.55682420731	3.68889117241	1.96894884109	1.06809210777	3.11190605164	2.19018816948	1.7593228817	2.28548502922	2.01968717575	1.52551913261	2.57112789154	2.50371003151	2.49233794212	2.57206010818	1.99896597862	1.77771997452	2.11620306969	3.08812499046	2.56889891624	3.03596806526	
['./treeMaker/main', '-t', '-r', '2']
3.47394895554	3.16845011711	2.2141160965	2.60611319542	2.35047292709	3.23967814445	3.26820611954	3.50105810165	4.04550981522	3.3119931221	2.93213510513	2.60725808144	2.41207098961	3.85072422028	6.16107296944	3.49001693726	2.81178402901	4.76464986801	3.76890707016	3.5944890976	2.73603892326	5.43455600739	3.70586299896	4.38747811317	2.97836303711	3.8490819931	3.26785707474	3.97328019142	4.52257514	3.20756697655	4.98470020294	5.22021818161	2.95491409302	1.52768111229	4.47402977943	3.09485507011	2.46035695076	3.2373239994	2.80941390991	2.23780608177	3.69431519508	3.60116791725	3.57196903229	3.45635414124	2.97829508781	2.40678310394	2.94595503807	4.17294502258	3.63808083534	4.25265479088	
['./treeMaker/main', '-t', '-r', '1', '-N']
2.39412784576	2.162088871	1.53008699417	1.82552599907	1.69246292114	2.05240511894	2.29648900032	2.42410993576	2.70331406593	2.3904030323	1.92263507843	1.75026702881	1.77166199684	2.72966098785	4.3212749958	2.42541503906	1.98063802719	3.44299507141	2.44117498398	2.50127410889	1.88992595673	3.48181891441	2.55769705772	3.19368505478	2.18919897079	2.54104804993	2.20115208626	2.8262219429	3.00797986984	2.1029419899	3.51608610153	3.683822155	1.99266910553	1.08500790596	3.0901119709	2.12556695938	1.72837591171	2.30094003677	1.97525691986	1.51610302925	2.54496598244	2.49525308609	2.53498005867	2.50364995003	2.03633308411	1.74555706978	2.12363600731	3.05556797981	2.64319992065	3.08461213112	
['./treeMaker/main', '-t', '-r', '2', '-N']
3.42828202248	3.15585803986	2.19557404518	2.57691502571	2.37172198296	3.08621191978	3.22520208359	3.48603200912	3.98110389709	3.24040794373	2.85693788528	2.59333610535	2.39224815369	3.85320997238	6.23592114449	3.50725603104	2.83528804779	4.81775903702	3.81936717033	3.64768600464	2.82426595688	5.4007101059	3.61166906357	4.40860891342	2.9827978611	3.80875897408	3.24902915955	3.90863204002	4.60116195679	3.12740015984	4.94013190269	5.40923094749	2.89990901947	1.50179982185	4.44358706474	3.0231449604	2.49490213394	3.29171490669	2.80660009384	2.19824314117	3.71188807487	3.59087896347	3.583122015	3.46660089493	2.95232391357	2.43595194817	2.96206998825	4.17326712608	3.61272192001	4.25088191032	
['./treeMaker/main', '-m']
0.0974290370941	0.0864911079407	0.0810570716858	0.0782959461212	0.0882029533386	0.100594997406	0.0831608772278	0.0916850566864	0.0989670753479	0.0876619815826	0.0859332084656	0.0891070365906	0.0871610641479	0.105837106705	0.125997781754	0.0902559757233	0.0807719230652	0.105405092239	0.0933051109314	0.0910129547119	0.080157995224	0.113940954208	0.0934019088745	0.102400064468	0.0975410938263	0.0933568477631	0.0866980552673	0.0946309566498	0.113042831421	0.0839779376984	0.104539871216	0.110467910767	0.0833818912506	0.0661079883575	0.102051019669	0.0836989879608	0.0804469585419	0.0856430530548	0.0822098255157	0.0753149986267	0.0924308300018	0.0902199745178	0.0899999141693	0.0884380340576	0.0820491313934	0.0855660438538	0.0801758766174	0.103585958481	0.0899858474731	0.0973701477051	
['./treeMaker/main', '-m', '-b']
0.092187166214	0.091019153595	0.0730309486389	0.0816819667816	0.0794298648834	0.0919210910797	0.0911631584167	0.0966598987579	0.103716850281	0.0889239311218	0.0849859714508	0.0781519412994	0.0870299339294	0.0985708236694	0.135601043701	0.0955338478088	0.0831501483917	0.109835863113	0.0966238975525	0.0937361717224	0.0826179981232	0.121616125107	0.0996091365814	0.109858989716	0.0852119922638	0.0958969593048	0.0903961658478	0.106864929199	0.122646093369	0.104608058929	0.116459131241	0.121406078339	0.0842070579529	0.0629138946533	0.106260061264	0.0862591266632	0.0786628723145	0.0932810306549	0.0857899188995	0.0753810405731	0.096510887146	0.0924351215363	0.0952849388123	0.107928991318	0.0867969989777	0.0770761966705	0.0980641841888	0.103852987289	0.0996961593628	0.107138872147	
['./treeMaker/main', '-m', '-w', '1']
0.103490114212	0.0825369358063	0.0720479488373	0.0768330097198	0.0752310752869	0.0866711139679	0.0855090618134	0.104120969772	0.0977070331573	0.0869379043579	0.0826060771942	0.0758731365204	0.0756008625031	0.0912570953369	0.117789030075	0.0866010189056	0.0817041397095	0.10255408287	0.0907139778137	0.0891509056091	0.0780720710754	0.128534078598	0.0925350189209	0.105468034744	0.0861060619354	0.092306137085	0.0863330364227	0.0966339111328	0.102832794189	0.0905599594116	0.108460903168	0.117269039154	0.0833261013031	0.0668859481812	0.118840932846	0.0850970745087	0.0773241519928	0.0855448246002	0.0808749198914	0.0716199874878	0.0875780582428	0.102896928787	0.104072093964	0.0946340560913	0.0976588726044	0.0721011161804	0.0815389156342	0.101424217224	0.0920159816742	0.100207090378	
['./treeMaker/main', '-m', '-w', '2']
0.0865550041199	0.0864381790161	0.0698480606079	0.0782639980316	0.0759291648865	0.0873548984528	0.0866611003876	0.0911619663239	0.098384141922	0.0874969959259	0.0929229259491	0.0780229568481	0.0906200408936	0.0956580638885	0.122941970825	0.0901968479156	0.0894019603729	0.105263948441	0.107568979263	0.0920288562775	0.0813570022583	0.119079113007	0.0882771015167	0.102663993835	0.0856440067291	0.100068092346	0.0909690856934	0.0986618995667	0.10337805748	0.082808971405	0.112349033356	0.117223024368	0.0838589668274	0.0623137950897	0.103613138199	0.0970859527588	0.0784509181976	0.0878911018372	0.0831291675568	0.0744769573212	0.0936350822449	0.0910110473633	0.105050086975	0.0951519012451	0.0832669734955	0.0744390487671	0.0926830768585	0.107617139816	0.0943601131439	0.112097978592	
['./treeMaker/main', '-m', '-c', '1']
0.0903298854828	0.103110790253	0.0689759254456	0.0770261287689	0.0751938819885	0.0892798900604	0.0835001468658	0.102216959	0.0974578857422	0.0868120193481	0.0815320014954	0.07643699646	0.0755598545074	0.0948629379272	0.117825031281	0.0908329486847	0.0806560516357	0.105934858322	0.0908310413361	0.0876460075378	0.0784001350403	0.133699893951	0.0892667770386	0.105449914932	0.0808629989624	0.0899450778961	0.0992360115051	0.0982329845428	0.103534936905	0.0843870639801	0.109507083893	0.114521980286	0.0824820995331	0.0604710578918	0.0996329784393	0.081659078598	0.0750949382782	0.0833399295807	0.0939857959747	0.0746099948883	0.095165014267	0.0868279933929	0.0889780521393	0.0868301391602	0.0796060562134	0.074728012085	0.0818619728088	0.101779937744	0.0887498855591	0.0977239608765	
['./treeMaker/main', '-m', '-c', '2']
0.0857820510864	0.0835258960724	0.06804895401	0.0767719745636	0.0748147964478	0.0835158824921	0.0855250358582	0.0904870033264	0.09761095047	0.10023188591	0.0798878669739	0.0737111568451	0.0749750137329	0.0927608013153	0.117429018021	0.086688041687	0.078626871109	0.117232084274	0.0933780670166	0.0910060405731	0.080785036087	0.118283033371	0.0918111801147	0.105995893478	0.0797028541565	0.105799198151	0.0881900787354	0.0975689888	0.104265213013	0.0838551521301	0.118520975113	0.114008903503	0.0829720497131	0.0625820159912	0.100727081299	0.0863871574402	0.0890789031982	0.0837149620056	0.0837121009827	0.0721530914307	0.0975470542908	0.0885829925537	0.0901169776917	0.0887370109558	0.0818409919739	0.0863809585571	0.0806050300598	0.101156949997	0.103696107864	0.109612941742	
['./treeMaker/main', '-m', '-a', '1']
0.100326776505	0.0952098369598	0.0774850845337	0.0937480926514	0.0805330276489	0.0969619750977	0.0930991172791	0.0999028682709	0.105404138565	0.0937039852142	0.0904970169067	0.0851399898529	0.0831730365753	0.10375213623	0.127326011658	0.096853017807	0.0881390571594	0.112473964691	0.101447105408	0.0989880561829	0.0866348743439	0.128010988235	0.0948269367218	0.11449098587	0.0898461341858	0.0972499847412	0.0933218002319	0.115134954453	0.111382007599	0.0923271179199	0.11580491066	0.117177009583	0.0879738330841	0.0687959194183	0.105924129486	0.0909719467163	0.0879938602448	0.101015090942	0.0907790660858	0.0798377990723	0.0946099758148	0.0956020355225	0.0967910289764	0.107526779175	0.0884659290314	0.0788249969482	0.0868029594421	0.107548952103	0.110605955124	0.119873046875	
['./treeMaker/main', '-m', '-a', '2']
0.0890729427338	0.0860409736633	0.0838150978088	0.0756819248199	0.0755350589752	0.0964620113373	0.0883429050446	0.0906040668488	0.0966160297394	0.0992870330811	0.0881338119507	0.0788860321045	0.0881140232086	0.0921528339386	0.118296861649	0.0875470638275	0.080381155014	0.106410980225	0.0931639671326	0.0909948348999	0.0807068347931	0.118564128876	0.0905230045319	0.119025945663	0.0826668739319	0.0916969776154	0.0873091220856	0.0968930721283	0.100896835327	0.0842788219452	0.107088804245	0.111005067825	0.0807919502258	0.0605208873749	0.101374864578	0.0816740989685	0.0750780105591	0.087513923645	0.0809199810028	0.0719859600067	0.0900521278381	0.0883219242096	0.0891408920288	0.0881359577179	0.0820281505585	0.0823888778687	0.0809278488159	0.114424943924	0.0920488834381	0.100506782532	
