25_1000_2.7e-10_0.0_470000000
25
1000
2.7e-10
0.0
470000000

['./treeMaker/main']
1.09318518639	0.724114179611	1.31650710106	1.5281431675	0.701287984848	1.66621398926	0.300709009171	0.385138988495	0.325087070465	2.7978219986	2.33754515648	5.40163803101	0.900812864304	1.81694102287	0.360069990158	1.02316117287	0.234699010849	3.11525797844	4.68380498886	4.97942399979	0.714736223221	1.43748402596	0.521198034286	1.79164195061	2.00978207588	2.78671193123	0.618160963058	0.620486974716	2.26336979866	1.70024704933	0.653859853745	0.429444074631	1.3439719677	9.54790782928	2.73591685295	0.37900185585	8.72598409653	0.866455078125	0.429848909378	0.859930038452	1.26811003685	8.48861002922	0.79647397995	2.09407305717	3.40279912949	2.52891898155	4.49781894684	2.23805189133	1.5701520443	1.13590598106	
['./treeMaker/main', '-b']
1.2202630043	0.737748861313	1.46647596359	1.5491039753	0.65943980217	1.65726780891	0.325086116791	0.41685295105	0.323601007462	2.79582190514	2.49513888359	5.58613991737	0.915155887604	1.83205008507	0.362989902496	1.03712821007	0.243586063385	3.14829492569	4.78084897995	5.40935087204	0.688616991043	1.37865495682	0.557868003845	1.81097006798	2.05352783203	2.94598793983	0.553539991379	0.617904186249	2.27315783501	1.90320515633	0.640630960464	0.43115901947	1.36421108246	8.95898008347	2.64427399635	0.415302038193	8.57985496521	0.947354078293	0.409891843796	0.874642848969	1.28316092491	8.55311989784	0.787994861603	2.07457184792	3.39291810989	2.4498500824	4.25073695183	2.23391914368	1.63342618942	1.15061402321	
['./treeMaker/main', '-u']
1.09442591667	0.733556032181	1.42587089539	1.53994011879	0.664031982422	1.64991998672	0.302090883255	0.390215873718	0.326880931854	2.86589002609	2.42329287529	5.41613698006	0.903791904449	1.81683778763	0.344419956207	0.993247032166	0.250696897507	3.07289409637	4.72800898552	5.16526198387	0.671097040176	1.45993900299	0.529999017715	1.88698792458	1.95315313339	2.78987383842	0.571809053421	0.604092121124	2.38575315475	1.86513209343	0.699977874756	0.439558029175	1.3506128788	9.10069394112	2.57304000854	0.415042877197	8.66115307808	0.946773052216	0.422904014587	0.886210918427	1.26043891907	8.40516114235	0.795225143433	2.0850379467	3.37542700768	2.57137417793	4.47039103508	2.27570295334	1.67835211754	1.22074508667	
['./treeMaker/main', '-t', '-r', '1']
4.04617094994	3.01874995232	4.42234611511	4.46401381493	2.97520112991	4.60970211029	1.8505589962	2.23884606361	1.82709121704	6.30449485779	5.82505488396	9.6560781002	3.52487301826	5.10239911079	1.89175605774	3.65390992165	1.57331395149	6.60625910759	8.9070019722	9.23646092415	3.03658819199	4.40997695923	2.50796294212	5.24117588997	5.37746787071	6.50194692612	2.83754205704	2.77839398384	5.66503787041	4.8970849514	2.92034697533	2.37963604927	4.33559703827	12.5161111355	5.90694499016	2.06559300423	12.3021841049	3.36363887787	2.23854804039	3.33375597	4.03671503067	12.2697479725	3.52110385895	5.35920906067	7.21451401711	6.27909588814	8.52648091316	5.60015106201	4.95375299454	3.88700485229	
['./treeMaker/main', '-t', '-r', '2']
5.94582390785	4.33361816406	6.24066209793	6.77975201607	4.37541413307	6.98308897018	2.64876413345	3.2427520752	2.89796304703	9.04594397545	8.41572189331	13.0170509815	5.0241959095	7.26049590111	2.83084011078	5.25073504448	2.2530670166	10.0405378342	11.8475041389	12.6768238544	4.40838694572	6.3683180809	3.69308900833	7.24832201004	7.42384314537	9.27816700935	3.84988689423	3.95288014412	7.79553508759	7.53810596466	4.29965901375	3.47507786751	6.0660970211	18.0308477879	9.20649194717	3.29656600952	17.9518361092	4.88438415527	3.28534913063	4.84997415543	5.75735187531	17.0903937817	4.79424381256	7.67546200752	9.91539502144	8.5409681797	12.2194230556	7.86251497269	6.94639110565	5.87138295174	
['./treeMaker/main', '-t', '-r', '1', '-N']
4.02300310135	2.95297598839	4.37269210815	4.48198914528	2.88775587082	4.69661998749	1.89045286179	2.23583006859	1.82091903687	6.13341903687	5.76575684547	9.60530614853	3.58270406723	5.18073511124	1.96252822876	3.57327389717	1.62457299232	6.55051612854	8.72168087959	9.14356613159	3.02053594589	4.45970606804	2.45537400246	5.25196218491	5.37749314308	6.58846712112	2.69786596298	2.79099583626	5.62580895424	4.90471792221	2.9248919487	2.46698904037	4.22926306725	12.5678110123	6.0738761425	2.03046011925	12.0875070095	3.41353988647	2.35832095146	3.36202812195	4.11308383942	12.3929231167	3.28454303741	5.39796495438	7.1812942028	6.22500491142	8.51402521133	5.62532305717	4.89590597153	3.83175301552	
['./treeMaker/main', '-t', '-r', '2', '-N']
5.76162695885	4.27625393867	6.21786904335	6.75194501877	4.33566093445	7.0489089489	2.66765809059	3.24462890625	2.84437203407	9.16142106056	8.35671687126	12.9843478203	5.1195371151	7.21868395805	2.90281796455	5.22043800354	2.2853410244	10.0069830418	11.7708141804	12.6599600315	4.41998004913	6.38333487511	3.75349211693	7.13125991821	7.49283003807	9.26438212395	3.88375496864	3.94104909897	7.90810489655	7.49102497101	4.18754291534	3.50658297539	6.06168603897	18.2659370899	9.1631000042	3.33624386787	17.9451961517	4.88677620888	3.27516508102	4.93670415878	5.78185105324	17.1294629574	4.84830307961	7.73503088951	9.9332780838	8.67090988159	12.065994978	7.85216903687	6.95388388634	5.93153786659	
['./treeMaker/main', '-m']
0.151143074036	0.129356145859	0.156898975372	0.164611101151	0.117347955704	0.171689987183	0.100466966629	0.117822885513	0.0960249900818	0.199796915054	0.181323051453	0.250689029694	0.141330003738	0.171180009842	0.10404086113	0.138882875443	0.101747989655	0.208925962448	0.246625900269	0.253251075745	0.124762058258	0.153707027435	0.119781970978	0.172562837601	0.17555308342	0.201354980469	0.112854003906	0.123440980911	0.184784889221	0.171405076981	0.119801044464	0.104371070862	0.147754192352	0.298611164093	0.200094938278	0.10901093483	0.301518917084	0.142790794373	0.105185031891	0.148490905762	0.15235710144	0.302990913391	0.136523008347	0.181051015854	0.195671081543	0.183959960938	0.223368883133	0.188025951385	0.165056943893	0.161108970642	
['./treeMaker/main', '-m', '-b']
0.163264036179	0.137412071228	0.170886039734	0.171057939529	0.126618862152	0.188873052597	0.101258039474	0.112706899643	0.106866121292	0.214860916138	0.2101521492	0.277582883835	0.15061712265	0.177853107452	0.102573156357	0.14488697052	0.0874860286713	0.215678930283	0.243113040924	0.270890951157	0.130370140076	0.169826984406	0.139184951782	0.175024986267	0.188447952271	0.21965098381	0.131087064743	0.14165687561	0.190618991852	0.178714036942	0.125378847122	0.117167949677	0.165865182877	0.321627855301	0.220933914185	0.106823921204	0.329654932022	0.153623104095	0.114569187164	0.147353172302	0.158163070679	0.316051006317	0.136253118515	0.194182157516	0.225445985794	0.206989049911	0.254597902298	0.20668888092	0.180559158325	0.160411834717	
['./treeMaker/main', '-m', '-w', '1']
0.165460109711	0.120583057404	0.160013914108	0.175729990005	0.117707967758	0.160000085831	0.112347126007	0.11808514595	0.0969958305359	0.193013906479	0.201113939285	0.249127864838	0.137765169144	0.175098896027	0.103883981705	0.143126010895	0.0915949344635	0.20837187767	0.224102973938	0.260463953018	0.129812955856	0.153905153275	0.131572008133	0.18236207962	0.164829015732	0.191521883011	0.120723009109	0.120855093002	0.1782579422	0.18191409111	0.12677693367	0.10715508461	0.157134771347	0.30571603775	0.191786050797	0.118072032928	0.298838853836	0.137233972549	0.12087893486	0.132322072983	0.152536869049	0.301182031631	0.12566113472	0.181265830994	0.218156099319	0.197570085526	0.243292093277	0.195283889771	0.166136980057	0.156220912933	
['./treeMaker/main', '-m', '-w', '2']
0.145914077759	0.122299909592	0.168079853058	0.163260936737	0.126811981201	0.163364887238	0.0944168567657	0.119836807251	0.113438129425	0.202630996704	0.193387985229	0.251976013184	0.142526865005	0.183554887772	0.11242389679	0.13606095314	0.0848159790039	0.210867881775	0.225505113602	0.25044798851	0.13138794899	0.154866933823	0.112330913544	0.163695812225	0.187761068344	0.216341018677	0.129245042801	0.130209922791	0.17874789238	0.184042930603	0.134980916977	0.113079071045	0.16893196106	0.302016019821	0.191951990128	0.118008136749	0.303892850876	0.137448072433	0.106883049011	0.138177156448	0.158642053604	0.306704044342	0.135010004044	0.183773040771	0.201848983765	0.18239402771	0.223242044449	0.188254117966	0.161831140518	0.149542093277	
['./treeMaker/main', '-m', '-c', '1']
0.163318872452	0.132502794266	0.150363922119	0.166127920151	0.139760017395	0.173534154892	0.100156068802	0.109802007675	0.113117933273	0.20348405838	0.183771848679	0.252315998077	0.156148910522	0.16033411026	0.0967111587524	0.140310049057	0.104084014893	0.21003985405	0.221105098724	0.250658988953	0.125545024872	0.174352884293	0.124143123627	0.174168109894	0.170311927795	0.195268154144	0.120411157608	0.113138914108	0.174020051956	0.169926166534	0.119299173355	0.106349945068	0.157084941864	0.301995038986	0.205627918243	0.105687141418	0.302320957184	0.131812810898	0.104758024216	0.135877132416	0.161044120789	0.295388936996	0.125267028809	0.180707216263	0.202091932297	0.2030210495	0.239160060883	0.175694942474	0.163930892944	0.149694919586	
['./treeMaker/main', '-m', '-c', '2']
0.152417898178	0.13193821907	0.154148101807	0.156305074692	0.133706092834	0.167952060699	0.0942411422729	0.106273889542	0.095428943634	0.20520401001	0.203254938126	0.249942064285	0.137188911438	0.163516998291	0.0974049568176	0.133892059326	0.103399991989	0.199802875519	0.23805809021	0.248314142227	0.129658937454	0.159369945526	0.119590997696	0.164544820786	0.184435844421	0.201081991196	0.114065885544	0.119786024094	0.192631006241	0.174403905869	0.126831054688	0.119134187698	0.163312911987	0.298454999924	0.199798822403	0.108988046646	0.314707994461	0.128374099731	0.103827953339	0.130825996399	0.153045892715	0.301625013351	0.148576974869	0.185908079147	0.216388940811	0.181324005127	0.244670152664	0.175050973892	0.164422035217	0.155875921249	
['./treeMaker/main', '-m', '-a', '1']
0.158400058746	0.13840508461	0.16802406311	0.18158197403	0.143218040466	0.180417060852	0.116540193558	0.126982927322	0.118012189865	0.222785234451	0.214679002762	0.265362024307	0.150022029877	0.17891907692	0.115119934082	0.160697937012	0.102850198746	0.213876962662	0.25980091095	0.264219045639	0.145994186401	0.19432091713	0.131890058517	0.186313867569	0.199350118637	0.210871934891	0.136796951294	0.135229825974	0.211435079575	0.18595290184	0.134371995926	0.128690958023	0.161665916443	0.314747095108	0.220439910889	0.125652074814	0.322876930237	0.156147003174	0.117472171783	0.154242992401	0.168308973312	0.32604598999	0.150213003159	0.197685956955	0.213769197464	0.197350978851	0.260354042053	0.201336860657	0.177528858185	0.174769163132	
['./treeMaker/main', '-m', '-a', '2']
0.165808916092	0.121643781662	0.150408983231	0.171239852905	0.125825166702	0.17534995079	0.100798130035	0.109926939011	0.102618932724	0.194411993027	0.189484834671	0.243155002594	0.140738010406	0.183351993561	0.113020896912	0.15841794014	0.0909879207611	0.200834035873	0.235958099365	0.249611854553	0.129267215729	0.174035072327	0.114016056061	0.185985803604	0.181896924973	0.200546979904	0.114398956299	0.120433807373	0.173556089401	0.180495977402	0.127264976501	0.112238168716	0.156466960907	0.309713840485	0.207901954651	0.108803033829	0.310526132584	0.130522012711	0.119111061096	0.137470960617	0.144287109375	0.317478895187	0.132048845291	0.193839073181	0.223798036575	0.192947864532	0.241484880447	0.17856502533	0.166332960129	0.157239198685	
