25_1000_5.2e-11_2.6e-11_470000000
25
1000
5.2e-11
2.6e-11
470000000

['./treeMaker/main']
0.0714640617371	0.0792441368103	0.0584700107574	0.0644588470459	0.06209897995	0.0588500499725	0.0625779628754	0.0603680610657	0.0565941333771	0.0608379840851	0.0610208511353	0.0751700401306	0.0575060844421	0.0584859848022	0.073490858078	0.0647418498993	0.0615911483765	0.0715429782867	0.0625908374786	0.0670371055603	0.0621690750122	0.0606579780579	0.0726451873779	0.0586669445038	0.0736100673676	0.0504748821259	0.0605640411377	0.062824010849	0.055694103241	0.0655369758606	0.0670280456543	0.0589878559113	0.0580811500549	0.0569779872894	0.060996055603	0.0528907775879	0.0809378623962	0.0655391216278	0.0770390033722	0.0590419769287	0.0584678649902	0.0656418800354	0.0586628913879	0.0615508556366	0.0598511695862	0.0733408927917	0.0713438987732	0.0553081035614	0.071033000946	0.0611078739166	
['./treeMaker/main', '-b']
0.0612008571625	0.0653080940247	0.0601661205292	0.0668518543243	0.0653212070465	0.0624740123749	0.0629150867462	0.0616421699524	0.0571749210358	0.062371969223	0.0625741481781	0.0789999961853	0.0588798522949	0.0592038631439	0.0832571983337	0.0670750141144	0.0730640888214	0.0746128559113	0.064966917038	0.0705940723419	0.0757069587708	0.0611040592194	0.0732412338257	0.0589570999146	0.0619649887085	0.0508890151978	0.0678880214691	0.0663709640503	0.0568368434906	0.068069934845	0.067479133606	0.0611469745636	0.0600881576538	0.0591769218445	0.0629298686981	0.0553441047668	0.0697388648987	0.0659301280975	0.0687599182129	0.0608940124512	0.0592908859253	0.068785905838	0.057391166687	0.0605368614197	0.0592319965363	0.0722970962524	0.058534860611	0.0545120239258	0.0683491230011	0.0654330253601	
['./treeMaker/main', '-u']
0.0688049793243	0.0654079914093	0.0628700256348	0.0665159225464	0.0648307800293	0.0625178813934	0.0639860630035	0.0600349903107	0.056539773941	0.0613570213318	0.0631458759308	0.0776870250702	0.0581340789795	0.0599029064178	0.0766341686249	0.0644319057465	0.0636739730835	0.075651884079	0.065288066864	0.0684099197388	0.0669429302216	0.0626831054688	0.0738370418549	0.0662229061127	0.0662999153137	0.054260969162	0.0656249523163	0.0781118869781	0.0593459606171	0.0720138549805	0.0711839199066	0.0617799758911	0.0643148422241	0.0598421096802	0.0656080245972	0.057914018631	0.0692529678345	0.0660169124603	0.0799701213837	0.0582051277161	0.0550479888916	0.0687329769135	0.0615088939667	0.0753569602966	0.0582580566406	0.0714948177338	0.063560962677	0.0545470714569	0.0848169326782	0.0600099563599	
['./treeMaker/main', '-t', '-r', '1']
0.491811990738	0.541849136353	0.514971017838	0.563004016876	0.540202856064	0.510222911835	0.522668123245	0.499922037125	0.461779117584	0.536713123322	0.512299060822	0.640454053879	0.505594968796	0.481578826904	0.633035898209	0.537547111511	0.510961055756	0.63303399086	0.523609161377	0.566282987595	0.527060985565	0.500360965729	0.589368104935	0.499705076218	0.519416093826	0.408764839172	0.502368927002	0.510385036469	0.456406116486	0.569139957428	0.581544876099	0.516134977341	0.49271607399	0.485105037689	0.528250932693	0.461185932159	0.590896129608	0.570873022079	0.588376045227	0.503420114517	0.453348875046	0.556236982346	0.495892047882	0.524698019028	0.507097005844	0.633255004883	0.53408908844	0.450475931168	0.602360963821	0.508365869522	
['./treeMaker/main', '-t', '-r', '2']
0.654456138611	0.722515106201	0.659744024277	0.734354972839	0.716322898865	0.612676858902	0.683073997498	0.674272060394	0.604491949081	0.677878141403	0.661064863205	0.835491895676	0.589733839035	0.607182025909	0.827562093735	0.750205993652	0.6990711689	0.812890052795	0.685535907745	0.749660015106	0.667873859406	0.664510011673	0.800846099854	0.634922981262	0.66725897789	0.520720005035	0.650500059128	0.679415941238	0.583791971207	0.717292070389	0.749831914902	0.637547969818	0.64905500412	0.658010959625	0.715614080429	0.586931943893	0.783035039902	0.735268115997	0.731595039368	0.614979028702	0.61643409729	0.742703199387	0.608514070511	0.647261857986	0.632827997208	0.825368881226	0.627649068832	0.575037956238	0.813024997711	0.637241125107	
['./treeMaker/main', '-t', '-r', '1', '-N']
0.492740154266	0.523674964905	0.510810852051	0.536869049072	0.522902011871	0.481328010559	0.50679397583	0.506851911545	0.483729124069	0.502731084824	0.508616924286	0.650538921356	0.494516849518	0.498219013214	0.641229867935	0.563508987427	0.507966041565	0.596410989761	0.504283189774	0.570148944855	0.516684055328	0.51212978363	0.634366035461	0.50887298584	0.542945146561	0.440050125122	0.54137301445	0.534956932068	0.487749099731	0.573797941208	0.566631793976	0.5291659832	0.497292995453	0.514639139175	0.533498048782	0.470887899399	0.595165014267	0.56556892395	0.590691804886	0.52912402153	0.459005832672	0.577996969223	0.474342107773	0.509165048599	0.494330883026	0.646409034729	0.501578092575	0.436163902283	0.586515903473	0.498636960983	
['./treeMaker/main', '-t', '-r', '2', '-N']
0.633121013641	0.69032907486	0.642418146133	0.69931101799	0.70196890831	0.613233089447	0.654659032822	0.63835310936	0.589522123337	0.645042896271	0.647380113602	0.834267139435	0.58956694603	0.638742208481	0.851879119873	0.74546790123	0.682942867279	0.832772016525	0.701895952225	0.759708166122	0.656966924667	0.670525074005	0.8397128582	0.647547006607	0.679867982864	0.528146028519	0.665032863617	0.693834066391	0.596627950668	0.727117061615	0.737910985947	0.658114910126	0.644717931747	0.654533147812	0.698091983795	0.58593082428	0.787739992142	0.70884513855	0.787467956543	0.652587175369	0.585404157639	0.750061988831	0.633507966995	0.659875869751	0.66946387291	0.822211027145	0.628467082977	0.577147960663	0.827069997787	0.633894920349	
['./treeMaker/main', '-m']
0.047061920166	0.0499210357666	0.0480029582977	0.0496881008148	0.0515208244324	0.0591390132904	0.0513248443604	0.0498700141907	0.0480101108551	0.0476899147034	0.049772977829	0.067617893219	0.0481970310211	0.0478250980377	0.0528321266174	0.050271987915	0.0522000789642	0.0536739826202	0.0500900745392	0.0519731044769	0.0524201393127	0.0510938167572	0.0533020496368	0.0487539768219	0.0496759414673	0.0442090034485	0.0498390197754	0.050283908844	0.047779083252	0.0514969825745	0.0531930923462	0.0502061843872	0.0509011745453	0.0492269992828	0.0496139526367	0.0475399494171	0.0551691055298	0.0612988471985	0.0528600215912	0.0501959323883	0.0483989715576	0.0525569915771	0.0503258705139	0.053218126297	0.0502638816833	0.0521199703217	0.049877166748	0.0482981204987	0.0515220165253	0.0512099266052	
['./treeMaker/main', '-m', '-b']
0.0586268901825	0.0524020195007	0.0508460998535	0.061399936676	0.0529010295868	0.0511560440063	0.0529699325562	0.0488300323486	0.0496079921722	0.0529081821442	0.0525710582733	0.0561270713806	0.0509810447693	0.0493040084839	0.0585470199585	0.0533058643341	0.0511939525604	0.0548849105835	0.0509700775146	0.0537488460541	0.0520529747009	0.0496430397034	0.0558459758759	0.0506188869476	0.0539979934692	0.0467331409454	0.0528709888458	0.0527770519257	0.0484790802002	0.0529878139496	0.0514051914215	0.0538041591644	0.0497770309448	0.050066947937	0.0504021644592	0.0504050254822	0.0532848834991	0.0535900592804	0.0553541183472	0.0551800727844	0.0502541065216	0.0538258552551	0.0538241863251	0.0634231567383	0.0520582199097	0.0573630332947	0.0512120723724	0.0498359203339	0.0566282272339	0.0531561374664	
['./treeMaker/main', '-m', '-w', '1']
0.0509221553802	0.052806854248	0.0525798797607	0.0520629882812	0.0525181293488	0.0510370731354	0.0528690814972	0.051185131073	0.0476078987122	0.0488700866699	0.0494439601898	0.0569758415222	0.0539221763611	0.049663066864	0.0534210205078	0.0517711639404	0.0514779090881	0.055999994278	0.0526428222656	0.056312084198	0.0500810146332	0.0525441169739	0.0557150840759	0.0529100894928	0.050085067749	0.0472030639648	0.0513291358948	0.0516760349274	0.0493218898773	0.0512180328369	0.0547280311584	0.0509510040283	0.0532829761505	0.0514559745789	0.0506711006165	0.0486590862274	0.0556890964508	0.0521819591522	0.0524611473083	0.0513150691986	0.0586090087891	0.0527949333191	0.0487360954285	0.0593519210815	0.0502400398254	0.0531401634216	0.0494840145111	0.0476968288422	0.0571870803833	0.0547461509705	
['./treeMaker/main', '-m', '-w', '2']
0.0531930923462	0.0529301166534	0.0531458854675	0.0515141487122	0.0531420707703	0.0536360740662	0.0506868362427	0.0503559112549	0.0505340099335	0.0498540401459	0.0535578727722	0.058501958847	0.0501608848572	0.049201965332	0.056841135025	0.0521612167358	0.0502970218658	0.0567221641541	0.0504860877991	0.0523729324341	0.0518569946289	0.0523610115051	0.0567491054535	0.0513308048248	0.0526580810547	0.0508780479431	0.0530760288239	0.0519800186157	0.0483169555664	0.0529868602753	0.0530769824982	0.0616910457611	0.0535669326782	0.0472819805145	0.0484790802002	0.0457689762115	0.050577878952	0.0493910312653	0.0498180389404	0.0471320152283	0.0457539558411	0.0488801002502	0.0466132164001	0.0474491119385	0.0469009876251	0.0654220581055	0.0541019439697	0.0489761829376	0.0550000667572	0.0522968769073	
['./treeMaker/main', '-m', '-c', '1']
0.0530807971954	0.0565161705017	0.0484130382538	0.0527019500732	0.0500869750977	0.0478639602661	0.0486710071564	0.0570030212402	0.0493979454041	0.0498559474945	0.0508708953857	0.0567140579224	0.0467879772186	0.0496108531952	0.0556409358978	0.0499629974365	0.0493748188019	0.0530779361725	0.0493099689484	0.0509610176086	0.0497360229492	0.04927110672	0.0526511669159	0.0479099750519	0.0512628555298	0.0469160079956	0.0500390529633	0.0637080669403	0.049192905426	0.0509719848633	0.0541710853577	0.059800863266	0.0491881370544	0.0502550601959	0.0480451583862	0.0479390621185	0.0526840686798	0.0522830486298	0.0538189411163	0.050323009491	0.0480351448059	0.0535418987274	0.0501461029053	0.0519449710846	0.0504040718079	0.055016040802	0.051609992981	0.0498659610748	0.055349111557	0.0536789894104	
['./treeMaker/main', '-m', '-c', '2']
0.050598859787	0.0529072284698	0.0518820285797	0.051323890686	0.0521719455719	0.0522339344025	0.0507040023804	0.0504150390625	0.0488998889923	0.0500130653381	0.0497570037842	0.0540699958801	0.0488150119781	0.0478301048279	0.0562620162964	0.0518939495087	0.050400018692	0.057981967926	0.0544040203094	0.055694103241	0.0536260604858	0.0501520633698	0.0546078681946	0.0533430576324	0.0519740581512	0.0472230911255	0.0530757904053	0.0516550540924	0.0487539768219	0.0553290843964	0.0561919212341	0.0507960319519	0.0535299777985	0.0490870475769	0.0532400608063	0.0478758811951	0.0516691207886	0.0508029460907	0.0526189804077	0.0529069900513	0.0489909648895	0.050243139267	0.0504288673401	0.0517249107361	0.0491387844086	0.054780960083	0.0496718883514	0.0486109256744	0.0535998344421	0.0493018627167	
['./treeMaker/main', '-m', '-a', '1']
0.0643811225891	0.067822933197	0.0640480518341	0.0658900737762	0.0661289691925	0.0637202262878	0.0657300949097	0.065899848938	0.0626850128174	0.0638990402222	0.0779919624329	0.0659348964691	0.0614829063416	0.067743062973	0.0678558349609	0.0787401199341	0.0624477863312	0.066743850708	0.0629789829254	0.0672841072083	0.0650510787964	0.0655460357666	0.0687019824982	0.0652120113373	0.0735938549042	0.0581848621368	0.062432050705	0.0633690357208	0.0602209568024	0.06414103508	0.0664908885956	0.0626420974731	0.06769490242	0.0638010501862	0.065633058548	0.0605838298798	0.0646989345551	0.065731048584	0.0660669803619	0.073333978653	0.0632438659668	0.0676209926605	0.0642940998077	0.0661518573761	0.0633351802826	0.067528963089	0.0747718811035	0.0615420341492	0.0658957958221	0.0631239414215	
['./treeMaker/main', '-m', '-a', '2']
0.0477869510651	0.0488619804382	0.0472419261932	0.0491349697113	0.0491669178009	0.0473380088806	0.0491008758545	0.0489637851715	0.0471019744873	0.048595905304	0.0495579242706	0.0538699626923	0.0480599403381	0.0481460094452	0.0532879829407	0.0505859851837	0.0495991706848	0.0533599853516	0.0496559143066	0.0512030124664	0.0500450134277	0.0495529174805	0.0530099868774	0.0482158660889	0.0492601394653	0.0450711250305	0.052775144577	0.0504860877991	0.0485458374023	0.0621838569641	0.0537130832672	0.0522029399872	0.0535581111908	0.0505769252777	0.0496671199799	0.0496928691864	0.0543389320374	0.051017999649	0.0523960590363	0.0501620769501	0.0479619503021	0.0495791435242	0.0472559928894	0.0479340553284	0.0473549365997	0.0522170066833	0.048465013504	0.0458400249481	0.05224609375	0.0482850074768	
