25_1000_2.7e-10_0.0_470000000
25
1000
2.7e-10
0.0
470000000

['./treeMaker/main']
1.09728288651	0.713500976562	1.38799786568	1.53189301491	0.709101915359	1.62569999695	0.300798177719	0.386799097061	0.305954933167	2.84867310524	2.4175350666	5.55001401901	0.960832118988	1.80701804161	0.362247943878	1.04234313965	0.234996080399	3.16040587425	4.6992161274	5.20900702477	0.726855039597	1.37100505829	0.514880895615	1.86729097366	1.94374418259	2.91014909744	0.597299098969	0.573537826538	2.19785284996	1.84438991547	0.65807890892	0.486231803894	1.30571198463	9.04091715813	2.76797199249	0.380523920059	8.48502779007	0.867779016495	0.402830839157	0.889800071716	1.26994800568	8.45003986359	0.805201053619	2.1059820652	3.33457803726	2.48673796654	4.38115715981	2.23805212975	1.66867518425	1.15681004524	
['./treeMaker/main', '-b']
1.14306592941	0.735790014267	1.36175322533	1.5513021946	0.648751974106	1.6755130291	0.302989006042	0.420897960663	0.333758831024	2.91606807709	2.41611289978	5.29266381264	0.929041862488	1.85501909256	0.347309112549	1.03748106956	0.243358850479	3.13074707985	4.5862429142	5.29281687737	0.683928966522	1.46704506874	0.569257974625	1.92716479301	1.96932911873	2.73317408562	0.555313110352	0.628849983215	2.28587317467	1.73364901543	0.647628068924	0.459367990494	1.30373191833	9.13384079933	2.77146697044	0.406489849091	8.5594201088	0.984706878662	0.411361932755	0.853974103928	1.25968408585	8.77483701706	0.766464948654	2.09486699104	3.35032010078	2.69155597687	4.38602113724	2.25632596016	1.66258192062	1.25038599968	
['./treeMaker/main', '-u']
1.20551800728	0.731209993362	1.36600208282	1.55004906654	0.682059049606	1.6458530426	0.301342964172	0.393485069275	0.329102039337	2.848954916	2.3732008934	5.42392992973	0.910176038742	1.8346221447	0.335746049881	0.998157978058	0.256104946136	3.13633799553	4.70344495773	5.32220101357	0.672785997391	1.48991298676	0.556878089905	1.89332699776	1.97676801682	2.89515995979	0.585428953171	0.613120079041	2.32806801796	1.69353890419	0.64187002182	0.485847949982	1.27597093582	9.19916915894	2.44159388542	0.405050992966	8.23449397087	0.880450963974	0.421198129654	0.894545793533	1.16883993149	8.84585094452	0.79846906662	2.08951282501	3.43491005898	2.56189513206	4.47291684151	2.29480218887	1.71708297729	1.14800786972	
['./treeMaker/main', '-t', '-r', '1']
3.79488182068	2.87147879601	4.23088002205	4.24559116364	2.86113095284	4.37621879578	1.781717062	2.17870497704	1.85467910767	5.90714001656	5.40947198868	8.93137097359	3.31431698799	4.91514492035	1.80092096329	3.60574007034	1.49559211731	6.16015386581	8.28253507614	8.64787387848	2.91401791573	4.25105309486	2.40415215492	4.88806581497	5.02906894684	6.16871094704	2.67445802689	2.67078518867	5.13416600227	4.71947789192	2.86697793007	2.25479507446	4.07647204399	11.6795799732	5.60546898842	1.92096209526	11.4847848415	3.22047495842	2.27598500252	3.18072104454	3.91574692726	10.6171419621	3.20744514465	5.0184109211	6.81074595451	5.89056301117	7.90667796135	5.15318512917	4.59822392464	3.49061489105	
['./treeMaker/main', '-t', '-r', '2']
6.3097319603	4.71937394142	6.77530479431	7.6003780365	4.59699511528	7.8631708622	2.83592200279	3.4299800396	3.05218195915	10.1628448963	9.46761798859	14.2762238979	5.99699306488	7.86169600487	3.09631299973	5.64635705948	2.45036888123	11.0646910667	12.731003046	14.0721580982	4.74811697006	7.451212883	4.24484491348	7.85212612152	8.15901494026	10.0533440113	4.07494306564	4.23824310303	8.51699399948	7.98041915894	4.56359410286	3.69410014153	6.67948007584	19.5893781185	10.2340829372	3.58860397339	18.6589360237	5.47656297684	3.45149421692	5.23109793663	6.33741998672	20.222244978	5.02832388878	8.39346408844	10.8425331116	9.34463500977	14.3385119438	8.75226998329	7.69702410698	6.8517639637	
['./treeMaker/main', '-t', '-r', '1', '-N']
3.79001784325	2.83147883415	4.24358510971	4.19246101379	2.84922909737	4.33183598518	1.84864115715	2.13075113297	1.82128715515	5.94286394119	5.19699311256	8.87315392494	3.30642199516	4.94047904015	1.89967989922	3.51772904396	1.55367207527	6.30938887596	8.26017093658	8.59630393982	2.87892317772	4.23418688774	2.43575310707	4.8857820034	5.02896499634	6.17396783829	2.60011696815	2.6789700985	5.21626996994	4.60662698746	2.86399102211	2.26198196411	4.11752080917	11.6595950127	5.65016102791	1.8983001709	11.4374880791	3.15575790405	2.31141209602	3.18956112862	3.84174609184	10.5018219948	3.26428604126	5.21970701218	6.74746489525	5.87482690811	7.73888492584	5.24352288246	4.65089607239	3.56975793839	
['./treeMaker/main', '-t', '-r', '2', '-N']
6.33033204079	4.68564105034	6.5502269268	7.58989691734	4.59191083908	7.95119905472	2.85506296158	3.50818896294	3.04356503487	10.2177040577	9.63607287407	14.3197770119	6.03461503983	7.95247602463	3.03011393547	5.65800309181	2.44055199623	11.0260241032	12.7905681133	14.0057191849	4.67279696465	7.60324811935	4.18510317802	7.82515406609	8.21044206619	10.1531898975	4.1804330349	4.2035138607	8.6102950573	8.01344108582	4.60496306419	3.70984506607	6.65134501457	19.7779901028	10.3575298786	3.57282304764	18.6827220917	5.29186892509	3.53610897064	5.36461782455	6.26427698135	20.4083518982	5.06575703621	8.39894318581	11.2108550072	9.30662608147	14.3473041058	8.75282597542	7.80714011192	6.78636002541	
['./treeMaker/main', '-m']
0.158043146133	0.134048938751	0.161633968353	0.172622919083	0.125855922699	0.185405015945	0.114228010178	0.112881183624	0.0975670814514	0.211470127106	0.195555925369	0.270506858826	0.152678966522	0.179126977921	0.106163024902	0.159591913223	0.0850610733032	0.21817111969	0.245656967163	0.26721405983	0.129247188568	0.164900064468	0.134944200516	0.176450967789	0.184399843216	0.210333824158	0.121618032455	0.131582975388	0.194010972977	0.19238114357	0.125959157944	0.106998920441	0.155382156372	0.320573091507	0.210123062134	0.114931821823	0.309231042862	0.142439842224	0.108162879944	0.139871120453	0.158704996109	0.34063911438	0.137454032898	0.196496009827	0.210865020752	0.213073968887	0.243083953857	0.185169935226	0.172335147858	0.162234067917	
['./treeMaker/main', '-m', '-b']
0.175539016724	0.143435955048	0.163101911545	0.19867181778	0.129597902298	0.182459115982	0.115566015244	0.116142988205	0.109127044678	0.226562023163	0.22505903244	0.291563987732	0.163273096085	0.201807022095	0.103158950806	0.146539926529	0.0890889167786	0.232213020325	0.252130031586	0.290013074875	0.137542009354	0.184958934784	0.131330966949	0.183637142181	0.197530984879	0.230543136597	0.133023023605	0.133919000626	0.199126958847	0.185065984726	0.130419969559	0.122818946838	0.173305034637	0.346781015396	0.226614952087	0.113498926163	0.340001106262	0.145886182785	0.11777305603	0.153383016586	0.176786184311	0.368301868439	0.139695882797	0.204751014709	0.25323009491	0.217179059982	0.270536899567	0.20699095726	0.17408490181	0.187955141068	
['./treeMaker/main', '-m', '-w', '1']
0.161035060883	0.125223875046	0.164867162704	0.175537109375	0.12367105484	0.171159982681	0.0970230102539	0.117702960968	0.101668119431	0.203009843826	0.203591108322	0.265052080154	0.162638187408	0.1683781147	0.105309009552	0.147499084473	0.0924320220947	0.224985837936	0.244893074036	0.258849143982	0.133187055588	0.176040887833	0.117089033127	0.182246923447	0.174268960953	0.201195955276	0.126765012741	0.124360084534	0.200429916382	0.170372009277	0.131492137909	0.126415967941	0.168719053268	0.318574905396	0.201634168625	0.107747077942	0.308174133301	0.14448094368	0.103904008865	0.148030996323	0.163775920868	0.336167097092	0.132761001587	0.194013834	0.218814134598	0.1876039505	0.257174968719	0.192815065384	0.179385900497	0.167705059052	
['./treeMaker/main', '-m', '-w', '2']
0.167283058167	0.126763105392	0.156713962555	0.174481868744	0.133910179138	0.176682949066	0.0987420082092	0.108355998993	0.104679107666	0.217209815979	0.203327894211	0.280498027802	0.153563022614	0.186059951782	0.110989093781	0.141762018204	0.0862329006195	0.230149030685	0.256675004959	0.267683029175	0.135332107544	0.181992053986	0.116604089737	0.171075105667	0.178928852081	0.211659908295	0.118749141693	0.125251054764	0.189321994781	0.183743000031	0.124518156052	0.115123033524	0.156861782074	0.319272994995	0.198957204819	0.108094215393	0.311285018921	0.144080162048	0.113167047501	0.146286964417	0.159770011902	0.339879989624	0.139400005341	0.19149518013	0.213743925095	0.19324016571	0.244198083878	0.183646917343	0.186741828918	0.162472009659	
['./treeMaker/main', '-m', '-c', '1']
0.149865150452	0.138593912125	0.168941020966	0.176009178162	0.13433098793	0.187397956848	0.103156089783	0.112958908081	0.104528903961	0.215178966522	0.213212013245	0.248426198959	0.151515007019	0.167338848114	0.0989210605621	0.14786696434	0.0906240940094	0.221546173096	0.232177972794	0.268680095673	0.146903038025	0.162969112396	0.126541852951	0.188919067383	0.186892032623	0.204221963882	0.125859022141	0.11882686615	0.183571100235	0.17155790329	0.124877929688	0.108112812042	0.169625043869	0.308104038239	0.209202051163	0.112623929977	0.313288927078	0.151523828506	0.105631113052	0.139746904373	0.150527000427	0.328310012817	0.131152153015	0.179786920547	0.233472108841	0.199849843979	0.244666099548	0.201725006104	0.173320055008	0.179198980331	
['./treeMaker/main', '-m', '-c', '2']
0.162318944931	0.139403104782	0.161774873734	0.163778066635	0.124894857407	0.189603090286	0.100599050522	0.1070291996	0.0973570346832	0.20135807991	0.202980995178	0.250490188599	0.164473056793	0.169109106064	0.100443124771	0.138414859772	0.0862159729004	0.227037906647	0.243311882019	0.266517877579	0.134108066559	0.171157121658	0.123998880386	0.188888072968	0.183842897415	0.215070962906	0.123339891434	0.125691890717	0.19441485405	0.187825918198	0.132009029388	0.115021944046	0.156168937683	0.319120883942	0.210033893585	0.114785194397	0.313845157623	0.135354042053	0.104989051819	0.136831045151	0.167602062225	0.331204891205	0.138060808182	0.17705988884	0.21958899498	0.191012859344	0.254808187485	0.183765888214	0.174146175385	0.168077945709	
['./treeMaker/main', '-m', '-a', '1']
0.169213056564	0.142786979675	0.169966936111	0.198580026627	0.148933887482	0.209403991699	0.122271060944	0.130623102188	0.122289896011	0.227681875229	0.207127809525	0.279273986816	0.163542032242	0.185015916824	0.114935874939	0.168416023254	0.120218992233	0.223968029022	0.259454965591	0.285800933838	0.150663137436	0.182661056519	0.152711868286	0.200567007065	0.212485074997	0.234966039658	0.14274096489	0.136976003647	0.208933115005	0.207875013351	0.14222407341	0.138456821442	0.173423051834	0.336945056915	0.22181892395	0.131561994553	0.326272010803	0.16907286644	0.122783899307	0.170276880264	0.175479888916	0.358421087265	0.154069185257	0.206027984619	0.229963064194	0.205539941788	0.271457195282	0.213355064392	0.197885990143	0.191562175751	
['./treeMaker/main', '-m', '-a', '2']
0.16077709198	0.127053022385	0.153313875198	0.179231882095	0.127424001694	0.193139791489	0.11159992218	0.111618041992	0.101298809052	0.218824863434	0.19678401947	0.257715940475	0.146922111511	0.173322916031	0.105058908463	0.146263122559	0.0916590690613	0.229753017426	0.231252908707	0.27018404007	0.132568120956	0.172409057617	0.116599082947	0.180891036987	0.174619913101	0.211798906326	0.121522903442	0.125344991684	0.189167022705	0.171033859253	0.131815195084	0.115316867828	0.163371086121	0.322236061096	0.198568820953	0.11438202858	0.315499067307	0.135140895844	0.106086015701	0.143594026566	0.155281066895	0.340006113052	0.136991024017	0.20326590538	0.219608068466	0.200943946838	0.259089946747	0.205440998077	0.175799846649	0.169015884399	
