25_1000_4.9e-10_4.9e-10_470000000_cut_2
25
1000
4.9e-10
4.9e-10
470000000
cut_2
['./treeMaker/main']
0.100960016251	0.223441123962	0.259732961655	0.122372865677	0.157709121704	0.101912021637	0.157907962799	0.19083404541	0.178951025009	0.144247055054	0.146088838577	0.151036977768	0.1409471035	0.136996030807	0.116835832596	0.0969889163971	0.197016000748	0.44004201889	0.134007930756	0.110639095306	0.153046131134	0.111786842346	0.177557945251	0.258470058441	0.269510030746	0.100803136826	0.203959941864	0.138219118118	0.0849270820618	0.0951118469238	0.361783981323	0.173760175705	1.42121911049	0.145109891891	0.0573699474335	0.203785181046	0.140057086945	0.123461008072	0.102819919586	0.287486076355	0.115792036057	0.180563926697	1.07278990746	0.105287075043	0.195228099823	0.110948085785	0.0397398471832	0.0900518894196	0.0884788036346	0.590239048004	
['./treeMaker/main', '-b']
0.105129957199	0.248956918716	0.250194072723	0.119467973709	0.161111116409	0.10364484787	0.168365955353	0.185608863831	0.17040514946	0.146678924561	0.176039934158	0.179220914841	0.141875982285	0.139628171921	0.121253013611	0.101585149765	0.219437837601	0.413316011429	0.134569168091	0.112908124924	0.134717941284	0.109485864639	0.174142837524	0.262011051178	0.271962165833	0.102807998657	0.193922042847	0.144127845764	0.0912580490112	0.101057052612	0.370988130569	0.15665102005	1.41673803329	0.146097898483	0.0570158958435	0.199553966522	0.142706155777	0.125702142715	0.1046230793	0.295204877853	0.114550828934	0.191837072372	1.09526491165	0.107510089874	0.209661006927	0.120584964752	0.041347026825	0.0955691337585	0.0925967693329	0.587053060532	
['./treeMaker/main', '-u']
0.102508068085	0.223530054092	0.247297048569	0.132544994354	0.152997016907	0.103854179382	0.155199050903	0.175283908844	0.161116123199	0.143582820892	0.15199804306	0.148532867432	0.139580011368	0.13921713829	0.11576294899	0.100579023361	0.202231168747	0.426068067551	0.138551950455	0.111030101776	0.152289152145	0.109133958817	0.183449983597	0.248058080673	0.243209123611	0.104499101639	0.207263946533	0.123561143875	0.0879280567169	0.100070953369	0.357854127884	0.158276796341	1.3246049881	0.144320964813	0.0560958385468	0.196478128433	0.141982793808	0.128247022629	0.108114957809	0.291750907898	0.1156001091	0.179802179337	1.08695697784	0.103809833527	0.1954870224	0.116278886795	0.0426111221313	0.0950360298157	0.10468506813	0.583598136902	
['./treeMaker/main', '-t', '-r', '1']
1.06426692009	1.82109594345	1.85311102867	1.16999697685	1.41895103455	1.01515698433	1.46908807755	1.55162787437	1.42842698097	1.37349510193	1.40402793884	1.38580584526	1.31671786308	1.26178216934	1.1751768589	1.00926995277	1.67350816727	2.47281908989	1.1881210804	1.04100704193	1.27060818672	1.10875487328	1.52658581734	1.98520088196	1.89110994339	1.03195905685	1.68854188919	1.30194306374	0.926069021225	1.01434516907	2.37885212898	1.44586110115	5.12936091423	1.30793309212	0.589432001114	1.7563290596	1.29343891144	1.20881700516	1.10089802742	2.08698701859	1.08251404762	1.59212684631	4.0664229393	0.95526099205	1.70015001297	1.08413100243	0.427182197571	1.01205587387	0.886390924454	2.99467992783	
['./treeMaker/main', '-t', '-r', '2']
1.52578401566	2.83329701424	2.90322613716	1.7324051857	2.09240698814	1.53298807144	2.0907740593	2.29204797745	2.27218198776	2.01778388023	2.20915102959	2.13575196266	2.1774160862	1.9607219696	1.71105599403	1.4563498497	2.51468110085	4.13623285294	1.91903305054	1.72656202316	1.8674519062	1.78127384186	2.20647215843	2.88677000999	2.95286393166	1.7281088829	2.43216085434	1.95255208015	1.28639292717	1.54237294197	3.58594107628	2.13978695869	7.08550405502	1.93518614769	0.989526033401	2.63115000725	2.03154706955	1.80511784554	1.56614398956	3.24598693848	1.7169380188	2.66940379143	6.38894915581	1.42937994003	2.55782198906	1.59034204483	0.669960975647	1.49738407135	1.36361408234	4.74013090134	
['./treeMaker/main', '-t', '-r', '1', '-N']
1.00089097023	1.87873983383	1.81202316284	1.1629319191	1.4222509861	1.04474377632	1.49080109596	1.55134797096	1.43015909195	1.39182496071	1.38347315788	1.39630889893	1.31950998306	1.25421500206	1.20260906219	0.989379882812	1.67759895325	2.46872091293	1.18374109268	1.03759789467	1.2618021965	1.11791610718	1.52442502975	2.03918004036	1.88587903976	1.03572893143	1.65099406242	1.26869988441	0.91509604454	0.999308109283	2.34745407104	1.4483320713	5.1494011879	1.34827589989	0.619204998016	1.77840399742	1.29838705063	1.28405499458	1.06606698036	2.11170506477	1.06745004654	1.55892801285	4.02704310417	0.956609010696	1.78859901428	1.06677889824	0.458517789841	1.00658488274	0.945173978806	2.99296689034	
['./treeMaker/main', '-t', '-r', '2', '-N']
1.51195311546	2.90061211586	2.91598701477	1.79094004631	2.15126514435	1.58950304985	2.0439760685	2.27796006203	2.28549313545	1.98347878456	2.23728013039	2.13567304611	2.18353700638	2.01252102852	1.7384698391	1.4840259552	2.58145594597	4.12251114845	1.90061998367	1.70529603958	1.9755449295	1.78390884399	2.31474614143	2.84589385986	3.01638698578	1.69838094711	2.48152089119	1.97876286507	1.35506010056	1.48927283287	3.57122993469	2.14269590378	7.17360210419	2.00002384186	0.948314905167	2.66499710083	2.0660200119	1.80854797363	1.55123090744	3.25225996971	1.79720401764	2.63111495972	6.5248670578	1.42351794243	2.58568191528	1.63689398766	0.696794986725	1.41470217705	1.40980792046	4.73387503624	
['./treeMaker/main', '-m']
0.0496971607208	0.0619750022888	0.064759016037	0.0477170944214	0.0519428253174	0.0434250831604	0.0524759292603	0.0540871620178	0.0545299053192	0.0485150814056	0.0501570701599	0.0540060997009	0.0548310279846	0.0526149272919	0.0493948459625	0.0489580631256	0.0598058700562	0.0831038951874	0.0533487796783	0.0497539043427	0.0496299266815	0.0458881855011	0.0565462112427	0.0649538040161	0.0669598579407	0.0563590526581	0.061675786972	0.0527679920197	0.0419960021973	0.048593044281	0.0759742259979	0.0532991886139	0.125962972641	0.0577671527863	0.0332329273224	0.0614719390869	0.053279876709	0.0498921871185	0.0584201812744	0.0691921710968	0.046021938324	0.0584120750427	0.113535881042	0.0446808338165	0.0573990345001	0.0466091632843	0.0269339084625	0.04123711586	0.0417819023132	0.0992529392242	
['./treeMaker/main', '-m', '-b']
0.0568580627441	0.0697770118713	0.070464849472	0.0497899055481	0.0571749210358	0.046923160553	0.0563399791718	0.0589799880981	0.0595118999481	0.0528321266174	0.0543339252472	0.055732011795	0.055016040802	0.0525031089783	0.0492959022522	0.0460150241852	0.0733230113983	0.0917649269104	0.0577919483185	0.0528700351715	0.0545229911804	0.0511322021484	0.0599749088287	0.0706100463867	0.0709800720215	0.0514872074127	0.0631668567657	0.0520830154419	0.0443770885468	0.0474030971527	0.0790271759033	0.0590770244598	0.145755767822	0.052451133728	0.0333890914917	0.0624299049377	0.0530920028687	0.0497550964355	0.0451650619507	0.0716841220856	0.0540568828583	0.0625760555267	0.120903015137	0.0474920272827	0.0620360374451	0.0495359897614	0.0284280776978	0.044075012207	0.0442171096802	0.0961699485779	
['./treeMaker/main', '-m', '-w', '1']
0.0445110797882	0.0636339187622	0.0656640529633	0.0514311790466	0.0601980686188	0.0489728450775	0.0520172119141	0.0560519695282	0.0568449497223	0.0598709583282	0.0531628131866	0.0541961193085	0.0552351474762	0.0495200157166	0.0468721389771	0.043751001358	0.0597569942474	0.0825200080872	0.0510768890381	0.0468850135803	0.0501699447632	0.0454840660095	0.0564539432526	0.0650608539581	0.0670521259308	0.0442531108856	0.0576920509338	0.0488770008087	0.0402231216431	0.0430500507355	0.073490858078	0.0660178661346	0.116811037064	0.053328037262	0.0325169563293	0.0619661808014	0.0522980690002	0.0487711429596	0.0445358753204	0.0703330039978	0.0467040538788	0.0588030815125	0.10594701767	0.0436201095581	0.0555760860443	0.045352935791	0.0281989574432	0.0415849685669	0.042151927948	0.0893731117249	
['./treeMaker/main', '-m', '-w', '2']
0.0449211597443	0.0613310337067	0.0635042190552	0.0465819835663	0.064553976059	0.0451440811157	0.0666189193726	0.0550329685211	0.0551631450653	0.0487420558929	0.0503561496735	0.0515201091766	0.0507981777191	0.0489888191223	0.0462369918823	0.042603969574	0.0582587718964	0.0836901664734	0.0510799884796	0.0460879802704	0.0489859580994	0.044585943222	0.0709009170532	0.071121931076	0.0698089599609	0.0474758148193	0.0605640411377	0.0512049198151	0.0425760746002	0.0461790561676	0.0756249427795	0.0539510250092	0.125673055649	0.0535411834717	0.0372610092163	0.0645141601562	0.0575149059296	0.0522029399872	0.0490489006042	0.0736939907074	0.0498609542847	0.0595190525055	0.11576294899	0.0452110767365	0.0573229789734	0.0462839603424	0.0270750522614	0.0404591560364	0.041139125824	0.0866801738739	
['./treeMaker/main', '-m', '-c', '1']
0.0435338020325	0.0610129833221	0.0631408691406	0.0462548732758	0.052020072937	0.0436599254608	0.0520169734955	0.0550920963287	0.0560729503632	0.0496990680695	0.0511200428009	0.0525739192963	0.0518350601196	0.0495901107788	0.0467510223389	0.0561428070068	0.0569360256195	0.0939462184906	0.0510230064392	0.0466949939728	0.0498929023743	0.0453000068665	0.0565700531006	0.0645351409912	0.0674140453339	0.0418860912323	0.0557019710541	0.0475080013275	0.0389001369476	0.0417590141296	0.0706770420074	0.0510580539703	0.116971969604	0.0504701137543	0.0310320854187	0.0585069656372	0.0504238605499	0.0464880466461	0.0422129631042	0.066978931427	0.0443828105927	0.0560960769653	0.10768198967	0.0433678627014	0.0552618503571	0.0450639724731	0.0290069580078	0.0415699481964	0.0421071052551	0.0894770622253	
['./treeMaker/main', '-m', '-c', '2']
0.0446698665619	0.0635778903961	0.0652871131897	0.0477960109711	0.0536539554596	0.0446150302887	0.0532140731812	0.056027173996	0.0560591220856	0.048583984375	0.0496201515198	0.0504739284515	0.0498540401459	0.0481481552124	0.0449709892273	0.0422761440277	0.0578060150146	0.0789680480957	0.0496499538422	0.0458099842072	0.0640218257904	0.049614906311	0.0580930709839	0.0670459270477	0.0658128261566	0.0428640842438	0.0555799007416	0.0472218990326	0.0389769077301	0.0415351390839	0.0703480243683	0.0509579181671	0.116834163666	0.0500700473785	0.0312190055847	0.0584809780121	0.049861907959	0.04660987854	0.042279958725	0.0668270587921	0.0446848869324	0.0589289665222	0.112689971924	0.0447549819946	0.0555300712585	0.0518929958344	0.0365982055664	0.0423557758331	0.0439779758453	0.0867211818695	
['./treeMaker/main', '-m', '-a', '1']
0.0492238998413	0.0681591033936	0.0692191123962	0.052188873291	0.0596771240234	0.0493991374969	0.0557579994202	0.0599360466003	0.0616779327393	0.0545258522034	0.0545098781586	0.0552868843079	0.0578401088715	0.0566301345825	0.0527970790863	0.0505218505859	0.0643529891968	0.0893309116364	0.0601398944855	0.0539569854736	0.0601439476013	0.0497660636902	0.0631558895111	0.0815770626068	0.073616027832	0.0584590435028	0.0628309249878	0.0547029972076	0.0459260940552	0.048987865448	0.077800989151	0.058336019516	0.127447843552	0.0541439056396	0.0349860191345	0.0635769367218	0.0550911426544	0.0513060092926	0.046443939209	0.0715141296387	0.0490698814392	0.0616009235382	0.111969947815	0.0477929115295	0.0598781108856	0.0489659309387	0.0295329093933	0.0433690547943	0.0444629192352	0.0892360210419	
['./treeMaker/main', '-m', '-a', '2']
0.0429971218109	0.0610911846161	0.0627579689026	0.0460319519043	0.0524749755859	0.043142080307	0.0514149665833	0.0547890663147	0.0675840377808	0.052013874054	0.0565860271454	0.056263923645	0.0545680522919	0.059011220932	0.0469131469727	0.0450370311737	0.0635030269623	0.0850040912628	0.051393032074	0.0474178791046	0.0511581897736	0.0459790229797	0.0698981285095	0.0704660415649	0.0793440341949	0.0426330566406	0.0554111003876	0.0506191253662	0.0434429645538	0.0474071502686	0.0770220756531	0.0548338890076	0.11813211441	0.0639100074768	0.0310850143433	0.0585908889771	0.050311088562	0.04727602005	0.0428729057312	0.0675160884857	0.0446741580963	0.0562000274658	0.107038974762	0.0434050559998	0.0556259155273	0.0450210571289	0.0263340473175	0.039990901947	0.0406200885773	0.0849680900574	
