25_1000_0_0_10000
25
1000
0
0
10000

['./treeMaker/main']
0.0	0.0	0.0	0.0	0.0	0.0	0.0	0.0	0.0	0.0	0.0	0.0	0.0	0.0	0.0	0.0	0.0	0.0	0.0	0.0	0.0	0.0	0.0	0.0	0.0	0.0	0.0	0.0	0.0	0.0	0.0	0.0	0.0	0.0	0.0	0.0	0.0	0.0	0.0	0.0	0.0	0.0	0.0	0.0	0.0	0.0	0.0	0.0	0.0	0.0	
['./treeMaker/main', '-b']
0.0	0.0	0.0	0.0	0.0	0.0	0.0	0.0	0.0	0.0	0.0	0.0	0.0	0.0	0.0	0.0	0.0	0.0	0.0	0.0	0.0	0.0	0.0	0.0	0.0	0.0	0.0	0.0	0.0	0.0	0.0	0.0	0.0	0.0	0.0	0.0	0.0	0.0	0.0	0.0	0.0	0.0	0.0	0.0	0.0	0.0	0.0	0.0	0.0	0.0	
['./treeMaker/main', '-u']
0.0	0.0	0.0	0.0	0.0	0.0	0.0	0.0	0.0	0.0	0.0	0.0	0.0	0.0	0.0	0.0	0.0	0.0	0.0	0.0	0.0	0.0	0.0	0.0	0.0	0.0	0.0	0.0	0.0	0.0	0.0	0.0	0.0	0.0	0.0	0.0	0.0	0.0	0.0	0.0	0.0	0.0	0.0	0.0	0.0	0.0	0.0	0.0	0.0	0.0	
['./treeMaker/main', '-t', '-r', '1']
0.0	0.0	0.0	0.0	0.0	0.0	0.0	0.0	0.0	0.0	0.0	0.0	0.0	0.0	0.0	0.0	0.0	0.0	0.0	0.0	0.0	0.0	0.0	0.0	0.0	0.0	0.0	0.0	0.0	0.0	0.0	0.0	0.0	0.0	0.0	0.0	0.0	0.0	0.0	0.0	0.0	0.0	0.0	0.0	0.0	0.0	0.0	0.0	0.0	0.0	
['./treeMaker/main', '-t', '-r', '2']
0.0	0.0	0.0	0.0	0.0	0.0	0.0	0.0	0.0	0.0	0.0	0.0	0.0	0.0	0.0	0.0	0.0	0.0	0.0	0.0	0.0	0.0	0.0	0.0	0.0	0.0	0.0	0.0	0.0	0.0	0.0	0.0	0.0	0.0	0.0	0.0	0.0	0.0	0.0	0.0	0.0	0.0	0.0	0.0	0.0	0.0	0.0	0.0	0.0	0.0	
['./treeMaker/main', '-t', '-r', '1', '-N']
0.0	0.0	0.0	0.0	0.0	0.0	0.0	0.0	0.0	0.0	0.0	0.0	0.0	0.0	0.0	0.0	0.0	0.0	0.0	0.0	0.0	0.0	0.0	0.0	0.0	0.0	0.0	0.0	0.0	0.0	0.0	0.0	0.0	0.0	0.0	0.0	0.0	0.0	0.0	0.0	0.0	0.0	0.0	0.0	0.0	0.0	0.0	0.0	0.0	0.0	
['./treeMaker/main', '-t', '-r', '2', '-N']
0.0	0.0	0.0	0.0	0.0	0.0	0.0	0.0	0.0	0.0	0.0	0.0	0.0	0.0	0.0	0.0	0.0	0.0	0.0	0.0	0.0	0.0	0.0	0.0	0.0	0.0	0.0	0.0	0.0	0.0	0.0	0.0	0.0	0.0	0.0	0.0	0.0	0.0	0.0	0.0	0.0	0.0	0.0	0.0	0.0	0.0	0.0	0.0	0.0	0.0	
['./treeMaker/main', '-m']
0.0	0.0	0.0	0.0	0.0	0.0	0.0	0.0	0.0	0.0	0.0	0.0	0.0	0.0	0.0	0.0	0.0	0.0	0.0	0.0	0.0	0.0	0.0	0.0	0.0	0.0	0.0	0.0	0.0	0.0	0.0	0.0	0.0	0.0	0.0	0.0	0.0	0.0	0.0	0.0	0.0	0.0	0.0	0.0	0.0	0.0	0.0	0.0	0.0	0.0	
['./treeMaker/main', '-m', '-b']
0.0	0.0	0.0	0.0	0.0	0.0	0.0	0.0	0.0	0.0	0.0	0.0	0.0	0.0	0.0	0.0	0.0	0.0	0.0	0.0	0.0	0.0	0.0	0.0	0.0	0.0	0.0	0.0	0.0	0.0	0.0	0.0	0.0	0.0	0.0	0.0	0.0	0.0	0.0	0.0	0.0	0.0	0.0	0.0	0.0	0.0	0.0	0.0	0.0	0.0	
['./treeMaker/main', '-m', '-w', '1']
0.0	0.0	0.0	0.0	0.0	0.0	0.0	0.0	0.0	0.0	0.0	0.0	0.0	0.0	0.0	0.0	0.0	0.0	0.0	0.0	0.0	0.0	0.0	0.0	0.0	0.0	0.0	0.0	0.0	0.0	0.0	0.0	0.0	0.0	0.0	0.0	0.0	0.0	0.0	0.0	0.0	0.0	0.0	0.0	0.0	0.0	0.0	0.0	0.0	0.0	
['./treeMaker/main', '-m', '-w', '2']
0.0	0.0	0.0	0.0	0.0	0.0	0.0	0.0	0.0	0.0	0.0	0.0	0.0	0.0	0.0	0.0	0.0	0.0	0.0	0.0	0.0	0.0	0.0	0.0	0.0	0.0	0.0	0.0	0.0	0.0	0.0	0.0	0.0	0.0	0.0	0.0	0.0	0.0	0.0	0.0	0.0	0.0	0.0	0.0	0.0	0.0	0.0	0.0	0.0	0.0	
['./treeMaker/main', '-m', '-c', '1']
0.173913043478	0.217391304348	0.217391304348	0.130434782609	0.130434782609	0.0869565217391	0.217391304348	0.304347826087	0.217391304348	0.130434782609	0.173913043478	0.173913043478	0.0869565217391	0.0	0.217391304348	0.173913043478	0.0869565217391	0.130434782609	0.130434782609	0.304347826087	0.217391304348	0.0434782608696	0.173913043478	0.0434782608696	0.304347826087	0.0869565217391	0.0869565217391	0.173913043478	0.130434782609	0.0434782608696	0.391304347826	0.217391304348	0.130434782609	0.0	0.173913043478	0.173913043478	0.0869565217391	0.260869565217	0.0434782608696	0.0434782608696	0.260869565217	0.173913043478	0.0	0.130434782609	0.0869565217391	0.130434782609	0.0434782608696	0.173913043478	0.260869565217	0.130434782609	
['./treeMaker/main', '-m', '-c', '2']
0.130434782609	0.217391304348	0.217391304348	0.130434782609	0.0869565217391	0.0869565217391	0.304347826087	0.260869565217	0.173913043478	0.130434782609	0.173913043478	0.217391304348	0.0869565217391	0.0	0.260869565217	0.173913043478	0.0434782608696	0.130434782609	0.130434782609	0.260869565217	0.260869565217	0.0434782608696	0.173913043478	0.0	0.304347826087	0.173913043478	0.0434782608696	0.0869565217391	0.0869565217391	0.0434782608696	0.347826086957	0.217391304348	0.0869565217391	0.0	0.173913043478	0.173913043478	0.0869565217391	0.217391304348	0.0434782608696	0.0434782608696	0.260869565217	0.130434782609	0.0	0.130434782609	0.0869565217391	0.0434782608696	0.0434782608696	0.173913043478	0.217391304348	0.130434782609	
['./treeMaker/main', '-m', '-a', '1']
0.0	0.0	0.0	0.0	0.0	0.0	0.0	0.0	0.0	0.0	0.0	0.0	0.0	0.0	0.0	0.0	0.0	0.0	0.0	0.0	0.0	0.0	0.0	0.0	0.0	0.0	0.0	0.0	0.0	0.0	0.0	0.0	0.0	0.0	0.0	0.0	0.0	0.0	0.0	0.0	0.0	0.0	0.0	0.0	0.0	0.0	0.0	0.0	0.0	0.0	
['./treeMaker/main', '-m', '-a', '2']
0.913043478261	1.0	0.95652173913	0.95652173913	0.739130434783	0.913043478261	0.826086956522	0.869565217391	0.913043478261	0.869565217391	0.913043478261	0.913043478261	0.869565217391	0.826086956522	0.869565217391	0.95652173913	0.95652173913	0.826086956522	0.869565217391	0.652173913043	0.826086956522	0.95652173913	0.782608695652	0.826086956522	0.826086956522	0.913043478261	0.913043478261	0.95652173913	0.739130434783	0.826086956522	0.95652173913	1.0	0.826086956522	0.826086956522	0.913043478261	0.95652173913	0.869565217391	0.913043478261	0.869565217391	0.869565217391	0.913043478261	0.913043478261	0.913043478261	0.95652173913	0.869565217391	0.913043478261	0.913043478261	0.95652173913	0.913043478261	0.869565217391	
