25_1000_0_0_10000
25
1000
0
0
10000

['./treeMaker/main']
0.0443429946899	0.0441188812256	0.0440640449524	0.0438339710236	0.044548034668	0.0439698696136	0.0438930988312	0.0594069957733	0.0446169376373	0.0447208881378	0.0488681793213	0.0459680557251	0.045511007309	0.0462670326233	0.0465919971466	0.0464768409729	0.0474660396576	0.0454149246216	0.0463199615479	0.0462028980255	0.047003030777	0.0471060276031	0.0455319881439	0.0451390743256	0.0460197925568	0.045835018158	0.0459299087524	0.0458610057831	0.0464391708374	0.0464169979095	0.0457680225372	0.0456049442291	0.0459930896759	0.0465970039368	0.0464420318604	0.0501961708069	0.0469279289246	0.0468988418579	0.0460429191589	0.046532869339	0.0465221405029	0.0475409030914	0.0465841293335	0.0462548732758	0.04643201828	0.0467669963837	0.0465729236603	0.0467350482941	0.0475981235504	0.0488600730896	
['./treeMaker/main', '-b']
0.0464010238647	0.0465030670166	0.0475389957428	0.0467870235443	0.0464019775391	0.0478701591492	0.0467660427094	0.0465109348297	0.0451979637146	0.0473549365997	0.0476369857788	0.0450091362	0.0450201034546	0.0465860366821	0.0487790107727	0.0468649864197	0.0483691692352	0.055652141571	0.0458130836487	0.0479280948639	0.0572278499603	0.0481770038605	0.0467641353607	0.0461242198944	0.0468900203705	0.0472071170807	0.0468518733978	0.0474848747253	0.0464110374451	0.0565900802612	0.0466659069061	0.0472850799561	0.0477759838104	0.0519149303436	0.0483181476593	0.0463647842407	0.0472378730774	0.0455009937286	0.0457408428192	0.0496120452881	0.0459599494934	0.0507938861847	0.0479559898376	0.0474588871002	0.0565299987793	0.0497710704803	0.0467410087585	0.0461809635162	0.0502829551697	0.0485351085663	
['./treeMaker/main', '-u']
0.0456109046936	0.0474829673767	0.0471029281616	0.0443098545074	0.0488300323486	0.0476250648499	0.0454819202423	0.0472681522369	0.0445051193237	0.0457661151886	0.0500340461731	0.0461909770966	0.0466859340668	0.0458970069885	0.0465059280396	0.0446269512177	0.046108007431	0.0464758872986	0.0479991436005	0.049113035202	0.0469298362732	0.0466740131378	0.0458428859711	0.0441222190857	0.0462050437927	0.0469329357147	0.046758890152	0.0442450046539	0.0460040569305	0.0470061302185	0.0472059249878	0.0472321510315	0.045804977417	0.0467629432678	0.0468599796295	0.0480949878693	0.0471069812775	0.0464107990265	0.0470869541168	0.0466539859772	0.0465178489685	0.046797990799	0.0465052127838	0.0473911762238	0.0468850135803	0.0471789836884	0.0459949970245	0.0476789474487	0.0463781356812	0.0467920303345	
['./treeMaker/main', '-t', '-r', '1']
0.342389822006	0.341022968292	0.358101844788	0.358907938004	0.356830120087	0.369647026062	0.343307971954	0.342079162598	0.3547539711	0.340816020966	0.371564149857	0.357144117355	0.374356031418	0.356209993362	0.359300851822	0.357701778412	0.354197978973	0.340396881104	0.342188835144	0.360938072205	0.342730998993	0.34167599678	0.356284856796	0.357567071915	0.359893083572	0.357537031174	0.355554103851	0.359046936035	0.35885310173	0.358980894089	0.358931064606	0.370190143585	0.401281118393	0.343498945236	0.361979007721	0.348238945007	0.362607002258	0.341933965683	0.353968143463	0.356531858444	0.358664989471	0.351489067078	0.354403972626	0.352807998657	0.343016862869	0.341645956039	0.35635304451	0.355746984482	0.368526935577	0.36333489418	
['./treeMaker/main', '-t', '-r', '2']
0.425744771957	0.42574095726	0.420516014099	0.455723047256	0.420943975449	0.430885076523	0.435374975204	0.448381900787	0.44087100029	0.414376020432	0.430969953537	0.431570053101	0.428249120712	0.411823034286	0.440598964691	0.408461809158	0.402255058289	0.415823221207	0.440351009369	0.43116402626	0.43771314621	0.437534809113	0.453106880188	0.422954082489	0.432230949402	0.417732954025	0.417593002319	0.421276092529	0.408226966858	0.423624992371	0.445815086365	0.41371679306	0.415957927704	0.427565813065	0.42271399498	0.432823896408	0.423321962357	0.442370891571	0.417799949646	0.399353027344	0.427530050278	0.433143138885	0.391107082367	0.43127989769	0.418105840683	0.425901174545	0.430963993073	0.422200918198	0.431216001511	0.423372983932	
['./treeMaker/main', '-t', '-r', '1', '-N']
0.357244968414	0.358034133911	0.343113899231	0.358016014099	0.354727983475	0.364634037018	0.361443996429	0.356613874435	0.378340959549	0.35298705101	0.359537124634	0.370371103287	0.366724014282	0.337861061096	0.357625007629	0.365980863571	0.360691070557	0.343898057938	0.358881950378	0.361346960068	0.344388961792	0.353856086731	0.340020179749	0.355020999908	0.357586145401	0.351595878601	0.339427947998	0.355507135391	0.345127105713	0.366230964661	0.340490818024	0.364837884903	0.338776111603	0.35769701004	0.364362955093	0.358070135117	0.355654001236	0.356068134308	0.338869810104	0.337178945541	0.360188961029	0.365396022797	0.344021081924	0.34325003624	0.340476036072	0.358758926392	0.338540792465	0.357941150665	0.362053871155	0.356600999832	
['./treeMaker/main', '-t', '-r', '2', '-N']
0.418309926987	0.413280010223	0.425706863403	0.432505130768	0.408903121948	0.431537151337	0.447027921677	0.431738138199	0.440003871918	0.420563936234	0.433254957199	0.421956062317	0.437365055084	0.406152963638	0.439862012863	0.408391952515	0.409941911697	0.422355890274	0.433773994446	0.431715011597	0.432396888733	0.420635938644	0.430761814117	0.422869920731	0.441148042679	0.426218032837	0.418033838272	0.408184051514	0.415082931519	0.419348955154	0.437696933746	0.422530174255	0.420827150345	0.427914142609	0.404279947281	0.407716989517	0.426367044449	0.442543029785	0.416723012924	0.427846908569	0.429859161377	0.43688583374	0.402901172638	0.418036937714	0.421814918518	0.43906879425	0.394869089127	0.424741029739	0.415600061417	0.437198877335	
['./treeMaker/main', '-m']
0.0442368984222	0.0443539619446	0.0454092025757	0.0443680286407	0.0457680225372	0.0444688796997	0.0450551509857	0.0445101261139	0.0435049533844	0.0443520545959	0.0483558177948	0.0467410087585	0.0451891422272	0.0453090667725	0.0451009273529	0.0449571609497	0.0459311008453	0.0450990200043	0.0446319580078	0.0452010631561	0.0486168861389	0.0449981689453	0.0444900989532	0.0444099903107	0.0459530353546	0.0449659824371	0.0451548099518	0.0451550483704	0.0446817874908	0.0458719730377	0.0484220981598	0.0465190410614	0.0464961528778	0.0574140548706	0.0449888706207	0.0459249019623	0.0463588237762	0.047924041748	0.0442800521851	0.0456461906433	0.0447371006012	0.0460999011993	0.0477910041809	0.0455338954926	0.0430710315704	0.0475599765778	0.0453999042511	0.0445051193237	0.0451378822327	0.0444941520691	
['./treeMaker/main', '-m', '-b']
0.0475149154663	0.0460159778595	0.0455150604248	0.0467319488525	0.0458450317383	0.0463790893555	0.0458979606628	0.045902967453	0.0455448627472	0.0440380573273	0.0469241142273	0.0462911128998	0.0460109710693	0.0482850074768	0.0490300655365	0.0449578762054	0.0526480674744	0.0560410022736	0.0468039512634	0.0440340042114	0.0446269512177	0.0443460941315	0.0443329811096	0.0426778793335	0.0431780815125	0.0430641174316	0.0428669452667	0.0433511734009	0.0428760051727	0.0427618026733	0.0427060127258	0.0427029132843	0.0428721904755	0.0429801940918	0.0426061153412	0.0433371067047	0.0430657863617	0.0431180000305	0.0572309494019	0.0433759689331	0.0432989597321	0.0448288917542	0.0442991256714	0.0427441596985	0.0426399707794	0.0427260398865	0.0546879768372	0.0436389446259	0.0459740161896	0.0467300415039	
['./treeMaker/main', '-m', '-w', '1']
0.0453498363495	0.045881986618	0.0453670024872	0.0441348552704	0.0446209907532	0.0446238517761	0.0454611778259	0.0447850227356	0.0459151268005	0.0459358692169	0.0451271533966	0.0459349155426	0.0444810390472	0.0452749729156	0.0466039180756	0.0448579788208	0.0433440208435	0.0456099510193	0.0447189807892	0.0462200641632	0.0476889610291	0.0471220016479	0.0469210147858	0.0483508110046	0.0464949607849	0.0466339588165	0.0458130836487	0.0466928482056	0.0461990833282	0.0452470779419	0.0457229614258	0.0450689792633	0.0445659160614	0.0474870204926	0.0452439785004	0.0457739830017	0.0483100414276	0.0454590320587	0.0451958179474	0.0479819774628	0.0429480075836	0.0450501441956	0.0485830307007	0.0445318222046	0.0456550121307	0.0481491088867	0.0539410114288	0.0449688434601	0.046205997467	0.0449481010437	
['./treeMaker/main', '-m', '-w', '2']
0.0457720756531	0.0463128089905	0.057021856308	0.0457470417023	0.0479438304901	0.0468299388885	0.0464129447937	0.0486829280853	0.0460159778595	0.0449719429016	0.0493628978729	0.0432479381561	0.0429780483246	0.0429019927979	0.0433280467987	0.042778968811	0.0532109737396	0.0450479984283	0.0466799736023	0.0458669662476	0.0458650588989	0.045881986618	0.0465660095215	0.0431020259857	0.0466740131378	0.044823884964	0.0472469329834	0.054948091507	0.0456728935242	0.0459520816803	0.0466520786285	0.0447402000427	0.0451149940491	0.0454950332642	0.0454699993134	0.045637845993	0.0450420379639	0.0450291633606	0.0505349636078	0.0456218719482	0.0452890396118	0.0435359477997	0.0532341003418	0.0469830036163	0.0455400943756	0.0448739528656	0.0446469783783	0.0460140705109	0.044704914093	0.0453729629517	
['./treeMaker/main', '-m', '-c', '1']
0.0445630550385	0.0455281734467	0.044440984726	0.045872926712	0.0454950332642	0.0446071624756	0.0463500022888	0.0455639362335	0.0445880889893	0.0440587997437	0.0452671051025	0.0451560020447	0.0483589172363	0.0457029342651	0.0448451042175	0.0445289611816	0.0469491481781	0.0444569587708	0.0448081493378	0.0444440841675	0.0459480285645	0.0442631244659	0.0465750694275	0.0461299419403	0.0450670719147	0.0451159477234	0.0452659130096	0.0456550121307	0.0444920063019	0.0553319454193	0.0437469482422	0.0452568531036	0.0437099933624	0.0522041320801	0.0423679351807	0.0543131828308	0.0450789928436	0.0449161529541	0.0450768470764	0.0480048656464	0.0453908443451	0.0459940433502	0.0457611083984	0.0456550121307	0.0574641227722	0.047788143158	0.0449600219727	0.044460773468	0.045802116394	0.0455610752106	
['./treeMaker/main', '-m', '-c', '2']
0.0443711280823	0.0470969676971	0.0461509227753	0.045205116272	0.0464911460876	0.0443451404572	0.0450241565704	0.0450329780579	0.0447399616241	0.0446009635925	0.0453858375549	0.0451250076294	0.0451788902283	0.0476670265198	0.0462200641632	0.044853925705	0.0449268817902	0.0452010631561	0.0451481342316	0.0448229312897	0.0461220741272	0.0443680286407	0.0459580421448	0.0440378189087	0.043998003006	0.0472421646118	0.0444271564484	0.0451538562775	0.0447537899017	0.0446560382843	0.0450720787048	0.0453789234161	0.0451560020447	0.0453090667725	0.0448179244995	0.0456800460815	0.0447890758514	0.0436730384827	0.045597076416	0.0460050106049	0.0449049472809	0.0459868907928	0.0451271533966	0.0454351902008	0.0447430610657	0.0448610782623	0.0435080528259	0.0444519519806	0.0448279380798	0.044762134552	
['./treeMaker/main', '-m', '-a', '1']
0.0600130558014	0.0630209445953	0.0614559650421	0.0582518577576	0.0642809867859	0.0605189800262	0.0620429515839	0.0606288909912	0.0603351593018	0.0595660209656	0.0620229244232	0.0607299804688	0.0622839927673	0.0585188865662	0.0704889297485	0.0590670108795	0.0598459243774	0.0602149963379	0.0605509281158	0.0616438388824	0.0622320175171	0.0627920627594	0.0615251064301	0.0623970031738	0.0642170906067	0.0601840019226	0.0621070861816	0.0626139640808	0.0627861022949	0.0691900253296	0.0599319934845	0.0617170333862	0.0603430271149	0.0664260387421	0.0704400539398	0.0631370544434	0.0621430873871	0.0624279975891	0.0600738525391	0.0631151199341	0.0710511207581	0.0575060844421	0.0571489334106	0.0572919845581	0.0599091053009	0.0602970123291	0.0598509311676	0.0603530406952	0.0609889030457	0.0607039928436	
['./treeMaker/main', '-m', '-a', '2']
0.0497660636902	0.0440521240234	0.0457420349121	0.043771982193	0.0451369285583	0.0453200340271	0.0473411083221	0.0461649894714	0.0455141067505	0.0442800521851	0.045266866684	0.0451819896698	0.0448930263519	0.0458228588104	0.0453128814697	0.0454099178314	0.052915096283	0.0440800189972	0.0452790260315	0.0430829524994	0.0430870056152	0.0428478717804	0.0429499149323	0.0425419807434	0.0433070659637	0.0428061485291	0.0426590442657	0.0429611206055	0.0428569316864	0.042867898941	0.0427389144897	0.0426850318909	0.0426969528198	0.0430498123169	0.0425710678101	0.0434770584106	0.0428869724274	0.0431818962097	0.0426969528198	0.0425977706909	0.0431530475616	0.0434699058533	0.0425579547882	0.0429818630219	0.0428328514099	0.0427448749542	0.0426349639893	0.0429618358612	0.0430040359497	0.0432770252228	
