25_1000_0_0_470000000
25
1000
0
0
470000000

['./treeMaker/main']
0.0441589355469	0.0443389415741	0.044361114502	0.0442118644714	0.0447850227356	0.0430879592896	0.0457298755646	0.0437891483307	0.0437340736389	0.0437951087952	0.0440051555634	0.0440709590912	0.0436999797821	0.0442280769348	0.0439789295197	0.0443968772888	0.0439691543579	0.0443580150604	0.0443828105927	0.0442128181458	0.0440199375153	0.0446138381958	0.0457501411438	0.0458948612213	0.0457949638367	0.0455169677734	0.045783996582	0.0458240509033	0.0459289550781	0.0459859371185	0.0457379817963	0.0456020832062	0.045891046524	0.0460519790649	0.0442509651184	0.0441908836365	0.0442061424255	0.0442678928375	0.0441679954529	0.0441648960114	0.0446829795837	0.0444009304047	0.0441360473633	0.0440418720245	0.0445170402527	0.0441792011261	0.044184923172	0.0556211471558	0.0467231273651	0.0449118614197	
['./treeMaker/main', '-b']
0.0494201183319	0.0553548336029	0.0464680194855	0.0487689971924	0.0503089427948	0.0475668907166	0.0473561286926	0.0500178337097	0.0473170280457	0.0468719005585	0.0468471050262	0.046236038208	0.0476081371307	0.0434019565582	0.0443339347839	0.0450718402863	0.0440428256989	0.0442209243774	0.0445740222931	0.0446569919586	0.0437159538269	0.0439689159393	0.043506860733	0.0437331199646	0.044135093689	0.045469045639	0.0456988811493	0.0461659431458	0.045891046524	0.045777797699	0.0460929870605	0.0454838275909	0.0456829071045	0.0465679168701	0.0457129478455	0.0464360713959	0.0474090576172	0.0501179695129	0.0451560020447	0.0468399524689	0.0470349788666	0.0479459762573	0.0465140342712	0.0452399253845	0.0476689338684	0.0462901592255	0.0485591888428	0.0479800701141	0.0478010177612	0.0471799373627	
['./treeMaker/main', '-u']
0.0463600158691	0.0473980903625	0.0475962162018	0.0474829673767	0.046049118042	0.0434939861298	0.0435199737549	0.0437920093536	0.0435290336609	0.0436239242554	0.0438811779022	0.0437831878662	0.0435788631439	0.043673992157	0.0441091060638	0.0435960292816	0.0480420589447	0.0463790893555	0.0480370521545	0.0460178852081	0.0460588932037	0.046618938446	0.0459268093109	0.0477349758148	0.0466010570526	0.0462310314178	0.04447889328	0.0462338924408	0.0466520786285	0.0453431606293	0.0494430065155	0.046942949295	0.0486810207367	0.0465030670166	0.0474610328674	0.0482590198517	0.0581259727478	0.0505120754242	0.0476641654968	0.0483410358429	0.0480928421021	0.0487198829651	0.0481340885162	0.0476789474487	0.0475878715515	0.0471298694611	0.0463538169861	0.044261932373	0.0468661785126	0.059112071991	
['./treeMaker/main', '-t', '-r', '1']
0.377252101898	0.347374916077	0.34752202034	0.363170862198	0.34655714035	0.372909069061	0.367172956467	0.35108590126	0.363775014877	0.364053964615	0.366569042206	0.344560146332	0.356895208359	0.357958078384	0.378078937531	0.361036062241	0.349243879318	0.345336914062	0.363831043243	0.364297866821	0.362033843994	0.362299919128	0.366159915924	0.348083019257	0.353084087372	0.360363006592	0.363898992538	0.347055912018	0.347766876221	0.35870885849	0.363423109055	0.362320184708	0.367229938507	0.364925861359	0.360140800476	0.363288164139	0.374621152878	0.362011909485	0.378613948822	0.377954959869	0.379379987717	0.361327886581	0.366290092468	0.36066198349	0.365435123444	0.365190029144	0.363979101181	0.362935066223	0.360691785812	0.369019985199	
['./treeMaker/main', '-t', '-r', '2']
0.411859035492	0.424197912216	0.41726398468	0.423271179199	0.419020175934	0.416785955429	0.428996086121	0.426393985748	0.452651977539	0.396775007248	0.41154718399	0.41321015358	0.429085969925	0.408539056778	0.414697170258	0.441750049591	0.420463085175	0.405201911926	0.411679983139	0.428987979889	0.416577100754	0.403625011444	0.414958000183	0.407459974289	0.456135988235	0.409841060638	0.410717964172	0.410176038742	0.429520130157	0.416447877884	0.419116020203	0.398432016373	0.412738084793	0.397562980652	0.415437936783	0.422105073929	0.40882396698	0.419586896896	0.410182952881	0.419229984283	0.426166057587	0.423140048981	0.419276952744	0.408284187317	0.395687103271	0.418169975281	0.419009923935	0.418166160583	0.407972097397	0.427459955215	
['./treeMaker/main', '-t', '-r', '1', '-N']
0.364562988281	0.364604949951	0.365061998367	0.382944822311	0.347458124161	0.368113994598	0.370532989502	0.374534130096	0.364619016647	0.363847970963	0.367594003677	0.363163948059	0.35856795311	0.369156837463	0.371854782104	0.367169857025	0.363254070282	0.380028009415	0.362427949905	0.364209890366	0.374437093735	0.377074956894	0.359321117401	0.362191915512	0.367927789688	0.360782146454	0.368866920471	0.366176843643	0.369240999222	0.362573862076	0.359968185425	0.361326932907	0.364451885223	0.365510940552	0.36260008812	0.360641002655	0.370841026306	0.383379936218	0.368559837341	0.362884998322	0.366150140762	0.365427017212	0.380633831024	0.376214981079	0.364093065262	0.368589162827	0.368046045303	0.360713005066	0.366148948669	0.365586996078	
['./treeMaker/main', '-t', '-r', '2', '-N']
0.424035072327	0.415440797806	0.419541835785	0.421641111374	0.413454055786	0.403120994568	0.400285959244	0.428826808929	0.414402008057	0.413738965988	0.426315784454	0.410513162613	0.416170120239	0.410480976105	0.418918132782	0.42583990097	0.420471906662	0.405395030975	0.410172939301	0.419090986252	0.411432981491	0.423447132111	0.406288146973	0.391597986221	0.424759864807	0.408095121384	0.390687942505	0.409955024719	0.429147005081	0.418488025665	0.419364929199	0.421772003174	0.41689491272	0.422649145126	0.419579029083	0.422047138214	0.419475078583	0.436472892761	0.449429035187	0.420104980469	0.414129972458	0.429275989532	0.416819810867	0.412973880768	0.406654834747	0.407567024231	0.411088943481	0.434872150421	0.401072978973	0.406512975693	
['./treeMaker/main', '-m']
0.0567500591278	0.0424571037292	0.0425100326538	0.0427601337433	0.0456240177155	0.0456659793854	0.0463030338287	0.0455760955811	0.045706987381	0.048131942749	0.0461909770966	0.0580830574036	0.0473098754883	0.0461490154266	0.0449349880219	0.0452580451965	0.0458688735962	0.0441119670868	0.0477879047394	0.044636964798	0.0456290245056	0.0482630729675	0.0428431034088	0.0456650257111	0.0487761497498	0.0435519218445	0.0546138286591	0.0481169223785	0.0454058647156	0.0473461151123	0.0467581748962	0.0445520877838	0.0445868968964	0.047031879425	0.0453469753265	0.0547740459442	0.0449299812317	0.0444481372833	0.0447001457214	0.0432040691376	0.0424060821533	0.0422809123993	0.0421121120453	0.0421171188354	0.0435559749603	0.0422110557556	0.0423810482025	0.0441339015961	0.0441961288452	0.0440418720245	
['./treeMaker/main', '-m', '-b']
0.0443179607391	0.0444560050964	0.0444850921631	0.0444941520691	0.0441551208496	0.0552480220795	0.0429630279541	0.0435271263123	0.0434241294861	0.0434110164642	0.0439670085907	0.0436811447144	0.0434679985046	0.0433418750763	0.0434861183167	0.0436129570007	0.0431201457977	0.0475831031799	0.0458760261536	0.0465331077576	0.0449628829956	0.0484158992767	0.0470790863037	0.0458550453186	0.0478889942169	0.0451500415802	0.0450351238251	0.0462129116058	0.046000957489	0.0456738471985	0.0450041294098	0.0460679531097	0.0461690425873	0.0455229282379	0.0449380874634	0.045529127121	0.0457680225372	0.0458650588989	0.0455701351166	0.0455911159515	0.0449459552765	0.058366060257	0.0427680015564	0.0431311130524	0.0437660217285	0.043242931366	0.043142080307	0.0434069633484	0.0434300899506	0.0430901050568	
['./treeMaker/main', '-m', '-w', '1']
0.0542650222778	0.0469288825989	0.045618057251	0.0467739105225	0.0446059703827	0.0448529720306	0.0468249320984	0.0479550361633	0.046660900116	0.0496690273285	0.0469539165497	0.0460338592529	0.0492351055145	0.0466260910034	0.048751115799	0.0477001667023	0.0464389324188	0.0452351570129	0.0453999042511	0.0440819263458	0.0450029373169	0.0474078655243	0.0441739559174	0.0458810329437	0.045581817627	0.0450921058655	0.044252872467	0.0485529899597	0.0461049079895	0.0435168743134	0.0459539890289	0.0578761100769	0.044545173645	0.0437278747559	0.0428380966187	0.0442380905151	0.0451550483704	0.044285774231	0.0466711521149	0.0454530715942	0.046532869339	0.0458059310913	0.046933889389	0.0455441474915	0.0459759235382	0.0474290847778	0.0469691753387	0.0454149246216	0.0468428134918	0.0453190803528	
['./treeMaker/main', '-m', '-w', '2']
0.046266078949	0.0449538230896	0.0462410449982	0.0448770523071	0.0451982021332	0.0463228225708	0.0440108776093	0.0459589958191	0.0461609363556	0.0451860427856	0.0444810390472	0.0447680950165	0.0455281734467	0.0457818508148	0.045333147049	0.0454750061035	0.045312166214	0.0547108650208	0.0456030368805	0.0495698451996	0.0465030670166	0.0462749004364	0.0469269752502	0.046777009964	0.0461270809174	0.0462319850922	0.0457999706268	0.0434429645538	0.0455529689789	0.045108795166	0.0463261604309	0.0451650619507	0.0446588993073	0.0461099147797	0.048036813736	0.0452609062195	0.0547649860382	0.0450639724731	0.0569851398468	0.0461690425873	0.0459280014038	0.0464069843292	0.0459380149841	0.0460979938507	0.0466330051422	0.0454080104828	0.0445001125336	0.0489480495453	0.0460288524628	0.0458598136902	
['./treeMaker/main', '-m', '-c', '1']
0.0510301589966	0.0445730686188	0.0443408489227	0.0570089817047	0.0451829433441	0.0444130897522	0.0459008216858	0.0447978973389	0.0456111431122	0.0456428527832	0.0435318946838	0.0446357727051	0.0443329811096	0.0454270839691	0.0447099208832	0.0460088253021	0.0442728996277	0.0432448387146	0.0460908412933	0.0459020137787	0.0448501110077	0.0485849380493	0.0434930324554	0.0456430912018	0.0457630157471	0.0454308986664	0.0453820228577	0.0454928874969	0.0455000400543	0.0455598831177	0.04860496521	0.0434091091156	0.0457458496094	0.0458219051361	0.0424239635468	0.044529914856	0.0474979877472	0.0450601577759	0.0456800460815	0.0457420349121	0.0460171699524	0.0449528694153	0.0439870357513	0.0441780090332	0.044221162796	0.0454199314117	0.0439310073853	0.0443520545959	0.0469269752502	0.0459270477295	
['./treeMaker/main', '-m', '-c', '2']
0.0452659130096	0.046019077301	0.0454778671265	0.0477409362793	0.0442571640015	0.0566799640656	0.0478339195251	0.0464220046997	0.0467891693115	0.047091960907	0.0472359657288	0.0461139678955	0.0462839603424	0.0467519760132	0.0462288856506	0.0465610027313	0.0488159656525	0.0432629585266	0.0435109138489	0.0454299449921	0.0445671081543	0.0427889823914	0.0425050258636	0.0429499149323	0.0428121089935	0.0425469875336	0.0430688858032	0.0428609848022	0.0430791378021	0.0430378913879	0.0429649353027	0.0458610057831	0.0445730686188	0.0446701049805	0.0452950000763	0.0553901195526	0.0460951328278	0.0480451583862	0.0457088947296	0.0463180541992	0.0447499752045	0.0481281280518	0.0450360774994	0.0443999767303	0.0443439483643	0.0450649261475	0.0459280014038	0.0457110404968	0.0459439754486	0.0473659038544	
['./treeMaker/main', '-m', '-a', '1']
0.0654909610748	0.0614039897919	0.0628740787506	0.0604989528656	0.0588750839233	0.0588970184326	0.0589060783386	0.0595731735229	0.0585250854492	0.0591468811035	0.0589640140533	0.0591230392456	0.0587248802185	0.0586500167847	0.0591099262238	0.0593738555908	0.0586061477661	0.0588870048523	0.0594239234924	0.0592799186707	0.059033870697	0.0588009357452	0.0592241287231	0.0592429637909	0.0604000091553	0.0592398643494	0.0592761039734	0.0593011379242	0.0590100288391	0.0594987869263	0.0589070320129	0.0586040019989	0.0590469837189	0.0699059963226	0.0589160919189	0.0590770244598	0.0589330196381	0.0637588500977	0.0633041858673	0.0648620128632	0.0624399185181	0.0611839294434	0.0620188713074	0.0608220100403	0.0617260932922	0.062206029892	0.0619540214539	0.0588600635529	0.059180021286	0.0588648319244	
['./treeMaker/main', '-m', '-a', '2']
0.043135881424	0.0570108890533	0.0455060005188	0.0466878414154	0.0463900566101	0.0458891391754	0.0472459793091	0.0464890003204	0.0448641777039	0.0451409816742	0.0458559989929	0.0458540916443	0.0456688404083	0.0454728603363	0.0457239151001	0.0456249713898	0.0450849533081	0.0434529781342	0.0452342033386	0.0484380722046	0.0450201034546	0.045517206192	0.0434608459473	0.0465121269226	0.0429530143738	0.0428719520569	0.0430572032928	0.0431499481201	0.0430469512939	0.0430278778076	0.042995929718	0.0428161621094	0.0430908203125	0.0434529781342	0.0427520275116	0.0431709289551	0.0431687831879	0.0452611446381	0.0432169437408	0.0428822040558	0.0434949398041	0.0431659221649	0.042799949646	0.042809009552	0.0434539318085	0.0429539680481	0.0428760051727	0.0429811477661	0.0431048870087	0.0429677963257	
