25_1000_4.9e-10_4.9e-10_470000000_cut_9
25
1000
4.9e-10
4.9e-10
470000000
cut_9
['./treeMaker/main']
0.0960001945496	0.206583023071	0.223953962326	0.111289024353	0.125674009323	0.114425897598	0.132911920547	0.158655881882	0.144425868988	0.133840084076	0.136925935745	0.122104883194	0.120473861694	0.107054948807	0.0943188667297	0.0949449539185	0.173416852951	0.468436002731	0.145141124725	0.112954854965	0.124592781067	0.0994110107422	0.161917924881	0.217970848083	0.216180086136	0.0983870029449	0.164668083191	0.12447309494	0.0821480751038	0.0844271183014	0.304178953171	0.143500089645	1.25786519051	0.127300024033	0.0500409603119	0.192579030991	0.134886980057	0.105089902878	0.094554901123	0.256269931793	0.0965549945831	0.203593969345	0.992582082748	0.103808879852	0.174032926559	0.103959798813	0.0355100631714	0.0805058479309	0.0808548927307	0.421103000641	
['./treeMaker/main', '-b']
0.0916600227356	0.211820840836	0.221356153488	0.115561008453	0.128727912903	0.106354951859	0.131726026535	0.170552015305	0.149945020676	0.122000932693	0.136445999146	0.129272937775	0.123286008835	0.113539934158	0.0995690822601	0.101855039597	0.167961120605	0.472433805466	0.14271402359	0.0977869033813	0.12376499176	0.105195045471	0.167428970337	0.222317218781	0.221812963486	0.0962569713593	0.161566972733	0.127430915833	0.095134973526	0.0833911895752	0.305297136307	0.13941693306	1.23596215248	0.133084058762	0.0492630004883	0.204235076904	0.133505105972	0.105138063431	0.086296081543	0.257347822189	0.0982000827789	0.196676015854	0.938659906387	0.105565071106	0.185209989548	0.123300075531	0.0358281135559	0.0825369358063	0.0820260047913	0.421053886414	
['./treeMaker/main', '-u']
0.0933828353882	0.203261852264	0.227500915527	0.116355895996	0.132715940475	0.105918884277	0.134932994843	0.155926942825	0.15153002739	0.135308980942	0.129818916321	0.127423048019	0.117803812027	0.113429069519	0.0978088378906	0.0980098247528	0.163778066635	0.46126294136	0.138286113739	0.0955910682678	0.129961967468	0.105697870255	0.171347141266	0.212179899216	0.222349882126	0.0951499938965	0.160103082657	0.130273103714	0.082043170929	0.083340883255	0.320312976837	0.137265920639	1.20270395279	0.136551856995	0.0489830970764	0.195647954941	0.138141155243	0.107094049454	0.0874350070953	0.25389289856	0.0981960296631	0.194924116135	0.994749069214	0.110064029694	0.1824259758	0.110195875168	0.0368971824646	0.0950539112091	0.0815980434418	0.432494163513	
['./treeMaker/main', '-t', '-r', '1']
0.853007793427	1.66153693199	1.61657595634	1.06057596207	1.18850803375	0.997602939606	1.23717784882	1.4095261097	1.25636601448	1.11160802841	1.10926795006	1.16385197639	1.1256980896	1.00716686249	0.918206930161	1.00722503662	1.38965988159	2.49564790726	1.24839782715	0.907189130783	1.19184803963	1.02935576439	1.45253515244	1.73737311363	1.64726185799	0.979935884476	1.47222709656	1.25731301308	0.799897193909	0.814254045486	2.15720915794	1.22623300552	4.65840816498	1.16515994072	0.475068092346	1.72824788094	1.26952004433	1.03790307045	0.868099927902	1.9351849556	0.917895078659	1.58585309982	3.98645710945	1.04089713097	1.55426192284	0.996855974197	0.364432811737	0.851329088211	0.801898002625	2.38054013252	
['./treeMaker/main', '-t', '-r', '2']
1.37879514694	2.59197497368	2.67765593529	1.72527909279	1.79151201248	1.58633303642	1.79721689224	2.13275289536	2.09277200699	1.68301701546	1.85631108284	1.80366706848	1.86207008362	1.60296607018	1.41106700897	1.44375896454	2.14198088646	4.41225385666	2.0765941143	1.43783903122	1.78841686249	1.70819401741	2.18972420692	2.51203680038	2.60343289375	1.57463884354	2.15138196945	1.95807909966	1.25780296326	1.33797717094	3.27705812454	1.96760416031	6.56662392616	1.71932196617	0.801731109619	2.5776219368	1.95554685593	1.59091997147	1.27403712273	3.02702498436	1.48668003082	2.69872903824	6.09088993073	1.59056711197	2.37651991844	1.54991912842	0.567049980164	1.31268715858	1.2792069912	3.85159492493	
['./treeMaker/main', '-t', '-r', '1', '-N']
0.900367021561	1.70701909065	1.66651201248	1.10511112213	1.17791485786	1.0183570385	1.18437409401	1.4691619873	1.30471587181	1.16086196899	1.16240310669	1.16189312935	1.14240193367	1.03361988068	0.973371982574	0.984670162201	1.45509409904	2.54530882835	1.24719500542	0.894834041595	1.20563197136	1.00420403481	1.4205429554	1.71653389931	1.62936902046	0.942646026611	1.47895789146	1.28234601021	0.836907863617	0.849130868912	2.20151495934	1.27958893776	4.69685196877	1.1255068779	0.486505031586	1.70026397705	1.2643930912	1.03893780708	0.85426902771	1.91496992111	0.897443771362	1.60526800156	3.91714382172	1.06668019295	1.61542201042	1.04448890686	0.346800088882	0.865797996521	0.804088115692	2.40349388123	
['./treeMaker/main', '-t', '-r', '2', '-N']
1.36789608002	2.68112897873	2.66970086098	1.73296093941	1.81003689766	1.59962177277	1.79249000549	2.13827896118	2.12572789192	1.72296094894	1.88752889633	1.80696582794	1.89505004883	1.65291309357	1.4094979763	1.49988603592	2.18080878258	4.40349316597	2.08487677574	1.45402002335	1.81269884109	1.69356417656	2.11070084572	2.54364800453	2.56860303879	1.6060898304	2.23139595985	1.98115777969	1.27894711494	1.31417107582	3.30902194977	1.95233488083	6.66808509827	1.72341609001	0.780073165894	2.65080499649	1.96239209175	1.53283405304	1.30221700668	3.02522706985	1.51607298851	2.83146309853	6.17447900772	1.57122397423	2.35334086418	1.55533409119	0.565522909164	1.31370997429	1.26597714424	3.9006049633	
['./treeMaker/main', '-m']
0.0439269542694	0.0591349601746	0.0627670288086	0.0459980964661	0.0497031211853	0.0438230037689	0.0494859218597	0.0531198978424	0.0529170036316	0.0460569858551	0.0472280979156	0.0490810871124	0.0480010509491	0.0458059310913	0.0436820983887	0.0421438217163	0.0552911758423	0.0809798240662	0.0512199401855	0.0436379909515	0.0600008964539	0.0469951629639	0.0597970485687	0.0658481121063	0.0607960224152	0.041757106781	0.0528810024261	0.0475170612335	0.0382189750671	0.0396149158478	0.068067073822	0.0497860908508	0.113957881927	0.0482699871063	0.0297648906708	0.0739359855652	0.0542080402374	0.050271987915	0.0447249412537	0.0661969184875	0.0426630973816	0.0617890357971	0.110680103302	0.0466799736023	0.0575559139252	0.0475070476532	0.0266768932343	0.0407309532166	0.0414638519287	0.0820119380951	
['./treeMaker/main', '-m', '-b']
0.0452220439911	0.0660908222198	0.0681338310242	0.0617220401764	0.0580019950867	0.0464539527893	0.0538380146027	0.058788061142	0.0586090087891	0.0537948608398	0.0521001815796	0.0542891025543	0.0531399250031	0.0516707897186	0.0474710464478	0.0468811988831	0.0601410865784	0.089164018631	0.0553779602051	0.0482251644135	0.0526041984558	0.0484759807587	0.0605940818787	0.0671651363373	0.0689389705658	0.047299861908	0.0584950447083	0.0527539253235	0.0419340133667	0.0418260097504	0.0740489959717	0.0556509494781	0.123297929764	0.0584352016449	0.0349419116974	0.0684900283813	0.0529708862305	0.0469088554382	0.0560719966888	0.074245929718	0.0470230579376	0.0646758079529	0.119688987732	0.0491969585419	0.0606610774994	0.059681892395	0.0282747745514	0.0438640117645	0.0448710918427	0.0886421203613	
['./treeMaker/main', '-m', '-w', '1']
0.0437099933624	0.0658159255981	0.0662229061127	0.0507328510284	0.054897069931	0.0475640296936	0.0537040233612	0.0540409088135	0.0527889728546	0.0457491874695	0.0490679740906	0.0484828948975	0.0481491088867	0.0457530021667	0.0428211688995	0.04185795784	0.0689690113068	0.0856239795685	0.0559499263763	0.0483598709106	0.0499329566956	0.0481638908386	0.0574200153351	0.066349029541	0.068813085556	0.0464129447937	0.0587749481201	0.052638053894	0.0433149337769	0.0450630187988	0.0747790336609	0.0542979240417	0.123257875443	0.0536539554596	0.0366430282593	0.0639290809631	0.0550880432129	0.0496201515198	0.0440578460693	0.0717358589172	0.0484480857849	0.0600969791412	0.10771894455	0.0492980480194	0.0575149059296	0.0466909408569	0.0281229019165	0.0395929813385	0.0435228347778	0.0823838710785	
['./treeMaker/main', '-m', '-w', '2']
0.0464870929718	0.0642261505127	0.0671150684357	0.05202293396	0.0525679588318	0.0492420196533	0.0524718761444	0.0581240653992	0.0568768978119	0.0489070415497	0.0521168708801	0.0504989624023	0.051197052002	0.048367023468	0.0460610389709	0.0563819408417	0.0543839931488	0.0849289894104	0.0529000759125	0.0455250740051	0.0496120452881	0.0455861091614	0.0565919876099	0.0629150867462	0.0671191215515	0.044135093689	0.0559849739075	0.0501911640167	0.0405170917511	0.0420279502869	0.0724489688873	0.0503549575806	0.114618062973	0.0578789710999	0.032753944397	0.0601091384888	0.0510609149933	0.0453748703003	0.0539140701294	0.0699360370636	0.0450410842896	0.0728740692139	0.107494831085	0.044597864151	0.0549819469452	0.0471930503845	0.0268149375916	0.0414969921112	0.0419929027557	0.0828998088837	
['./treeMaker/main', '-m', '-c', '1']
0.0434498786926	0.0617640018463	0.0610151290894	0.0459949970245	0.0494561195374	0.0432729721069	0.0493650436401	0.0529780387878	0.0525379180908	0.045832157135	0.0471110343933	0.0486080646515	0.0482931137085	0.0592930316925	0.0477139949799	0.0463128089905	0.0609741210938	0.0878460407257	0.0560200214386	0.056205034256	0.0498740673065	0.0455729961395	0.0569739341736	0.0627200603485	0.064877986908	0.0442698001862	0.0559620857239	0.0504441261292	0.0405430793762	0.0418479442596	0.0720009803772	0.0613770484924	0.112672805786	0.0509839057922	0.0316188335419	0.0622010231018	0.0523929595947	0.0467269420624	0.0397658348083	0.0796990394592	0.0571179389954	0.0716331005096	0.11315202713	0.0434329509735	0.0539429187775	0.0450389385223	0.0246429443359	0.0530369281769	0.0409798622131	0.0905678272247	
['./treeMaker/main', '-m', '-c', '2']
0.043888092041	0.0581579208374	0.0603320598602	0.0453159809113	0.0489330291748	0.0457301139832	0.052120923996	0.0557110309601	0.0553250312805	0.0484459400177	0.049106836319	0.0502541065216	0.050614118576	0.0477449893951	0.0451858043671	0.0441930294037	0.0549149513245	0.0977468490601	0.0553081035614	0.0473618507385	0.0498268604279	0.0475490093231	0.0592629909515	0.0663070678711	0.0681018829346	0.0471668243408	0.0565218925476	0.0529899597168	0.0433170795441	0.0445990562439	0.0741090774536	0.0524439811707	0.113718986511	0.0549509525299	0.0290250778198	0.0582439899445	0.0516121387482	0.0442340373993	0.0392401218414	0.0652899742126	0.0417430400848	0.0582270622253	0.108958005905	0.0457780361176	0.057333946228	0.0474648475647	0.0262811183929	0.0407218933105	0.0414750576019	0.0817348957062	
['./treeMaker/main', '-m', '-a', '1']
0.0466628074646	0.0770950317383	0.0648989677429	0.0498979091644	0.0660371780396	0.0490419864655	0.0556709766388	0.0597620010376	0.059720993042	0.0520949363708	0.0534279346466	0.0543878078461	0.0546600818634	0.0523359775543	0.0494289398193	0.0479168891907	0.074786901474	0.0979127883911	0.0549578666687	0.0507378578186	0.0527310371399	0.0486109256744	0.071916103363	0.0696840286255	0.0700659751892	0.0462629795074	0.0613141059875	0.0543320178986	0.0438630580902	0.0460457801819	0.0733280181885	0.0558099746704	0.125357866287	0.0547239780426	0.0344851016998	0.0658099651337	0.0561020374298	0.050411939621	0.045273065567	0.0729081630707	0.0498290061951	0.0646541118622	0.115463018417	0.0499439239502	0.0607769489288	0.0508818626404	0.0292611122131	0.0438580513	0.0447039604187	0.0865578651428	
['./treeMaker/main', '-m', '-a', '2']
0.0433971881866	0.0618607997894	0.0642549991608	0.0485680103302	0.0494840145111	0.0440700054169	0.0495419502258	0.0528020858765	0.0574049949646	0.050439119339	0.0511481761932	0.052521944046	0.0515758991241	0.0490739345551	0.0467891693115	0.0441930294037	0.0583970546722	0.084370136261	0.0645020008087	0.0507049560547	0.051540851593	0.0488760471344	0.0597851276398	0.0652611255646	0.0657370090485	0.0464429855347	0.0674498081207	0.0499401092529	0.0456259250641	0.0463960170746	0.0735349655151	0.0555620193481	0.122262001038	0.0488309860229	0.0301330089569	0.0594549179077	0.0528590679169	0.0473461151123	0.042286157608	0.0806038379669	0.04176902771	0.0588610172272	0.106139183044	0.0585420131683	0.0620667934418	0.0529489517212	0.0321748256683	0.0435099601746	0.0533728599548	0.085648059845	
