25_1000_4.9e-10_4.9e-10_470000000_cut_8
25
1000
4.9e-10
4.9e-10
470000000
cut_8
['./treeMaker/main']
0.0933680534363	0.208206176758	0.224105834961	0.125759124756	0.135855913162	0.106289863586	0.137653827667	0.159889936447	0.155079126358	0.137109994888	0.139055967331	0.129004955292	0.122335910797	0.126168012619	0.101108074188	0.0998809337616	0.169383049011	0.414659976959	0.160525083542	0.113353013992	0.129571914673	0.108100891113	0.192589998245	0.223948001862	0.211693048477	0.0977690219879	0.175544977188	0.12744307518	0.0821578502655	0.0832140445709	0.339056015015	0.144503116608	1.29417204857	0.13342499733	0.0472249984741	0.209455013275	0.150827169418	0.104373931885	0.0956680774689	0.279459953308	0.0963680744171	0.186104059219	0.952769041061	0.0974488258362	0.166291952133	0.108268022537	0.0357100963593	0.0858671665192	0.0846800804138	0.433225870132	
['./treeMaker/main', '-b']
0.093269109726	0.212398052216	0.210758924484	0.121688127518	0.140632867813	0.108566999435	0.138826847076	0.165355920792	0.171365022659	0.125199794769	0.13053894043	0.130164861679	0.122468948364	0.130921840668	0.104698181152	0.0996201038361	0.170111179352	0.424371004105	0.150026082993	0.104470968246	0.146245002747	0.111324071884	0.179045915604	0.241714000702	0.237288951874	0.100661993027	0.167107820511	0.129437923431	0.08238697052	0.0842049121857	0.343039989471	0.143223047256	1.2281460762	0.132941961288	0.0494129657745	0.211900949478	0.136427164078	0.107042074203	0.0892498493195	0.280084133148	0.112692117691	0.189319849014	1.03859210014	0.102429151535	0.174757957458	0.123610973358	0.0377199649811	0.0897350311279	0.0889439582825	0.46911406517	
['./treeMaker/main', '-u']
0.0925719738007	0.210571050644	0.221145153046	0.122410058975	0.137857913971	0.117079019547	0.139579057693	0.165939807892	0.156524181366	0.122614860535	0.137772798538	0.129272937775	0.124130964279	0.119386911392	0.114068031311	0.1158618927	0.170165061951	0.417147874832	0.148923158646	0.0994508266449	0.128527164459	0.10523891449	0.173766851425	0.233402967453	0.223201036453	0.0957701206207	0.160488128662	0.12861084938	0.0831370353699	0.08589220047	0.329217910767	0.146770000458	1.27599787712	0.130838871002	0.0479211807251	0.200576782227	0.133754014969	0.105760097504	0.0876090526581	0.259306907654	0.100239038467	0.187633991241	0.963055849075	0.0981249809265	0.166733980179	0.108313083649	0.0363099575043	0.0860159397125	0.0857529640198	0.440934896469	
['./treeMaker/main', '-t', '-r', '1']
0.901744127274	1.61243486404	1.5867190361	1.03342199326	1.1352751255	1.01715087891	1.20653891563	1.40624308586	1.27276182175	1.15914702415	1.08195304871	1.14985990524	1.05001497269	1.04834389687	0.964126110077	0.931983947754	1.36678195	2.31391096115	1.25293397903	0.879041910172	1.17732095718	1.0165169239	1.42646384239	1.4592730999	1.55867409706	0.913809776306	1.45970582962	1.14906382561	0.816324949265	0.784838914871	2.20303797722	1.22110795975	4.53210115433	1.12323307991	0.470343112946	1.40516018867	1.2432410717	0.950181007385	0.85654592514	1.88673496246	0.944870948792	1.52484989166	3.81228899956	0.885982990265	1.41670107841	1.02196717262	0.345639944077	0.873827934265	0.806124925613	2.30198502541	
['./treeMaker/main', '-t', '-r', '2']
1.57568192482	2.98092889786	2.78947901726	1.88536500931	1.977861166	1.7774848938	2.00438594818	2.30009388924	2.34609389305	1.92383718491	2.19895601273	1.9624838829	2.18375110626	1.86675190926	1.65324497223	1.61686491966	2.43430614471	4.56373500824	2.28291678429	1.69536304474	2.0155339241	1.82867312431	2.60361099243	2.94277906418	2.98380494118	1.73500490189	2.33956289291	2.21471595764	1.33717703819	1.35023999214	3.8719959259	2.21022796631	7.6818010807	2.04999303818	0.819390058517	3.04436087608	2.0873169899	1.66457414627	1.45217084885	3.23286104202	1.6452498436	3.07889986038	7.06853890419	1.54822707176	2.5531129837	1.70321917534	0.616989135742	1.50507998466	1.51504087448	4.93836307526	
['./treeMaker/main', '-t', '-r', '1', '-N']
0.930786132812	1.66037297249	1.55071282387	1.0821390152	1.16493082047	1.05023598671	1.23127985001	1.40437102318	1.27847194672	1.16051316261	1.06733202934	1.13788414001	1.08680987358	1.04087090492	0.974659919739	0.929427862167	1.38504815102	2.31434583664	1.21755599976	0.877477884293	1.17665505409	1.00360989571	1.42565989494	1.51657104492	1.62492990494	0.888830184937	1.46069312096	1.18880105019	0.813025951385	0.82936000824	2.15371489525	1.19570684433	4.4979929924	1.14830207825	0.458928108215	1.39065694809	1.25109887123	0.978563070297	0.84681391716	1.8563439846	0.918190002441	1.50108098984	3.66835188866	0.933969974518	1.43105602264	1.01319599152	0.347564935684	0.880606889725	0.805610179901	2.33058691025	
['./treeMaker/main', '-t', '-r', '2', '-N']
1.59641218185	2.98406600952	2.82921695709	1.88490819931	2.02526092529	1.81734204292	2.02626609802	2.34666609764	2.35982179642	1.856539011	2.19748806953	1.97150802612	2.13350319862	1.92918992043	1.68025708199	1.61819410324	2.49318885803	4.59470677376	2.25711584091	1.66790485382	2.00421285629	1.88186788559	2.57889509201	2.97570896149	2.91846179962	1.74923992157	2.30325984955	2.18689584732	1.30666804314	1.38805198669	3.82017302513	2.18011283875	7.66658902168	2.06443214417	0.832742929459	3.07799887657	2.09638500214	1.69698500633	1.43470883369	3.30733799934	1.67386507988	3.10632395744	7.09009814262	1.55260109901	2.48856592178	1.70566511154	0.594877004623	1.51624798775	1.52508401871	4.91730308533	
['./treeMaker/main', '-m']
0.0457060337067	0.0652849674225	0.0657341480255	0.0497670173645	0.0550329685211	0.0467579364777	0.052640914917	0.0684719085693	0.0578780174255	0.0606970787048	0.055999994278	0.0541129112244	0.0522711277008	0.0499179363251	0.0522849559784	0.0471730232239	0.0623648166656	0.0989620685577	0.0572719573975	0.0491800308228	0.0549569129944	0.0524158477783	0.0624449253082	0.0695531368256	0.0700619220734	0.0559520721436	0.057021856308	0.0555441379547	0.0404260158539	0.0439801216125	0.0738019943237	0.0622570514679	0.127892017365	0.0550508499146	0.0318660736084	0.0693891048431	0.0556030273438	0.0483260154724	0.045606136322	0.0735321044922	0.0474100112915	0.0639770030975	0.113742113113	0.0467009544373	0.0600521564484	0.0514049530029	0.0295898914337	0.0439989566803	0.0492579936981	0.0964448451996	
['./treeMaker/main', '-m', '-b']
0.0492470264435	0.0724999904633	0.0716149806976	0.0649359226227	0.0586497783661	0.0552551746368	0.0612971782684	0.0624680519104	0.0648970603943	0.0603089332581	0.0541098117828	0.0531189441681	0.0534579753876	0.0510058403015	0.0480389595032	0.0455930233002	0.0616738796234	0.0902540683746	0.0572600364685	0.0488510131836	0.0536329746246	0.0479810237885	0.0620908737183	0.0818331241608	0.0716788768768	0.0476140975952	0.059632062912	0.0550539493561	0.0430450439453	0.0443189144135	0.0814399719238	0.0575640201569	0.178502082825	0.0542480945587	0.0318579673767	0.0707838535309	0.0544829368591	0.0497109889984	0.0441958904266	0.0736689567566	0.0475008487701	0.0679759979248	0.128581047058	0.0487320423126	0.0616841316223	0.0508351325989	0.0274519920349	0.0447120666504	0.0455901622772	0.0981030464172	
['./treeMaker/main', '-m', '-w', '1']
0.0467340946198	0.0640330314636	0.0642719268799	0.0489451885223	0.0531768798828	0.0467889308929	0.0527729988098	0.0566902160645	0.0573477745056	0.0487868785858	0.0507190227509	0.0500240325928	0.0504670143127	0.0483059883118	0.0454909801483	0.0430819988251	0.0568790435791	0.0835649967194	0.0526030063629	0.046110868454	0.0498480796814	0.0448939800262	0.0575661659241	0.0647089481354	0.0655779838562	0.0557808876038	0.0556349754333	0.0527958869934	0.0418510437012	0.0432360172272	0.0752999782562	0.0557470321655	0.131053924561	0.0506510734558	0.0306050777435	0.0660319328308	0.0534110069275	0.0478780269623	0.0423531532288	0.0707628726959	0.0455329418182	0.0632309913635	0.118791103363	0.0441617965698	0.0560472011566	0.0469059944153	0.0261309146881	0.0431098937988	0.0441370010376	0.0968890190125	
['./treeMaker/main', '-m', '-w', '2']
0.0478370189667	0.0640919208527	0.0662460327148	0.0516221523285	0.0645971298218	0.0488059520721	0.0564761161804	0.0582818984985	0.0572199821472	0.049989938736	0.0530080795288	0.0520238876343	0.0524020195007	0.050313949585	0.0475280284882	0.0450479984283	0.060026884079	0.0872189998627	0.0522410869598	0.0463778972626	0.0506989955902	0.0460221767426	0.0589020252228	0.06556391716	0.06676197052	0.0572881698608	0.0567951202393	0.0522320270538	0.0412170886993	0.0425369739532	0.0762710571289	0.0544340610504	0.128819942474	0.0531339645386	0.0313541889191	0.0683770179749	0.053689956665	0.048583984375	0.0429658889771	0.0712640285492	0.0459718704224	0.0637400150299	0.11847615242	0.0526571273804	0.0618100166321	0.0505990982056	0.03098487854	0.0406000614166	0.042121887207	0.0900909900665	
['./treeMaker/main', '-m', '-c', '1']
0.0430541038513	0.0627257823944	0.0622909069061	0.0475311279297	0.053328037262	0.0473718643188	0.0647230148315	0.0545909404755	0.0588002204895	0.0495419502258	0.0526371002197	0.0514900684357	0.0520269870758	0.0497200489044	0.0532250404358	0.0423939228058	0.0569009780884	0.0833230018616	0.0526070594788	0.0457639694214	0.0496070384979	0.045089006424	0.0580580234528	0.0652670860291	0.0660948753357	0.0435259342194	0.0588920116425	0.0515511035919	0.0404491424561	0.0419721603394	0.0755131244659	0.0535638332367	0.122619152069	0.0512340068817	0.029993057251	0.0737071037292	0.0546770095825	0.053181886673	0.0442500114441	0.0731589794159	0.0444540977478	0.0611810684204	0.118662118912	0.0463597774506	0.0597379207611	0.0531980991364	0.0284531116486	0.044862985611	0.0437829494476	0.0949940681458	
['./treeMaker/main', '-m', '-c', '2']
0.0459959506989	0.0677061080933	0.0743911266327	0.0597479343414	0.0553350448608	0.0513019561768	0.0558190345764	0.0571360588074	0.0696370601654	0.0536210536957	0.0554599761963	0.0526559352875	0.0577311515808	0.0501251220703	0.0490639209747	0.0472140312195	0.0673220157623	0.0853269100189	0.0540480613708	0.0510869026184	0.0530939102173	0.0481581687927	0.0627911090851	0.0707261562347	0.0682420730591	0.051775932312	0.058012008667	0.0525221824646	0.044625043869	0.0565350055695	0.0757548809052	0.0537540912628	0.12797999382	0.0528419017792	0.0310940742493	0.0678210258484	0.052757024765	0.0480279922485	0.0426349639893	0.0704140663147	0.0456118583679	0.063364982605	0.12641119957	0.0445430278778	0.0556700229645	0.0464520454407	0.0257089138031	0.0409212112427	0.0420999526978	0.0896759033203	
['./treeMaker/main', '-m', '-a', '1']
0.0470061302185	0.0677149295807	0.0673310756683	0.0519399642944	0.0561611652374	0.0633749961853	0.0574729442596	0.0645990371704	0.0584800243378	0.0523729324341	0.0551519393921	0.0551469326019	0.05513215065	0.0532970428467	0.0502059459686	0.0476138591766	0.0619039535522	0.0944130420685	0.0585310459137	0.0514488220215	0.0586760044098	0.0520348548889	0.067636013031	0.0717709064484	0.0715320110321	0.0487658977509	0.0601189136505	0.0555529594421	0.0440471172333	0.0458929538727	0.0799260139465	0.0574848651886	0.143882989883	0.055065870285	0.0351719856262	0.0723621845245	0.057384967804	0.0505800247192	0.0453979969025	0.0731279850006	0.0600228309631	0.0675880908966	0.122307062149	0.0585799217224	0.0597808361053	0.0506370067596	0.0302579402924	0.0447940826416	0.0455889701843	0.0932710170746	
['./treeMaker/main', '-m', '-a', '2']
0.0430600643158	0.0624418258667	0.0623979568481	0.0481951236725	0.0524530410767	0.0460240840912	0.0515639781952	0.0558609962463	0.0588998794556	0.0516700744629	0.0580501556396	0.0552401542664	0.0542540550232	0.0518131256104	0.0493259429932	0.0470161437988	0.0618579387665	0.0896680355072	0.0561199188232	0.0490989685059	0.0526959896088	0.046816110611	0.0615780353546	0.066901922226	0.0685939788818	0.0490789413452	0.0581641197205	0.0523679256439	0.0456609725952	0.042426109314	0.0745048522949	0.0548160076141	0.127251148224	0.0571479797363	0.034451007843	0.0701429843903	0.0534780025482	0.0523450374603	0.044440984726	0.072468996048	0.0484600067139	0.0732009410858	0.118704080582	0.0477569103241	0.0594861507416	0.0488770008087	0.0291590690613	0.0446398258209	0.0466990470886	0.0973100662231	
