25_1000_4.9e-10_4.9e-10_470000000_cut_5
25
1000
4.9e-10
4.9e-10
470000000
cut_5
['./treeMaker/main']
0.0917911529541	0.19472193718	0.214521169662	0.115281105042	0.140584945679	0.110335826874	0.147011041641	0.187206029892	0.172046899796	0.127774000168	0.132835149765	0.143594026566	0.127187013626	0.130958795547	0.111699104309	0.0950839519501	0.183272838593	0.378847122192	0.151989936829	0.106868028641	0.123436927795	0.12588095665	0.166169881821	0.23902797699	0.239953994751	0.111895084381	0.171497106552	0.122063875198	0.0892009735107	0.0880100727081	0.3660800457	0.156625032425	1.25652194023	0.132169008255	0.04936003685	0.202720165253	0.14013504982	0.118519067764	0.0993158817291	0.263302087784	0.104027032852	0.204006910324	0.949291944504	0.0992410182953	0.200887203217	0.11824297905	0.0384199619293	0.088564157486	0.0896608829498	0.519285917282	
['./treeMaker/main', '-b']
0.099091053009	0.20861697197	0.212723970413	0.118587017059	0.140499830246	0.109957933426	0.144878864288	0.191502094269	0.159461975098	0.130514860153	0.155420780182	0.14878988266	0.138202905655	0.135603904724	0.112037181854	0.0965650081635	0.196851968765	0.405693054199	0.147242069244	0.110816001892	0.121949911118	0.111986160278	0.167361021042	0.234799861908	0.253160953522	0.113296985626	0.171386003494	0.128895044327	0.0945639610291	0.0917279720306	0.346154928207	0.154966115952	1.26792383194	0.135498046875	0.0513010025024	0.206669092178	0.155944108963	0.134722948074	0.0994989871979	0.281413078308	0.103744983673	0.200093984604	1.04112315178	0.112520933151	0.192609071732	0.120918989182	0.039370059967	0.0879769325256	0.0895130634308	0.521919965744	
['./treeMaker/main', '-u']
0.0972797870636	0.200433969498	0.234416007996	0.113475084305	0.144515991211	0.107830047607	0.143401145935	0.166059970856	0.157329082489	0.132209062576	0.149141073227	0.157632827759	0.133409976959	0.134734869003	0.107653856277	0.093593120575	0.183815002441	0.398380994797	0.133891105652	0.105768918991	0.121403932571	0.109981060028	0.164495944977	0.251127958298	0.24192905426	0.103952169418	0.171396970749	0.124421834946	0.0910849571228	0.0911350250244	0.354465007782	0.151032209396	1.28036594391	0.139278888702	0.0523731708527	0.211981058121	0.141384840012	0.121109008789	0.0981512069702	0.264611005783	0.104327201843	0.197095870972	1.061606884	0.101013898849	0.209816932678	0.119102954865	0.0392251014709	0.0880119800568	0.0888409614563	0.55757188797	
['./treeMaker/main', '-t', '-r', '1']
0.904866933823	1.59239983559	1.55758786201	1.04088807106	1.26860189438	1.03717088699	1.29407596588	1.39974308014	1.28227901459	1.21876502037	1.17818713188	1.16630601883	1.21325206757	1.15066194534	0.977907180786	0.946667909622	1.54818201065	2.28757810593	1.15892910957	0.937258005142	1.13023686409	0.983222007751	1.37927818298	1.59609794617	1.74460601807	0.948401927948	1.46744799614	1.14552593231	0.880208969116	0.877385139465	2.17147707939	1.28359079361	4.63868093491	1.16944599152	0.498574972153	1.67428588867	1.29174804688	1.08761501312	0.902913093567	1.89393210411	0.938076972961	1.5216460228	3.71441602707	0.918825149536	1.54111003876	1.08859109879	0.385376930237	0.924421072006	0.810684919357	2.56350302696	
['./treeMaker/main', '-t', '-r', '2']
1.61728286743	2.72861003876	2.88450193405	1.79454684258	2.04427194595	1.81205916405	2.05091786385	2.39319610596	2.49747204781	1.98040699959	2.39552116394	2.20069098473	2.1389529705	2.20263004303	1.74069595337	1.5806491375	2.65991711617	4.4434530735	2.14546298981	1.77078604698	2.02562189102	2.02814793587	2.43231296539	3.22062206268	3.08873605728	1.96459102631	2.41197609901	2.09592008591	1.52876901627	1.44855880737	4.29612112045	2.3458108902	8.00022578239	2.00852108002	0.951914072037	3.05446910858	2.36958098412	1.95833396912	1.6683409214	3.42650914192	1.78535199165	2.90369296074	6.90420293808	1.56529402733	2.7427380085	1.88009405136	0.641237974167	1.5470430851	1.49434900284	5.63065195084	
['./treeMaker/main', '-t', '-r', '1', '-N']
0.905493021011	1.66713285446	1.57832193375	0.989351034164	1.22653102875	1.03763794899	1.30686402321	1.48509311676	1.34157800674	1.20388007164	1.17780995369	1.21663594246	1.1830739975	1.18413186073	1.0303478241	0.897557973862	1.56244206429	2.22711396217	1.18306899071	0.955681085587	1.15305018425	0.980087041855	1.37207078934	1.55780100822	1.70347189903	0.947704076767	1.48313689232	1.15960979462	0.84836101532	0.87864613533	2.10736489296	1.35264897346	4.71475601196	1.15984392166	0.524934053421	1.65212392807	1.27717709541	1.06586313248	0.960840940475	1.92725300789	0.974464893341	1.50043606758	3.73914790154	0.925245046616	1.60830998421	1.0416829586	0.383311033249	0.885696172714	0.8655128479	2.58253693581	
['./treeMaker/main', '-t', '-r', '2', '-N']
1.55184698105	2.73312902451	2.8999080658	1.88362002373	2.02074098587	1.75773596764	2.07862901688	2.40950608253	2.48416996002	1.95845413208	2.35196805	2.26998186111	2.14266705513	2.18107509613	1.67772102356	1.53036189079	2.65568804741	4.4606719017	2.16477704048	1.78040909767	2.00289297104	2.07702898979	2.39726805687	3.10875797272	3.02748894691	1.92042708397	2.45859503746	2.0474729538	1.47112393379	1.46028494835	4.22564506531	2.33283209801	8.03934311867	1.99674201012	0.934438943863	2.92855906487	2.35316610336	1.93613815308	1.68149399757	3.34266209602	1.81501722336	2.86256217957	6.9705119133	1.62514710426	2.75956988335	1.87779903412	0.676310062408	1.56124687195	1.53692388535	5.7054400444	
['./treeMaker/main', '-m']
0.056676864624	0.0733218193054	0.0657780170441	0.0611889362335	0.0562748908997	0.0498750209808	0.0573408603668	0.0614819526672	0.060446023941	0.0527160167694	0.0554449558258	0.0650589466095	0.0558321475983	0.0540380477905	0.0500168800354	0.0459949970245	0.0666460990906	0.088191986084	0.0552141666412	0.0511260032654	0.0532867908478	0.0514159202576	0.0625450611115	0.070629119873	0.0708320140839	0.0515079498291	0.0587599277496	0.052971124649	0.0440740585327	0.0455310344696	0.0814371109009	0.0572111606598	0.134817123413	0.0524120330811	0.0325319766998	0.0652549266815	0.0528450012207	0.0608739852905	0.0445120334625	0.0711770057678	0.0465559959412	0.0615408420563	0.128674030304	0.0443749427795	0.0576069355011	0.0473420619965	0.0263359546661	0.0405490398407	0.0430729389191	0.104324102402	
['./treeMaker/main', '-m', '-b']
0.0483191013336	0.0658819675446	0.0700650215149	0.051696062088	0.0565330982208	0.0493960380554	0.0573298931122	0.0607500076294	0.0610580444336	0.0528120994568	0.0571060180664	0.0546689033508	0.0532670021057	0.0534892082214	0.0485198497772	0.0476570129395	0.0673649311066	0.0880889892578	0.0550701618195	0.0534009933472	0.0570039749146	0.0585639476776	0.0648880004883	0.0767240524292	0.0779120922089	0.0533349514008	0.0615921020508	0.0545108318329	0.0470449924469	0.0514059066772	0.0892989635468	0.0605309009552	0.156042098999	0.0530371665955	0.0325820446014	0.0667219161987	0.0564711093903	0.0511322021484	0.0466389656067	0.0744590759277	0.0479490756989	0.0676639080048	0.127601861954	0.0486598014832	0.063992023468	0.051922082901	0.0402100086212	0.0458130836487	0.047600030899	0.105700016022	
['./treeMaker/main', '-m', '-w', '1']
0.0462830066681	0.0620028972626	0.0682511329651	0.0494978427887	0.0551841259003	0.0510950088501	0.0545489788055	0.0576419830322	0.0583400726318	0.0512537956238	0.0575919151306	0.0557949542999	0.0520458221436	0.0536930561066	0.04860496521	0.0462100505829	0.0642580986023	0.0879411697388	0.0648608207703	0.0528981685638	0.0523729324341	0.0520679950714	0.0635061264038	0.0707859992981	0.0703048706055	0.0525000095367	0.0605361461639	0.0528979301453	0.0453081130981	0.0454230308533	0.0802688598633	0.052531003952	0.125220060349	0.050843000412	0.0315568447113	0.0632109642029	0.053423166275	0.0489439964294	0.0439710617065	0.0692429542542	0.0454552173615	0.0597870349884	0.11406993866	0.0459949970245	0.0598001480103	0.0470747947693	0.0271329879761	0.0409259796143	0.044261932373	0.101402044296	
['./treeMaker/main', '-m', '-w', '2']
0.0469970703125	0.0653910636902	0.0675241947174	0.0488231182098	0.0541429519653	0.0468249320984	0.0540001392365	0.0576949119568	0.0577309131622	0.0501728057861	0.0538461208344	0.0541589260101	0.0522351264954	0.0525710582733	0.0477828979492	0.0444090366364	0.0612909793854	0.0859189033508	0.0525479316711	0.0478498935699	0.0497419834137	0.0483529567719	0.0571711063385	0.0667500495911	0.067400932312	0.0467820167542	0.0570049285889	0.0499949455261	0.0418241024017	0.0551819801331	0.0885410308838	0.0572471618652	0.128118038177	0.0569779872894	0.0346410274506	0.0675060749054	0.0556039810181	0.0486249923706	0.0441739559174	0.0697791576385	0.0456869602203	0.0605690479279	0.113816022873	0.0462048053741	0.0602090358734	0.0612947940826	0.0271861553192	0.042662858963	0.0444068908691	0.0945179462433	
['./treeMaker/main', '-m', '-c', '1']
0.0443019866943	0.0623381137848	0.0654380321503	0.0488150119781	0.0533699989319	0.0463299751282	0.0535109043121	0.0572679042816	0.0569629669189	0.0495710372925	0.0536179542542	0.0540330410004	0.0518820285797	0.0521619319916	0.0474541187286	0.0440299510956	0.0630030632019	0.100542068481	0.0521159172058	0.0476951599121	0.0527210235596	0.0490031242371	0.0615010261536	0.0709228515625	0.0687630176544	0.0491759777069	0.0597131252289	0.0522780418396	0.0434648990631	0.045147895813	0.0765869617462	0.0560760498047	0.141715049744	0.0508010387421	0.0441319942474	0.0655550956726	0.0569930076599	0.0519590377808	0.0468420982361	0.0756690502167	0.0510518550873	0.0633008480072	0.130505084991	0.0436100959778	0.0575928688049	0.0469200611115	0.0262439250946	0.0403108596802	0.0423350334167	0.0954411029816	
['./treeMaker/main', '-m', '-c', '2']
0.044538974762	0.0617480278015	0.0679938793182	0.052540063858	0.0578949451447	0.0506789684296	0.0563149452209	0.059602022171	0.0695259571075	0.0511929988861	0.0565569400787	0.0563249588013	0.0541241168976	0.0528857707977	0.0515968799591	0.0444459915161	0.0617029666901	0.0876488685608	0.0617320537567	0.0466859340668	0.0497879981995	0.0481178760529	0.0565299987793	0.0658450126648	0.0702610015869	0.0467970371246	0.0559020042419	0.0492351055145	0.0409059524536	0.0423719882965	0.0766520500183	0.0534760951996	0.124531030655	0.0505089759827	0.0311460494995	0.0619401931763	0.0528202056885	0.0479209423065	0.0437119007111	0.0686140060425	0.0447688102722	0.0609900951385	0.113893985748	0.0444438457489	0.0615861415863	0.0654458999634	0.0373959541321	0.0415909290314	0.0425281524658	0.0939979553223	
['./treeMaker/main', '-m', '-a', '1']
0.0480420589447	0.0802159309387	0.072007894516	0.0532338619232	0.0575788021088	0.0539939403534	0.0591621398926	0.0755240917206	0.0593039989471	0.0527601242065	0.0561139583588	0.055755853653	0.0540840625763	0.0544588565826	0.0499320030212	0.0463850498199	0.0673949718475	0.0900650024414	0.0571129322052	0.0523159503937	0.0549170970917	0.0536599159241	0.0685248374939	0.0726718902588	0.0739099979401	0.0551290512085	0.0628769397736	0.0551109313965	0.0480937957764	0.0493440628052	0.0869140625	0.0610539913177	0.142557144165	0.0567038059235	0.0354628562927	0.0686700344086	0.0574150085449	0.051812171936	0.0468709468842	0.0807249546051	0.0531280040741	0.0686681270599	0.123794078827	0.0549139976501	0.0637419223785	0.0536460876465	0.0331809520721	0.0463628768921	0.0530478954315	0.103413820267	
['./treeMaker/main', '-m', '-a', '2']
0.0467891693115	0.0635521411896	0.0684359073639	0.0486581325531	0.0534801483154	0.0464799404144	0.0535459518433	0.0575370788574	0.0575759410858	0.0594620704651	0.0524260997772	0.0692570209503	0.0596840381622	0.0534348487854	0.0522680282593	0.046443939209	0.0624799728394	0.0863039493561	0.0539090633392	0.0566229820251	0.0525081157684	0.0515131950378	0.0600230693817	0.0749888420105	0.0709948539734	0.0484220981598	0.0608401298523	0.051637172699	0.0428130626678	0.0456130504608	0.0789248943329	0.0573041439056	0.131145954132	0.054398059845	0.0351920127869	0.07839012146	0.0525341033936	0.061726808548	0.0446789264679	0.0693910121918	0.0459368228912	0.0600390434265	0.114553928375	0.0453059673309	0.0591621398926	0.0480480194092	0.026515007019	0.0409779548645	0.0425570011139	0.0941610336304	
