25_1000_1.9e-10_0.0_470000000
25
1000
1.9e-10
0.0
470000000

['./treeMaker/main']
0.329025030136	0.214984893799	0.706290006638	0.298033952713	0.350394964218	0.571124076843	0.278837203979	0.521219015121	0.21678185463	0.143769979477	0.616732120514	0.456696987152	0.815952062607	0.342559099197	0.760233163834	1.9768409729	0.518974065781	0.325870037079	0.17342209816	1.07777190208	0.779013156891	0.179892063141	0.401617050171	0.578069925308	2.82456111908	0.217283010483	0.273725032806	1.19145703316	0.246716976166	0.483206033707	0.732324123383	0.505649089813	0.399415016174	0.179996013641	0.245283126831	0.312554121017	0.648797035217	0.261747837067	0.263607978821	0.95827794075	0.568565130234	0.314022064209	0.350482940674	0.557978868484	0.245286941528	2.20012187958	0.253436803818	0.895101070404	0.576850175858	0.865284919739	
['./treeMaker/main', '-b']
0.33275103569	0.217483997345	0.709682941437	0.28408908844	0.342423915863	0.569176912308	0.264930963516	0.508047819138	0.201221942902	0.144594907761	0.621661186218	0.485079050064	0.779034137726	0.319315195084	0.765549898148	1.99356603622	0.563456058502	0.31368303299	0.17650604248	1.02874207497	0.813501119614	0.188606023788	0.421648025513	0.605840921402	3.03709101677	0.236344099045	0.284762859344	1.12264299393	0.248966932297	0.447767972946	0.727953910828	0.527673959732	0.423244953156	0.188856840134	0.233987808228	0.342707872391	0.619401931763	0.249149084091	0.269917964935	0.955581903458	0.610247135162	0.329522132874	0.360941886902	0.572822093964	0.26122713089	2.19941401482	0.266841173172	0.878153085709	0.579642057419	0.948889970779	
['./treeMaker/main', '-u']
0.33812379837	0.227972984314	0.652273893356	0.283627033234	0.325680017471	0.548934936523	0.266451120377	0.531497001648	0.209927082062	0.142627000809	0.583774089813	0.46563911438	0.762712955475	0.327795028687	0.75506401062	1.95783400536	0.570177078247	0.329021930695	0.187725067139	1.00863718987	0.791846036911	0.180113077164	0.401591062546	0.550429821014	2.71346306801	0.2366938591	0.26513004303	1.15864396095	0.245429992676	0.442617893219	0.728368997574	0.521200895309	0.396958112717	0.194042921066	0.223904848099	0.31619310379	0.655958890915	0.256799936295	0.252636909485	0.947043895721	0.570082902908	0.304687023163	0.347856998444	0.578204154968	0.260726928711	2.27296590805	0.255211114883	0.894419908524	0.587026119232	0.943021059036	
['./treeMaker/main', '-t', '-r', '1']
1.97001194954	1.49011516571	2.99496793747	1.78572797775	2.00659394264	2.79154205322	1.68445515633	2.53682804108	1.42049217224	1.11634898186	2.84854698181	2.46948719025	3.1914460659	1.93958902359	3.01420998573	5.37403702736	2.62071704865	1.90221190453	1.27170610428	3.7933280468	3.29378390312	1.35308480263	2.26197004318	2.78345108032	6.1629550457	1.5751080513	1.73626589775	4.10410499573	1.60943818092	2.38246393204	3.02275490761	2.42554998398	2.31374883652	1.3115978241	1.53656005859	1.863530159	2.93676280975	1.69944095612	1.63795185089	3.61743187904	2.73241186142	1.84127688408	2.03038692474	2.71623206139	1.67831993103	5.73165798187	1.66359400749	3.33593916893	2.68124914169	3.25389695168	
['./treeMaker/main', '-t', '-r', '2']
2.88648486137	2.13408994675	4.11444091797	2.57942581177	2.94591784477	3.78363800049	2.49736404419	3.7127430439	1.92423009872	1.47195410728	3.85748791695	3.49736309052	4.86414289474	2.74048900604	4.60709786415	7.61604094505	3.72989988327	2.7802529335	1.78762292862	5.06431412697	4.72698807716	1.89786195755	3.11733794212	3.88126301765	9.29412579536	2.09854006767	2.50679779053	5.56977105141	2.30928707123	3.47733402252	4.28834080696	3.66037106514	3.20120501518	1.95025014877	2.32377696037	2.88346385956	4.14213585854	2.41538095474	2.41863512993	4.94898509979	3.90107798576	2.69645500183	2.98509192467	3.67668795586	2.45232987404	7.77002692223	2.45289516449	5.15317606926	3.76839900017	5.20323300362	
['./treeMaker/main', '-t', '-r', '1', '-N']
1.9835460186	1.52839708328	3.05471611023	1.82940602303	1.9866900444	2.71941709518	1.68814396858	2.57076501846	1.4123749733	1.13318300247	2.82734704018	2.38557386398	3.14705204964	1.97534418106	3.00474405289	5.39887905121	2.67268610001	1.88653421402	1.26364898682	3.79051494598	3.20220184326	1.32739400864	2.25530791283	2.89850902557	6.1163380146	1.53459405899	1.7001979351	4.03331303596	1.70635604858	2.39786982536	3.06306195259	2.41869187355	2.32163381577	1.30216193199	1.53734183311	1.82585000992	3.03959012032	1.70677995682	1.78460502625	3.60288190842	2.73696303368	1.83832287788	2.04966402054	2.72323584557	1.72731995583	5.7012090683	1.63802480698	3.32229995728	2.66051912308	3.36340308189	
['./treeMaker/main', '-t', '-r', '2', '-N']
2.87490797043	2.17704296112	4.23012018204	2.60302400589	2.90323996544	3.80858182907	2.49937295914	3.63384914398	2.02528095245	1.52184486389	3.92945504189	3.48974609375	4.8946659565	2.74004197121	4.65983986855	7.84756398201	3.73773288727	2.69950294495	1.79462003708	5.02890110016	4.62196493149	1.89619112015	3.09438705444	3.88312411308	9.2773141861	2.08810687065	2.5044901371	5.55612683296	2.27962398529	3.51702904701	4.29673099518	3.75869107246	3.20070695877	1.85948419571	2.29185509682	2.92722797394	4.09943699837	2.39586806297	2.40141606331	4.93689799309	3.90793895721	2.72733616829	2.93546104431	3.70625901222	2.44593977928	7.78066205978	2.48879504204	5.0695309639	3.86945390701	5.14369392395	
['./treeMaker/main', '-m']
0.103760957718	0.0920970439911	0.128239870071	0.100162982941	0.102674007416	0.114295959473	0.0901401042938	0.114140987396	0.0936670303345	0.0710489749908	0.115307092667	0.114648103714	0.149731874466	0.0968968868256	0.122577905655	0.189429998398	0.115158081055	0.0996661186218	0.0811309814453	0.13632106781	0.124535083771	0.0776069164276	0.0995378494263	0.111410140991	0.203325033188	0.0891740322113	0.0953228473663	0.1437292099	0.091078042984	0.107938051224	0.123513936996	0.111582040787	0.105273008347	0.0808081626892	0.0906839370728	0.101423978806	0.117612123489	0.0912210941315	0.0896620750427	0.139280080795	0.122109889984	0.110595941544	0.112664937973	0.119610071182	0.0943341255188	0.169610977173	0.0903351306915	0.150281190872	0.112014055252	0.133713960648	
['./treeMaker/main', '-m', '-b']
0.102859973907	0.0858800411224	0.134290933609	0.0976591110229	0.115098953247	0.122092962265	0.0966970920563	0.11937212944	0.0992879867554	0.0755741596222	0.121197938919	0.120025873184	0.153825044632	0.0990839004517	0.137079000473	0.205034017563	0.128746986389	0.107702970505	0.0957717895508	0.147370100021	0.135383844376	0.0837168693542	0.111238002777	0.123637914658	0.209050893784	0.0887818336487	0.0933368206024	0.161671876907	0.0948238372803	0.111767053604	0.128814935684	0.118736028671	0.112444162369	0.0833508968353	0.105348110199	0.111716032028	0.133328199387	0.106571912766	0.104979991913	0.140691995621	0.12996506691	0.106516122818	0.119205951691	0.129133224487	0.0978410243988	0.193691015244	0.10557103157	0.148040056229	0.128392934799	0.15686416626	
['./treeMaker/main', '-m', '-w', '1']
0.104083061218	0.0894181728363	0.128299951553	0.100203037262	0.105020046234	0.117268800735	0.0953588485718	0.116535186768	0.0875980854034	0.0747530460358	0.123081922531	0.11600279808	0.130879878998	0.101334810257	0.130269050598	0.19130897522	0.10949587822	0.112791776657	0.0842180252075	0.157918930054	0.122824907303	0.0858380794525	0.109730005264	0.121490955353	0.210325956345	0.103011846542	0.0936648845673	0.154309988022	0.084851026535	0.120918035507	0.138952970505	0.125418186188	0.107149124146	0.0811469554901	0.0857930183411	0.113029003143	0.123430013657	0.0898931026459	0.0889549255371	0.138912200928	0.122044801712	0.0996160507202	0.103337049484	0.112283945084	0.0948090553284	0.188230991364	0.104850053787	0.137592077255	0.119525909424	0.131245851517	
['./treeMaker/main', '-m', '-w', '2']
0.104295015335	0.0881969928741	0.127197980881	0.0964708328247	0.102962970734	0.114577054977	0.093090057373	0.113017082214	0.0844249725342	0.0870530605316	0.132277011871	0.107901096344	0.129518985748	0.0971760749817	0.125393867493	0.192084789276	0.112914800644	0.0957551002502	0.0771329402924	0.145839929581	0.136235952377	0.0832049846649	0.107007980347	0.118191957474	0.203758955002	0.100193977356	0.104042053223	0.146719932556	0.0883479118347	0.10687994957	0.122181892395	0.114468097687	0.105767965317	0.0788028240204	0.0911681652069	0.104292154312	0.12263917923	0.092346906662	0.0941951274872	0.136677026749	0.118854045868	0.0947799682617	0.0978329181671	0.112190008163	0.0891151428223	0.180491924286	0.0969729423523	0.152088880539	0.123065948486	0.14427280426	
['./treeMaker/main', '-m', '-c', '1']
0.102916002274	0.0905158519745	0.128671884537	0.107198953629	0.0993368625641	0.11133813858	0.0905079841614	0.108714818954	0.0835158824921	0.0722148418427	0.121295213699	0.113039970398	0.135188102722	0.0929009914398	0.128450870514	0.191128969193	0.108909130096	0.111474990845	0.0757029056549	0.137909173965	0.123373985291	0.0777840614319	0.100211858749	0.110492229462	0.204588890076	0.0880031585693	0.0930728912354	0.144935131073	0.0906808376312	0.111335039139	0.127220869064	0.112956047058	0.106443166733	0.0822057723999	0.101287126541	0.0976369380951	0.115906953812	0.0935039520264	0.0979640483856	0.139932870865	0.128004074097	0.0938251018524	0.102907180786	0.11644411087	0.0932309627533	0.17670583725	0.0954809188843	0.148626089096	0.1179459095	0.149162054062	
['./treeMaker/main', '-m', '-c', '2']
0.0962970256805	0.0832250118256	0.133790969849	0.0947749614716	0.0957858562469	0.124960899353	0.091628074646	0.112794876099	0.0943598747253	0.0717079639435	0.120483875275	0.108698129654	0.128514051437	0.0981140136719	0.141374826431	0.171923875809	0.128014087677	0.110314846039	0.0761210918427	0.144132137299	0.140434026718	0.0776131153107	0.107223033905	0.117255926132	0.200753211975	0.083722114563	0.0885078907013	0.146740198135	0.103730916977	0.110796928406	0.121325016022	0.107481956482	0.117941141129	0.0821371078491	0.0910348892212	0.100270032883	0.129019975662	0.0911591053009	0.0932190418243	0.136800050735	0.122794866562	0.0998249053955	0.0968599319458	0.112964868546	0.0887949466705	0.168765068054	0.101401090622	0.132889032364	0.11935210228	0.134739875793	
['./treeMaker/main', '-m', '-a', '1']
0.118098974228	0.103702068329	0.142622947693	0.112436056137	0.116385936737	0.134496927261	0.10741686821	0.122503042221	0.0972719192505	0.0861308574677	0.145462989807	0.128992795944	0.151521205902	0.115048885345	0.138309001923	0.197132110596	0.131600856781	0.116029977798	0.0970230102539	0.160242080688	0.14608502388	0.0965690612793	0.116130113602	0.126160144806	0.224224805832	0.0993459224701	0.10390496254	0.170319795609	0.115551948547	0.123008012772	0.151360988617	0.135571956635	0.136290073395	0.0936961174011	0.108061790466	0.119606971741	0.136322975159	0.110785007477	0.109820842743	0.165735006332	0.13941192627	0.109319925308	0.122208833694	0.133579015732	0.110020160675	0.203461170197	0.113259077072	0.149212121964	0.135553121567	0.163826942444	
['./treeMaker/main', '-m', '-a', '2']
0.101963996887	0.0872919559479	0.126315832138	0.0911431312561	0.0969669818878	0.110044002533	0.0907227993011	0.107465982437	0.0866010189056	0.0735239982605	0.121335983276	0.108628988266	0.130769968033	0.0989899635315	0.129708051682	0.180582046509	0.116213083267	0.100150108337	0.0808539390564	0.155532121658	0.141530990601	0.0849721431732	0.11075091362	0.120318174362	0.21059513092	0.084627866745	0.0899579524994	0.138869047165	0.0901238918304	0.110066890717	0.133328914642	0.117712020874	0.109326124191	0.0936629772186	0.0855488777161	0.0984652042389	0.116031885147	0.0865030288696	0.0931329727173	0.137725114822	0.122490167618	0.0999798774719	0.103572845459	0.112544059753	0.0887470245361	0.169683933258	0.0913639068604	0.131322145462	0.113348007202	0.133589029312	
