25_1000_4.9e-10_4.9e-10_470000000_cut_7
25
1000
4.9e-10
4.9e-10
470000000
cut_7
['./treeMaker/main']
0.0914371013641	0.205153942108	0.214156866074	0.121894836426	0.147831916809	0.125102996826	0.14194393158	0.164906978607	0.147083997726	0.121268033981	0.126044034958	0.135239124298	0.134781122208	0.119131088257	0.101444005966	0.101366996765	0.174659013748	0.405628919601	0.133620977402	0.0977759361267	0.117287874222	0.0998799800873	0.178410768509	0.233708143234	0.222862005234	0.100411891937	0.173854112625	0.128519058228	0.0857100486755	0.0926668643951	0.332887887955	0.138221979141	1.26826405525	0.130025863647	0.0485219955444	0.205478906631	0.134212970734	0.109148979187	0.0907070636749	0.268471002579	0.101785898209	0.18946313858	0.991972923279	0.103120088577	0.173145055771	0.112825870514	0.036190032959	0.0879440307617	0.0861120223999	0.493540763855	
['./treeMaker/main', '-b']
0.0894408226013	0.21776008606	0.222842931747	0.11906003952	0.139489173889	0.114969968796	0.145055055618	0.167023897171	0.152745008469	0.122535943985	0.137216091156	0.136452913284	0.137449979782	0.116865873337	0.102965831757	0.102129220963	0.164716959	0.407772064209	0.141280889511	0.100061178207	0.129964113235	0.104916095734	0.179990053177	0.235832929611	0.229328870773	0.114711046219	0.165098905563	0.122383117676	0.0866980552673	0.0855088233948	0.335874795914	0.143033981323	1.20261096954	0.132661104202	0.0538890361786	0.211694002151	0.136649847031	0.109123945236	0.0938391685486	0.269806146622	0.104163885117	0.208082199097	0.949622869492	0.101532936096	0.170953989029	0.114891052246	0.0370500087738	0.0903120040894	0.0905499458313	0.514920949936	
['./treeMaker/main', '-u']
0.0880949497223	0.229350090027	0.215439081192	0.128341913223	0.145549058914	0.112812042236	0.136456012726	0.170800924301	0.153228998184	0.121407032013	0.136718988419	0.146152973175	0.134318113327	0.120354890823	0.109120130539	0.101909160614	0.169276952744	0.406730890274	0.137166023254	0.104523181915	0.120083093643	0.0993390083313	0.182021141052	0.225394964218	0.221826791763	0.0982980728149	0.164422988892	0.123125076294	0.0836160182953	0.0834541320801	0.33869600296	0.139292001724	1.27135682106	0.130266904831	0.0576720237732	0.195301055908	0.131289958954	0.123616933823	0.0920069217682	0.254618167877	0.102572917938	0.191900014877	0.99841094017	0.0999929904938	0.184309959412	0.115634918213	0.0378229618073	0.0904161930084	0.0919790267944	0.459735155106	
['./treeMaker/main', '-t', '-r', '1']
0.848554849625	1.6904759407	1.62362599373	1.11491298676	1.19668292999	1.08145809174	1.27039384842	1.44754505157	1.30431699753	1.19516897202	1.1337211132	1.21766901016	1.12334704399	1.08019900322	0.965940952301	0.992564916611	1.46403598785	2.27033185959	1.16769504547	0.922975063324	1.09052300453	0.942718982697	1.46331000328	1.6952149868	1.67619013786	0.924887895584	1.48033618927	1.18930792809	0.835669994354	0.825966119766	2.2778840065	1.27941608429	4.71412587166	1.1620259285	0.463026046753	1.65027999878	1.26710295677	1.04241013527	0.863921880722	1.93106889725	0.94838809967	1.54609394073	3.85762214661	1.01413202286	1.51107287407	1.05009412766	0.382302045822	0.902789115906	0.863041877747	2.5354590416	
['./treeMaker/main', '-t', '-r', '2']
1.33219909668	2.66340494156	2.61376810074	1.72292590141	1.82569599152	1.69831800461	1.89326381683	2.24409890175	2.12617278099	1.76732993126	1.9484910965	1.92219901085	1.87576508522	1.71805691719	1.46346688271	1.50962209702	2.23587203026	3.97705602646	2.03759884834	1.48755979538	1.70862698555	1.76479101181	2.13241004944	2.71944403648	2.65114212036	1.67554879189	2.15891194344	1.92411494255	1.27506613731	1.30554103851	3.48882889748	1.94970297813	6.67349004745	1.80355000496	0.751377820969	2.55613493919	1.94552183151	1.62746405602	1.35544776917	2.9977080822	1.6635351181	2.75044488907	6.21843290329	1.52759408951	2.36079120636	1.69769191742	0.600738048553	1.3983669281	1.39169502258	4.34344506264	
['./treeMaker/main', '-t', '-r', '1', '-N']
0.868736982346	1.71466493607	1.63872218132	1.09103107452	1.21932411194	1.11044216156	1.2885529995	1.4679608345	1.26472091675	1.225689888	1.17146396637	1.24070906639	1.16099476814	1.07458305359	0.999573945999	1.01890802383	1.46652197838	2.32132506371	1.20288610458	0.929372787476	1.09084200859	0.927649021149	1.45652198792	1.68740010262	1.65347599983	0.935002088547	1.49466609955	1.18238997459	0.853439807892	0.823891162872	2.24121999741	1.24464392662	4.69365406036	1.22684907913	0.516358852386	1.65368700027	1.25595998764	1.07199311256	0.864175796509	1.91353201866	1.10167789459	1.61088299751	3.80131006241	1.01096796989	1.53034710884	1.06462693214	0.384510040283	0.886493206024	0.864281892776	2.57939100266	
['./treeMaker/main', '-t', '-r', '2', '-N']
1.39053583145	2.69313502312	2.63459205627	1.77424287796	1.88911104202	1.7419500351	1.88375520706	2.21844005585	2.13766598701	1.79180502892	1.92217993736	1.92108798027	1.90480399132	1.75819802284	1.46324300766	1.56982493401	2.25821495056	3.94354581833	2.002628088	1.50836992264	1.71826601028	1.74794101715	2.20682406425	2.72423315048	2.6549949646	1.70969295502	2.1604809761	1.92967295647	1.26291394234	1.32436299324	3.46903800964	1.98866510391	6.74696707726	1.87539100647	0.754256010056	2.59906983376	2.01491189003	1.63328480721	1.39061808586	3.0026948452	1.63099503517	2.75686097145	6.16567611694	1.49965119362	2.37141489983	1.66623401642	0.596610784531	1.39863491058	1.3930990696	4.28516292572	
['./treeMaker/main', '-m']
0.0435030460358	0.0733511447906	0.0636019706726	0.0487859249115	0.0533661842346	0.0465700626373	0.0534989833832	0.0599319934845	0.0572588443756	0.0485792160034	0.0504999160767	0.0514481067657	0.0526051521301	0.0497670173645	0.0470788478851	0.0488109588623	0.0604751110077	0.0772409439087	0.0496108531952	0.04372382164	0.0463669300079	0.0439450740814	0.0545041561127	0.0616919994354	0.0622701644897	0.0431389808655	0.0531048774719	0.0473520755768	0.0388379096985	0.0401861667633	0.0701620578766	0.0504767894745	0.114498138428	0.0483458042145	0.0315320491791	0.0611939430237	0.0512521266937	0.0464460849762	0.0563669204712	0.0649819374084	0.0552778244019	0.0622110366821	0.11004114151	0.0475180149078	0.0583779811859	0.0483629703522	0.0261998176575	0.0386040210724	0.0404949188232	0.0837531089783	
['./treeMaker/main', '-m', '-b']
0.0435121059418	0.0638501644135	0.0673019886017	0.0509331226349	0.0540008544922	0.0478148460388	0.0542049407959	0.0586178302765	0.0575141906738	0.0503811836243	0.0532829761505	0.0529539585114	0.0637190341949	0.0498869419098	0.0470399856567	0.046187877655	0.0595519542694	0.0865428447723	0.0530300140381	0.0464718341827	0.0496869087219	0.0472750663757	0.0578439235687	0.0666959285736	0.0667941570282	0.0460469722748	0.057226896286	0.0632109642029	0.0420401096344	0.042937040329	0.0755350589752	0.0533039569855	0.125576019287	0.051589012146	0.0310790538788	0.0629680156708	0.0532569885254	0.0480980873108	0.0437819957733	0.0714349746704	0.0469150543213	0.0638451576233	0.118185043335	0.0475978851318	0.0575649738312	0.0480601787567	0.0262658596039	0.0413980484009	0.0426859855652	0.0893659591675	
['./treeMaker/main', '-m', '-w', '1']
0.0416510105133	0.0609059333801	0.0607697963715	0.047219991684	0.0504109859467	0.0446920394897	0.0502579212189	0.0578970909119	0.0566880702972	0.0624370574951	0.0491778850555	0.0508139133453	0.0498960018158	0.0480720996857	0.044949054718	0.0440740585327	0.056666135788	0.0806608200073	0.0619730949402	0.046993970871	0.0496530532837	0.0476100444794	0.0575640201569	0.0666089057922	0.0662589073181	0.0442481040955	0.0544068813324	0.0479459762573	0.0394361019135	0.0406150817871	0.0865800380707	0.0519089698792	0.125643014908	0.0519762039185	0.0354750156403	0.0736200809479	0.0547749996185	0.0492889881134	0.0450239181519	0.0705869197845	0.0499451160431	0.0623450279236	0.111569881439	0.0431571006775	0.0667719841003	0.0463049411774	0.0262949466705	0.0408790111542	0.0419101715088	0.0869510173798	
['./treeMaker/main', '-m', '-w', '2']
0.043075799942	0.0623340606689	0.0634820461273	0.0487051010132	0.049164056778	0.0446178913116	0.0504870414734	0.0550949573517	0.0532119274139	0.0467071533203	0.047975063324	0.0498690605164	0.0488529205322	0.0477199554443	0.0583980083466	0.0462980270386	0.0605928897858	0.0785710811615	0.0506730079651	0.0448241233826	0.0475270748138	0.0450909137726	0.0552000999451	0.0630099773407	0.0635781288147	0.0559411048889	0.0544831752777	0.0492072105408	0.0408260822296	0.0415189266205	0.0738389492035	0.0521290302277	0.115580797195	0.0488328933716	0.0437529087067	0.0639960765839	0.0561800003052	0.0515749454498	0.0451431274414	0.0708780288696	0.0471868515015	0.0578639507294	0.123286008835	0.0520601272583	0.065798997879	0.0472569465637	0.0261659622192	0.041081905365	0.0423378944397	0.0976939201355	
['./treeMaker/main', '-m', '-c', '1']
0.0455939769745	0.0632181167603	0.0645837783813	0.0482039451599	0.0511708259583	0.0453259944916	0.0513319969177	0.0553669929504	0.0543160438538	0.0478880405426	0.0489461421967	0.0523719787598	0.0519819259644	0.0486559867859	0.0488309860229	0.0461931228638	0.0571799278259	0.0815210342407	0.0527439117432	0.0474390983582	0.0511178970337	0.0487070083618	0.0591580867767	0.0692598819733	0.0652208328247	0.0507221221924	0.0567328929901	0.0547318458557	0.0424427986145	0.0430080890656	0.0767779350281	0.0519459247589	0.124607086182	0.0525078773499	0.0310821533203	0.0620830059052	0.0538730621338	0.0492188930511	0.0542809963226	0.0646178722382	0.0433008670807	0.0578649044037	0.117661952972	0.0446538925171	0.0559389591217	0.0467109680176	0.0258769989014	0.0405950546265	0.0417628288269	0.0946900844574	
['./treeMaker/main', '-m', '-c', '2']
0.044497013092	0.0629601478577	0.0641911029816	0.0499148368835	0.0519161224365	0.0466668605804	0.0541739463806	0.0569479465485	0.0576689243317	0.0491151809692	0.0497789382935	0.0553350448608	0.0515961647034	0.0486998558044	0.048465013504	0.043909072876	0.0572118759155	0.0816328525543	0.0541589260101	0.0463228225708	0.0529580116272	0.0480539798737	0.0612828731537	0.0692698955536	0.0696258544922	0.047614812851	0.0594069957733	0.0514919757843	0.0402629375458	0.0436720848083	0.07541680336	0.0541858673096	0.128803014755	0.0486838817596	0.0413048267365	0.0605318546295	0.0513191223145	0.0463678836823	0.0417878627777	0.067244052887	0.0444340705872	0.0597550868988	0.105489969254	0.0440919399261	0.0546560287476	0.0454759597778	0.025454044342	0.0394251346588	0.0407319068909	0.0971128940582	
['./treeMaker/main', '-m', '-a', '1']
0.0470740795135	0.0674629211426	0.0643858909607	0.0506620407104	0.0542418956757	0.0478310585022	0.0544829368591	0.057895898819	0.057070016861	0.0506038665771	0.0521490573883	0.0538070201874	0.0541040897369	0.0512809753418	0.0491781234741	0.0523619651794	0.0614149570465	0.0899369716644	0.0554378032684	0.0509531497955	0.0534961223602	0.0519030094147	0.0605039596558	0.0727670192719	0.0665678977966	0.0474288463593	0.0566740036011	0.0512938499451	0.0480589866638	0.0468890666962	0.0789139270782	0.0576651096344	0.131021976471	0.0551660060883	0.0349810123444	0.0657939910889	0.0551619529724	0.0506081581116	0.0453400611877	0.0714340209961	0.04842710495	0.0639860630035	0.111238002777	0.0473711490631	0.0578520298004	0.05286693573	0.0292210578918	0.0470948219299	0.047287940979	0.0924501419067	
['./treeMaker/main', '-m', '-a', '2']
0.0436120033264	0.0620620250702	0.0629169940948	0.0504341125488	0.0512111186981	0.0453820228577	0.0516259670258	0.0557501316071	0.0660688877106	0.0461580753326	0.0599310398102	0.0511419773102	0.0499279499054	0.0483930110931	0.0488200187683	0.0463271141052	0.0578329563141	0.0810980796814	0.0534229278564	0.046893119812	0.052169084549	0.045606136322	0.0689029693604	0.0693838596344	0.0659840106964	0.0503580570221	0.0662131309509	0.0496969223022	0.0410060882568	0.0432269573212	0.0729851722717	0.0535380840302	0.119313001633	0.0505659580231	0.0334160327911	0.0625309944153	0.0531229972839	0.0487160682678	0.0534288883209	0.0811419487	0.0426580905914	0.0579612255096	0.10551404953	0.0436060428619	0.054379940033	0.0452840328217	0.0251879692078	0.0515568256378	0.0415699481964	0.0860159397125	
