25_1000_1.9e-10_1.9e-10_190000000
25
1000
1.9e-10
1.9e-10
190000000

['./treeMaker/main']
0.117724180222	0.0821969509125	0.131498813629	0.101016998291	0.121458053589	0.11545586586	0.104513883591	0.112627983093	0.156759977341	0.0939989089966	0.0894999504089	0.111593961716	0.157745838165	0.110732793808	0.11679315567	0.141152858734	0.10608291626	0.103789806366	0.214849948883	0.122488021851	0.114322900772	0.103532075882	0.12185382843	0.115876913071	0.072958946228	0.0889809131622	0.1496758461	0.084123134613	0.0963909626007	0.113906860352	0.120034217834	0.10694694519	0.160915851593	0.0924589633942	0.126260042191	0.148885011673	0.0822761058807	0.0946760177612	0.0967261791229	0.0809948444366	0.14527797699	0.0863649845123	0.100050926208	0.117326974869	0.1070291996	0.126784086227	0.119390010834	0.093367099762	0.124481916428	0.0789330005646	
['./treeMaker/main', '-b']
0.136381149292	0.0789589881897	0.123894929886	0.115195989609	0.13578915596	0.12694978714	0.105882167816	0.113676071167	0.152611970901	0.0953350067139	0.105762958527	0.120536088943	0.169022798538	0.124485969543	0.118848085403	0.1421251297	0.102880001068	0.11102604866	0.233349084854	0.123554944992	0.11456990242	0.0987720489502	0.114987134933	0.115621805191	0.0786039829254	0.0865230560303	0.133343935013	0.0900890827179	0.104915142059	0.113523960114	0.11857509613	0.108086824417	0.169346094131	0.113137960434	0.126524925232	0.160355091095	0.0894680023193	0.101316928864	0.10390496254	0.0874238014221	0.132130146027	0.102067947388	0.106992959976	0.127315998077	0.108406066895	0.133396148682	0.121548891068	0.106193065643	0.121119976044	0.0756049156189	
['./treeMaker/main', '-u']
0.118104934692	0.0910699367523	0.124562978745	0.0990219116211	0.117747068405	0.110768795013	0.116334915161	0.113780021667	0.152303934097	0.0891358852386	0.103568077087	0.123914957047	0.163316011429	0.113098859787	0.117677927017	0.134763002396	0.102187871933	0.0935139656067	0.215594053268	0.116116046906	0.119573831558	0.102797985077	0.119715929031	0.115519046783	0.079174041748	0.0904898643494	0.137948036194	0.085431098938	0.0974721908569	0.114521026611	0.122949123383	0.109446048737	0.168168067932	0.090677022934	0.126307964325	0.157727956772	0.0903799533844	0.102421998978	0.11624288559	0.082123041153	0.130810022354	0.0879068374634	0.0980749130249	0.11761879921	0.102300882339	0.121629953384	0.119921922684	0.0900850296021	0.121838092804	0.0769710540771	
['./treeMaker/main', '-t', '-r', '1']
1.00164699554	0.64750790596	0.955976009369	0.83405995369	0.945935964584	0.92488694191	0.837877988815	0.929569959641	1.16898584366	0.780918121338	0.707714796066	0.964095115662	1.2126159668	0.909494161606	1.00594997406	1.09056591988	0.851834058762	0.773891925812	1.5560901165	0.991751909256	0.938566923141	0.852802991867	0.945492982864	0.905380010605	0.618946790695	0.742591142654	1.06651186943	0.737411975861	0.83282494545	0.909960985184	0.965976953506	0.878824234009	1.25571799278	0.784847974777	1.03608298302	1.04040384293	0.704079866409	0.804888963699	0.836221933365	0.711159944534	1.10352993011	0.69718003273	0.832598924637	0.990354061127	0.890084981918	0.997009038925	0.956799030304	0.780190944672	1.01341295242	0.613091945648	
['./treeMaker/main', '-t', '-r', '2']
1.55061483383	0.96964597702	1.47775006294	1.31078290939	1.49821710587	1.44417786598	1.30963587761	1.42718911171	1.78264188766	1.13663077354	1.07111978531	1.43693804741	2.09497499466	1.44847393036	1.43013095856	1.70445990562	1.32831501961	1.15847682953	2.61299610138	1.50763702393	1.397315979	1.32048916817	1.52530097961	1.43532896042	0.907159090042	1.07392692566	1.68924212456	1.09425997734	1.25535583496	1.35641217232	1.45607185364	1.36029410362	2.01971697807	1.16372609138	1.56314086914	1.87622714043	1.00756001472	1.22293710709	1.23084306717	1.07060003281	1.64667081833	1.10686707497	1.2441740036	1.48922610283	1.33720707893	1.51885294914	1.41219091415	1.20776486397	1.58450198174	0.969232082367	
['./treeMaker/main', '-t', '-r', '1', '-N']
1.00103497505	0.659957885742	0.976671934128	0.812712907791	0.943633079529	0.939746141434	0.856637954712	0.938069105148	1.16123986244	0.772171974182	0.705301046371	0.952682971954	1.22845315933	0.914155006409	0.979880094528	1.10053181648	0.837869167328	0.790296077728	1.56750607491	0.939299106598	0.921805858612	0.812397956848	0.936067819595	0.936126947403	0.631383895874	0.736243009567	1.08823919296	0.746379137039	0.862993955612	0.929123878479	0.986452817917	0.86806511879	1.27418398857	0.783689022064	1.05009007454	1.06395101547	0.751665115356	0.829007863998	0.843067884445	0.720155954361	1.08092904091	0.708742141724	0.819401025772	1.01028394699	0.851500034332	1.00030684471	0.992492198944	0.787373065948	0.978975772858	0.640154838562	
['./treeMaker/main', '-t', '-r', '2', '-N']
1.52620100975	0.965702056885	1.50994086266	1.30100297928	1.49171590805	1.45945096016	1.2796690464	1.38071012497	1.8203599453	1.10629606247	1.05726003647	1.41755509377	2.08376598358	1.43796610832	1.45533800125	1.72741484642	1.28819799423	1.19930100441	2.56214380264	1.54535293579	1.42689204216	1.27724981308	1.46666693687	1.38265299797	0.900964021683	1.09676790237	1.71770906448	1.1082701683	1.24674916267	1.35104203224	1.47235989571	1.32474708557	2.02515697479	1.18986392021	1.54696202278	1.89843893051	1.02089595795	1.18517899513	1.24564886093	1.07761096954	1.66635203362	1.09367394447	1.22835087776	1.52121806145	1.32325315475	1.49942016602	1.42655396461	1.22268605232	1.60048007965	0.960180044174	
['./treeMaker/main', '-m']
0.06334400177	0.0528562068939	0.0630860328674	0.0594968795776	0.0637419223785	0.0608310699463	0.0592670440674	0.0605030059814	0.0671091079712	0.0565750598907	0.0557608604431	0.0610299110413	0.069099187851	0.0638158321381	0.0711600780487	0.0683119297028	0.0621728897095	0.0593690872192	0.0933060646057	0.0594668388367	0.058317899704	0.0608768463135	0.0668880939484	0.0600130558014	0.0500059127808	0.0520679950714	0.0625	0.0524039268494	0.0553650856018	0.0585780143738	0.0630829334259	0.0601649284363	0.0824911594391	0.0567870140076	0.059995174408	0.0661618709564	0.0521240234375	0.0545859336853	0.0551400184631	0.0520648956299	0.0604269504547	0.0527520179749	0.0550608634949	0.0752317905426	0.0618941783905	0.0748541355133	0.0567359924316	0.0525710582733	0.0586349964142	0.050952911377	
['./treeMaker/main', '-m', '-b']
0.0612170696259	0.0517990589142	0.0643899440765	0.0578150749207	0.0617899894714	0.0596559047699	0.0577280521393	0.0593650341034	0.0655529499054	0.0627300739288	0.0615649223328	0.065505027771	0.0671610832214	0.0593400001526	0.060122013092	0.0658450126648	0.0730741024017	0.0601439476013	0.0837440490723	0.0683829784393	0.064948797226	0.0624639987946	0.0677959918976	0.0665509700775	0.0573811531067	0.0558040142059	0.0692780017853	0.0569000244141	0.06276512146	0.0652520656586	0.063817024231	0.0728449821472	0.0689220428467	0.0548329353333	0.0618898868561	0.0695941448212	0.0535469055176	0.0610101222992	0.0723209381104	0.0606851577759	0.0695009231567	0.059072971344	0.0613629817963	0.0676310062408	0.0644609928131	0.0682349205017	0.0683341026306	0.0601029396057	0.0671670436859	0.0542259216309	
['./treeMaker/main', '-m', '-w', '1']
0.0671830177307	0.0530698299408	0.0636489391327	0.0587518215179	0.0644929409027	0.0609490871429	0.0592617988586	0.060672044754	0.0672779083252	0.0565819740295	0.0526459217072	0.0577330589294	0.0648159980774	0.0579330921173	0.0577158927917	0.0655081272125	0.0584468841553	0.0551240444183	0.0727548599243	0.0641911029816	0.0628869533539	0.0623769760132	0.0656189918518	0.0635118484497	0.0555350780487	0.0580239295959	0.0662319660187	0.0523819923401	0.0550520420074	0.0574300289154	0.0586009025574	0.0560619831085	0.0695600509644	0.0708060264587	0.0598258972168	0.067263841629	0.0518770217896	0.0543580055237	0.0563139915466	0.0531899929047	0.0625519752502	0.0552840232849	0.0563650131226	0.0588819980621	0.0565409660339	0.0599021911621	0.0586199760437	0.0524940490723	0.0588428974152	0.0512020587921	
['./treeMaker/main', '-m', '-w', '2']
0.0600280761719	0.0519859790802	0.0601301193237	0.0571939945221	0.0600979328156	0.0578508377075	0.0562000274658	0.0573420524597	0.0635049343109	0.0539019107819	0.0528678894043	0.0584390163422	0.0675449371338	0.0578558444977	0.058611869812	0.0643329620361	0.0723979473114	0.0591249465942	0.0792059898376	0.066025018692	0.0668601989746	0.0618209838867	0.0660440921783	0.072958946228	0.0520539283752	0.0548000335693	0.0672299861908	0.0527780056	0.0558490753174	0.0589601993561	0.0594668388367	0.0710971355438	0.0704960823059	0.0714061260223	0.0605320930481	0.067125082016	0.0528330802917	0.0551238059998	0.0567259788513	0.0543880462646	0.0631301403046	0.0542879104614	0.0688979625702	0.0739319324493	0.0604889392853	0.0611901283264	0.0642378330231	0.0561189651489	0.0630099773407	0.0550429821014	
['./treeMaker/main', '-m', '-c', '1']
0.0629999637604	0.0537061691284	0.063019990921	0.0596799850464	0.0634989738464	0.0609109401703	0.0589888095856	0.0604650974274	0.0672261714935	0.0564260482788	0.0555489063263	0.0611867904663	0.0687711238861	0.0581789016724	0.0588140487671	0.0684728622437	0.0610730648041	0.0574889183044	0.076938867569	0.0630888938904	0.0619411468506	0.0703279972076	0.0609948635101	0.0606031417847	0.0533158779144	0.0550060272217	0.064404964447	0.0554809570312	0.0588130950928	0.0608170032501	0.0739719867706	0.0607681274414	0.0792288780212	0.0679538249969	0.0660889148712	0.0778801441193	0.0561389923096	0.0631749629974	0.0607171058655	0.0565049648285	0.0662169456482	0.070317029953	0.0680527687073	0.0637879371643	0.0613670349121	0.0666470527649	0.0615351200104	0.0525281429291	0.0591099262238	0.0511848926544	
['./treeMaker/main', '-m', '-c', '2']
0.0593731403351	0.0501799583435	0.0591270923615	0.0569820404053	0.0597350597382	0.0576021671295	0.0553839206696	0.0567350387573	0.0629839897156	0.0527009963989	0.0526390075684	0.073399066925	0.071457862854	0.0661191940308	0.064444065094	0.0695588588715	0.0662400722504	0.0578060150146	0.0918760299683	0.0588428974152	0.0581591129303	0.0552740097046	0.0587329864502	0.0579249858856	0.0493550300598	0.0516550540924	0.0616838932037	0.0532851219177	0.0548341274261	0.0751440525055	0.064131975174	0.054878950119	0.0663571357727	0.0533430576324	0.0602569580078	0.0692811012268	0.0554201602936	0.0579299926758	0.0587830543518	0.0545008182526	0.063469171524	0.0562508106232	0.0585210323334	0.0616497993469	0.0749650001526	0.0654268264771	0.075502872467	0.0558350086212	0.0623908042908	0.0541529655457	
['./treeMaker/main', '-m', '-a', '1']
0.074166059494	0.0745229721069	0.0729079246521	0.0705618858337	0.0742881298065	0.068060874939	0.0663049221039	0.0667531490326	0.072988986969	0.0638279914856	0.0630159378052	0.0673630237579	0.0790569782257	0.0720660686493	0.0713999271393	0.0784039497375	0.0726389884949	0.06796002388	0.0865271091461	0.0744009017944	0.0717658996582	0.070983171463	0.0738470554352	0.0837788581848	0.0658180713654	0.0762670040131	0.0756189823151	0.0654921531677	0.0685129165649	0.0692930221558	0.075147151947	0.0794370174408	0.080178976059	0.0681531429291	0.0691561698914	0.0897431373596	0.0663990974426	0.0684881210327	0.065789937973	0.0656540393829	0.0732169151306	0.0680749416351	0.0830590724945	0.0686910152435	0.0682549476624	0.084321975708	0.0707499980927	0.0666301250458	0.0691428184509	0.0629990100861	
['./treeMaker/main', '-m', '-a', '2']
0.0634739398956	0.0539228916168	0.0632591247559	0.059788942337	0.06352186203	0.0611898899078	0.0597870349884	0.0611870288849	0.067211151123	0.0563571453094	0.0563459396362	0.0614449977875	0.0692791938782	0.0581059455872	0.057667016983	0.0635299682617	0.0712559223175	0.0578980445862	0.0815000534058	0.0605177879333	0.0632569789886	0.0596101284027	0.0631098747253	0.0618109703064	0.0531048774719	0.0557200908661	0.0660488605499	0.0557928085327	0.0587170124054	0.0612959861755	0.0624170303345	0.0589771270752	0.0746757984161	0.052983045578	0.0599858760834	0.0837309360504	0.0605881214142	0.0596768856049	0.0607349872589	0.056617975235	0.0596239566803	0.0526340007782	0.0549490451813	0.058032989502	0.0568778514862	0.0601460933685	0.0588889122009	0.0531661510468	0.0615329742432	0.0540721416473	
