25_1000_4.9e-10_4.9e-10_470000000
25
1000
4.9e-10
4.9e-10
470000000

['./treeMaker/main']
0.326175928116	0.881889104843	0.880843877792	0.470024824142	0.500070810318	0.385010957718	0.542959928513	0.643989086151	0.560930967331	0.473114013672	0.51331615448	0.568572998047	0.494079113007	0.433771848679	0.389601945877	0.379418134689	0.70631980896	1.54257392883	0.548557043076	0.388750076294	0.486607074738	0.433100938797	0.674884796143	0.841497182846	0.847244977951	0.388465166092	0.70579791069	0.461984157562	0.312597036362	0.325881004333	1.17238998413	0.522658824921	3.60684490204	0.455690145493	0.200110912323	0.8217420578	0.540420055389	0.396062135696	0.307767152786	0.985913991928	0.363813877106	0.750429868698	3.15211701393	0.395811080933	0.680235147476	0.417288064957	0.151907920837	0.323066949844	0.287772893906	1.83298110962	
['./treeMaker/main', '-b']
0.330411195755	0.868270874023	0.924092054367	0.47375202179	0.51534986496	0.417156219482	0.535356998444	0.67072892189	0.579488992691	0.508541107178	0.511261940002	0.571364879608	0.477619886398	0.470221042633	0.426381111145	0.376704931259	0.708817005157	1.52284789085	0.539460897446	0.361975193024	0.469979047775	0.456611871719	0.675205945969	0.897565841675	0.901760816574	0.37055015564	0.703620910645	0.479731082916	0.317151069641	0.319196939468	1.19966101646	0.518628120422	3.50545406342	0.455459117889	0.214004039764	0.846999883652	0.552868843079	0.403833866119	0.336671113968	0.967453956604	0.388941049576	0.774717092514	3.17699599266	0.385390996933	0.696557044983	0.433326005936	0.149083137512	0.337085962296	0.301526069641	1.77821302414	
['./treeMaker/main', '-u']
0.341106891632	0.859444856644	0.905604839325	0.458482027054	0.512348175049	0.378717899323	0.531847953796	0.679775953293	0.576746940613	0.48970413208	0.472619056702	0.510226964951	0.442975997925	0.456712007523	0.414068937302	0.381664037704	0.697072029114	1.51917481422	0.579986095428	0.349883079529	0.446888923645	0.408199071884	0.635179042816	0.890216112137	0.883039951324	0.38477897644	0.706404209137	0.472690820694	0.30460190773	0.325714111328	1.1111600399	0.486549139023	3.34682703018	0.439992904663	0.187185049057	0.726287841797	0.51225399971	0.420593976974	0.31389093399	0.907402992249	0.350291967392	0.724691152573	3.2518529892	0.397337913513	0.67054605484	0.415262937546	0.164368152618	0.311429023743	0.298252820969	1.83379888535	
['./treeMaker/main', '-t', '-r', '1']
2.04142212868	3.45649409294	3.40414595604	2.44467115402	2.55758595467	2.28718304634	2.70185804367	3.10575389862	2.62153911591	2.64203500748	2.52852606773	2.70480203629	2.47285795212	2.32735300064	2.36228609085	2.27620601654	3.26206588745	4.44799494743	2.67562389374	2.13526701927	2.57068991661	2.31833195686	2.95363092422	3.55532598495	3.47323107719	2.19428515434	3.18024277687	2.56758189201	2.04684519768	2.00709819794	4.13323807716	2.81159806252	7.71076083183	2.43322205544	1.38133883476	3.54569005966	2.67107796669	2.44645309448	2.10651302338	3.61727690697	2.20346188545	3.22101306915	6.61860084534	2.28733205795	3.23235177994	2.28901100159	1.17204713821	2.02410697937	1.89101600647	4.90686106682	
['./treeMaker/main', '-t', '-r', '2']
3.00136208534	5.27682089806	5.40965890884	3.81804609299	3.81458997726	3.52230405807	3.77250313759	4.44523096085	4.16683697701	3.78258299828	4.11565089226	4.07790899277	4.02216815948	3.61606097221	3.39960694313	3.28003811836	4.6174890995	7.35377001762	4.20449280739	3.25302815437	3.74333691597	3.85208797455	4.31741905212	5.15237116814	5.11828899384	3.57379102707	4.530782938	3.9189620018	2.96892595291	3.09198904037	6.01353621483	3.98691010475	10.4778130054	3.57745409012	2.14741015434	5.38316702843	4.02852296829	3.39784002304	3.00289201736	5.49472498894	3.43257904053	5.24423503876	10.321436882	3.4193508625	4.55123305321	3.44006705284	1.74817895889	2.9513220787	2.85490703583	7.64290690422	
['./treeMaker/main', '-t', '-r', '1', '-N']
2.05493497849	3.50343489647	3.49739408493	2.45927500725	2.6389298439	2.38191699982	2.73698997498	3.14744114876	2.66562104225	2.64954900742	2.54691696167	2.69711112976	2.47090888023	2.44082403183	2.35993409157	2.23421812057	3.16785001755	4.51890397072	2.61636304855	2.15166783333	2.63710093498	2.46089196205	3.05102014542	3.62026596069	3.3845012188	2.16820001602	3.27704381943	2.51359701157	1.99853587151	1.99399805069	4.13632106781	2.73730301857	7.76656389236	2.55181789398	1.43574786186	3.53965115547	2.79860305786	2.3671028614	2.06467604637	3.5993168354	2.18201303482	3.15944600105	6.68866300583	2.22522306442	3.1854159832	2.25424790382	1.19950580597	2.02913689613	1.85265898705	4.84084701538	
['./treeMaker/main', '-t', '-r', '2', '-N']
3.1210129261	5.45150017738	5.49386501312	3.76483416557	3.82795000076	3.48998403549	3.84182310104	4.46968603134	4.1620080471	3.79868102074	4.08132004738	4.12405085564	4.04104804993	3.66426682472	3.39988398552	3.23625206947	4.62355017662	7.37260699272	4.20953011513	3.25831794739	3.94027709961	3.85933995247	4.427973032	5.1995511055	5.13055491447	3.53393697739	4.5582690239	3.86253094673	2.94795298576	3.06512618065	6.05117201805	4.00417709351	10.7798540592	3.58070111275	2.22574019432	5.20605802536	3.98869609833	3.35659790039	3.02375006676	5.46179294586	3.34120798111	5.16518783569	10.6320950985	3.22732686996	4.58066987991	3.33909106255	1.77826213837	2.89785194397	2.83895802498	7.72047996521	
['./treeMaker/main', '-m']
0.0861308574677	0.121432781219	0.112956047058	0.103184938431	0.0956130027771	0.0892779827118	0.0964591503143	0.105962991714	0.114230871201	0.091639995575	0.0939481258392	0.0954480171204	0.0994601249695	0.0945680141449	0.0897269248962	0.0885989665985	0.108599901199	0.148055076599	0.103356122971	0.0873899459839	0.0931439399719	0.0912549495697	0.101191997528	0.111989021301	0.120647192001	0.0894329547882	0.117186069489	0.0944390296936	0.0843460559845	0.0856997966766	0.124644994736	0.0991978645325	0.183885097504	0.111144065857	0.0700130462646	0.109054803848	0.0983719825745	0.0909879207611	0.0823969841003	0.11722278595	0.0993528366089	0.106639146805	0.19091296196	0.0930860042572	0.103977918625	0.0896949768066	0.0641958713531	0.0791990756989	0.0916171073914	0.145630121231	
['./treeMaker/main', '-m', '-b']
0.0894718170166	0.116389036179	0.135389089584	0.099494934082	0.102365016937	0.0947740077972	0.098482131958	0.11537194252	0.107955932617	0.0994038581848	0.103578090668	0.115561008453	0.099848985672	0.0958561897278	0.092661857605	0.0899329185486	0.11427116394	0.146785020828	0.109862089157	0.0940940380096	0.102374076843	0.100473165512	0.121154069901	0.118141889572	0.125903129578	0.0953879356384	0.113591194153	0.100685119629	0.0977120399475	0.0892510414124	0.130620956421	0.102671861649	0.200602054596	0.0998108386993	0.0755250453949	0.121737957001	0.10086107254	0.0930910110474	0.0843138694763	0.121547222137	0.0923130512238	0.12490606308	0.191695928574	0.0961260795593	0.111473083496	0.0938489437103	0.0805289745331	0.0869519710541	0.0875291824341	0.158263921738	
['./treeMaker/main', '-m', '-w', '1']
0.0843729972839	0.114328861237	0.113687992096	0.0949828624725	0.108504056931	0.0856099128723	0.106338977814	0.105901956558	0.101036071777	0.0963129997253	0.0972549915314	0.0984969139099	0.0926420688629	0.0913500785828	0.0931780338287	0.0883181095123	0.120850086212	0.153629779816	0.113300085068	0.0851311683655	0.0914390087128	0.0894958972931	0.0990650653839	0.10959815979	0.112658023834	0.0917339324951	0.106950998306	0.0902528762817	0.0838911533356	0.0849628448486	0.12421298027	0.0943059921265	0.173961162567	0.104408979416	0.0700480937958	0.109295845032	0.0945611000061	0.0919010639191	0.0968129634857	0.120516061783	0.095999956131	0.114401102066	0.18688416481	0.104887962341	0.0996029376984	0.0883181095123	0.0643029212952	0.0794339179993	0.0834310054779	0.146771192551	
['./treeMaker/main', '-m', '-w', '2']
0.0809290409088	0.110168218613	0.118810176849	0.0955789089203	0.0970139503479	0.105417966843	0.0932521820068	0.107666969299	0.103440999985	0.0941309928894	0.0978388786316	0.10067486763	0.0953760147095	0.0916049480438	0.0882399082184	0.086118221283	0.103996038437	0.141395807266	0.10076713562	0.0882449150085	0.105357170105	0.0935299396515	0.104083061218	0.122426986694	0.117470979691	0.0908479690552	0.109326839447	0.09543800354	0.0836038589478	0.0846469402313	0.119834899902	0.0940499305725	0.185413122177	0.106678009033	0.0742921829224	0.119678974152	0.101908922195	0.0935468673706	0.0803389549255	0.129019021988	0.0908691883087	0.109138965607	0.178776979446	0.0895388126373	0.101444959641	0.0889120101929	0.0656509399414	0.0805289745331	0.0842649936676	0.149245023727	
['./treeMaker/main', '-m', '-c', '1']
0.0797381401062	0.113869190216	0.111778020859	0.106312990189	0.100042104721	0.0927720069885	0.100186109543	0.112663030624	0.100260019302	0.0937640666962	0.0998089313507	0.0960118770599	0.0995299816132	0.090164899826	0.0875008106232	0.0858929157257	0.108504056931	0.14170217514	0.103600978851	0.0891530513763	0.0949940681458	0.093220949173	0.103229999542	0.108584165573	0.127925157547	0.102048158646	0.101691007614	0.0906980037689	0.0796728134155	0.0944278240204	0.124236106873	0.0939888954163	0.174690961838	0.107570886612	0.0695109367371	0.121557950974	0.0985879898071	0.0875918865204	0.0792109966278	0.126687049866	0.0894160270691	0.107553005219	0.172296047211	0.0934300422668	0.103848934174	0.0903289318085	0.0660080909729	0.0806930065155	0.0936620235443	0.146936893463	
['./treeMaker/main', '-m', '-c', '2']
0.0931119918823	0.114322900772	0.115044116974	0.0928089618683	0.098249912262	0.0909509658813	0.108512878418	0.102052927017	0.0982429981232	0.0925688743591	0.09272813797	0.095813035965	0.0936930179596	0.103870868683	0.0902118682861	0.087944984436	0.106930971146	0.139659166336	0.0978190898895	0.0860259532928	0.0959758758545	0.101635932922	0.103968143463	0.109740018845	0.127156972885	0.089900970459	0.102970838547	0.0967679023743	0.0829820632935	0.0840549468994	0.132469892502	0.108873128891	0.188277006149	0.101521015167	0.0864269733429	0.113326072693	0.0963199138641	0.0881659984589	0.0795619487762	0.117688179016	0.089870929718	0.12328004837	0.168227910995	0.0879380702972	0.119199991226	0.0909879207611	0.06618309021	0.0944378376007	0.0793149471283	0.153123140335	
['./treeMaker/main', '-m', '-a', '1']
0.091609954834	0.117687940598	0.123789072037	0.100401878357	0.0998558998108	0.106768846512	0.103662014008	0.125653028488	0.112151861191	0.103327989578	0.122325181961	0.101884841919	0.106770038605	0.113597869873	0.0954217910767	0.100882053375	0.118780136108	0.155512809753	0.122442960739	0.108925819397	0.101916074753	0.0997889041901	0.111229896545	0.121700048447	0.130058050156	0.113348960876	0.109965085983	0.108389854431	0.0897438526154	0.0960590839386	0.14427280426	0.10474896431	0.189233064651	0.10412812233	0.0781528949738	0.134211063385	0.10538816452	0.0948820114136	0.0857620239258	0.118976831436	0.0948801040649	0.115808010101	0.17543387413	0.0999670028687	0.108443975449	0.110836029053	0.0882329940796	0.0934891700745	0.090215921402	0.148868083954	
['./treeMaker/main', '-m', '-a', '2']
0.0861451625824	0.111283063889	0.120270013809	0.0915770530701	0.0935118198395	0.0868310928345	0.0941069126129	0.10679101944	0.102313995361	0.105309963226	0.0936229228973	0.0997579097748	0.097284078598	0.0946888923645	0.091029882431	0.0852360725403	0.103425979614	0.153657913208	0.0982921123505	0.100186109543	0.0950899124146	0.0936810970306	0.104923963547	0.114613056183	0.117508888245	0.0899128913879	0.104373931885	0.0916390419006	0.0807421207428	0.0819070339203	0.120136022568	0.104476928711	0.17464184761	0.0956521034241	0.0725119113922	0.110780954361	0.0978050231934	0.0897798538208	0.0863499641418	0.118983983994	0.0938029289246	0.111934185028	0.17262005806	0.0906109809875	0.104161977768	0.091160774231	0.0662178993225	0.0797009468079	0.0870468616486	0.15011382103	
