25_1000_4.9e-10_2.45e-10_470000000
25
1000
4.9e-10
2.45e-10
470000000

['./treeMaker/main']
3.73191595078	5.3711078167	3.16957998276	7.27439713478	3.3545999527	1.4265460968	3.28912687302	4.96698188782	7.16542100906	2.83959078789	3.00522303581	3.60884094238	5.72703099251	3.55670619011	0.643012046814	24.4350891113	5.89975190163	9.65158390999	2.48562216759	7.25430297852	6.45569086075	3.99670004845	6.41033911705	18.8421580791	3.61356902122	11.663957119	1.03771710396	4.23295903206	5.58154797554	8.23621106148	2.22261190414	2.16220808029	6.44035887718	9.53219294548	4.72855997086	20.359536171	0.776453018188	9.28867602348	3.34239387512	1.3754401207	0.79897403717	7.63103508949	1.77763199806	3.35782885551	2.01110291481	0.685101032257	3.00983595848	27.5258960724	38.5208141804	2.70521688461	
['./treeMaker/main', '-b']
3.59662508965	4.89467215538	3.16103005409	6.94423699379	2.9087870121	1.32238101959	3.34639406204	4.32437705994	6.99967193604	2.6431210041	3.1812210083	3.65413403511	5.5547349453	3.31291413307	0.676020145416	24.310352087	5.70699214935	9.43141698837	2.49157500267	7.83643507957	6.49194312096	4.16063594818	7.00478100777	18.0029520988	3.8733561039	11.9900279045	1.06369400024	4.13667201996	4.92699289322	8.04893612862	2.10973596573	2.34255886078	5.8476319313	8.89645218849	4.66787004471	20.1401329041	0.732240915298	9.33751606941	3.35083198547	1.41856408119	0.799222946167	6.80431079865	1.77697181702	3.15275192261	2.00026297569	0.691752195358	2.7837870121	25.5835061073	38.8877420425	2.55272507668	
['./treeMaker/main', '-u']
3.61540794373	5.20225191116	3.27264809608	7.25393486023	3.18661594391	1.31574988365	3.42695212364	4.68967890739	7.15007901192	2.63128399849	2.97368502617	3.7888469696	5.89388108253	3.21452379227	0.688629865646	25.4107689857	5.37955021858	9.16045594215	2.33698701859	7.07197880745	5.98073196411	3.91220402718	6.56126403809	17.1119771004	3.5207259655	11.5145418644	1.04446721077	4.00771212578	5.32493495941	8.08950805664	2.24055504799	2.42946195602	6.32353901863	9.36381316185	4.38191199303	20.2386960983	0.756226062775	9.83394598961	3.31676793098	1.2714009285	0.810825109482	6.7845928669	1.70673203468	3.47081708908	1.98068809509	0.665185928345	2.96122789383	27.8488509655	43.2611398697	2.66795992851	
['./treeMaker/main', '-t', '-r', '1']
7.27928209305	8.83666205406	7.0288310051	10.6183238029	6.68109297752	4.32140493393	6.84654283524	7.87173485756	10.6034901142	6.31627202034	6.35974502563	6.96193695068	9.36936998367	7.23752403259	2.90758800507	20.0966880322	9.7420809269	12.6525468826	5.58142209053	11.4629700184	10.4327960014	6.99189996719	10.5955450535	19.6290619373	7.89237904549	13.0145640373	3.6567800045	7.94439911842	8.67613792419	11.5242569447	5.41000509262	5.66149687767	10.0081989765	12.860585928	7.91855716705	18.8653030396	3.07234501839	12.6776809692	7.18118000031	4.13203907013	3.21355295181	10.8870871067	5.1843149662	7.11428284645	5.10434794426	2.77698493004	6.49257922173	20.8240401745	30.6838469505	5.68978691101	
['./treeMaker/main', '-t', '-r', '2']
11.1847419739	13.2269439697	9.92871284485	16.4764549732	10.1915740967	6.55116796494	10.7121078968	13.3200120926	15.9729399681	9.51308393478	10.0084378719	11.4114079475	14.1636500359	10.7253229618	4.79571986198	33.4071919918	14.315076828	18.3068039417	8.95185804367	16.1837379932	14.7479410172	11.6473379135	15.3058831692	28.5903270245	10.8423130512	22.6072618961	5.41278600693	11.634939909	13.8934230804	16.8205609322	8.52894592285	8.29830217361	14.2872409821	18.3196651936	13.2494139671	30.6802699566	5.15969181061	19.9507601261	10.4268620014	6.35119485855	4.82166004181	16.0458409786	7.51081705093	10.3089499474	7.7640171051	4.66588997841	9.65864992142	38.5470490456	45.2100608349	9.42118310928	
['./treeMaker/main', '-t', '-r', '1', '-N']
7.25651311874	8.87436914444	7.0824508667	10.7027549744	6.71128106117	4.23031687737	6.83546519279	7.81993699074	10.654665947	6.27346110344	6.32281589508	6.99314808846	9.32294893265	7.17845702171	2.83379101753	20.172260046	9.71915197372	12.7070970535	5.60081195831	11.3725419044	10.3793821335	7.0670979023	10.6041259766	19.3273749352	7.61047887802	13.2137248516	3.64511084557	8.04141712189	8.42378401756	11.749822855	5.3441619873	5.59475207329	9.96373796463	12.7056558132	7.861068964	18.8778021336	3.14046096802	12.7738010883	7.0808699131	4.13597989082	3.18497991562	10.7207269669	5.17136096954	7.06220793724	5.18169307709	2.79295015335	6.51900911331	20.6087019444	30.3958530426	5.77672410011	
['./treeMaker/main', '-t', '-r', '2', '-N']
11.0501270294	13.1979470253	9.91275405884	16.3775670528	10.1328918934	6.51236581802	10.8617408276	13.273389101	15.9791810513	9.54650616646	9.99476695061	11.190527916	14.146009922	10.7430348396	4.83076500893	33.4297950268	14.2738480568	18.3685770035	8.94110703468	16.2089030743	14.803702116	11.6490051746	15.356413126	28.2092418671	10.8309640884	22.7995250225	5.44320011139	11.7948679924	14.0302758217	16.8693239689	8.60254001617	8.23905992508	14.2722680569	18.209059	13.1564450264	30.7667639256	5.11608600616	20.1822350025	10.4032559395	6.53378510475	4.81891608238	15.9792320728	7.57232403755	10.2956929207	7.83168506622	4.7060790062	9.71597909927	38.2545809746	44.8971149921	9.36187696457	
['./treeMaker/main', '-m']
0.19282913208	0.216126918793	0.183143854141	0.273185014725	0.178608894348	0.158186912537	0.196877002716	0.229225873947	0.259531974792	0.193027973175	0.180177927017	0.205004930496	0.239707946777	0.184775829315	0.118044137955	0.407622098923	0.239911079407	0.294334888458	0.173291921616	0.25182890892	0.231721878052	0.21022105217	0.249910116196	0.358481884003	0.198933839798	0.330549001694	0.134165048599	0.227924108505	0.235414981842	0.256572008133	0.169673919678	0.164516925812	0.245643138885	0.271554946899	0.221702098846	0.398739099503	0.134562015533	0.291902065277	0.182379007339	0.152750968933	0.117959022522	0.271974086761	0.169993162155	0.181604862213	0.163995027542	0.118253946304	0.172518014908	0.474495887756	0.520529985428	0.189749002457	
['./treeMaker/main', '-m', '-b']
0.20957493782	0.242760181427	0.215250015259	0.286195993423	0.195529937744	0.150629043579	0.227446079254	0.231615066528	0.280854940414	0.190477848053	0.205065965652	0.223114013672	0.249170064926	0.222915887833	0.124124765396	0.464096784592	0.261548995972	0.317587852478	0.179198026657	0.28927898407	0.270967006683	0.217960834503	0.278805971146	0.422985076904	0.220119953156	0.362648010254	0.135058879852	0.230432033539	0.241970062256	0.299610853195	0.175055980682	0.181851863861	0.277375936508	0.31053519249	0.251502990723	0.419301986694	0.128267049789	0.303432941437	0.22088098526	0.154145956039	0.131392002106	0.296392202377	0.179045915604	0.208561897278	0.166460990906	0.126466989517	0.185816049576	0.512204170227	0.575985908508	0.215288877487	
['./treeMaker/main', '-m', '-w', '1']
0.212072849274	0.229696035385	0.184644937515	0.270200014114	0.19903087616	0.160473108292	0.190629959106	0.226831197739	0.261500120163	0.175848960876	0.186700105667	0.203029155731	0.252794027328	0.193037986755	0.119146823883	0.407603025436	0.2490670681	0.274500846863	0.168211936951	0.254871845245	0.253686904907	0.200819969177	0.262861013412	0.375482797623	0.210968017578	0.314513921738	0.127024173737	0.205670118332	0.250375986099	0.274031162262	0.162909984589	0.165150880814	0.2508289814	0.299290895462	0.223421096802	0.399358987808	0.124270915985	0.295210838318	0.182621955872	0.15202498436	0.118832111359	0.268892765045	0.157240867615	0.181515932083	0.17720913887	0.11811208725	0.172595977783	0.473808050156	0.533308029175	0.188359975815	
['./treeMaker/main', '-m', '-w', '2']
0.194847822189	0.243690013885	0.187552928925	0.267961978912	0.180546045303	0.149277925491	0.207588911057	0.236987113953	0.267324924469	0.193073034286	0.181370973587	0.193526983261	0.252568006516	0.18695306778	0.115753889084	0.406948804855	0.225636959076	0.293662071228	0.168004989624	0.25154709816	0.250359773636	0.214681863785	0.25488615036	0.390851974487	0.206201076508	0.333256959915	0.131659984589	0.213709115982	0.226335048676	0.257302999496	0.172673940659	0.166723012924	0.246609926224	0.289664030075	0.222010850906	0.401468038559	0.126082897186	0.294369935989	0.202025175095	0.156590938568	0.137649059296	0.250019073486	0.150519132614	0.182903051376	0.177081823349	0.119562864304	0.181838035583	0.441298007965	0.508943080902	0.181947946548	
['./treeMaker/main', '-m', '-c', '1']
0.202715873718	0.235324859619	0.183174848557	0.275257110596	0.189898014069	0.145993947983	0.190457105637	0.236598968506	0.269368171692	0.183432102203	0.196856021881	0.199573993683	0.250164031982	0.196091890335	0.114179849625	0.428400993347	0.24273109436	0.270535945892	0.182845830917	0.250428915024	0.23024392128	0.211639165878	0.254692077637	0.373547077179	0.200828790665	0.311837911606	0.131880044937	0.202204942703	0.245407104492	0.272042989731	0.168463945389	0.194888830185	0.230632781982	0.294881105423	0.234123945236	0.377032995224	0.119126081467	0.278409957886	0.203996896744	0.145802021027	0.122870922089	0.275714874268	0.167335987091	0.206081867218	0.158085823059	0.114711046219	0.173192024231	0.438123941422	0.540658950806	0.17879986763	
['./treeMaker/main', '-m', '-c', '2']
0.192835092545	0.226469993591	0.191390037537	0.265157938004	0.188356876373	0.146784067154	0.199121952057	0.223187923431	0.270247220993	0.184303045273	0.196400880814	0.200401067734	0.251886844635	0.184475183487	0.114651918411	0.432171106339	0.238802909851	0.301787853241	0.16640996933	0.251312971115	0.239116191864	0.221516132355	0.239403009415	0.384583950043	0.20819401741	0.339536905289	0.133321046829	0.202654838562	0.236070871353	0.267102003098	0.169686079025	0.172590017319	0.242654085159	0.297178983688	0.222201108932	0.409125089645	0.124333143234	0.306555986404	0.184137821198	0.154752969742	0.13484621048	0.254920959473	0.155484199524	0.191747188568	0.15639591217	0.118383169174	0.173804998398	0.44082903862	0.51639008522	0.179023981094	
['./treeMaker/main', '-m', '-a', '1']
0.214818954468	0.227290868759	0.209129095078	0.278461933136	0.213210105896	0.151684045792	0.20892906189	0.22806096077	0.258080005646	0.200349092484	0.187799930573	0.224880933762	0.238004922867	0.215514183044	0.126856088638	0.440116882324	0.234625101089	0.304630994797	0.177382946014	0.27734208107	0.247828960419	0.23521900177	0.264604091644	0.367665052414	0.212662935257	0.340692996979	0.137211799622	0.229480028152	0.248234033585	0.269956827164	0.178539991379	0.178550958633	0.242447137833	0.302680015564	0.232149124146	0.389206886292	0.134006977081	0.303593873978	0.211592912674	0.159354925156	0.134887933731	0.276062011719	0.165586948395	0.190748214722	0.16601395607	0.134496927261	0.192167043686	0.486148118973	0.53290605545	0.214868068695	
['./treeMaker/main', '-m', '-a', '2']
0.202129125595	0.216521024704	0.186929941177	0.269239187241	0.188159942627	0.154818058014	0.19137597084	0.214859962463	0.250387191772	0.19220995903	0.18785905838	0.208276033401	0.249350070953	0.195872068405	0.114114046097	0.429749011993	0.229864120483	0.305677175522	0.166550159454	0.265679836273	0.229500055313	0.223125934601	0.243317842484	0.376590013504	0.20730304718	0.342185020447	0.127636909485	0.226251125336	0.223300933838	0.28489613533	0.161908864975	0.174414157867	0.25282907486	0.26934504509	0.221322059631	0.376239061356	0.122972011566	0.281852960587	0.185009002686	0.139858007431	0.138581991196	0.247867107391	0.147588968277	0.185464859009	0.155527114868	0.115773200989	0.176836967468	0.439771175385	0.514586925507	0.17991399765	
