25_1000_5.2e-11_2.6e-11_470000000
25
1000
5.2e-11
2.6e-11
470000000

['./treeMaker/main']
0.0592918395996	0.0660760402679	0.0614120960236	0.0646979808807	0.0626640319824	0.0657629966736	0.0630419254303	0.0610709190369	0.0565688610077	0.0620338916779	0.0619039535522	0.0753648281097	0.058109998703	0.0591270923615	0.073882818222	0.0661759376526	0.0617218017578	0.0751888751984	0.0605192184448	0.0677230358124	0.0761170387268	0.0602359771729	0.0733518600464	0.0593888759613	0.0620141029358	0.0518510341644	0.0608959197998	0.0634441375732	0.0562448501587	0.0658450126648	0.0677769184113	0.0750720500946	0.0577139854431	0.0590991973877	0.0618710517883	0.0537309646606	0.0676259994507	0.0687139034271	0.0685548782349	0.0626509189606	0.0574839115143	0.0750749111176	0.0591089725494	0.0617229938507	0.060534954071	0.0743470191956	0.0613920688629	0.064474105835	0.0708448886871	0.0597751140594	
['./treeMaker/main', '-b']
0.0629370212555	0.0707519054413	0.0613379478455	0.0661799907684	0.0654520988464	0.0590608119965	0.0634229183197	0.0632419586182	0.056312084198	0.0620920658112	0.0643229484558	0.0776898860931	0.0585269927979	0.05992603302	0.0748281478882	0.0691850185394	0.060396194458	0.0777759552002	0.0766000747681	0.0698490142822	0.0673320293427	0.0633339881897	0.074254989624	0.0598561763763	0.0623850822449	0.0515949726105	0.0615611076355	0.0738019943237	0.0592160224915	0.0672290325165	0.0816721916199	0.0614750385284	0.060585975647	0.0597238540649	0.0638380050659	0.0555710792542	0.0702068805695	0.0666301250458	0.0691030025482	0.0610401630402	0.0548460483551	0.0703408718109	0.0777399539948	0.0602571964264	0.0598359107971	0.0795328617096	0.0594940185547	0.0541279315948	0.0685448646545	0.0597369670868	
['./treeMaker/main', '-u']
0.0655210018158	0.0652260780334	0.0603170394897	0.0660438537598	0.0743899345398	0.0603630542755	0.0627708435059	0.0610790252686	0.0579590797424	0.0626418590546	0.0630390644073	0.076434135437	0.058501958847	0.0694811344147	0.0751459598541	0.0677211284637	0.0639960765839	0.0754909515381	0.0658619403839	0.0697560310364	0.0647649765015	0.0625190734863	0.0741031169891	0.0610790252686	0.0658349990845	0.0545959472656	0.0636188983917	0.0669519901276	0.0687379837036	0.0716271400452	0.07386302948	0.0628850460052	0.0635769367218	0.0671520233154	0.0642559528351	0.0574870109558	0.0703511238098	0.066752910614	0.0690088272095	0.0615820884705	0.0555679798126	0.08025598526	0.0617048740387	0.0624778270721	0.0629689693451	0.0727989673615	0.0602610111237	0.0543711185455	0.0724620819092	0.0682199001312	
['./treeMaker/main', '-t', '-r', '1']
0.519533157349	0.565361976624	0.533158063889	0.57768201828	0.547525167465	0.52429485321	0.533699989319	0.599555969238	0.486218929291	0.505299091339	0.525969982147	0.670786857605	0.523622989655	0.520920991898	0.617407083511	0.57865691185	0.526689052582	0.612384080887	0.531546115875	0.589838981628	0.555008888245	0.522255897522	0.634613037109	0.499198913574	0.516489982605	0.448578834534	0.506832122803	0.519936800003	0.466224193573	0.571921110153	0.595261096954	0.537670850754	0.518732070923	0.519793987274	0.543426036835	0.458612918854	0.613478183746	0.552049875259	0.654459953308	0.505656003952	0.463567018509	0.545288085938	0.511333227158	0.557123184204	0.533305883408	0.673822879791	0.53898692131	0.459105968475	0.628401994705	0.531076908112	
['./treeMaker/main', '-t', '-r', '2']
0.63817691803	0.713703870773	0.673408031464	0.718556880951	0.700869083405	0.644609928131	0.653255939484	0.662750959396	0.59125494957	0.662890195847	0.710530996323	0.878312110901	0.600538015366	0.607664823532	0.844486951828	0.750944137573	0.688082933426	0.840188980103	0.642681837082	0.761976957321	0.705081939697	0.688715934753	0.788635015488	0.630788087845	0.680614948273	0.542482852936	0.628139019012	0.70247387886	0.60361790657	0.721634864807	0.73589015007	0.649209976196	0.621749162674	0.650281906128	0.69557595253	0.561275005341	0.782866001129	0.724229097366	0.767225027084	0.619876146317	0.642514228821	0.727634906769	0.636210918427	0.657867193222	0.630087852478	0.83362698555	0.651677131653	0.542260885239	0.784343004227	0.644804000854	
['./treeMaker/main', '-t', '-r', '1', '-N']
0.505456924438	0.538486003876	0.527030944824	0.591198921204	0.546502113342	0.490995883942	0.517941951752	0.527844905853	0.486297130585	0.521633863449	0.523520946503	0.679422140121	0.503691196442	0.511407136917	0.64656996727	0.561562776566	0.526932954788	0.615206956863	0.519458055496	0.577497959137	0.520561933517	0.510694026947	0.634684085846	0.488259077072	0.569104194641	0.439388036728	0.541972875595	0.544621229172	0.50296497345	0.585467815399	0.600703001022	0.535080909729	0.510414838791	0.525260925293	0.547739982605	0.489964962006	0.60102391243	0.571396827698	0.592334032059	0.53507399559	0.469546079636	0.558454990387	0.489190101624	0.529999017715	0.517899036407	0.651059150696	0.522427082062	0.445966959	0.594297170639	0.513653039932	
['./treeMaker/main', '-t', '-r', '2', '-N']
0.633975982666	0.694984197617	0.64422917366	0.695375919342	0.674538135529	0.660289049149	0.653004169464	0.682198047638	0.572818994522	0.64568901062	0.67503285408	0.824136972427	0.614645004272	0.622309207916	0.824504852295	0.74090886116	0.662343025208	0.813324928284	0.69491815567	0.778080940247	0.699985980988	0.635017871857	0.83842086792	0.655910968781	0.639028787613	0.558314800262	0.655397891998	0.678355932236	0.591459989548	0.694067001343	0.739814996719	0.643576860428	0.664611101151	0.658008098602	0.680252075195	0.58145403862	0.776657104492	0.732378959656	0.767678022385	0.650871992111	0.630467176437	0.709727048874	0.637629985809	0.645401000977	0.651894807816	0.823908805847	0.67299413681	0.543395996094	0.811375141144	0.66250705719	
['./treeMaker/main', '-m']
0.0593059062958	0.0509951114655	0.0482151508331	0.0498979091644	0.0629570484161	0.0526099205017	0.0601420402527	0.0501871109009	0.050833940506	0.0502800941467	0.0534510612488	0.0540850162506	0.0509011745453	0.0484540462494	0.0531489849091	0.0505020618439	0.0491790771484	0.0527601242065	0.0506680011749	0.0539739131927	0.0504179000854	0.0504019260406	0.056104183197	0.0476291179657	0.0535690784454	0.0496981143951	0.0505468845367	0.0491621494293	0.0516548156738	0.0522470474243	0.0509068965912	0.0507090091705	0.0482161045074	0.0527069568634	0.0524339675903	0.0481448173523	0.0523688793182	0.0522570610046	0.0624718666077	0.0519390106201	0.0487790107727	0.0514309406281	0.0496671199799	0.0502638816833	0.049329996109	0.0622081756592	0.0490429401398	0.047210931778	0.0529808998108	0.0508370399475	
['./treeMaker/main', '-m', '-b']
0.0616140365601	0.0612981319427	0.0498588085175	0.049843788147	0.0524377822876	0.0507390499115	0.0493249893188	0.0513141155243	0.048938035965	0.051066160202	0.0528929233551	0.05544090271	0.0479629039764	0.0480589866638	0.0543830394745	0.0517420768738	0.0540521144867	0.0573348999023	0.0517339706421	0.0533261299133	0.0521678924561	0.0516769886017	0.0534410476685	0.0504589080811	0.0492100715637	0.0473849773407	0.0506019592285	0.0525932312012	0.0490741729736	0.0520780086517	0.0558431148529	0.0495238304138	0.0514640808105	0.0536298751831	0.0528910160065	0.0625689029694	0.0548920631409	0.0542449951172	0.0543160438538	0.0531039237976	0.0513532161713	0.056312084198	0.0517868995667	0.0513820648193	0.0608329772949	0.0577120780945	0.0513360500336	0.0483658313751	0.0598578453064	0.0531170368195	
['./treeMaker/main', '-m', '-w', '1']
0.0513370037079	0.0558819770813	0.0534479618073	0.0524549484253	0.055104970932	0.0510349273682	0.052433013916	0.0514919757843	0.0507299900055	0.050616979599	0.0529861450195	0.0557420253754	0.0491459369659	0.0533318519592	0.0546760559082	0.0535099506378	0.0526700019836	0.0573630332947	0.050938129425	0.0533509254456	0.0523028373718	0.0502400398254	0.0546970367432	0.0503299236298	0.0517809391022	0.0466430187225	0.0514590740204	0.052640914917	0.0506281852722	0.0557901859283	0.0545699596405	0.05251288414	0.0499439239502	0.0506980419159	0.0513038635254	0.0486469268799	0.0538318157196	0.053099155426	0.0559289455414	0.0506639480591	0.0522539615631	0.0543868541718	0.0502078533173	0.0517599582672	0.0525438785553	0.0549831390381	0.0524220466614	0.0579681396484	0.0656399726868	0.0526180267334	
['./treeMaker/main', '-m', '-w', '2']
0.0528919696808	0.0536081790924	0.0504050254822	0.0543510913849	0.0516650676727	0.0499470233917	0.0537779331207	0.0503098964691	0.0511410236359	0.0534641742706	0.0489439964294	0.0548338890076	0.0500738620758	0.0508699417114	0.0545411109924	0.0524280071259	0.0495920181274	0.0550348758698	0.0511410236359	0.0521719455719	0.0498600006104	0.0513818264008	0.0544641017914	0.0519230365753	0.0530638694763	0.0480270385742	0.0502769947052	0.0554378032684	0.0486159324646	0.0519270896912	0.053395986557	0.0495479106903	0.0598368644714	0.0669090747833	0.0492260456085	0.0462920665741	0.0510611534119	0.0495290756226	0.0498979091644	0.0478398799896	0.0461571216583	0.0492539405823	0.0469191074371	0.0474109649658	0.0473649501801	0.0518441200256	0.0507800579071	0.0522150993347	0.0587220191956	0.0518260002136	
['./treeMaker/main', '-m', '-c', '1']
0.0518088340759	0.0616989135742	0.0493271350861	0.0507440567017	0.0504508018494	0.0480079650879	0.0493638515472	0.0516231060028	0.0481579303741	0.0490601062775	0.0505530834198	0.0544579029083	0.0496740341187	0.0520350933075	0.0540111064911	0.0503308773041	0.0494980812073	0.0528590679169	0.0493180751801	0.0511679649353	0.049663066864	0.0487730503082	0.0526721477509	0.058601140976	0.0502569675446	0.0452618598938	0.0504679679871	0.0532810688019	0.0501749515533	0.0558788776398	0.0546360015869	0.0513138771057	0.0492351055145	0.0501630306244	0.0516510009766	0.0478718280792	0.0524899959564	0.0656230449677	0.053897857666	0.0535168647766	0.0489180088043	0.052717924118	0.050724029541	0.0510070323944	0.0510659217834	0.055272102356	0.0518600940704	0.0496120452881	0.0530869960785	0.0503380298615	
['./treeMaker/main', '-m', '-c', '2']
0.057609796524	0.0542268753052	0.049821138382	0.0519089698792	0.0538411140442	0.0505299568176	0.051374912262	0.0503089427948	0.0488970279694	0.0605001449585	0.0511322021484	0.0536570549011	0.0496499538422	0.0495681762695	0.0536630153656	0.051146030426	0.0511779785156	0.0536332130432	0.0526480674744	0.0524380207062	0.0513470172882	0.0504839420319	0.054890871048	0.0494790077209	0.0511898994446	0.0482878684998	0.0507650375366	0.0515019893646	0.0494320392609	0.0519299507141	0.0525221824646	0.0538339614868	0.0504651069641	0.0570151805878	0.0495839118958	0.0478200912476	0.0526249408722	0.0520989894867	0.0521190166473	0.0532970428467	0.0501108169556	0.0525918006897	0.0495278835297	0.0480959415436	0.0504460334778	0.0549228191376	0.0501761436462	0.048751115799	0.0532550811768	0.0488469600677	
['./treeMaker/main', '-m', '-a', '1']
0.0643780231476	0.0669121742249	0.0652360916138	0.0650701522827	0.0669531822205	0.0640799999237	0.0649559497833	0.0675327777863	0.0624361038208	0.0643010139465	0.0647149085999	0.0688288211823	0.0620620250702	0.0632522106171	0.0734219551086	0.0659410953522	0.064090013504	0.0662369728088	0.0625569820404	0.0761289596558	0.0777978897095	0.0634958744049	0.0683588981628	0.0636250972748	0.0678720474243	0.0614228248596	0.0623650550842	0.064013004303	0.0601990222931	0.0633108615875	0.0645468235016	0.062175989151	0.0651769638062	0.0647869110107	0.0646600723267	0.0598258972168	0.0648589134216	0.0636930465698	0.0695579051971	0.0638489723206	0.0629351139069	0.0671992301941	0.0663619041443	0.0635371208191	0.0631959438324	0.0674130916595	0.064423084259	0.0638890266418	0.0657861232758	0.0625040531158	
['./treeMaker/main', '-m', '-a', '2']
0.0479140281677	0.0491831302643	0.0478708744049	0.0490429401398	0.0490009784698	0.0472900867462	0.0623071193695	0.0488560199738	0.0476808547974	0.0492191314697	0.0497739315033	0.0534861087799	0.0483460426331	0.0486059188843	0.0532450675964	0.0508630275726	0.0495450496674	0.0532529354095	0.049544095993	0.0515630245209	0.0501229763031	0.0490000247955	0.052915096283	0.0486400127411	0.0496070384979	0.0457439422607	0.0493359565735	0.0505549907684	0.0485579967499	0.0525009632111	0.0540177822113	0.0527069568634	0.0521240234375	0.055125951767	0.0510098934174	0.0482461452484	0.0552079677582	0.0539259910583	0.0515658855438	0.0515830516815	0.0497970581055	0.0490169525146	0.0478639602661	0.0476598739624	0.0476441383362	0.0519750118256	0.048789024353	0.0464560985565	0.0546271800995	0.0480499267578	
