25_1000_4.9e-10_4.9e-11_470000000
25
1000
4.9e-10
4.9e-11
470000000

['./treeMaker/main']
20.0569322109	74.3016810417	10.5441207886	21.9749469757	177.002568007	4.76341915131	14.8753080368	6.01045799255	70.0386259556	116.751927853	45.1812989712	2.37781500816	3.99556589127	43.5705299377	4.66063499451	14.5301492214	79.2880899906	202.836411953	27.4524459839	5.65274882317	82.9862499237	11.6281070709	25.0086629391	4.8931491375	8.2284450531	2.39284896851	951.667093039	176.715992928	23.1251239777	219.475509167	68.0878210068	313.462235928	52.2982399464	1.98763394356	48.9683008194	38.3809258938	58.9940829277	12.1290180683	18.7573070526	6.4171090126	2.8106470108	12.166079998	17.2813968658	144.682812929	4.14837217331	28.5752370358	21.4712388515	40.7463040352	2.34106612206	5.04655194283	
['./treeMaker/main', '-b']
20.4661078453	76.6881129742	11.7254281044	22.6485581398	177.917443037	4.88428020477	14.4785809517	6.32524418831	72.3897399902	118.618810892	50.5635769367	2.41363811493	4.03170609474	42.3957879543	4.14298319817	14.976485014	78.6887998581	227.505360126	28.2528607845	5.57668304443	84.4333209991	12.115981102	25.5801460743	5.23317313194	9.03295993805	2.04457592964	1054.60985494	195.533216	25.7660300732	209.589677811	68.6946980953	347.733590126	55.5379738808	2.13742494583	48.2433080673	39.1061220169	59.1900980473	11.6870009899	18.1871340275	6.33769798279	2.5594959259	11.7814948559	17.2233328819	125.87548995	3.89540410042	28.8176801205	23.7839801311	35.8448171616	2.09092783928	4.59476113319	
['./treeMaker/main', '-u']
20.8286049366	74.0805549622	10.5561258793	24.9302740097	177.979803085	5.21861600876	14.4668140411	6.02242708206	69.5427360535	118.204613209	45.8587992191	2.29129195213	3.7831788063	42.1673438549	3.85145711899	14.5709850788	83.3358960152	204.291982174	28.0247910023	5.22016882896	82.7684340477	11.3048028946	24.8375329971	4.69484591484	7.98003816605	2.32421207428	950.991887093	176.817386866	23.3665509224	202.461952925	68.1284589767	312.896398067	52.2689461708	1.83510398865	48.1678888798	39.2185220718	58.9687709808	11.7821819782	18.0487961769	6.87328004837	2.85210895538	11.6387689114	16.5127949715	124.610145807	3.74223589897	28.6253080368	21.7098829746	36.6157767773	2.04072189331	4.71443295479	
['./treeMaker/main', '-t', '-r', '1']
20.7110419273	44.5482439995	14.240033865	22.9791638851	70.6798510551	9.12537813187	17.1784930229	10.5478990078	43.5645968914	51.9645180702	32.8234591484	5.91045498848	7.69517993927	31.5012340546	8.11475396156	17.2097420692	44.321199894	75.2920489311	24.3393359184	10.0351920128	48.1720728874	14.1024091244	22.2702810764	8.86065387726	12.1917860508	5.84972000122	188.240241051	72.8132410049	23.4513251781	74.8464539051	43.5772120953	88.83031106	34.5902130604	5.31864690781	33.3380768299	28.9221739769	34.054005146	15.5125370026	19.4317400455	10.3317978382	6.24359798431	15.0187380314	19.2246489525	58.852711916	7.89435815811	25.7856981754	22.0372459888	29.30240798	5.54385185242	8.79101800919	
['./treeMaker/main', '-t', '-r', '2']
29.1789431572	64.2575280666	19.9744150639	31.2970900536	110.597025871	13.493322134	24.7350139618	14.8832230568	60.2391500473	86.6855549812	44.4012401104	9.02650594711	11.2044520378	44.0840880871	11.2689118385	24.241727829	64.1206641197	106.167203188	35.2685751915	13.9985249043	67.3245608807	22.7909920216	35.3219370842	12.5482501984	16.9729378223	8.4934220314	281.039381027	103.32512784	30.7601289749	110.793339968	57.3934979439	152.794559956	50.1056609154	7.80588197708	47.2305760384	42.5931890011	56.2074058056	22.9039289951	28.4537489414	15.6274120808	9.01147413254	21.0215342045	25.4723639488	82.4318981171	11.4100968838	35.0614609718	30.6445920467	41.1084771156	8.51895904541	12.3811020851	
['./treeMaker/main', '-t', '-r', '1', '-N']
20.2824540138	43.8799638748	13.9758620262	22.5912799835	70.4097959995	9.10067796707	16.7751810551	10.4627928734	43.3353900909	51.8805930614	32.681828022	5.87656807899	7.7471280098	31.2367899418	8.13718295097	16.9990780354	44.4632530212	75.44551301	24.3219048977	10.094137907	48.195152998	13.9364111423	22.578359127	8.92258191109	12.3231451511	5.88403105736	189.614732027	73.54418993	22.4493761063	72.6475889683	43.9403409958	87.9426789284	34.8795340061	5.43584609032	33.517977953	29.1008989811	33.934677124	15.3931899071	19.479364872	10.0949778557	6.37998890877	14.9601080418	18.9059920311	59.0558950901	7.81886196136	25.7723560333	21.8259649277	29.4430010319	5.55623102188	8.65668320656	
['./treeMaker/main', '-t', '-r', '2', '-N']
28.4792509079	62.583976984	19.9454271793	31.3441910744	105.310564995	13.4215419292	24.3431761265	14.711520195	58.9797270298	87.4533522129	44.7807970047	9.37708282471	11.0954761505	43.7365720272	11.3035519123	24.0638508797	63.2432131767	105.782078028	35.3455049992	13.9057178497	67.9382629395	22.5948619843	35.4073159695	12.5957119465	16.8610880375	8.41856694221	276.567460775	102.667248011	30.5134270191	110.957724094	57.1742529869	153.833583117	50.1761391163	7.90915179253	47.1724450588	42.1454889774	55.89854002	22.7831149101	28.5851678848	15.6104819775	9.0681810379	21.136452198	25.7893159389	82.3856282234	11.4113640785	35.097507	30.5438659191	40.9243721962	8.60995483398	12.4439620972	
['./treeMaker/main', '-m']
0.393916130066	0.697568178177	0.3091609478	0.410801887512	1.01864004135	0.232182025909	0.348330974579	0.248574018478	0.686017990112	0.906963825226	0.560200929642	0.182602882385	0.213799953461	0.540808916092	0.229688882828	0.362349033356	0.725517034531	1.09291696548	0.449822187424	0.237773180008	0.710177898407	0.333556175232	0.438019037247	0.242750167847	0.282149791718	0.173624992371	2.08726811409	1.02738595009	0.445193052292	1.08311510086	0.662796974182	1.33586502075	0.5853099823	0.180984020233	0.584854125977	0.528244972229	0.665715932846	0.349631071091	0.402087926865	0.273043870926	0.187466859818	0.338131189346	0.380915880203	0.862971067429	0.222420930862	0.449234008789	0.400317907333	0.51956486702	0.174855947495	0.220738887787	
['./treeMaker/main', '-m', '-b']
0.430073976517	0.822556018829	0.356076955795	0.450054883957	1.0987610817	0.251702070236	0.380855083466	0.265487909317	0.748534917831	1.00392103195	0.616494894028	0.208766937256	0.237296104431	0.615930080414	0.238770961761	0.392963886261	0.76730799675	1.19623494148	0.496073007584	0.281233072281	0.808096170425	0.369309186935	0.502742052078	0.249155044556	0.318894863129	0.207107067108	2.40495705605	1.11336708069	0.489553928375	1.25703811646	0.764961004257	1.55861902237	0.665903091431	0.197000026703	0.661807060242	0.569305181503	0.742447853088	0.367743968964	0.443323850632	0.294823884964	0.198723077774	0.374871015549	0.415956020355	0.995210886002	0.237300157547	0.494445085526	0.445591926575	0.566184997559	0.197062015533	0.243793964386	
['./treeMaker/main', '-m', '-w', '1']
0.408182144165	0.699048995972	0.30650305748	0.406033039093	0.985722064972	0.231560945511	0.346797943115	0.253918886185	0.682265996933	0.899866104126	0.562623977661	0.17939209938	0.228744029999	0.559129953384	0.20994591713	0.347278118134	0.717241048813	1.07203006744	0.488229990005	0.243078947067	0.746751785278	0.327804088593	0.44141793251	0.226381063461	0.277125120163	0.173145055771	2.08056497574	0.986777067184	0.416223049164	1.10464501381	0.668724775314	1.35314512253	0.592489004135	0.18919801712	0.578809022903	0.51646399498	0.657176971436	0.337614059448	0.380230903625	0.270370960236	0.194226026535	0.332787036896	0.388329982758	0.877753973007	0.22111082077	0.475620031357	0.410982131958	0.505427837372	0.190140962601	0.234237194061	
['./treeMaker/main', '-m', '-w', '2']
0.415441989899	0.70389509201	0.325672149658	0.440545082092	1.02735114098	0.250710964203	0.364449977875	0.266910076141	0.688152074814	0.862858057022	0.562495946884	0.184226989746	0.219319105148	0.5313808918	0.213605165482	0.361483812332	0.701117992401	1.04585599899	0.474511861801	0.253004074097	0.738956928253	0.348918914795	0.467083930969	0.230309963226	0.277798175812	0.175441026688	2.11224913597	1.01500821114	0.428848028183	1.09526205063	0.675872802734	1.32856702805	0.592890024185	0.16793012619	0.599070072174	0.547649860382	0.653476953506	0.325510978699	0.411980867386	0.259634971619	0.183454990387	0.34193611145	0.361283063889	0.861619949341	0.211838006973	0.475578069687	0.418709039688	0.501558065414	0.193670034409	0.233018875122	
['./treeMaker/main', '-m', '-c', '1']
0.390990018845	0.668327093124	0.319711923599	0.423165082932	1.04355382919	0.230842113495	0.349562168121	0.24923992157	0.68040895462	0.897794961929	0.544567108154	0.194236040115	0.211642980576	0.553916931152	0.208378076553	0.363140106201	0.720921993256	1.04969120026	0.477400064468	0.251629114151	0.742854118347	0.337237119675	0.460917949677	0.235816955566	0.29089307785	0.178692102432	2.15064692497	0.971560001373	0.431442975998	1.10081100464	0.63353395462	1.32654285431	0.58876490593	0.167845010757	0.565245866776	0.535962104797	0.653337955475	0.321776151657	0.379146099091	0.257055997849	0.195271015167	0.317444086075	0.372611999512	0.865559101105	0.220295906067	0.466074943542	0.403789997101	0.52814912796	0.174493074417	0.221541166306	
['./treeMaker/main', '-m', '-c', '2']
0.413470983505	0.697293043137	0.317085027695	0.419686079025	0.993762969971	0.24577498436	0.360692977905	0.261923074722	0.662486076355	0.850478887558	0.560300111771	0.180266857147	0.213752031326	0.546046972275	0.227137088776	0.348216772079	0.732634782791	1.09141898155	0.484597921371	0.259912967682	0.756534099579	0.346120119095	0.459999084473	0.230808019638	0.279896020889	0.174301147461	2.12102103233	1.01551103592	0.415020942688	1.06893086433	0.663854122162	1.33774399757	0.589210033417	0.171967983246	0.569086074829	0.522127151489	0.622896909714	0.352251052856	0.383594036102	0.274398803711	0.194560050964	0.332239151001	0.376782894135	0.840419054031	0.212066888809	0.447625875473	0.398483991623	0.511489152908	0.186231136322	0.228395938873	
['./treeMaker/main', '-m', '-a', '1']
0.453393936157	0.693254947662	0.322704076767	0.422768831253	1.00149798393	0.250905036926	0.368816137314	0.282926082611	0.676888942719	0.871752977371	0.581063985825	0.204488992691	0.22700881958	0.567342042923	0.223721981049	0.376863002777	0.724104166031	1.06968808174	0.477283000946	0.272166967392	0.764407873154	0.33952498436	0.484488964081	0.2465031147	0.29094004631	0.201591014862	2.11874389648	1.02473902702	0.445312023163	1.10384011269	0.666133880615	1.37453699112	0.599329948425	0.181519031525	0.572103977203	0.558783054352	0.676029920578	0.354274988174	0.423152923584	0.289759874344	0.199137926102	0.339935064316	0.37566113472	0.878664970398	0.237185955048	0.47683596611	0.436626911163	0.53742814064	0.200880050659	0.252546072006	
['./treeMaker/main', '-m', '-a', '2']
0.415890932083	0.677149057388	0.309799194336	0.407674074173	0.986007928848	0.245697021484	0.37221288681	0.257081031799	0.680149078369	0.875986099243	0.563652992249	0.180646896362	0.209013938904	0.545839071274	0.211339950562	0.34505200386	0.708526849747	1.07318401337	0.473023891449	0.246458053589	0.736564159393	0.321720123291	0.447980880737	0.229877948761	0.275933980942	0.171406984329	2.12591004372	1.04669308662	0.41513800621	1.05260705948	0.635772943497	1.38583517075	0.598301887512	0.167950868607	0.558537960052	0.53650188446	0.636252164841	0.322742938995	0.392518997192	0.258131980896	0.183449029922	0.31654882431	0.362087011337	0.87415599823	0.211039066315	0.468230009079	0.406540870667	0.500315904617	0.177798986435	0.246665000916	
