25_100_4.9e-10_4.9e-10_470000000
25
100
4.9e-10
4.9e-10
470000000

['./treeMaker/main']
0.0180389881134	0.0138800144196	0.0193328857422	0.0154390335083	0.024199962616	0.010626077652	0.0122790336609	0.0200459957123	0.013946056366	0.0157399177551	0.0234749317169	0.0198509693146	0.017657995224	0.0153059959412	0.0123021602631	0.0199022293091	0.0134520530701	0.0118398666382	0.0113849639893	0.0261240005493	0.0118079185486	0.0230369567871	0.013176202774	0.0195660591125	0.0183358192444	0.0196449756622	0.0222980976105	0.0187339782715	0.0160369873047	0.0189778804779	0.0138471126556	0.0211458206177	0.0127880573273	0.0196309089661	0.0149087905884	0.0133330821991	0.0146079063416	0.0155818462372	0.0172820091248	0.0164232254028	0.0148921012878	0.0184810161591	0.0144059658051	0.0239689350128	0.0176181793213	0.0124280452728	0.0154438018799	0.0151078701019	0.0162870883942	0.017019033432	
['./treeMaker/main', '-b']
0.0203759670258	0.0143320560455	0.0237150192261	0.0181109905243	0.0119669437408	0.0116691589355	0.0121591091156	0.0209419727325	0.0188100337982	0.0151190757751	0.0222578048706	0.0213348865509	0.0153739452362	0.0130429267883	0.0142049789429	0.0208179950714	0.0161180496216	0.012167930603	0.0118510723114	0.0309190750122	0.0136151313782	0.0146977901459	0.0161671638489	0.0228779315948	0.0271100997925	0.020467042923	0.0232739448547	0.0193750858307	0.0157999992371	0.019572019577	0.0155818462372	0.0240151882172	0.0156991481781	0.0194988250732	0.0126750469208	0.0163249969482	0.0156548023224	0.015095949173	0.0162589550018	0.0141568183899	0.014652967453	0.0186369419098	0.0148501396179	0.0128769874573	0.0152719020844	0.0211069583893	0.0137391090393	0.0150570869446	0.0149538516998	0.0145218372345	
['./treeMaker/main', '-u']
0.0182619094849	0.0140788555145	0.0209360122681	0.0184550285339	0.0137400627136	0.0149779319763	0.011403799057	0.0183968544006	0.013897895813	0.0130341053009	0.0212249755859	0.0179560184479	0.0261430740356	0.0136218070984	0.0123298168182	0.0202760696411	0.0132820606232	0.0118379592896	0.0118758678436	0.0278189182281	0.0195109844208	0.0140957832336	0.0130820274353	0.0178670883179	0.0158371925354	0.0182411670685	0.0198760032654	0.0165729522705	0.0135850906372	0.016294002533	0.0138239860535	0.0206389427185	0.0126419067383	0.0178549289703	0.012326002121	0.0131788253784	0.0124959945679	0.0267550945282	0.0184202194214	0.015517950058	0.0161919593811	0.0182240009308	0.0150809288025	0.0115330219269	0.0154831409454	0.0114541053772	0.0151309967041	0.0152559280396	0.0162479877472	0.0166888237	
['./treeMaker/main', '-t', '-r', '1']
0.267309904099	0.182278871536	0.309644937515	0.22116112709	0.15327501297	0.101920127869	0.14764213562	0.261716127396	0.186606168747	0.175199985504	0.334435939789	0.275417804718	0.184947967529	0.149638175964	0.162119150162	0.288420915604	0.165217876434	0.133259057999	0.132256984711	0.425791978836	0.128703117371	0.191406965256	0.16571187973	0.285897016525	0.21290397644	0.286751031876	0.313843011856	0.229191064835	0.190466880798	0.23143696785	0.17030787468	0.304613113403	0.168627023697	0.287897109985	0.139838933945	0.158098936081	0.157346963882	0.155515193939	0.229146957397	0.203428030014	0.172618150711	0.216250896454	0.193269014359	0.12980890274	0.205444097519	0.100568056107	0.178636074066	0.163018941879	0.170876979828	0.191509962082	
['./treeMaker/main', '-t', '-r', '2']
0.431073904037	0.292329072952	0.47885799408	0.323678016663	0.207969903946	0.153584957123	0.230386972427	0.394726037979	0.286730051041	0.236747026443	0.515881061554	0.420739173889	0.268172979355	0.240458011627	0.24333190918	0.496551990509	0.245673179626	0.213894128799	0.183225870132	0.633670806885	0.188993215561	0.313842058182	0.250794887543	0.427906990051	0.34939789772	0.445959091187	0.462506055832	0.385648012161	0.293387889862	0.358998060226	0.256369113922	0.496442079544	0.264852046967	0.44366812706	0.232293128967	0.269227981567	0.255102872849	0.243916988373	0.354894161224	0.299334049225	0.300924777985	0.354150056839	0.309787034988	0.196557044983	0.339105129242	0.153316020966	0.251251935959	0.252238988876	0.279201984406	0.320158004761	
['./treeMaker/main', '-t', '-r', '1', '-N']
0.278146982193	0.193311929703	0.310869216919	0.220066070557	0.152945995331	0.0968370437622	0.140862941742	0.248146057129	0.191941976547	0.167500972748	0.313981056213	0.278186798096	0.17694401741	0.16956782341	0.168386936188	0.281387805939	0.172898054123	0.134323120117	0.121195077896	0.406806945801	0.123267889023	0.182796955109	0.15638422966	0.274497032166	0.227900981903	0.285425186157	0.31122803688	0.2420399189	0.182075023651	0.246575117111	0.175447225571	0.303833961487	0.167894124985	0.288703918457	0.14163684845	0.153273105621	0.149883985519	0.148431062698	0.21793794632	0.192753076553	0.180973052979	0.222023963928	0.20423412323	0.123522996902	0.199564218521	0.105041980743	0.182364940643	0.173877000809	0.168726921082	0.182934045792	
['./treeMaker/main', '-t', '-r', '2', '-N']
0.425520181656	0.268126010895	0.463452100754	0.323760986328	0.198704957962	0.156823158264	0.217686891556	0.402229070663	0.266021966934	0.236536979675	0.504311084747	0.431205034256	0.26810503006	0.240602016449	0.229835987091	0.489231109619	0.239641904831	0.205393075943	0.173877000809	0.62545800209	0.216135025024	0.307987928391	0.246788024902	0.431687116623	0.341197967529	0.427412986755	0.464705944061	0.363467931747	0.279669046402	0.367326021194	0.260201931	0.483412981033	0.24884390831	0.441125154495	0.233165979385	0.275768995285	0.24146604538	0.244179964066	0.341560125351	0.301448106766	0.290173053741	0.338106870651	0.298959970474	0.189736127853	0.337142944336	0.162924051285	0.25261592865	0.241150140762	0.279196977615	0.296786785126	
['./treeMaker/main', '-m']
0.0122048854828	0.0105829238892	0.012757062912	0.0111861228943	0.013927936554	0.0107870101929	0.0118100643158	0.0150887966156	0.0109081268311	0.012552022934	0.0147631168365	0.0138311386108	0.0117001533508	0.0113980770111	0.0115599632263	0.0147230625153	0.0127041339874	0.0113189220428	0.0115978717804	0.0185542106628	0.0106618404388	0.0222489833832	0.0116038322449	0.0153601169586	0.0120170116425	0.012836933136	0.0160150527954	0.0120849609375	0.0131590366364	0.0142209529877	0.0124011039734	0.0163810253143	0.0152790546417	0.015056848526	0.0122699737549	0.0110528469086	0.0126140117645	0.0118749141693	0.0120470523834	0.0222570896149	0.0130200386047	0.0119080543518	0.0125248432159	0.011873960495	0.0115859508514	0.010960817337	0.0119700431824	0.0118081569672	0.0119941234589	0.0118238925934	
['./treeMaker/main', '-m', '-b']
0.016233921051	0.0116028785706	0.0253510475159	0.0123388767242	0.0124790668488	0.0107750892639	0.01007604599	0.0145690441132	0.0122480392456	0.011382818222	0.0176849365234	0.01393699646	0.0119848251343	0.0129940509796	0.0118720531464	0.0156679153442	0.0110468864441	0.0115730762482	0.0118129253387	0.0186660289764	0.0118579864502	0.0124931335449	0.0109360218048	0.0158898830414	0.01251912117	0.015273809433	0.0142910480499	0.0126979351044	0.011116027832	0.0126991271973	0.0119149684906	0.0174701213837	0.0126991271973	0.0162370204926	0.010488986969	0.0112278461456	0.0111751556396	0.0111200809479	0.0126020908356	0.0114579200745	0.011491060257	0.0121080875397	0.0118460655212	0.00993299484253	0.0120661258698	0.0112600326538	0.0111989974976	0.010833978653	0.0120010375977	0.0138039588928	
['./treeMaker/main', '-m', '-w', '1']
0.0131180286407	0.0111179351807	0.0163650512695	0.0118930339813	0.0116891860962	0.0110421180725	0.0120890140533	0.0150990486145	0.0115261077881	0.0123310089111	0.0147438049316	0.0143690109253	0.0115919113159	0.0111179351807	0.0114681720734	0.0141799449921	0.012895822525	0.0113670825958	0.0115971565247	0.0186128616333	0.011570930481	0.0109791755676	0.0112690925598	0.0154540538788	0.0120069980621	0.0127770900726	0.0161638259888	0.0121240615845	0.0115110874176	0.0130250453949	0.0111348628998	0.0159540176392	0.0121600627899	0.0129208564758	0.0121970176697	0.0110058784485	0.0121939182281	0.011785030365	0.011766910553	0.0128319263458	0.0120899677277	0.0114212036133	0.0116760730743	0.0116720199585	0.0117361545563	0.0108630657196	0.0132548809052	0.0208401679993	0.0125200748444	0.0111308097839	
['./treeMaker/main', '-m', '-w', '2']
0.0160789489746	0.0217959880829	0.0136198997498	0.014023065567	0.012148141861	0.0107939243317	0.0121810436249	0.0143160820007	0.0132629871368	0.0117318630219	0.0143270492554	0.0145201683044	0.0117330551147	0.012423992157	0.0119981765747	0.0162289142609	0.02201795578	0.0114510059357	0.0113761425018	0.0182621479034	0.0121641159058	0.0119998455048	0.0107400417328	0.0151131153107	0.0122179985046	0.0155229568481	0.0164289474487	0.0123331546783	0.0109560489655	0.0122380256653	0.0114569664001	0.0142679214478	0.0127918720245	0.0134139060974	0.0120549201965	0.0134899616241	0.0122561454773	0.0106410980225	0.0119059085846	0.0111110210419	0.0109729766846	0.0115559101105	0.0124900341034	0.0150060653687	0.0116000175476	0.0110280513763	0.0108878612518	0.0120668411255	0.0118999481201	0.0128948688507	
['./treeMaker/main', '-m', '-c', '1']
0.0130209922791	0.0228481292725	0.0157840251923	0.0115768909454	0.0116348266602	0.0102999210358	0.0117380619049	0.0133008956909	0.0134670734406	0.0114939212799	0.0146071910858	0.0150279998779	0.011482000351	0.011766910553	0.0111038684845	0.0143389701843	0.0128560066223	0.0146718025208	0.0114729404449	0.0268228054047	0.0101711750031	0.0222339630127	0.0126020908356	0.0154349803925	0.0117678642273	0.0227949619293	0.0150671005249	0.0129849910736	0.0114459991455	0.0123641490936	0.0120930671692	0.0158970355988	0.0117449760437	0.0126838684082	0.0119249820709	0.011039018631	0.0120820999146	0.0115151405334	0.0224430561066	0.0109469890594	0.0106980800629	0.0114119052887	0.0119760036469	0.011626958847	0.0119209289551	0.0106120109558	0.013396024704	0.0127091407776	0.0118570327759	0.0109541416168	
['./treeMaker/main', '-m', '-c', '2']
0.0158839225769	0.0111429691315	0.0156610012054	0.0118870735168	0.0119731426239	0.010852098465	0.011116027832	0.0132400989532	0.0125830173492	0.011078119278	0.0143029689789	0.012845993042	0.0116798877716	0.0125560760498	0.0120439529419	0.015967130661	0.0119168758392	0.0116291046143	0.0116472244263	0.0186350345612	0.0122520923615	0.0112190246582	0.0104129314423	0.0127239227295	0.012001991272	0.0125389099121	0.0140669345856	0.0116631984711	0.0102050304413	0.0120151042938	0.0117738246918	0.0142481327057	0.0123209953308	0.0252850055695	0.0114150047302	0.0130369663239	0.012323141098	0.020033121109	0.0122900009155	0.0107500553131	0.0107479095459	0.0115129947662	0.0121109485626	0.0104801654816	0.0120630264282	0.0107629299164	0.0128021240234	0.0114870071411	0.0122680664062	0.0130968093872	
['./treeMaker/main', '-m', '-a', '1']
0.016352891922	0.0121610164642	0.0163240432739	0.0123891830444	0.0210478305817	0.0113439559937	0.0108020305634	0.0142688751221	0.0246341228485	0.0116369724274	0.014885187149	0.0159931182861	0.0122990608215	0.0110318660736	0.0115938186646	0.016930103302	0.0111410617828	0.0120191574097	0.0120182037354	0.0190749168396	0.0122320652008	0.0122239589691	0.0111379623413	0.0157401561737	0.012797832489	0.0159559249878	0.0173780918121	0.015881061554	0.0124988555908	0.0160160064697	0.0121371746063	0.0160539150238	0.0115699768066	0.0163059234619	0.0136659145355	0.0141768455505	0.0206260681152	0.0121059417725	0.020231962204	0.010978937149	0.0138020515442	0.0122170448303	0.0120968818665	0.0111010074615	0.0121791362762	0.0117239952087	0.011351108551	0.012020111084	0.0116159915924	0.011491060257	
['./treeMaker/main', '-m', '-a', '2']
0.013041973114	0.0130198001862	0.0158059597015	0.0118598937988	0.0119349956512	0.010617017746	0.0106229782104	0.0141551494598	0.0127849578857	0.0114810466766	0.0145590305328	0.0130009651184	0.011726140976	0.0126299858093	0.0120089054108	0.0164661407471	0.0221590995789	0.0111610889435	0.0117299556732	0.0182199478149	0.012197971344	0.0131199359894	0.0105519294739	0.012825012207	0.0120341777802	0.0137431621552	0.0261070728302	0.01486992836	0.0108578205109	0.0121829509735	0.0115411281586	0.0140738487244	0.0123949050903	0.0133128166199	0.0127320289612	0.0109739303589	0.0121290683746	0.0105891227722	0.0166120529175	0.0121550559998	0.0109841823578	0.0114510059357	0.0140171051025	0.0106282234192	0.011981010437	0.0109879970551	0.0126440525055	0.012305021286	0.0109269618988	0.0129079818726	
