25_1000_4.9e-10_4.9e-11_470000000
25
1000
4.9e-10
4.9e-11
470000000

['./treeMaker/main']
20.2657561302	74.3045928478	10.9699630737	21.9023990631	178.179600954	5.10870695114	14.2710661888	6.31301999092	69.7911589146	118.652904987	46.4975440502	2.43489289284	3.95053696632	42.9856100082	4.06488609314	14.9132390022	79.6706168652	204.902758837	28.2789940834	5.57934904099	83.0026459694	11.4730830193	25.1987819672	4.65231895447	8.79533600807	2.438808918	952.438861132	177.190128088	24.3943650723	219.112709999	68.2480018139	318.831912994	52.1855421066	1.99871206284	49.0837140083	39.7082328796	58.6293718815	11.6623361111	18.1016359329	6.16810297966	2.72287321091	12.3511281013	17.3467140198	142.487802982	4.07563900948	28.5473678112	21.5992538929	41.6013028622	2.39919710159	4.86226892471	
['./treeMaker/main', '-b']
22.670142889	75.6725862026	10.9910809994	22.5851590633	187.354418039	5.08363008499	15.0824518204	6.37991786003	70.3685150146	119.493237972	52.0389688015	2.6793680191	3.97841596603	42.9728088379	4.44406795502	14.6017210484	78.3082988262	228.335989952	28.8292620182	5.69300198555	83.4077539444	11.4725279808	24.7240688801	5.04924702644	8.79639005661	2.29131102562	1050.85366607	178.596302032	25.3717880249	225.443845034	70.7420568466	326.534019947	55.9490458965	2.05032205582	49.6235189438	38.8532190323	60.3723249435	11.9978749752	18.2315621376	6.62157201767	2.60114479065	12.0813920498	16.93298316	124.939375877	4.52117800713	32.8099970818	24.5801398754	36.9646880627	2.46167492867	4.64109396935	
['./treeMaker/main', '-u']
20.5818269253	74.0758152008	10.5376360416	23.9342958927	178.07941699	5.05303883553	14.4861819744	6.02731585503	69.7925100327	118.641838074	46.4418830872	2.65504693985	3.97807478905	42.7328140736	4.15263986588	14.3071169853	82.6399650574	207.185364008	27.448415041	5.53829312325	81.9070038795	11.5834889412	24.9329149723	4.95242786407	8.2272670269	2.33223795891	962.771964073	181.180711031	23.0634109974	205.135891914	68.713889122	313.026769161	52.5208890438	1.82628393173	48.2700948715	39.0997509956	59.0757231712	11.7828938961	18.7464399338	6.81292295456	2.63773202896	11.2993249893	17.1099190712	126.188953876	3.80679988861	28.4054629803	21.509761095	36.9285378456	2.16919112206	4.99543023109	
['./treeMaker/main', '-t', '-r', '1']
18.8242988586	36.2862939835	12.4728310108	20.1887481213	59.6146428585	8.31659698486	15.3231799603	9.72195506096	38.134624958	47.9277141094	25.8503780365	5.15990495682	7.15832185745	27.3494558334	7.24029493332	14.3632118702	39.0387768745	64.3705358505	22.1381008625	8.88518190384	40.2982890606	11.2173469067	19.8500239849	8.07394003868	11.250041008	4.77303004265	150.530035973	63.7963550091	19.573127985	65.5295760632	34.8812458515	65.7631089687	31.325524807	4.92749905586	28.9659860134	25.713821888	30.5005180836	13.5580220222	17.0955071449	9.1564450264	5.85014915466	13.8572781086	16.8921890259	52.5217461586	7.08788394928	23.0943608284	19.2009317875	25.7575201988	5.12937808037	7.26127815247	
['./treeMaker/main', '-t', '-r', '2']
32.7332410812	72.8826789856	21.9883878231	36.2767410278	124.210195065	15.2560360432	27.2143628597	16.6750590801	70.7087361813	95.0272171497	63.1676678658	9.65596389771	12.30321908	54.8339347839	13.0104570389	26.547755003	75.3160889149	119.182204962	40.0598790646	15.2957699299	77.2776579857	26.4533548355	39.569411993	13.4870738983	18.5244579315	9.65223312378	313.74190712	109.45095706	35.5970380306	125.405061007	67.631731987	168.530789137	55.949849844	8.52007007599	57.6051330566	48.3397049904	67.9964399338	26.2249839306	31.3078818321	17.1492700577	10.1920537949	23.0619270802	28.7787508965	89.5509030819	12.0383789539	39.594465971	35.7706260681	46.4688308239	9.65915608406	13.7802979946	
['./treeMaker/main', '-t', '-r', '1', '-N']
18.9675278664	36.4083440304	12.3477480412	19.5613729954	58.8246850967	8.36510515213	15.3300440311	9.53810811043	38.7106969357	47.2505660057	26.1199669838	5.16266798973	6.95943593979	27.237621069	7.28168106079	14.5069279671	39.222509861	64.4232168198	21.7934088707	8.85720801353	40.31930089	11.2149679661	19.7878248692	8.03778719902	11.2998890877	4.78766489029	150.590998173	63.8673019409	19.7227208614	65.0837860107	34.8565590382	65.6980600357	31.6190111637	4.8412630558	28.5784158707	25.8478219509	30.5750470161	13.5499219894	16.8591320515	9.07641601562	5.82971811295	13.7143659592	16.9708640575	52.6721129417	7.01201891899	23.1083221436	19.2880461216	25.9184241295	5.13312602043	7.23124504089	
['./treeMaker/main', '-t', '-r', '2', '-N']
32.1074151993	72.9009139538	21.9198381901	36.5310640335	124.259985924	15.2875609398	26.4864029884	16.624022007	69.6357021332	94.7226409912	63.1904079914	9.70746207237	12.1091780663	55.6281039715	12.8827779293	26.4536499977	73.7870059013	118.476707935	40.1775119305	15.8761029243	77.9239799976	26.4752950668	39.5709500313	13.4731838703	18.3873801231	9.65963101387	311.087732077	109.221714973	35.6775610447	125.207098007	66.5980219841	169.355497837	55.7496140003	8.64059495926	56.8414990902	48.9950950146	67.4765930176	26.0978519917	31.2965610027	17.0715758801	10.1558420658	23.4680621624	29.0549380779	90.123459816	12.0228090286	39.5792059898	35.2650821209	46.363147974	9.89885997772	13.7891938686	
['./treeMaker/main', '-m']
0.447436094284	0.790601015091	0.334508180618	0.466462850571	1.17128109932	0.247674942017	0.382292985916	0.273113012314	0.774836063385	0.972121953964	0.69836807251	0.194838047028	0.224724054337	0.677733898163	0.251698970795	0.385939836502	0.837471008301	1.193775177	0.505234956741	0.251387834549	0.79386806488	0.375849962234	0.476113080978	0.248456001282	0.307498216629	0.187672138214	2.39640808105	1.08312702179	0.469686985016	1.17647099495	0.737567901611	1.47245788574	0.667433023453	0.192811012268	0.665282011032	0.617322921753	0.752359867096	0.390936136246	0.40905714035	0.287779808044	0.210698127747	0.343829870224	0.415555000305	0.917327165604	0.22251200676	0.490203142166	0.450097084045	0.576298952103	0.185028076172	0.246026992798	
['./treeMaker/main', '-m', '-b']
0.471564054489	0.875154972076	0.368614912033	0.510745048523	1.28472089767	0.269969940186	0.402821063995	0.28383398056	0.843864917755	1.06287407875	0.819380998611	0.217870950699	0.261497020721	0.722476005554	0.26716709137	0.426688194275	0.890603065491	1.27890396118	0.547096014023	0.274612903595	0.926499128342	0.428273916245	0.564024925232	0.269992113113	0.322241067886	0.211369991302	2.78064799309	1.22506713867	0.53727388382	1.41115403175	0.86402797699	1.69672894478	0.757462024689	0.190534114838	0.744391918182	0.639796972275	0.837988853455	0.409960985184	0.471525907516	0.316321134567	0.210401058197	0.374647140503	0.449880123138	1.07659196854	0.238557100296	0.541275024414	0.493286132812	0.647629976273	0.219712972641	0.284685850143	
['./treeMaker/main', '-m', '-w', '1']
0.450226068497	0.788925886154	0.324822187424	0.450693845749	1.14015316963	0.250091791153	0.384541988373	0.274922847748	0.749402046204	0.981361150742	0.735325098038	0.201717853546	0.224349021912	0.649183034897	0.223863840103	0.382183074951	0.829719781876	1.19956994057	0.508549928665	0.260555028915	0.819719076157	0.38542509079	0.484558820724	0.235723972321	0.31613612175	0.19131398201	2.4328649044	1.07719683647	0.47752904892	1.22944498062	0.75076007843	1.47480487823	0.637316942215	0.180599212646	0.674107074738	0.581510066986	0.739476919174	0.349910974503	0.428206920624	0.27925992012	0.202461957932	0.340486764908	0.391614198685	0.973008871078	0.241483926773	0.512981891632	0.466997146606	0.558361768723	0.188246011734	0.264305830002	
['./treeMaker/main', '-m', '-w', '2']
0.446429014206	0.792684078217	0.347526073456	0.475409030914	1.19492292404	0.272078990936	0.388262033463	0.279345989227	0.743471860886	0.929550886154	0.721431016922	0.20659995079	0.218050956726	0.680004835129	0.246247053146	0.372428894043	0.782920122147	1.20004200935	0.526116847992	0.265706062317	0.829074859619	0.403319120407	0.496920108795	0.235073804855	0.317756891251	0.20267701149	2.50600194931	1.05793809891	0.483672857285	1.23316502571	0.76994395256	1.48566508293	0.63713312149	0.184998989105	0.65273809433	0.582926034927	0.763895988464	0.378101110458	0.43000292778	0.279631853104	0.192898035049	0.347356796265	0.390218019485	0.915087938309	0.218780040741	0.528042078018	0.47043800354	0.546120166779	0.197765111923	0.26923584938	
['./treeMaker/main', '-m', '-c', '1']
0.42856502533	0.773833036423	0.339672803879	0.451307058334	1.14083099365	0.247046947479	0.373445034027	0.270848989487	0.785470962524	0.955711841583	0.716505050659	0.200937986374	0.218596935272	0.632699012756	0.223803043365	0.397146224976	0.823626041412	1.18444609642	0.49608206749	0.252316951752	0.812903881073	0.392342805862	0.514087915421	0.253577947617	0.303717851639	0.19752407074	2.4370071888	1.06220507622	0.465082883835	1.17929005623	0.72828578949	1.47500705719	0.661041021347	0.176074981689	0.66459107399	0.607731103897	0.750331878662	0.349820137024	0.405925989151	0.274437904358	0.20328783989	0.360072135925	0.421368122101	0.948302984238	0.236032009125	0.515913009644	0.463651895523	0.544363021851	0.185189008713	0.244328022003	
['./treeMaker/main', '-m', '-c', '2']
0.450623989105	0.759147167206	0.328357934952	0.460192203522	1.19513082504	0.262465953827	0.408785104752	0.265008926392	0.740782022476	0.923176050186	0.728934049606	0.190238952637	0.229994058609	0.665655136108	0.232977151871	0.377854824066	0.841079950333	1.22181606293	0.534897089005	0.287250995636	0.848083019257	0.39315700531	0.50911283493	0.235970973969	0.295656919479	0.191130876541	2.39089918137	1.03173708916	0.455421924591	1.23865604401	0.767645120621	1.49860310555	0.63260602951	0.187813997269	0.66389799118	0.571418046951	0.718820095062	0.369626045227	0.40673995018	0.276633024216	0.207489967346	0.34924197197	0.395925045013	0.915275096893	0.22014093399	0.486814975739	0.443822145462	0.567700147629	0.190972089767	0.254776000977	
['./treeMaker/main', '-m', '-a', '1']
0.444232940674	0.779073953629	0.336735963821	0.466688156128	1.16596007347	0.288990020752	0.383739948273	0.290890932083	0.777804851532	0.97506403923	0.737863063812	0.21381187439	0.252727031708	0.684607982635	0.239614963531	0.387705087662	0.837449789047	1.17523503304	0.545404911041	0.26619720459	0.852087974548	0.405719041824	0.509213924408	0.252552032471	0.312939882278	0.215945005417	2.40292882919	1.08812308311	0.501522064209	1.21066594124	0.78540802002	1.51910114288	0.647286891937	0.190456867218	0.654724836349	0.592442035675	0.754385948181	0.376004934311	0.43940782547	0.292541980743	0.22006893158	0.352452993393	0.415798902512	0.957198858261	0.246583938599	0.51650595665	0.485828876495	0.599524021149	0.210004806519	0.267802000046	
['./treeMaker/main', '-m', '-a', '2']
0.432672023773	0.758224964142	0.33024597168	0.453594923019	1.14105677605	0.262130022049	0.388466835022	0.274719953537	0.782588005066	0.939861059189	0.723896980286	0.189446926117	0.219128131866	0.674278020859	0.222651958466	0.368151903152	0.782139062881	1.1625020504	0.505597114563	0.265811920166	0.82203912735	0.38170003891	0.476864099503	0.234132051468	0.292333126068	0.188406944275	2.43384885788	1.05702090263	0.47191286087	1.18037295341	0.736260890961	1.47757697105	0.635874986649	0.175585031509	0.640451908112	0.604156970978	0.766143083572	0.352066040039	0.407631158829	0.274713039398	0.192171096802	0.334275007248	0.410161018372	0.964067935944	0.235167980194	0.523139953613	0.448729991913	0.549912929535	0.187017917633	0.246593952179	
