25_1000_4.9e-10_4.9e-10_470000000_cut_3
25
1000
4.9e-10
4.9e-10
470000000
cut_3
['./treeMaker/main']
0.106790065765	0.205605983734	0.223104000092	0.132181167603	0.146436929703	0.112130880356	0.148353099823	0.170482873917	0.16245508194	0.136979103088	0.15455198288	0.138099908829	0.143732070923	0.133613109589	0.11834692955	0.109777927399	0.195414066315	0.40335893631	0.138736963272	0.112506866455	0.132668972015	0.105766057968	0.181747913361	0.266923904419	0.258536100388	0.0989351272583	0.182322025299	0.121551036835	0.0865058898926	0.0981040000916	0.353151082993	0.165879964828	1.30119609833	0.139807939529	0.0529799461365	0.209775209427	0.148931026459	0.120862007141	0.0989899635315	0.287492990494	0.105877876282	0.194947004318	1.01555395126	0.102242946625	0.185529947281	0.114993095398	0.0391809940338	0.0917861461639	0.0845379829407	0.577966928482	
['./treeMaker/main', '-b']
0.0961220264435	0.218598127365	0.253669977188	0.129305839539	0.164494037628	0.115517139435	0.171032190323	0.173156023026	0.166476011276	0.134355068207	0.148824214935	0.139991998672	0.147253990173	0.146399021149	0.122502803802	0.100864887238	0.194375991821	0.416823863983	0.137153148651	0.10996389389	0.128614902496	0.103800058365	0.166249036789	0.249097108841	0.248805999756	0.102857112885	0.193164110184	0.127631187439	0.0904431343079	0.096314907074	0.339850187302	0.162143945694	1.39490604401	0.142936944962	0.0543940067291	0.200947999954	0.147186040878	0.124484062195	0.101076126099	0.293906927109	0.118695020676	0.216686010361	1.02577495575	0.100449085236	0.192594051361	0.118040084839	0.0531969070435	0.0947871208191	0.087354183197	0.534575939178	
['./treeMaker/main', '-u']
0.0994420051575	0.215764045715	0.239722013474	0.118315935135	0.150516986847	0.117829084396	0.161920070648	0.180309057236	0.163909196854	0.134435892105	0.159557104111	0.138535022736	0.140880823135	0.131416797638	0.115467786789	0.115154981613	0.205308198929	0.416636943817	0.135559082031	0.110311985016	0.12796998024	0.10320687294	0.164297103882	0.2467648983	0.23687005043	0.100789070129	0.200766086578	0.125904083252	0.0888159275055	0.0961678028107	0.353903055191	0.17289686203	1.3374209404	0.14458990097	0.0616219043732	0.219172000885	0.153890132904	0.12913107872	0.104650974274	0.290743112564	0.10829615593	0.213547945023	1.01133704185	0.0980269908905	0.207345962524	0.119236946106	0.0404300689697	0.0932800769806	0.0861740112305	0.571331977844	
['./treeMaker/main', '-t', '-r', '1']
0.921175003052	1.75469779968	1.71221399307	1.07358598709	1.38888192177	1.06448411942	1.37614798546	1.48149085045	1.37033891678	1.329652071	1.32228398323	1.23088502884	1.33009386063	1.22209501266	1.12638187408	1.00749516487	1.65174102783	2.36334705353	1.22246694565	1.05682110786	1.25864815712	1.0217730999	1.41506886482	1.8612511158	1.76778388023	0.964893102646	1.6875910759	1.15567922592	0.930524110794	0.946466207504	2.27180695534	1.35515213013	4.92466711998	1.30710482597	0.586163043976	1.54478979111	1.361068964	1.20819211006	1.01111483574	1.99779200554	1.05522990227	1.5486998558	3.93090796471	0.97768497467	1.62803816795	1.08411192894	0.41307592392	0.943248987198	0.831161975861	2.85409808159	
['./treeMaker/main', '-t', '-r', '2']
1.4935760498	2.69856786728	2.79472994804	1.70221495628	2.03848195076	1.69785499573	2.01392102242	2.24483799934	2.28091096878	1.94623589516	2.2224240303	2.03269505501	2.22533082962	1.98215794563	1.70280599594	1.47086191177	2.49488306046	4.02744102478	2.00112700462	1.65648794174	1.91102600098	1.71142792702	2.15624403954	3.02442479134	2.90399312973	1.63982605934	2.4057469368	1.91513609886	1.3238940239	1.50232100487	3.70446395874	2.23293995857	7.05267691612	1.98961496353	0.90439915657	2.86066198349	2.06261301041	1.85060381889	1.552339077	3.17407107353	1.70874500275	2.74388194084	6.50741815567	1.45684313774	2.55829405785	1.69465398788	0.680367946625	1.53959083557	1.3119661808	4.89849019051	
['./treeMaker/main', '-t', '-r', '1', '-N']
0.929152965546	1.73491406441	1.72786593437	1.12133598328	1.30446100235	1.067923069	1.41606402397	1.46412611008	1.39591693878	1.31959795952	1.28977608681	1.2364859581	1.25308203697	1.2253370285	1.17594599724	0.989588022232	1.64710998535	2.36164116859	1.23838496208	1.00026512146	1.2009909153	1.0041410923	1.43207788467	1.81069111824	1.83511400223	0.999946117401	1.64552903175	1.20123720169	0.897691011429	0.96098780632	2.34837388992	1.41743612289	4.97757005692	1.32930493355	0.585123062134	1.57932686806	1.37539482117	1.21431207657	1.02517604828	2.01062202454	0.9886469841	1.58109998703	3.97167301178	0.972828149796	1.68205404282	1.16377210617	0.414242982864	0.994130134583	0.80920290947	2.93737912178	
['./treeMaker/main', '-t', '-r', '2', '-N']
1.5358839035	2.73709702492	2.83348894119	1.75248503685	2.02661991119	1.72534203529	2.03708696365	2.26942682266	2.27631497383	1.91931295395	2.26809811592	1.95451712608	2.22974896431	1.99778413773	1.70473504066	1.49265098572	2.48645997047	4.08253002167	2.05207395554	1.68677091599	1.86998414993	1.69706296921	2.19830203056	3.00984382629	2.86490011215	1.72970795631	2.36713314056	1.92333912849	1.31861305237	1.43043613434	3.53771114349	2.17402410507	7.0699968338	1.93629002571	0.899771928787	2.87115502357	2.15388607979	1.7708940506	1.53400087357	3.18189787865	1.64441204071	2.71594405174	6.41031289101	1.47046399117	2.52948999405	1.728058815	0.679575204849	1.51558899879	1.37772011757	4.87691688538	
['./treeMaker/main', '-m']
0.0418889522552	0.059415102005	0.0618381500244	0.0459408760071	0.05677485466	0.048036813736	0.0576701164246	0.0601899623871	0.0570440292358	0.0543079376221	0.0541541576385	0.0563721656799	0.0536708831787	0.0524158477783	0.0491790771484	0.0469560623169	0.0639629364014	0.0838220119476	0.0534701347351	0.0498430728912	0.0515599250793	0.0503530502319	0.0610151290894	0.0704300403595	0.0708980560303	0.0472929477692	0.0598909854889	0.0505018234253	0.0428810119629	0.0433549880981	0.0747089385986	0.0641398429871	0.13825917244	0.051274061203	0.0314438343048	0.063796043396	0.0521731376648	0.0479378700256	0.0430700778961	0.0677499771118	0.0446689128876	0.0599999427795	0.108621835709	0.0429029464722	0.070216178894	0.0468480587006	0.0264999866486	0.0409970283508	0.0515069961548	0.0930440425873	
['./treeMaker/main', '-m', '-b']
0.0465979576111	0.0659010410309	0.0720300674438	0.0517029762268	0.0582549571991	0.0524389743805	0.0567800998688	0.0608398914337	0.0602390766144	0.0511841773987	0.0548820495605	0.0542340278625	0.0558531284332	0.0538139343262	0.0507678985596	0.0567162036896	0.0641679763794	0.0865700244904	0.0655689239502	0.0488269329071	0.0569920539856	0.0491490364075	0.05872797966	0.0708241462708	0.0704061985016	0.0462198257446	0.0601851940155	0.0511620044708	0.0421969890594	0.0444228649139	0.0776698589325	0.0573527812958	0.128842115402	0.0568859577179	0.0348291397095	0.0695829391479	0.0554189682007	0.0509359836578	0.0456049442291	0.0698730945587	0.0461900234222	0.0636789798737	0.12184882164	0.049173116684	0.0614318847656	0.0510580539703	0.0278840065002	0.054477930069	0.0457038879395	0.0984830856323	
['./treeMaker/main', '-m', '-w', '1']
0.0449941158295	0.0621070861816	0.0645320415497	0.0479459762573	0.053591966629	0.0470058917999	0.0531420707703	0.0673968791962	0.0558888912201	0.0492358207703	0.0523631572723	0.0516619682312	0.0638399124146	0.0503149032593	0.0519239902496	0.0461630821228	0.0610330104828	0.0794088840485	0.0532209873199	0.0462849140167	0.0492348670959	0.0445461273193	0.0549218654633	0.0746879577637	0.0646550655365	0.0469188690186	0.0592219829559	0.051952123642	0.0563640594482	0.0415790081024	0.0724380016327	0.0529320240021	0.121391057968	0.0508971214294	0.0314590930939	0.0638380050659	0.0523221492767	0.0480940341949	0.0432758331299	0.0679512023926	0.0446848869324	0.0598390102386	0.11147403717	0.0441768169403	0.0570268630981	0.0468368530273	0.0263929367065	0.0412240028381	0.0413889884949	0.0908148288727	
['./treeMaker/main', '-m', '-w', '2']
0.043468952179	0.0617229938507	0.0644919872284	0.0476140975952	0.053160905838	0.0468080043793	0.0529050827026	0.0558800697327	0.0556011199951	0.0489628314972	0.052216053009	0.0515420436859	0.052677154541	0.0500829219818	0.047180891037	0.0436539649963	0.0592119693756	0.0801568031311	0.0526530742645	0.0521409511566	0.0547561645508	0.0476779937744	0.0582630634308	0.071751832962	0.0695729255676	0.0499720573425	0.0625078678131	0.0593287944794	0.0402839183807	0.0416479110718	0.0710351467133	0.0520970821381	0.118271827698	0.0500559806824	0.0451810359955	0.067323923111	0.0500519275665	0.0474569797516	0.0487298965454	0.0692019462585	0.0476789474487	0.0630550384521	0.115985155106	0.0428578853607	0.0560138225555	0.0460529327393	0.0264329910278	0.0404808521271	0.0419499874115	0.0944888591766	
['./treeMaker/main', '-m', '-c', '1']
0.0431871414185	0.06582903862	0.065819978714	0.0492360591888	0.0555229187012	0.0487420558929	0.0550611019135	0.0572860240936	0.0648710727692	0.0463628768921	0.0500810146332	0.0493948459625	0.0506188869476	0.0488929748535	0.0568561553955	0.0420849323273	0.0566899776459	0.092334985733	0.0509741306305	0.0462241172791	0.0493319034576	0.0443820953369	0.0550901889801	0.065728187561	0.0791580677032	0.0417928695679	0.0549199581146	0.0466229915619	0.038810968399	0.0412449836731	0.0706169605255	0.0514118671417	0.12469792366	0.0508739948273	0.0314340591431	0.0636968612671	0.0653369426727	0.0462350845337	0.0416958332062	0.0654239654541	0.0431308746338	0.0576128959656	0.113927125931	0.0441529750824	0.0570271015167	0.0480599403381	0.0267269611359	0.0413138866425	0.0414159297943	0.0985560417175	
['./treeMaker/main', '-m', '-c', '2']
0.0435290336609	0.0616300106049	0.0668570995331	0.0489249229431	0.0534739494324	0.0479719638824	0.053838968277	0.060210943222	0.0701699256897	0.0484890937805	0.0517508983612	0.0516128540039	0.0647459030151	0.0547950267792	0.0465149879456	0.0431189537048	0.0588209629059	0.0933058261871	0.049525976181	0.0454208850861	0.0487530231476	0.0448348522186	0.0567109584808	0.074942111969	0.0789370536804	0.0450549125671	0.0636599063873	0.0500111579895	0.042653799057	0.0450179576874	0.0769910812378	0.0586349964142	0.127379894257	0.0521960258484	0.031445980072	0.0635209083557	0.0535480976105	0.0486838817596	0.0566639900208	0.0719788074493	0.0480790138245	0.0627100467682	0.11430311203	0.0421569347382	0.0548989772797	0.0450730323792	0.0255410671234	0.0396330356598	0.0402870178223	0.0872220993042	
['./treeMaker/main', '-m', '-a', '1']
0.0457088947296	0.0634551048279	0.0659980773926	0.0497269630432	0.0550630092621	0.0551519393921	0.0686249732971	0.059014081955	0.0588369369507	0.0523979663849	0.0560388565063	0.0549371242523	0.0547759532928	0.0526189804077	0.0492269992828	0.0460188388824	0.0755560398102	0.0861239433289	0.0578029155731	0.053731918335	0.0642578601837	0.0512452125549	0.0602221488953	0.0707659721375	0.0699818134308	0.0451509952545	0.058177947998	0.052661895752	0.0434908866882	0.0458428859711	0.0856778621674	0.0576751232147	0.121286869049	0.0570077896118	0.0352401733398	0.0699939727783	0.0710940361023	0.0497801303864	0.0450091362	0.0692620277405	0.0470399856567	0.0636661052704	0.126580953598	0.0461528301239	0.0587430000305	0.0489840507507	0.028932094574	0.0430569648743	0.0550210475922	0.0917348861694	
['./treeMaker/main', '-m', '-a', '2']
0.0437300205231	0.0617079734802	0.0619518756866	0.0457301139832	0.050971031189	0.0451622009277	0.0508780479431	0.0554749965668	0.0550978183746	0.0586090087891	0.051335811615	0.0524549484253	0.052453994751	0.049654006958	0.0481939315796	0.0434679985046	0.0587010383606	0.0836219787598	0.0507509708405	0.046355009079	0.0495159626007	0.0426142215729	0.0537579059601	0.0657241344452	0.066370010376	0.0439360141754	0.0570669174194	0.0485050678253	0.0404620170593	0.0423121452332	0.0727400779724	0.0529718399048	0.121627092361	0.0513980388641	0.0336649417877	0.064553976059	0.0554502010345	0.0530891418457	0.0474128723145	0.0697820186615	0.0494458675385	0.0621960163116	0.111825942993	0.0458428859711	0.0592551231384	0.0515260696411	0.0282537937164	0.0427482128143	0.0469148159027	0.0957560539246	
