25_1000_4.9e-10_4.9e-10_470000000_cut_1
25
1000
4.9e-10
4.9e-10
470000000
cut_1
['./treeMaker/main']
0.11708688736	0.223694086075	0.255905866623	0.123230934143	0.150892972946	0.106831073761	0.159142017365	0.178292989731	0.179903030396	0.142065048218	0.134989976883	0.155882120132	0.145745038986	0.127655982971	0.121582984924	0.0984001159668	0.211061954498	0.452930927277	0.130151033401	0.113131046295	0.13523888588	0.108558177948	0.182483911514	0.271458864212	0.255779981613	0.104662179947	0.187249898911	0.125185012817	0.0839400291443	0.0951461791992	0.372359991074	0.149996995926	1.44326615334	0.140852928162	0.0517110824585	0.196427106857	0.137185811996	0.1294028759	0.103642940521	0.296910047531	0.121675014496	0.179986953735	1.00773692131	0.101253032684	0.197433948517	0.113338947296	0.0441319942474	0.091826915741	0.0928730964661	0.607438087463	
['./treeMaker/main', '-b']
0.109508991241	0.236331939697	0.25511097908	0.121062040329	0.156955003738	0.112087011337	0.177187919617	0.187642097473	0.163410186768	0.137593984604	0.134480953217	0.15838599205	0.16504907608	0.148717880249	0.128509044647	0.102387189865	0.221287965775	0.454293012619	0.131493806839	0.128015995026	0.141756057739	0.110368013382	0.185129880905	0.295383930206	0.270735025406	0.107138156891	0.195992946625	0.126999139786	0.0863769054413	0.0979981422424	0.37433719635	0.152562141418	1.47069883347	0.159693002701	0.0538330078125	0.214559078217	0.157959938049	0.131460905075	0.105131864548	0.311859130859	0.11775803566	0.182543992996	1.07999992371	0.10386300087	0.205638885498	0.117146015167	0.041846036911	0.0923109054565	0.0947589874268	0.632458925247	
['./treeMaker/main', '-u']
0.104342937469	0.227859020233	0.256986856461	0.123682022095	0.155550003052	0.11035990715	0.166011095047	0.185264825821	0.169541835785	0.141849994659	0.133948087692	0.168684005737	0.151150941849	0.133895158768	0.12647986412	0.102928876877	0.20618891716	0.444412946701	0.134113073349	0.118058919907	0.141637086868	0.113753080368	0.199396133423	0.289443969727	0.268718004227	0.106366872787	0.1871509552	0.124960899353	0.088427066803	0.10844707489	0.380389928818	0.164354085922	1.39090800285	0.159581184387	0.0514099597931	0.197423934937	0.153236865997	0.129155158997	0.108012914658	0.32221698761	0.116079807281	0.183390140533	1.04780292511	0.100498914719	0.213380813599	0.113128900528	0.0421841144562	0.0909478664398	0.093269109726	0.608777999878	
['./treeMaker/main', '-t', '-r', '1']
1.02316904068	1.82289600372	1.78846502304	1.12000703812	1.37972784042	1.06400799751	1.49781489372	1.59564900398	1.3769659996	1.31911087036	1.19904994965	1.43168997765	1.28410482407	1.17593598366	1.18635296822	1.03788709641	1.7280318737	2.54555511475	1.20332217216	1.03026294708	1.26506900787	1.11755490303	1.48790788651	2.06133699417	1.8212749958	1.05057096481	1.65198683739	1.2719810009	0.924525022507	0.992640018463	2.45598697662	1.39705705643	5.10265398026	1.28529906273	0.560931921005	1.56060600281	1.31338596344	1.29237794876	1.05752396584	2.09330606461	1.07798314095	1.53085398674	3.95546221733	0.970293045044	1.73107385635	1.12971496582	0.45099902153	1.04146289825	0.884366035461	2.88664197922	
['./treeMaker/main', '-t', '-r', '2']
1.68934392929	2.76270008087	2.94323682785	1.77503800392	2.05831122398	1.65082478523	2.14213490486	2.37100100517	2.35319185257	1.90976905823	1.99636602402	2.20911693573	2.26658296585	1.92140102386	1.82130408287	1.52672815323	2.53217697144	4.31787395477	1.94010710716	1.72386288643	1.91856312752	1.74051213264	2.37645077705	3.18445706367	2.91942501068	1.73523497581	2.41952013969	1.97146081924	1.31623291969	1.5326128006	3.68907904625	2.14139699936	7.2875521183	2.01816987991	0.91566991806	2.76494312286	1.94851899147	1.91851615906	1.60857391357	3.28718495369	1.80155205727	2.60922694206	6.32370400429	1.43207502365	2.62053894997	1.65258407593	0.664231061935	1.38790822029	1.42588090897	5.07953882217	
['./treeMaker/main', '-t', '-r', '1', '-N']
1.07193207741	1.81611800194	1.87157177925	1.19452500343	1.37010097504	1.024559021	1.48208785057	1.58734989166	1.42310214043	1.34062600136	1.19232487679	1.42305588722	1.3348531723	1.22583007812	1.21636295319	1.03328895569	1.7335870266	2.52151203156	1.1921749115	1.05784511566	1.31455683708	1.10548996925	1.52104401588	1.95668983459	1.84227991104	1.03378510475	1.67697787285	1.27015399933	0.865041971207	0.994616031647	2.42490410805	1.38803100586	5.08367395401	1.30229401588	0.58234500885	1.55045413971	1.29295301437	1.29483699799	1.06030917168	2.18308997154	1.10392999649	1.51583981514	4.02191090584	0.96826505661	1.68422913551	1.09300899506	0.439179897308	0.958818912506	0.934598922729	2.88817691803	
['./treeMaker/main', '-t', '-r', '2', '-N']
1.66642999649	2.80979299545	3.06223893166	1.80787801743	2.06180095673	1.62711906433	2.17454099655	2.33289790154	2.25623607635	2.0096540451	1.96958494186	2.22277808189	2.33151698112	1.89753007889	1.76288580894	1.53019499779	2.60950493813	4.22867012024	1.87278199196	1.68076515198	1.99634385109	1.83793210983	2.34223389626	3.16950392723	2.97144293785	1.76296591759	2.37571907043	1.9801928997	1.31925296783	1.54346013069	3.60786986351	2.13242197037	7.34418606758	1.99242997169	0.912547826767	2.69271206856	2.01635599136	1.91045999527	1.62080383301	3.32276201248	1.80591201782	2.56526589394	6.27314901352	1.43997693062	2.57529497147	1.65136504173	0.702559947968	1.3889400959	1.45682191849	5.00618982315	
['./treeMaker/main', '-m']
0.0432958602905	0.0627930164337	0.0663280487061	0.0484488010406	0.0537109375	0.0457420349121	0.0539588928223	0.0574181079865	0.056529045105	0.0494420528412	0.0489859580994	0.0521540641785	0.0508971214294	0.0478820800781	0.0460021495819	0.0421681404114	0.058650970459	0.079717874527	0.0499160289764	0.0457980632782	0.0513169765472	0.0483710765839	0.0592949390411	0.0704581737518	0.084135055542	0.0430638790131	0.0551459789276	0.0477418899536	0.0387470722198	0.0419218540192	0.0709731578827	0.0508980751038	0.118952035904	0.0498490333557	0.0306720733643	0.0605280399323	0.0505387783051	0.0476040840149	0.0425789356232	0.0691950321198	0.046452999115	0.0583510398865	0.121339082718	0.0417578220367	0.0553839206696	0.0447521209717	0.0258841514587	0.039256811142	0.0413181781769	0.0903429985046	
['./treeMaker/main', '-m', '-b']
0.0464351177216	0.0656540393829	0.078850030899	0.0516440868378	0.0576050281525	0.0492148399353	0.0575540065765	0.061555147171	0.0715420246124	0.0640590190887	0.0559411048889	0.0623149871826	0.0659749507904	0.0515179634094	0.0534391403198	0.047324180603	0.0633230209351	0.0892090797424	0.055016040802	0.0519897937775	0.0546071529388	0.0498988628387	0.0604610443115	0.0728249549866	0.0717089176178	0.0481848716736	0.0643410682678	0.052628993988	0.0425961017609	0.0476479530334	0.0789608955383	0.056517124176	0.131861925125	0.067549943924	0.0319120883942	0.067978143692	0.0545608997345	0.0532639026642	0.0486040115356	0.0884501934052	0.0530009269714	0.0649259090424	0.120584011078	0.0496649742126	0.0632607936859	0.0519120693207	0.0310018062592	0.0470240116119	0.0469877719879	0.105674028397	
['./treeMaker/main', '-m', '-w', '1']
0.046807050705	0.0641460418701	0.0678129196167	0.0495600700378	0.0557870864868	0.0577609539032	0.0545561313629	0.0592620372772	0.0556888580322	0.0487699508667	0.0500090122223	0.0533990859985	0.0527210235596	0.0492219924927	0.047544002533	0.043340921402	0.059534072876	0.0824801921844	0.0515758991241	0.0470881462097	0.0504372119904	0.045774936676	0.0567400455475	0.0673768520355	0.0789830684662	0.0430707931519	0.0549421310425	0.0471789836884	0.0390188694	0.0419588088989	0.0709691047668	0.0507950782776	0.124341964722	0.0508100986481	0.031721830368	0.0624310970306	0.051383972168	0.0489821434021	0.0438840389252	0.0697438716888	0.0535929203033	0.0686690807343	0.112397193909	0.0423250198364	0.0553109645844	0.0447101593018	0.0262129306793	0.0390839576721	0.0411508083344	0.0905609130859	
['./treeMaker/main', '-m', '-w', '2']
0.0436091423035	0.0747859477997	0.0687141418457	0.0510461330414	0.065731048584	0.0500500202179	0.0575289726257	0.0575451850891	0.0595190525055	0.0519270896912	0.0529980659485	0.0591459274292	0.0629179477692	0.0503959655762	0.0623140335083	0.0467300415039	0.0808510780334	0.0810830593109	0.0494899749756	0.0457890033722	0.0490679740906	0.052090883255	0.0595350265503	0.0648448467255	0.0652940273285	0.044075012207	0.0680201053619	0.0490109920502	0.041335105896	0.0472881793976	0.0756130218506	0.0587980747223	0.124475002289	0.0517249107361	0.0313749313354	0.0636510848999	0.0521008968353	0.049901008606	0.0446629524231	0.0707449913025	0.0585141181946	0.0567908287048	0.106501817703	0.0500810146332	0.0647239685059	0.0446441173553	0.0262768268585	0.039361000061	0.0436458587646	0.105810165405	
['./treeMaker/main', '-m', '-c', '1']
0.0597171783447	0.0672318935394	0.0691471099854	0.0518460273743	0.0563910007477	0.0477261543274	0.0593819618225	0.0621140003204	0.0604629516602	0.0540280342102	0.051372051239	0.0562078952789	0.0559220314026	0.0503761768341	0.0498950481415	0.0472259521484	0.0625069141388	0.0845170021057	0.0534830093384	0.0521712303162	0.0552270412445	0.0491189956665	0.0621500015259	0.069216966629	0.0681128501892	0.0456409454346	0.0572900772095	0.049870967865	0.0411231517792	0.0446619987488	0.0877480506897	0.0516979694366	0.119116067886	0.0495321750641	0.0303211212158	0.0607190132141	0.0501968860626	0.0477719306946	0.04252409935	0.0781140327454	0.059250831604	0.0614500045776	0.113458156586	0.0443711280823	0.0552160739899	0.0445909500122	0.0258679389954	0.038890838623	0.0408680438995	0.089704990387	
['./treeMaker/main', '-m', '-c', '2']
0.0428011417389	0.0598978996277	0.0631198883057	0.046257019043	0.0512309074402	0.0436189174652	0.0512449741364	0.0545320510864	0.0541441440582	0.0469100475311	0.0481641292572	0.0517802238464	0.0505540370941	0.0474948883057	0.0576260089874	0.0443320274353	0.061262845993	0.0857949256897	0.0538959503174	0.0488679409027	0.0525908470154	0.0481739044189	0.0583629608154	0.0692789554596	0.0679130554199	0.0461058616638	0.0599250793457	0.0478467941284	0.0380799770355	0.0415229797363	0.0707979202271	0.062707901001	0.12398481369	0.0505521297455	0.0309829711914	0.064337015152	0.0512890815735	0.0489699840546	0.0438139438629	0.0696680545807	0.0567269325256	0.0581579208374	0.10817694664	0.0456728935242	0.0591859817505	0.048045873642	0.0268039703369	0.0406229496002	0.042454957962	0.0928130149841	
['./treeMaker/main', '-m', '-a', '1']
0.0610971450806	0.0647819042206	0.0687401294708	0.0514960289001	0.0569310188293	0.0492279529572	0.0571100711823	0.0608770847321	0.0604109764099	0.052551984787	0.0544338226318	0.0573370456696	0.0568580627441	0.0552461147308	0.0523960590363	0.0483000278473	0.0765609741211	0.0877470970154	0.0542929172516	0.0494608879089	0.0524251461029	0.0475449562073	0.058925151825	0.0687601566315	0.0820097923279	0.0480289459229	0.0602538585663	0.0528800487518	0.0437488555908	0.0465848445892	0.0771670341492	0.0690839290619	0.136343002319	0.0545630455017	0.0346729755402	0.063903093338	0.0534589290619	0.0507760047913	0.0456049442291	0.0731279850006	0.0503799915314	0.0624749660492	0.110044002533	0.0476570129395	0.0598261356354	0.0495390892029	0.0295741558075	0.0432698726654	0.0455069541931	0.0947849750519	
['./treeMaker/main', '-m', '-a', '2']
0.0438470840454	0.06019115448	0.0641639232635	0.0606129169464	0.0532670021057	0.0452978610992	0.0534329414368	0.0567920207977	0.0560519695282	0.0490729808807	0.0498831272125	0.0534679889679	0.052757024765	0.0497469902039	0.047602891922	0.0434720516205	0.0596060752869	0.0831470489502	0.0487098693848	0.0598139762878	0.0533919334412	0.0471920967102	0.0593299865723	0.0730690956116	0.0699210166931	0.0428891181946	0.0555100440979	0.0486578941345	0.0401239395142	0.0431649684906	0.0734310150146	0.050124168396	0.119308948517	0.0496881008148	0.030690908432	0.0683560371399	0.0604190826416	0.0497851371765	0.0457921028137	0.0696439743042	0.0505650043488	0.0606479644775	0.107298851013	0.0431649684906	0.0560209751129	0.0453460216522	0.0264070034027	0.039577960968	0.0412919521332	0.0892670154572	
