25_1000_4.9e-10_4.9e-10_48000000
25
1000
4.9e-10
4.9e-10
48000000

['./treeMaker/main']
0.404996871948	0.726270198822	0.45348906517	0.824528932571	0.96309709549	0.346467971802	0.338183879852	0.221321821213	0.412636041641	0.317687988281	0.386349916458	0.404266119003	0.435618877411	0.645429134369	0.360417127609	0.712383031845	0.611793041229	0.452386856079	0.25212597847	1.6402618885	0.419677019119	0.347589969635	0.208689928055	0.408730983734	1.30848383904	1.24769711494	0.576900005341	0.566870927811	0.307873010635	0.236557006836	0.206337928772	0.319887876511	0.35306096077	0.586533069611	0.143890857697	0.305688142776	0.379510164261	0.337939023972	1.1981010437	0.25310087204	0.325819969177	0.596717119217	0.263733148575	1.057117939	0.172445058823	1.19059586525	0.422297954559	0.411115884781	0.638746023178	0.724404096603	
['./treeMaker/main', '-b']
0.424587965012	0.713844060898	0.44426202774	0.865844011307	0.972882986069	0.339708089828	0.339246034622	0.236132144928	0.419112920761	0.323197126389	0.390612125397	0.422899007797	0.439862966537	0.644767999649	0.354203939438	0.731783151627	0.631293058395	0.464918851852	0.249168872833	1.60874009132	0.39795589447	0.340930938721	0.192193984985	0.406374931335	1.26374483109	1.28229999542	0.55704498291	0.557875871658	0.3112449646	0.234803915024	0.223304986954	0.314476966858	0.350379943848	0.598906040192	0.146376132965	0.295481920242	0.376411914825	0.333695888519	1.15407109261	0.267539978027	0.323718070984	0.607149839401	0.252187013626	1.07872986794	0.176930189133	1.2183508873	0.439103841782	0.403723955154	0.644085884094	0.726681947708	
['./treeMaker/main', '-u']
0.422241926193	0.711322069168	0.433860063553	0.839244127274	0.946246147156	0.337641954422	0.332818984985	0.239043951035	0.420627117157	0.320744037628	0.394515037537	0.409691810608	0.447304010391	0.641328811646	0.353026151657	0.722424983978	0.627021074295	0.454192876816	0.238492965698	1.70204114914	0.416043043137	0.353229045868	0.189834117889	0.411598920822	1.22351694107	1.30520296097	0.562323093414	0.57136797905	0.32359790802	0.242635965347	0.205360889435	0.309432029724	0.349662065506	0.585111856461	0.14494395256	0.293916940689	0.387578964233	0.318278074265	1.18579602242	0.251170158386	0.32035279274	0.604509115219	0.253026008606	1.08049702644	0.177098035812	1.21337103844	0.425795078278	0.406763792038	0.645958900452	0.710378885269	
['./treeMaker/main', '-t', '-r', '1']
2.46750807762	3.38274216652	2.52235388756	3.56625390053	3.85072088242	2.1859099865	2.03297400475	1.68522381783	2.51694583893	2.07446503639	2.31288099289	2.44154906273	2.46757388115	3.24223399162	2.19955801964	3.36340093613	3.06896114349	2.54521203041	1.77440094948	5.57732009888	2.41305613518	2.19299793243	1.46771597862	2.34399294853	4.30257606506	4.34244012833	2.85737490654	2.99290394783	1.96606707573	1.7112557888	1.55756783485	2.07876801491	2.20811390877	2.90588116646	1.19170999527	1.92102503777	2.32801580429	2.02839303017	4.33953619003	1.75430297852	1.97345995903	3.12029290199	1.81022810936	3.97598099709	1.36271619797	4.38023400307	2.53170108795	2.48220992088	3.09565186501	3.35490608215	
['./treeMaker/main', '-t', '-r', '2']
3.52170109749	4.69127893448	3.76030683517	4.83078217506	5.38311600685	3.00408697128	3.01461100578	2.20839309692	3.36855387688	2.8777449131	3.08526611328	3.32513999939	3.44195103645	4.52776002884	3.24967217445	4.65880393982	4.5460858345	3.63062691689	2.40503096581	7.39273285866	3.35244607925	3.08270311356	2.02942609787	3.39434194565	6.12259793282	5.92773914337	4.04771900177	4.06787014008	3.15482592583	2.26270914078	2.34019804001	2.7679028511	2.97354793549	4.12847709656	1.62824106216	2.6460621357	3.15496706963	2.89512109756	5.94627285004	2.30524611473	3.06173396111	4.07181406021	2.42024207115	5.77360105515	1.92965388298	5.94958901405	3.55215001106	3.35780286789	4.60867404938	4.47618508339	
['./treeMaker/main', '-t', '-r', '1', '-N']
2.40673804283	3.3869240284	2.49750185013	3.55444478989	3.86107492447	2.13835215569	2.05763602257	1.64471387863	2.50636816025	1.99962902069	2.25422096252	2.44438290596	2.43851613998	3.25993800163	2.19226098061	3.28318405151	3.10007309914	2.52895593643	1.77742695808	5.39802002907	2.30325984955	2.18675899506	1.48755192757	2.32501912117	4.33732795715	4.31768417358	2.84321904182	2.9894618988	2.00353598595	1.65559101105	1.5463180542	2.04634904861	2.18953800201	2.88831710815	1.2157099247	1.93662691116	2.29251098633	2.03699207306	4.31587314606	1.80465388298	2.00323915482	3.03251791	1.82589912415	4.00786590576	1.36283802986	4.4425599575	2.49118900299	2.49530100822	3.1440050602	3.32440090179	
['./treeMaker/main', '-t', '-r', '2', '-N']
3.44337105751	4.68706583977	3.73308587074	4.83105802536	5.41393494606	3.02677798271	3.08139491081	2.26021504402	3.4921169281	2.85628700256	3.1438999176	3.31033992767	3.4715321064	4.45120501518	3.24530005455	4.62110996246	4.49996399879	3.6873960495	2.38812708855	7.52866911888	3.34108519554	3.11236190796	1.99494600296	3.35128498077	6.12990498543	5.99360084534	4.02794194221	4.02769207954	3.12270712852	2.30721497536	2.34419703484	2.8179910183	3.10244989395	4.15186715126	1.59503698349	2.64766287804	3.09301710129	2.8885550499	5.98709797859	2.31310296059	3.04132008553	3.93521213531	2.49722504616	5.8411488533	1.89231681824	5.86462903023	3.44814705849	3.36948513985	4.42958688736	4.42421483994	
['./treeMaker/main', '-m']
0.0867319107056	0.108903884888	0.0863709449768	0.104665994644	0.114649057388	0.0829780101776	0.0838580131531	0.083603143692	0.0852060317993	0.0792961120605	0.0990059375763	0.0927901268005	0.0865058898926	0.0982849597931	0.0841898918152	0.120453834534	0.101095914841	0.0894680023193	0.073930978775	0.151917934418	0.0852391719818	0.0803232192993	0.0672299861908	0.0855159759521	0.119269132614	0.119513034821	0.0943682193756	0.0921640396118	0.082132101059	0.0717351436615	0.0708680152893	0.0802149772644	0.0835897922516	0.0999870300293	0.0672578811646	0.080374956131	0.08385181427	0.0834221839905	0.121361017227	0.0763540267944	0.0840179920197	0.112360954285	0.0733370780945	0.114197015762	0.0792849063873	0.123742103577	0.0891010761261	0.0879518985748	0.103615045547	0.10350394249	
['./treeMaker/main', '-m', '-b']
0.105407953262	0.107949018478	0.0932848453522	0.112205982208	0.124408960342	0.104495048523	0.0861988067627	0.0737268924713	0.0908150672913	0.0851747989655	0.0882189273834	0.106600999832	0.0969240665436	0.104866027832	0.0922110080719	0.127197980881	0.108808040619	0.0958960056305	0.076945066452	0.166182994843	0.0950870513916	0.0863029956818	0.0716800689697	0.0913212299347	0.133150100708	0.127707958221	0.113428115845	0.104201078415	0.0906529426575	0.0778000354767	0.08860206604	0.0829570293427	0.087259054184	0.101660966873	0.0767550468445	0.10161614418	0.0864388942719	0.0859889984131	0.125784158707	0.0782859325409	0.0907380580902	0.118861913681	0.0896689891815	0.127159833908	0.0715291500092	0.131725788116	0.0951590538025	0.0936090946198	0.110684871674	0.111673116684	
['./treeMaker/main', '-m', '-w', '1']
0.0877771377563	0.105362892151	0.0917680263519	0.121155023575	0.111769914627	0.0818159580231	0.0814809799194	0.0689079761505	0.0854370594025	0.0809290409088	0.0856418609619	0.0901420116425	0.090619802475	0.101282119751	0.0840020179749	0.118227958679	0.105215072632	0.0950269699097	0.0760178565979	0.134681940079	0.0881979465485	0.0830140113831	0.0692088603973	0.0884239673615	0.137567996979	0.11997795105	0.094025850296	0.097559928894	0.0928220748901	0.0746870040894	0.072282075882	0.0816760063171	0.083909034729	0.0951578617096	0.0743269920349	0.0798530578613	0.0836579799652	0.0830979347229	0.126690864563	0.0742831230164	0.0816369056702	0.0965549945831	0.0752987861633	0.11786198616	0.068018913269	0.122830152512	0.0886688232422	0.0878460407257	0.099730014801	0.100845098495	
['./treeMaker/main', '-m', '-w', '2']
0.0863289833069	0.102056026459	0.0886209011078	0.10556602478	0.11034488678	0.0817811489105	0.082022190094	0.0773630142212	0.0910530090332	0.0854640007019	0.0903830528259	0.095645904541	0.0919001102448	0.102777957916	0.0848150253296	0.10804104805	0.110891103745	0.105695009232	0.0750598907471	0.139607906342	0.0998318195343	0.0813970565796	0.0689721107483	0.0996301174164	0.126976966858	0.122574090958	0.112653017044	0.0976750850677	0.0912430286407	0.0750420093536	0.0749039649963	0.0858979225159	0.0878989696503	0.0997920036316	0.0670599937439	0.0837669372559	0.085116147995	0.0863990783691	0.122900009155	0.0904250144958	0.0816371440887	0.0972549915314	0.075847864151	0.116243124008	0.0680589675903	0.14025592804	0.092041015625	0.102530956268	0.107429027557	0.104507923126	
['./treeMaker/main', '-m', '-c', '1']
0.0878682136536	0.104089975357	0.0901618003845	0.108858108521	0.112672805786	0.0830609798431	0.08163189888	0.0693128108978	0.0856461524963	0.0790328979492	0.0863709449768	0.0904958248138	0.0904250144958	0.101472139359	0.0971269607544	0.103654146194	0.101799964905	0.0892739295959	0.0727410316467	0.133691072464	0.0875861644745	0.0834519863129	0.0698630809784	0.0905690193176	0.12479186058	0.124237060547	0.108448028564	0.106777906418	0.0842978954315	0.0736589431763	0.0714361667633	0.0799939632416	0.0840129852295	0.0947499275208	0.0599501132965	0.0779609680176	0.0811800956726	0.0934579372406	0.124928951263	0.0806291103363	0.085541009903	0.102024078369	0.0857379436493	0.116192102432	0.0670847892761	0.120790958405	0.0871028900146	0.0887207984924	0.102709054947	0.104436159134	
['./treeMaker/main', '-m', '-c', '2']
0.0867779254913	0.104929924011	0.0898430347443	0.107922077179	0.113461971283	0.0832879543304	0.0801939964294	0.0693471431732	0.0880908966064	0.0817921161652	0.085559129715	0.0902400016785	0.0899469852448	0.1018409729	0.0841569900513	0.107454061508	0.10564994812	0.0920028686523	0.0712189674377	0.132974863052	0.0855469703674	0.0809640884399	0.0673770904541	0.0941889286041	0.122220039368	0.12480711937	0.111479997635	0.107805013657	0.0832660198212	0.0723509788513	0.0725672245026	0.080050945282	0.0832490921021	0.0958428382874	0.0610468387604	0.0905649662018	0.0834181308746	0.0830299854279	0.129583835602	0.0740990638733	0.0815081596375	0.0966749191284	0.0735368728638	0.114324092865	0.0686659812927	0.135812044144	0.0865581035614	0.0857999324799	0.100079059601	0.0995900630951	
['./treeMaker/main', '-m', '-a', '1']
0.0915808677673	0.12109708786	0.0959060192108	0.111986160278	0.115726947784	0.0916049480438	0.0913078784943	0.0774750709534	0.096498966217	0.0929322242737	0.0919680595398	0.0959248542786	0.0990180969238	0.121094942093	0.100462913513	0.114322900772	0.109665155411	0.0993218421936	0.0931439399719	0.152467012405	0.10940694809	0.0869958400726	0.0752258300781	0.0984370708466	0.132008075714	0.133106946945	0.102033138275	0.104717969894	0.0931770801544	0.0819070339203	0.0837619304657	0.0984101295471	0.0933840274811	0.101452112198	0.0677762031555	0.0989799499512	0.0896961688995	0.0911858081818	0.126575946808	0.0833790302277	0.0916879177094	0.118440151215	0.0807540416718	0.120218038559	0.0742340087891	0.130126953125	0.109670877457	0.0911509990692	0.106919050217	0.106132030487	
['./treeMaker/main', '-m', '-a', '2']
0.0850539207458	0.113111972809	0.0898380279541	0.112646102905	0.116518974304	0.0846569538116	0.0856249332428	0.0709049701691	0.0884470939636	0.0836980342865	0.0871119499207	0.100780963898	0.0932750701904	0.105630159378	0.094850063324	0.106441020966	0.118748903275	0.0918340682983	0.0743970870972	0.150729894638	0.100672006607	0.0859708786011	0.0700099468231	0.0892250537872	0.12330198288	0.120874881744	0.0973510742188	0.0919189453125	0.0869181156158	0.0738110542297	0.0746808052063	0.0899810791016	0.0852909088135	0.0964050292969	0.0631968975067	0.0938458442688	0.0802450180054	0.0852801799774	0.121162891388	0.0759389400482	0.0839741230011	0.0980310440063	0.0788900852203	0.116492986679	0.0684599876404	0.124457120895	0.0897459983826	0.086982011795	0.102908849716	0.10133600235	
