25_1000_2.7e-10_2.7e-10_470000000
25
1000
2.7e-10
2.7e-10
470000000

['./treeMaker/main']
0.15586400032	0.154258012772	0.262797117233	0.152269124985	0.226831912994	0.170907020569	0.188266038895	0.134169101715	0.278542995453	0.290592908859	0.102146863937	0.111308097839	0.18091583252	0.175611019135	0.394610881805	0.0870599746704	0.156718015671	0.465978860855	0.157245159149	0.139791965485	0.144826173782	0.131501197815	0.163218021393	0.186249017715	0.1812479496	0.198249101639	0.168893098831	0.14724612236	0.205033063889	0.246555089951	0.380510091782	0.144119977951	0.0952990055084	0.0913200378418	0.204567193985	0.102246046066	0.178029060364	0.157690048218	0.166549921036	0.0916621685028	0.19327712059	0.117974996567	0.132219076157	0.161037921906	0.153244018555	0.191115856171	0.207172870636	0.21672296524	0.102777004242	0.223524093628	
['./treeMaker/main', '-b']
0.142986059189	0.161233901978	0.266034841537	0.157287836075	0.216612100601	0.18927693367	0.190605163574	0.142762184143	0.306692123413	0.295225143433	0.106489181519	0.11316204071	0.183076143265	0.185554027557	0.409162998199	0.0929529666901	0.143890142441	0.433363199234	0.145061969757	0.131685972214	0.128814935684	0.137359142303	0.171758890152	0.194780111313	0.195524930954	0.189330101013	0.182255029678	0.143114805222	0.220798969269	0.23415017128	0.377238988876	0.150132894516	0.0973179340363	0.0925421714783	0.198087930679	0.101944923401	0.187575101852	0.162624120712	0.165874004364	0.091315984726	0.201678037643	0.118813991547	0.129386901855	0.168544054031	0.166531801224	0.209846019745	0.208116054535	0.235096931458	0.108678817749	0.231638908386	
['./treeMaker/main', '-u']
0.161734104156	0.170735120773	0.264837026596	0.158446073532	0.212251186371	0.178529977798	0.202372074127	0.155311107635	0.295094013214	0.298367977142	0.105642080307	0.116258144379	0.181566953659	0.196388959885	0.408854961395	0.0902240276337	0.139902830124	0.421656847	0.162365913391	0.132750034332	0.132597923279	0.133647918701	0.171224117279	0.180114030838	0.176085948944	0.189517021179	0.200119972229	0.160605192184	0.215873003006	0.234801054001	0.384712934494	0.143539905548	0.108129024506	0.100509166718	0.195204019547	0.101601839066	0.188081979752	0.159873008728	0.166226863861	0.0907289981842	0.200951099396	0.108453035355	0.134047031403	0.165891170502	0.15198802948	0.197243928909	0.187473058701	0.228810071945	0.105309009552	0.22633099556	
['./treeMaker/main', '-t', '-r', '1']
1.14151406288	1.2226600647	1.75887703896	1.13825297356	1.50148487091	1.36813998222	1.42774391174	1.06549596786	1.92020702362	1.93299102783	0.856145143509	0.927865028381	1.30559682846	1.33017492294	2.14267992973	0.744807958603	1.11574101448	2.3721601963	1.13214492798	1.05175018311	1.11076807976	1.06852698326	1.23787784576	1.36859202385	1.39781689644	1.34313082695	1.31351399422	1.10982894897	1.54098892212	1.63646697998	2.10986208916	1.0760011673	0.800920009613	0.730844974518	1.42887806892	0.825456857681	1.38335704803	1.26205801964	1.18086004257	0.738346099854	1.40434718132	0.873336076736	1.09172105789	1.28330612183	1.21715188026	1.42986106873	1.36985301971	1.516466856	0.844079017639	1.57484197617	
['./treeMaker/main', '-t', '-r', '2']
1.71702218056	1.82436513901	2.4052529335	1.66859316826	2.37391495705	2.01679086685	2.06943416595	1.72971701622	2.8586909771	2.83966994286	1.2143239975	1.37337684631	1.98088717461	2.03036904335	3.4002058506	1.09472990036	1.82496213913	3.62575984001	1.65197396278	1.50248408318	1.45318007469	1.52745699883	1.95132994652	2.12350678444	1.91472291946	2.03940105438	1.9555580616	1.66199922562	2.22446990013	2.38409686089	3.25119996071	1.55761885643	1.12039804459	1.03137302399	2.15747499466	1.30124092102	2.03545379639	1.80260300636	1.72648692131	1.10923910141	2.09841299057	1.22161197662	1.5390381813	1.80211186409	1.78277993202	2.15591192245	2.04377007484	2.39607000351	1.24815797806	2.39221000671	
['./treeMaker/main', '-t', '-r', '1', '-N']
1.11413908005	1.18949198723	1.67955899239	1.15726709366	1.53071784973	1.32314801216	1.43909907341	1.07313704491	1.94444298744	1.94826698303	0.840065002441	0.901703119278	1.33171987534	1.32878112793	2.1200299263	0.720350980759	1.10260081291	2.370418787	1.13734006882	1.09071183205	1.07404589653	1.08521699905	1.28410506248	1.37170100212	1.36851119995	1.35257983208	1.25529098511	1.16026592255	1.48867106438	1.60801792145	2.13896512985	1.09677505493	0.79340004921	0.772985935211	1.4774107933	0.822772026062	1.39157700539	1.28329491615	1.15656995773	0.772165775299	1.45463490486	0.876695871353	1.04349184036	1.30259490013	1.21545314789	1.417345047	1.39308309555	1.5211648941	0.820033073425	1.53835296631	
['./treeMaker/main', '-t', '-r', '2', '-N']
1.67082905769	1.81118798256	2.44235897064	1.73816919327	2.37389707565	1.99019503593	2.1237411499	1.68534302711	2.80218601227	2.82129597664	1.21900200844	1.4310400486	2.04230809212	1.99031496048	3.46955180168	1.08718895912	1.74707221985	3.56804203987	1.66267609596	1.48801898956	1.51726388931	1.52924799919	1.91324186325	2.09858894348	1.91051793098	2.09791588783	1.9265639782	1.68669009209	2.22437810898	2.35246396065	3.22844481468	1.57782196999	1.1338160038	1.03100299835	2.23891091347	1.27809286118	2.0344619751	1.81253409386	1.77548789978	1.12200093269	2.08172607422	1.22315096855	1.55882096291	1.83508300781	1.79619312286	2.11682510376	2.04445409775	2.34159088135	1.25774717331	2.38128805161	
['./treeMaker/main', '-m']
0.0639247894287	0.0650060176849	0.0760889053345	0.0644581317902	0.0744228363037	0.067920923233	0.071270942688	0.065673828125	0.0818040370941	0.0803320407867	0.0599100589752	0.0596539974213	0.0684051513672	0.0702738761902	0.0888240337372	0.0532999038696	0.0648641586304	0.0963308811188	0.0639967918396	0.0648949146271	0.0641350746155	0.0615749359131	0.0790960788727	0.0716369152069	0.079687833786	0.0705680847168	0.0675458908081	0.0663771629333	0.0758769512177	0.0759510993958	0.08957695961	0.0742948055267	0.0565319061279	0.0544469356537	0.0718760490417	0.072028875351	0.073921918869	0.0674459934235	0.0645008087158	0.0546119213104	0.0690269470215	0.0569269657135	0.0612690448761	0.0653040409088	0.0790040493011	0.072313785553	0.0731039047241	0.0799808502197	0.0581970214844	0.0769050121307	
['./treeMaker/main', '-m', '-b']
0.0684340000153	0.070188999176	0.0823431015015	0.0802280902863	0.093868970871	0.068943977356	0.0715961456299	0.065936088562	0.0830850601196	0.0803079605103	0.0584480762482	0.0606219768524	0.0831859111786	0.0720570087433	0.0944910049438	0.0544800758362	0.066929101944	0.0961768627167	0.0655288696289	0.0626730918884	0.0615861415863	0.0665731430054	0.0728259086609	0.0739040374756	0.068167924881	0.0724220275879	0.0681700706482	0.0660531520844	0.079626083374	0.0783441066742	0.106384038925	0.0657398700714	0.0588979721069	0.0575549602509	0.0764799118042	0.0595319271088	0.073205947876	0.0689058303833	0.0667610168457	0.0565819740295	0.0723040103912	0.0624761581421	0.0653669834137	0.0695312023163	0.0715560913086	0.0875010490417	0.0783832073212	0.0854830741882	0.0621180534363	0.0839190483093	
['./treeMaker/main', '-m', '-w', '1']
0.0671100616455	0.0725200176239	0.0799829959869	0.0649960041046	0.0786828994751	0.0806300640106	0.071044921875	0.064651966095	0.0801498889923	0.078761100769	0.0579290390015	0.060341835022	0.0716979503632	0.0708999633789	0.0925779342651	0.0549159049988	0.0770001411438	0.110880851746	0.0641720294952	0.0617079734802	0.0677149295807	0.0640599727631	0.0667300224304	0.0704050064087	0.0673470497131	0.0713429450989	0.0789878368378	0.0626847743988	0.0723311901093	0.0739750862122	0.0878839492798	0.0623230934143	0.0552649497986	0.0550348758698	0.072615146637	0.0602648258209	0.0713889598846	0.0711448192596	0.065544128418	0.0561068058014	0.070543050766	0.0569829940796	0.0618848800659	0.0656700134277	0.0657620429993	0.0708968639374	0.0803389549255	0.0830550193787	0.0601518154144	0.0799930095673	
['./treeMaker/main', '-m', '-w', '2']
0.0674719810486	0.0653989315033	0.0768320560455	0.0655040740967	0.076544046402	0.0688879489899	0.0708711147308	0.0647170543671	0.0837910175323	0.0796551704407	0.0586800575256	0.0626170635223	0.069787979126	0.0736708641052	0.0922360420227	0.0584578514099	0.066969871521	0.0905079841614	0.0680861473083	0.0627648830414	0.0608789920807	0.063038110733	0.0755751132965	0.0686631202698	0.0663750171661	0.0697739124298	0.0787079334259	0.064346075058	0.0745680332184	0.0749399662018	0.09654712677	0.0681269168854	0.0592150688171	0.0573899745941	0.074657201767	0.0619330406189	0.0746970176697	0.0731251239777	0.0668280124664	0.0580689907074	0.0713419914246	0.0623619556427	0.0669891834259	0.0822761058807	0.0664479732513	0.0716171264648	0.0721130371094	0.0792350769043	0.0575840473175	0.0756530761719	
['./treeMaker/main', '-m', '-c', '1']
0.0640048980713	0.0635840892792	0.0752620697021	0.0635759830475	0.0740129947662	0.0669960975647	0.0816640853882	0.0658271312714	0.0797538757324	0.0784060955048	0.0574729442596	0.0595750808716	0.0695400238037	0.0680201053619	0.0887050628662	0.0589160919189	0.0704100131989	0.0903041362762	0.0628941059113	0.0608868598938	0.0608298778534	0.0607259273529	0.0658478736877	0.0725998878479	0.0677769184113	0.0701479911804	0.0650579929352	0.0661840438843	0.0737659931183	0.0741360187531	0.0894229412079	0.0638408660889	0.0564839839935	0.0544199943542	0.0699679851532	0.0592551231384	0.0699689388275	0.0757188796997	0.0623750686646	0.0538189411163	0.0793750286102	0.0588719844818	0.0641839504242	0.0639939308167	0.0639579296112	0.0691568851471	0.0731620788574	0.0782129764557	0.0567469596863	0.0750830173492	
['./treeMaker/main', '-m', '-c', '2']
0.0649590492249	0.0667459964752	0.0769600868225	0.0658490657806	0.0917720794678	0.0680780410767	0.0680439472198	0.0631959438324	0.0813479423523	0.0782108306885	0.0568680763245	0.0585989952087	0.0675020217896	0.0691268444061	0.0908830165863	0.0538058280945	0.0652151107788	0.0920510292053	0.0638430118561	0.0606231689453	0.059387922287	0.0618119239807	0.0816490650177	0.0731830596924	0.0692141056061	0.0725438594818	0.067684173584	0.0627589225769	0.0769729614258	0.0757989883423	0.0895798206329	0.0637700557709	0.0550339221954	0.0542938709259	0.071448802948	0.0574610233307	0.069904088974	0.0658288002014	0.0641269683838	0.0534811019897	0.0681059360504	0.0560970306396	0.0602920055389	0.0755929946899	0.0648729801178	0.0832419395447	0.0694279670715	0.0789489746094	0.0568768978119	0.0756890773773	
['./treeMaker/main', '-m', '-a', '1']
0.0736570358276	0.0753440856934	0.0993888378143	0.0763101577759	0.0873508453369	0.076101064682	0.0801541805267	0.0757420063019	0.0898339748383	0.0882670879364	0.0705230236053	0.0824739933014	0.0751008987427	0.0789330005646	0.100156068802	0.0644419193268	0.0760250091553	0.0986258983612	0.0847818851471	0.0710711479187	0.0676410198212	0.0710229873657	0.074609041214	0.0783469676971	0.073606967926	0.0786879062653	0.074805021286	0.0739321708679	0.0832409858704	0.0801959037781	0.100082159042	0.083811044693	0.0761780738831	0.0703461170197	0.0808951854706	0.0680460929871	0.0881299972534	0.0793070793152	0.0754809379578	0.0658659934998	0.0895230770111	0.0664768218994	0.0704581737518	0.0734288692474	0.0860419273376	0.0787990093231	0.082701921463	0.0888888835907	0.0664830207825	0.0859200954437	
['./treeMaker/main', '-m', '-a', '2']
0.0656740665436	0.0645589828491	0.0872828960419	0.0656480789185	0.0761799812317	0.0684461593628	0.0703029632568	0.0644869804382	0.0799028873444	0.0766050815582	0.0575308799744	0.060891866684	0.0686070919037	0.0675659179688	0.0885710716248	0.0530481338501	0.0642869472504	0.102187871933	0.0649011135101	0.0721800327301	0.0637128353119	0.0672290325165	0.0715639591217	0.0743041038513	0.0674657821655	0.0715079307556	0.0656569004059	0.0663459300995	0.0736768245697	0.0743670463562	0.0879788398743	0.0627920627594	0.0548920631409	0.0572850704193	0.0736320018768	0.0592739582062	0.072074174881	0.0648849010468	0.0633900165558	0.0545010566711	0.0802929401398	0.0569579601288	0.0676231384277	0.0640218257904	0.0689949989319	0.0768010616302	0.0720047950745	0.0818169116974	0.0728631019592	0.074079990387	
