25_1000_4.9e-10_4.9e-10_470000000_cut_5
25
1000
4.9e-10
4.9e-10
470000000
cut_5
['./treeMaker/main']
0.0932438373566	0.207242012024	0.211238145828	0.114292144775	0.141200780869	0.111019849777	0.144611120224	0.170496940613	0.153510093689	0.126404047012	0.129813909531	0.147792100906	0.126991987228	0.128906965256	0.110126972198	0.105621099472	0.19641494751	0.374958992004	0.137835025787	0.10556602478	0.122550964355	0.109919071198	0.164347171783	0.247467041016	0.247611999512	0.102852106094	0.185302972794	0.12101984024	0.0881590843201	0.0870180130005	0.335743904114	0.153173208237	1.31724286079	0.131027936935	0.0487051010132	0.199681997299	0.155483007431	0.117548942566	0.0972890853882	0.278032064438	0.1020860672	0.181480884552	0.943078994751	0.0983130931854	0.187077999115	0.116626977921	0.0376460552216	0.0871469974518	0.0880408287048	0.519406080246	
['./treeMaker/main', '-b']
0.0984120368958	0.206249952316	0.230861186981	0.115308046341	0.13752412796	0.10799908638	0.144059181213	0.17659497261	0.155487775803	0.128628969193	0.147233963013	0.146526813507	0.13615489006	0.144788980484	0.110318899155	0.0958528518677	0.196893930435	0.405385017395	0.139971017838	0.113778114319	0.119568824768	0.109628915787	0.164066791534	0.230833053589	0.242009878159	0.10261797905	0.189688920975	0.127347946167	0.0914671421051	0.0903871059418	0.379388093948	0.152371883392	1.25706982613	0.133816957474	0.0499360561371	0.204008102417	0.145404100418	0.117454051971	0.0972130298615	0.286159038544	0.101406812668	0.193424940109	0.954591989517	0.124213933945	0.188751935959	0.118810892105	0.0526449680328	0.0868079662323	0.087739944458	0.515547037125	
['./treeMaker/main', '-u']
0.0961349010468	0.198115110397	0.230720996857	0.110844135284	0.154565095901	0.106991052628	0.142163991928	0.163598060608	0.169201850891	0.130628108978	0.130796909332	0.145364999771	0.132037878036	0.128385066986	0.106873035431	0.0928540229797	0.202224969864	0.40497303009	0.132611989975	0.103244066238	0.119111061096	0.108384847641	0.175956964493	0.238749027252	0.237591981888	0.102072000504	0.171418905258	0.133722782135	0.0895102024078	0.0898571014404	0.360857009888	0.149039983749	1.27654504776	0.137512922287	0.0513870716095	0.209310054779	0.139844894409	0.118126869202	0.0947880744934	0.276427984238	0.116794109344	0.190559864044	1.04008412361	0.0983290672302	0.187549829483	0.117455005646	0.0521659851074	0.0866641998291	0.0876090526581	0.546044826508	
['./treeMaker/main', '-t', '-r', '1']
0.958143949509	1.66810107231	1.64567899704	1.02936887741	1.30885410309	1.07773184776	1.31540799141	1.50994992256	1.36110115051	1.26920390129	1.21830606461	1.26750898361	1.21767878532	1.19360208511	1.01835608482	0.91831278801	1.55393695831	2.3325881958	1.19810199738	0.949300050735	1.12085008621	1.02482700348	1.41853404045	1.68489909172	1.79980993271	0.964884996414	1.55909991264	1.20732593536	0.903714179993	0.889438152313	2.30197405815	1.35232806206	4.7954659462	1.18063092232	0.550352096558	1.74108314514	1.30702590942	1.10695719719	0.920117855072	1.92679786682	1.0036110878	1.57431983948	3.76276493073	0.940065145493	1.64371085167	1.07419681549	0.408296823502	0.933885097504	0.837814092636	2.70561099052	
['./treeMaker/main', '-t', '-r', '2']
1.40708494186	2.58610486984	2.56622004509	1.65874409676	1.89390301704	1.66112685204	1.92343306541	2.20657491684	2.31505489349	1.85971999168	1.96575713158	2.02024912834	1.94125509262	1.93738389015	1.52867817879	1.46992897987	2.44027900696	4.02106595039	1.99861598015	1.60363888741	1.74443602562	1.94306492805	2.13590097427	2.80805301666	2.82918381691	1.64931797981	2.26912903786	1.8425180912	1.39594197273	1.39455103874	3.72807097435	2.05978107452	7.00674700737	1.87202095985	0.817178964615	2.68885493279	2.05574202538	1.79699492455	1.47722506523	3.0839600563	1.61816692352	2.65755200386	6.11631894112	1.46407389641	2.54436302185	1.6728219986	0.612284898758	1.37131285667	1.37758898735	4.58409500122	
['./treeMaker/main', '-t', '-r', '1', '-N']
0.909884929657	1.64024305344	1.62895989418	1.02573800087	1.2596821785	1.07636809349	1.31814002991	1.53049397469	1.34168195724	1.24747800827	1.18179893494	1.21882081032	1.21709489822	1.18037199974	1.06942605972	0.936194896698	1.62950015068	2.2985200882	1.16645717621	0.993116855621	1.16143107414	1.02785086632	1.4063539505	1.72666192055	1.73368000984	0.967056035995	1.48664402962	1.15564489365	0.911503791809	0.884274959564	2.28214907646	1.3641500473	4.79938292503	1.20333003998	0.505707025528	1.73132491112	1.26297998428	1.11812090874	0.931601047516	1.88532400131	1.01017189026	1.49184608459	3.72942399979	0.955803155899	1.62788891792	1.10461711884	0.383727073669	0.925802946091	0.875500917435	2.64353585243	
['./treeMaker/main', '-t', '-r', '2', '-N']
1.44434094429	2.52738595009	2.63401603699	1.64839291573	1.87338805199	1.64937996864	1.90317606926	2.23333001137	2.28129506111	1.81735110283	2.05261993408	1.99972891808	2.0312461853	1.9542388916	1.55905199051	1.42802882195	2.37338209152	3.84942412376	1.938808918	1.59785795212	1.76920700073	1.91687512398	2.17082500458	2.81001901627	2.77024793625	1.65702700615	2.18179607391	1.88883519173	1.37468004227	1.38043308258	3.57149815559	2.10012102127	6.93914604187	1.80430006981	0.838407993317	2.65215396881	2.12668299675	1.76719713211	1.49898004532	3.04317903519	1.63319897652	2.6577398777	6.15455007553	1.47646903992	2.47864103317	1.70208907127	0.616294145584	1.37677598	1.39411497116	4.64392709732	
['./treeMaker/main', '-m']
0.0481510162354	0.0708739757538	0.0620758533478	0.0595149993896	0.0548620223999	0.0475800037384	0.0559778213501	0.0594761371613	0.0683751106262	0.0512130260468	0.0530960559845	0.061506986618	0.0531330108643	0.0525698661804	0.0481672286987	0.0455107688904	0.0620729923248	0.0802409648895	0.0525949001312	0.0464260578156	0.0501430034637	0.0483319759369	0.0559251308441	0.0678689479828	0.0689730644226	0.0479929447174	0.0574669837952	0.0513939857483	0.0434679985046	0.0445289611816	0.0749151706696	0.055312871933	0.136209011078	0.0507390499115	0.0314500331879	0.0617349147797	0.0505211353302	0.0496220588684	0.0429859161377	0.0675339698792	0.0445399284363	0.0586709976196	0.107365846634	0.042594909668	0.0549709796906	0.0454771518707	0.0255918502808	0.0512471199036	0.0416400432587	0.0889921188354	
['./treeMaker/main', '-m', '-b']
0.0472660064697	0.0655469894409	0.0785188674927	0.0495269298553	0.0551080703735	0.047553062439	0.0549478530884	0.058779001236	0.058825969696	0.0508379936218	0.0579550266266	0.0521860122681	0.0517659187317	0.0505568981171	0.0471701622009	0.0486061573029	0.0745549201965	0.0964930057526	0.0560698509216	0.0491499900818	0.0547518730164	0.0512759685516	0.0602779388428	0.0747880935669	0.0733330249786	0.0501320362091	0.061751127243	0.0534958839417	0.0457499027252	0.0455288887024	0.0810480117798	0.0580317974091	0.124772071838	0.0514469146729	0.0314249992371	0.063353061676	0.0532619953156	0.0601081848145	0.04430103302	0.0703451633453	0.0462379455566	0.0621471405029	0.118489027023	0.0468380451202	0.0603959560394	0.0495331287384	0.036828994751	0.0434770584106	0.047826051712	0.0947759151459	
['./treeMaker/main', '-m', '-w', '1']
0.0453519821167	0.0617640018463	0.0614950656891	0.0477130413055	0.0530710220337	0.0473020076752	0.0536501407623	0.0563669204712	0.0556800365448	0.0476999282837	0.0509419441223	0.0522010326385	0.0499827861786	0.0508189201355	0.0480811595917	0.0452060699463	0.0584290027618	0.0798840522766	0.0532310009003	0.048054933548	0.0509119033813	0.0504758358002	0.0584599971771	0.066880941391	0.0673861503601	0.0478320121765	0.0580749511719	0.0493931770325	0.0435872077942	0.0439651012421	0.0869870185852	0.0505840778351	0.115966796875	0.0489211082458	0.0310008525848	0.0597159862518	0.0506491661072	0.0467898845673	0.0418910980225	0.0659699440002	0.0436580181122	0.0570549964905	0.120193958282	0.0443120002747	0.0690069198608	0.0461280345917	0.0261080265045	0.0528151988983	0.047789812088	0.0954840183258	
['./treeMaker/main', '-m', '-w', '2']
0.0465362071991	0.0647809505463	0.0769197940826	0.0470609664917	0.0525178909302	0.0453679561615	0.0523800849915	0.0558309555054	0.0558230876923	0.0484941005707	0.050498008728	0.0515959262848	0.0508608818054	0.0499498844147	0.0467591285706	0.0432801246643	0.0581231117249	0.0806858539581	0.0513980388641	0.0441901683807	0.0475900173187	0.046236038208	0.0540030002594	0.0638110637665	0.0645320415497	0.0438919067383	0.0549800395966	0.0482108592987	0.0406539440155	0.0472779273987	0.0744860172272	0.0551428794861	0.121895074844	0.0557940006256	0.031909942627	0.0645060539246	0.0504970550537	0.0470979213715	0.0422270298004	0.0663540363312	0.0437159538269	0.0575420856476	0.121927976608	0.0452980995178	0.0573029518127	0.0478551387787	0.026309967041	0.0413808822632	0.0427448749542	0.0857179164886	
['./treeMaker/main', '-m', '-c', '1']
0.0473029613495	0.0603818893433	0.0625100135803	0.0470011234283	0.0517389774323	0.0449130535126	0.051717042923	0.0554540157318	0.0549941062927	0.0478019714355	0.0503549575806	0.0511238574982	0.0503311157227	0.0496799945831	0.0460290908813	0.0428831577301	0.0597989559174	0.0819919109344	0.0505709648132	0.0578238964081	0.0500068664551	0.0490391254425	0.0548160076141	0.0658850669861	0.0653848648071	0.0467610359192	0.0563797950745	0.0493361949921	0.043154001236	0.0425481796265	0.074481010437	0.0521399974823	0.116492986679	0.0494730472565	0.0427300930023	0.0643119812012	0.0537149906158	0.0493609905243	0.0480570793152	0.0696089267731	0.048388004303	0.0614190101624	0.118402957916	0.0425879955292	0.0549819469452	0.0453369617462	0.0254280567169	0.0388998985291	0.04065990448	0.0876410007477	
['./treeMaker/main', '-m', '-c', '2']
0.04261302948	0.0745248794556	0.075737953186	0.0505890846252	0.0560460090637	0.0519001483917	0.0551819801331	0.0576550960541	0.0603950023651	0.0518817901611	0.0513098239899	0.0543301105499	0.0537691116333	0.0511329174042	0.0475471019745	0.0463118553162	0.0584800243378	0.079794883728	0.0515949726105	0.0446000099182	0.0477528572083	0.0464282035828	0.0539131164551	0.0771532058716	0.0699059963226	0.0423741340637	0.0541479587555	0.0471410751343	0.0399360656738	0.0416941642761	0.0710198879242	0.0514240264893	0.115549087524	0.0485460758209	0.0299830436707	0.0595610141754	0.0500819683075	0.0457770824432	0.0414669513702	0.06498503685	0.0564877986908	0.0582478046417	0.10448884964	0.043163061142	0.0673799514771	0.0465500354767	0.0275580883026	0.0390090942383	0.0407540798187	0.0854570865631	
['./treeMaker/main', '-m', '-a', '1']
0.0458009243011	0.0692439079285	0.0668301582336	0.0534808635712	0.0611629486084	0.050372838974	0.0581760406494	0.0587940216064	0.0584919452667	0.0506529808044	0.0532360076904	0.0532388687134	0.052729845047	0.0519461631775	0.0484189987183	0.0568819046021	0.0763280391693	0.084949016571	0.0556330680847	0.0501010417938	0.0525109767914	0.0516378879547	0.0706429481506	0.0708389282227	0.0705599784851	0.0492250919342	0.061901807785	0.0554139614105	0.0464549064636	0.0475270748138	0.0779139995575	0.0579562187195	0.127948999405	0.0539810657501	0.0344021320343	0.0654621124268	0.0535979270935	0.0496451854706	0.0448668003082	0.0740871429443	0.0508069992065	0.0662569999695	0.116532087326	0.0514738559723	0.0641241073608	0.0536258220673	0.0337190628052	0.0460131168365	0.0505270957947	0.0952458381653	
['./treeMaker/main', '-m', '-a', '2']
0.0441610813141	0.0626080036163	0.0767600536346	0.0471229553223	0.0518450737	0.0451800823212	0.0522451400757	0.0556950569153	0.0556769371033	0.0489690303802	0.0497040748596	0.0525510311127	0.0591218471527	0.0516159534454	0.0482811927795	0.043016910553	0.0583429336548	0.0810360908508	0.0529069900513	0.0469529628754	0.0507071018219	0.0483720302582	0.0603139400482	0.0681347846985	0.0670390129089	0.047210931778	0.0574488639832	0.0503590106964	0.0432889461517	0.0441069602966	0.0743401050568	0.0540981292725	0.134474039078	0.0523109436035	0.0345070362091	0.0613420009613	0.050518989563	0.0473520755768	0.0422468185425	0.0658121109009	0.0442769527435	0.0576269626617	0.10675406456	0.0440969467163	0.0562989711761	0.0455451011658	0.025780916214	0.0395359992981	0.0404460430145	0.0976660251617	
