25_1000_4.9e-10_4.9e-10_470000000_cut_4
25
1000
4.9e-10
4.9e-10
470000000
cut_4
['./treeMaker/main']
0.0990719795227	0.224994897842	0.222093105316	0.117506980896	0.157910108566	0.117778778076	0.148279905319	0.164775133133	0.160826921463	0.132208824158	0.135315179825	0.157291173935	0.133704900742	0.135439872742	0.114372968674	0.0991230010986	0.186013936996	0.402520179749	0.144098997116	0.107114076614	0.130083084106	0.100489854813	0.163291931152	0.242207050323	0.234264135361	0.116221904755	0.188328027725	0.137029886246	0.089704990387	0.0910511016846	0.366657972336	0.15611410141	1.36874103546	0.139365911484	0.0516078472137	0.192845106125	0.139883995056	0.117466211319	0.0963890552521	0.287824869156	0.102243900299	0.181329965591	0.988111019135	0.101213216782	0.177680969238	0.115972995758	0.0508379936218	0.0893828868866	0.0819380283356	0.509215116501	
['./treeMaker/main', '-b']
0.095831155777	0.216583013535	0.239090919495	0.118227005005	0.145606040955	0.119102954865	0.147213935852	0.173362016678	0.17978310585	0.133253097534	0.136878013611	0.14962220192	0.151436090469	0.136283874512	0.116614103317	0.0991959571838	0.208988904953	0.42174911499	0.145174980164	0.10717010498	0.12637090683	0.100498914719	0.170055866241	0.266638994217	0.246088027954	0.102708816528	0.183329820633	0.140928983688	0.0928089618683	0.0934250354767	0.343344926834	0.175604104996	1.33819890022	0.141350984573	0.0529508590698	0.195042133331	0.142098903656	0.119870901108	0.0978322029114	0.293519020081	0.104400873184	0.191605091095	1.00280380249	0.103184938431	0.181208133698	0.118404865265	0.0392379760742	0.091089963913	0.0838088989258	0.5105509758	
['./treeMaker/main', '-u']
0.0935909748077	0.206645965576	0.235023975372	0.111681938171	0.148749113083	0.114719867706	0.144886016846	0.165235996246	0.169281005859	0.136770009995	0.150700092316	0.145565986633	0.154824972153	0.135362148285	0.111660003662	0.0993330478668	0.208445072174	0.404229879379	0.137681007385	0.10728597641	0.125771045685	0.101258039474	0.16134595871	0.260184049606	0.226902008057	0.105132102966	0.174221992493	0.136560201645	0.0910329818726	0.102286100388	0.355288982391	0.164839982986	1.37500882149	0.148809194565	0.0540728569031	0.201362133026	0.139675140381	0.118374109268	0.0969839096069	0.287938117981	0.103621959686	0.188455104828	0.995705127716	0.102432966232	0.178650856018	0.116152048111	0.0421149730682	0.0957069396973	0.087620973587	0.546638965607	
['./treeMaker/main', '-t', '-r', '1']
0.960742950439	1.77681207657	1.71090006828	1.10086202621	1.29014587402	1.07687497139	1.37101602554	1.5336971283	1.39871191978	1.30854701996	1.2482380867	1.32425808907	1.27766799927	1.22888588905	1.11858510971	1.04573893547	1.66852688789	2.38786220551	1.20517683029	1.03719305992	1.18762898445	1.02295589447	1.46780800819	1.97076010704	1.84853887558	1.01553702354	1.66778993607	1.30119204521	0.948795080185	0.922394990921	2.40095591545	1.42782497406	4.97231292725	1.26347303391	0.544177055359	1.72049713135	1.35784316063	1.21502804756	1.01099610329	2.02657103539	1.0368001461	1.60830903053	3.86743211746	1.01142311096	1.6867711544	1.14448189735	0.399410963058	0.967952013016	0.872587919235	2.86717605591	
['./treeMaker/main', '-t', '-r', '2']
1.45774197578	2.65339803696	2.71981811523	1.75526785851	1.95557785034	1.73457312584	1.99315595627	2.2383480072	2.18699002266	1.92171788216	2.05332016945	2.09617996216	2.15426111221	1.89731216431	1.68520593643	1.49659585953	2.4799990654	3.92032504082	2.0397439003	1.63264298439	1.820936203	1.67125415802	2.07746005058	2.91218900681	2.87611889839	1.71069788933	2.32208180428	1.97063088417	1.34725499153	1.4606449604	3.58946609497	2.11852812767	6.84165906906	1.92590403557	0.881237983704	2.56754016876	2.02971601486	1.8096768856	1.50974798203	3.0959880352	1.68321990967	2.61848402023	6.0673828125	1.47083091736	2.45081496239	1.64800286293	0.610648155212	1.44148302078	1.3234539032	4.51973605156	
['./treeMaker/main', '-t', '-r', '1', '-N']
0.971270084381	1.71037101746	1.65245699883	1.07623505592	1.36552405357	1.12409996986	1.3740940094	1.58300590515	1.41060686111	1.24774003029	1.31504201889	1.32598805428	1.28502488136	1.23112821579	1.13479590416	1.04262709618	1.66518902779	2.36348199844	1.24257707596	1.02351498604	1.18931603432	1.05486798286	1.47266197205	2.04318809509	1.79852795601	0.989469051361	1.55491399765	1.22996616364	0.905074119568	0.95133805275	2.40326786041	1.42825603485	4.89524483681	1.25848603249	0.545368909836	1.70776391029	1.33450007439	1.18156599998	1.01790809631	2.03490114212	1.06446886063	1.59279584885	3.8376121521	1.04061102867	1.69979095459	1.17458486557	0.43442606926	0.98220705986	0.872481822968	2.88763093948	
['./treeMaker/main', '-t', '-r', '2', '-N']
1.43629097939	2.66206002235	2.70057415962	1.7195649147	2.07406401634	1.74649715424	1.98332500458	2.18521404266	2.21160793304	1.86915898323	2.0803809166	2.02739596367	2.06475496292	1.96088814735	1.64536881447	1.57031297684	2.40704202652	3.97701096535	2.03522610664	1.6506061554	1.83193588257	1.62879514694	2.16659498215	2.85893797874	2.80085802078	1.72372913361	2.3368999958	1.91596913338	1.42998409271	1.43712377548	3.49687600136	2.21193599701	6.9522819519	1.91296601295	0.922218084335	2.65409588814	2.0322060585	1.76427817345	1.5280418396	3.06418800354	1.72846102715	2.76168394089	6.30485391617	1.4638030529	2.46642804146	1.64755296707	0.610857009888	1.45428299904	1.34824800491	4.71596002579	
['./treeMaker/main', '-m']
0.0523800849915	0.0619900226593	0.0636501312256	0.0470409393311	0.052698135376	0.046168088913	0.0526330471039	0.0585949420929	0.0611460208893	0.0518660545349	0.0547578334808	0.0539500713348	0.0547449588776	0.0510241985321	0.0485899448395	0.0469229221344	0.0618600845337	0.0836679935455	0.0544149875641	0.0491688251495	0.0511150360107	0.0474290847778	0.0564091205597	0.0664989948273	0.0636959075928	0.045560836792	0.0586519241333	0.0529899597168	0.0442180633545	0.0415449142456	0.083918094635	0.0533559322357	0.117145061493	0.0562770366669	0.0423729419708	0.0602221488953	0.0540900230408	0.0497958660126	0.0430941581726	0.0707597732544	0.0492219924927	0.0597250461578	0.107512950897	0.0494260787964	0.0621030330658	0.0493988990784	0.0269410610199	0.0436899662018	0.0434699058533	0.0880620479584	
['./treeMaker/main', '-m', '-b']
0.0458519458771	0.0641021728516	0.0657520294189	0.0486080646515	0.054388999939	0.0472979545593	0.0536918640137	0.0572719573975	0.0579900741577	0.0509519577026	0.0527770519257	0.0540289878845	0.0533921718597	0.0518388748169	0.0481400489807	0.0457510948181	0.0611710548401	0.0843698978424	0.0568709373474	0.0487308502197	0.052038192749	0.0470101833344	0.0584580898285	0.0688679218292	0.069797039032	0.0468599796295	0.0603158473969	0.0553679466248	0.0451180934906	0.0468997955322	0.0793879032135	0.057904958725	0.129399776459	0.053925037384	0.0328888893127	0.0773169994354	0.0531830787659	0.0489678382874	0.0466639995575	0.0742630958557	0.0495300292969	0.0636219978333	0.133703947067	0.0468320846558	0.0603430271149	0.0499181747437	0.0276579856873	0.0436098575592	0.0430021286011	0.0942351818085	
['./treeMaker/main', '-m', '-w', '1']
0.0453379154205	0.0644860267639	0.0671339035034	0.0498909950256	0.0579669475555	0.048819065094	0.0585379600525	0.059289932251	0.0584759712219	0.0511939525604	0.0502970218658	0.0521099567413	0.0517218112946	0.0637657642365	0.0461640357971	0.0440590381622	0.0589199066162	0.080757856369	0.0618710517883	0.0457310676575	0.0540590286255	0.0457510948181	0.0561819076538	0.0671200752258	0.064836025238	0.0434460639954	0.0547988414764	0.0480070114136	0.0398571491241	0.040864944458	0.070436000824	0.0517230033875	0.115545988083	0.0506701469421	0.0306780338287	0.0586888790131	0.051607131958	0.0465700626373	0.0419421195984	0.0669169425964	0.0440359115601	0.0567319393158	0.10514497757	0.0438630580902	0.0550138950348	0.0466079711914	0.0263891220093	0.0405161380768	0.0404360294342	0.084333896637	
['./treeMaker/main', '-m', '-w', '2']
0.0428080558777	0.0608060359955	0.0628139972687	0.0470402240753	0.065004825592	0.0460119247437	0.0618629455566	0.0576739311218	0.0587770938873	0.0512228012085	0.0538690090179	0.0540571212769	0.0529079437256	0.0514531135559	0.0470898151398	0.0460140705109	0.0625469684601	0.0827178955078	0.0635521411896	0.0488028526306	0.0504479408264	0.0461599826813	0.0687279701233	0.0699419975281	0.0647830963135	0.0434811115265	0.0549700260162	0.0495939254761	0.0415198802948	0.0425970554352	0.0742340087891	0.0537180900574	0.121745824814	0.0520641803741	0.0317277908325	0.0620601177216	0.0527470111847	0.048220872879	0.043671131134	0.0695970058441	0.0435070991516	0.0576109886169	0.105774879456	0.0454378128052	0.0573980808258	0.0481958389282	0.0269999504089	0.0418810844421	0.0418689250946	0.0863811969757	
['./treeMaker/main', '-m', '-c', '1']
0.0430030822754	0.0617461204529	0.0748960971832	0.0486559867859	0.0532169342041	0.0486068725586	0.055890083313	0.0559909343719	0.05681681633	0.0526638031006	0.0520231723785	0.0528070926666	0.0537989139557	0.0504560470581	0.0471189022064	0.0443360805511	0.0599980354309	0.0934581756592	0.0549640655518	0.0498511791229	0.0547828674316	0.0455589294434	0.0558750629425	0.0653488636017	0.0798058509827	0.0463931560516	0.0593078136444	0.0506508350372	0.0429649353027	0.0439538955688	0.0761089324951	0.0550789833069	0.11488699913	0.05087018013	0.0311770439148	0.0592608451843	0.0511798858643	0.0467958450317	0.0553510189056	0.0688269138336	0.0500648021698	0.0622770786285	0.114203929901	0.0480968952179	0.063127040863	0.0524621009827	0.0294198989868	0.0441739559174	0.0453810691833	0.0894191265106	
['./treeMaker/main', '-m', '-c', '2']
0.044704914093	0.0613451004028	0.0637898445129	0.0492680072784	0.0533800125122	0.0467040538788	0.0534889698029	0.0554130077362	0.0561420917511	0.0490999221802	0.0505259037018	0.0517749786377	0.0514581203461	0.0497908592224	0.0465369224548	0.0439779758453	0.0592880249023	0.0808532238007	0.0554480552673	0.049455165863	0.0525100231171	0.050626039505	0.0577850341797	0.0797460079193	0.0658679008484	0.0443439483643	0.0564730167389	0.0493640899658	0.0408730506897	0.0422568321228	0.0741717815399	0.0541009902954	0.133485078812	0.0523271560669	0.0427639484406	0.0616450309753	0.0528359413147	0.04856300354	0.0439429283142	0.0695700645447	0.0458891391754	0.0600800514221	0.109874010086	0.0567800998688	0.0597310066223	0.0508489608765	0.0284669399261	0.0444090366364	0.0412139892578	0.0911839008331	
['./treeMaker/main', '-m', '-a', '1']
0.0474050045013	0.0651910305023	0.0677490234375	0.0545060634613	0.0564641952515	0.049929857254	0.0565078258514	0.0593590736389	0.0601029396057	0.0526790618896	0.0544021129608	0.0558280944824	0.0557880401611	0.0537719726562	0.0502460002899	0.0478219985962	0.0631890296936	0.0858559608459	0.0662269592285	0.0531041622162	0.0580370426178	0.0505890846252	0.0607478618622	0.0667319297791	0.070643901825	0.0484631061554	0.0602629184723	0.053102016449	0.0447471141815	0.0459599494934	0.0781109333038	0.0616109371185	0.124217987061	0.0773990154266	0.0348768234253	0.0647430419922	0.056174993515	0.0518438816071	0.0454859733582	0.0707840919495	0.0484390258789	0.0614759922028	0.111090898514	0.053612947464	0.0622689723969	0.0566110610962	0.0327589511871	0.0465409755707	0.0466771125793	0.0971667766571	
['./treeMaker/main', '-m', '-a', '2']
0.0452539920807	0.0723991394043	0.0671970844269	0.0496211051941	0.0581641197205	0.0606157779694	0.058445930481	0.0600898265839	0.0590529441833	0.0539650917053	0.0486061573029	0.050488948822	0.0502920150757	0.0485551357269	0.0453319549561	0.0435080528259	0.0613617897034	0.0805320739746	0.05166888237	0.0464549064636	0.049535036087	0.0444550514221	0.0677111148834	0.0620670318604	0.0640909671783	0.0437278747559	0.0552411079407	0.048465013504	0.0403871536255	0.0412819385529	0.0714240074158	0.0516669750214	0.115679979324	0.0503070354462	0.0308709144592	0.0617129802704	0.0509798526764	0.0467920303345	0.0426938533783	0.0675039291382	0.0444250106812	0.0577239990234	0.105663776398	0.0639679431915	0.0552790164948	0.0480630397797	0.0265038013458	0.0418791770935	0.040107011795	0.0950999259949	
