25_1000_4.9e-10_4.9e-10_470000000_cut_2
25
1000
4.9e-10
4.9e-10
470000000
cut_2
['./treeMaker/main']
0.101425886154	0.242994070053	0.240705013275	0.120867013931	0.170289039612	0.116608142853	0.159469127655	0.170421123505	0.168349981308	0.144658088684	0.147965908051	0.15380692482	0.154803991318	0.139540910721	0.117404937744	0.0977010726929	0.218682050705	0.451104879379	0.13089299202	0.112432956696	0.138963937759	0.112606048584	0.19157409668	0.270000219345	0.260240077972	0.100744962692	0.220396995544	0.123711824417	0.0857398509979	0.0954730510712	0.36589884758	0.156800985336	1.32893610001	0.149593830109	0.0574238300323	0.205747127533	0.141643047333	0.125147819519	0.103108882904	0.288520097733	0.115164995193	0.180386066437	1.01134610176	0.103243112564	0.211968898773	0.112147092819	0.0395920276642	0.0914549827576	0.0891809463501	0.600980043411	
['./treeMaker/main', '-b']
0.105816841125	0.249016046524	0.250136137009	0.119313001633	0.174852132797	0.104552984238	0.164598941803	0.18497300148	0.170968055725	0.148028850555	0.151922941208	0.16043806076	0.141149997711	0.140132904053	0.12283706665	0.101399183273	0.199034929276	0.419121026993	0.135736942291	0.115522861481	0.137820959091	0.111871004105	0.176528930664	0.278288125992	0.264872789383	0.103299856186	0.196074962616	0.131330013275	0.0971698760986	0.101464986801	0.349720001221	0.158588171005	1.4406170845	0.146802186966	0.0566730499268	0.201334953308	0.144635915756	0.127776145935	0.105587005615	0.313956022263	0.113198041916	0.190532922745	1.07423186302	0.10489487648	0.191655874252	0.117144107819	0.0413529872894	0.095939874649	0.0936539173126	0.581171035767	
['./treeMaker/main', '-u']
0.101659059525	0.224400043488	0.247960090637	0.119369983673	0.152943849564	0.104622125626	0.172113180161	0.186763048172	0.177016019821	0.145580053329	0.165469884872	0.150709152222	0.157824039459	0.149426937103	0.130002975464	0.0995969772339	0.205502033234	0.455103158951	0.136754989624	0.112916946411	0.138661146164	0.109797000885	0.190618991852	0.273962974548	0.266383886337	0.105855941772	0.193583011627	0.125162124634	0.0875079631805	0.0990040302277	0.363224029541	0.1595890522	1.44519996643	0.144328117371	0.0560748577118	0.198516130447	0.15966796875	0.130331993103	0.104737997055	0.290510892868	0.125370025635	0.197797060013	1.11790800095	0.105293989182	0.210172891617	0.131429195404	0.0412139892578	0.0963461399078	0.0938529968262	0.606806993484	
['./treeMaker/main', '-t', '-r', '1']
1.04630899429	1.81141710281	1.66751003265	1.05156493187	1.30725598335	1.00920915604	1.41089010239	1.48522496223	1.39729714394	1.28550100327	1.32681798935	1.26051807404	1.23111104965	1.21076107025	1.06395411491	0.999042987823	1.64468812943	2.32609391212	1.19292593002	1.01552796364	1.19902014732	0.945241928101	1.48395800591	1.74342513084	1.86880803108	0.9503262043	1.62240386009	1.17809700966	0.849644899368	0.967864990234	2.22607398033	1.32088780403	4.86232089996	1.22913718224	0.599250078201	1.67446899414	1.27412009239	1.13861608505	1.00623893738	2.05665302277	1.09038090706	1.53875494003	3.89789199829	0.967289924622	1.63237786293	1.0966989994	0.445375204086	0.916085958481	0.873379945755	2.75519490242	
['./treeMaker/main', '-t', '-r', '2']
1.68226099014	3.07667613029	3.19320392609	1.89942002296	2.31344509125	1.69742298126	2.26941204071	2.4292280674	2.53050208092	2.2233068943	2.56959605217	2.38320612907	2.33188080788	2.35441303253	1.8959338665	1.58993697166	2.81370902061	4.84451198578	2.12372899055	1.96895909309	2.19336295128	1.96936893463	2.50117206573	3.41362500191	3.23107099533	1.89225316048	2.72395801544	2.01839804649	1.41532802582	1.66529917717	4.29942417145	2.36891198158	8.14151501656	2.15396380424	1.06810688972	2.89199113846	2.32031011581	2.0484919548	1.76243901253	3.61947584152	1.90052294731	2.7740020752	7.21061205864	1.56828784943	2.78986096382	1.8066599369	0.733381032944	1.60673904419	1.60346317291	5.87802481651	
['./treeMaker/main', '-t', '-r', '1', '-N']
0.974268913269	1.81509995461	1.65840387344	1.06241297722	1.31869482994	0.973569154739	1.37184119225	1.44818997383	1.3695909977	1.28917789459	1.26564192772	1.32655906677	1.2993581295	1.16869902611	1.09063577652	1.01938819885	1.66049098969	2.31695604324	1.19384598732	1.01232290268	1.19943404198	0.967324018478	1.40025997162	1.71971607208	1.84773898125	0.90943813324	1.66968107224	1.14791297913	0.87611413002	0.916334152222	2.2244310379	1.3678150177	4.81852602959	1.29942584038	0.57525396347	1.64387512207	1.25651311874	1.12189292908	0.988029003143	2.02845001221	1.05297112465	1.49062681198	3.82722616196	0.958353042603	1.61903715134	1.05369400978	0.438211917877	0.917200803757	0.891285896301	2.78409099579	
['./treeMaker/main', '-t', '-r', '2', '-N']
1.69228506088	3.12618899345	3.26352214813	1.88709282875	2.23872089386	1.72799301147	2.24954819679	2.50787591934	2.53343915939	2.16603207588	2.58301186562	2.40991902351	2.3372399807	2.32277488708	1.86605000496	1.54442095757	2.81662201881	4.80643486977	2.11888003349	1.92754006386	2.22677993774	2.03808617592	2.42269301414	3.37686085701	3.15214896202	1.89452505112	2.75146818161	2.02093100548	1.425126791	1.67895388603	4.30784392357	2.40352320671	8.23594594002	2.11989021301	1.03202795982	2.89542293549	2.32452893257	2.05513715744	1.74593400955	3.59574794769	1.91969108582	2.75221395493	7.18641400337	1.60793113708	2.9075729847	1.76013493538	0.705821037292	1.63949584961	1.60860514641	5.77447199821	
['./treeMaker/main', '-m']
0.0435330867767	0.0639679431915	0.0666508674622	0.0481719970703	0.0536851882935	0.0447309017181	0.053689956665	0.0559339523315	0.0565860271454	0.0497291088104	0.0669429302216	0.058522939682	0.0561800003052	0.0587949752808	0.0520632266998	0.0541779994965	0.0617830753326	0.0898599624634	0.056380033493	0.0501639842987	0.0524170398712	0.0589289665222	0.0588729381561	0.0693950653076	0.0690479278564	0.0479459762573	0.0632150173187	0.0539898872375	0.0438799858093	0.0457201004028	0.0846729278564	0.0587251186371	0.137878894806	0.0543439388275	0.0327038764954	0.0628690719604	0.0559480190277	0.0516490936279	0.0462188720703	0.07182097435	0.047639131546	0.0602300167084	0.119828939438	0.046334028244	0.059741973877	0.0479638576508	0.0273220539093	0.042396068573	0.0435841083527	0.105677127838	
['./treeMaker/main', '-m', '-b']
0.0534029006958	0.0696539878845	0.0868768692017	0.0521800518036	0.0583069324493	0.0484478473663	0.0582621097565	0.0609159469604	0.0622580051422	0.0543599128723	0.0587749481201	0.0590200424194	0.0565431118011	0.0562899112701	0.0517230033875	0.0469958782196	0.072762966156	0.0968189239502	0.056421995163	0.0530140399933	0.0575778484344	0.051017999649	0.0643329620361	0.0773251056671	0.0737240314484	0.0518569946289	0.0649039745331	0.052845954895	0.0468649864197	0.0483951568604	0.0881998538971	0.0645048618317	0.138136148453	0.0550889968872	0.0342779159546	0.0651199817657	0.0563077926636	0.0518250465393	0.0461671352386	0.0743398666382	0.0502049922943	0.0644569396973	0.129523038864	0.04918384552	0.0647578239441	0.0510139465332	0.029011964798	0.0452110767365	0.0464158058167	0.10781788826	
['./treeMaker/main', '-m', '-w', '1']
0.0443508625031	0.0646669864655	0.0676379203796	0.0537130832672	0.0586609840393	0.0571360588074	0.0541450977325	0.058219909668	0.0719218254089	0.0635409355164	0.0559148788452	0.0569829940796	0.0664958953857	0.0528540611267	0.0489900112152	0.0445771217346	0.0618028640747	0.0885729789734	0.0526349544525	0.0489990711212	0.0525498390198	0.0492408275604	0.0586988925934	0.0697510242462	0.0695569515228	0.0469360351562	0.0599048137665	0.0505321025848	0.0412290096283	0.0441100597382	0.0793719291687	0.054594039917	0.127238035202	0.0535480976105	0.0332651138306	0.0636880397797	0.0547821521759	0.050929069519	0.0454969406128	0.0735290050507	0.0479488372803	0.072350025177	0.114553928375	0.0446960926056	0.0578279495239	0.0464749336243	0.0275008678436	0.0426399707794	0.0436460971832	0.0988349914551	
['./treeMaker/main', '-m', '-w', '2']
0.0602312088013	0.0632100105286	0.0657761096954	0.0484070777893	0.0565700531006	0.0464570522308	0.0538589954376	0.0565910339355	0.0569229125977	0.0508351325989	0.0541858673096	0.0541839599609	0.052013874054	0.051855802536	0.0475258827209	0.0436589717865	0.063572883606	0.0900239944458	0.0517358779907	0.0481538772583	0.0514979362488	0.0484640598297	0.0614500045776	0.0730149745941	0.07190990448	0.0497608184814	0.0622911453247	0.0526790618896	0.0443711280823	0.0493109226227	0.0820600986481	0.0611069202423	0.134745121002	0.0561408996582	0.0377790927887	0.0642471313477	0.0580930709839	0.0531990528107	0.0508868694305	0.0757389068604	0.0526149272919	0.0626311302185	0.137573003769	0.0457010269165	0.060173034668	0.0473349094391	0.0276739597321	0.0417730808258	0.0428948402405	0.0953950881958	
['./treeMaker/main', '-m', '-c', '1']
0.0443258285522	0.0628318786621	0.0655150413513	0.0479879379272	0.0536909103394	0.0450642108917	0.0674688816071	0.056853055954	0.0582799911499	0.0511150360107	0.0550899505615	0.0551431179047	0.052915096283	0.0534989833832	0.0488660335541	0.0434350967407	0.060131072998	0.0904839038849	0.0526139736176	0.0488138198853	0.0524260997772	0.0490829944611	0.0583288669586	0.0696661472321	0.0825250148773	0.0445990562439	0.0580749511719	0.048938035965	0.0398740768433	0.0426659584045	0.0766260623932	0.0536620616913	0.126367092133	0.0511889457703	0.031622171402	0.0605909824371	0.0525419712067	0.0483078956604	0.0434019565582	0.0691051483154	0.0458829402924	0.0578799247742	0.11443400383	0.0443630218506	0.0576360225677	0.0461730957031	0.0273420810699	0.0428841114044	0.0441098213196	0.0995318889618	
['./treeMaker/main', '-m', '-c', '2']
0.0460860729218	0.0649538040161	0.067883014679	0.0496020317078	0.0548839569092	0.0466420650482	0.0550608634949	0.0575702190399	0.0583400726318	0.0485610961914	0.0530462265015	0.0533730983734	0.0509009361267	0.0509970188141	0.0469801425934	0.0428469181061	0.059947013855	0.085009098053	0.0512311458588	0.0481009483337	0.0653140544891	0.0495481491089	0.0626089572906	0.0725829601288	0.0656769275665	0.045490026474	0.0576550960541	0.0487070083618	0.0400550365448	0.0426471233368	0.0761070251465	0.0533812046051	0.126497983932	0.0510578155518	0.0327417850494	0.0607991218567	0.0523691177368	0.0486359596252	0.0434939861298	0.0690441131592	0.0608899593353	0.0603859424591	0.119505167007	0.0437889099121	0.0578927993774	0.049971818924	0.0290620326996	0.0422937870026	0.0455510616302	0.0989468097687	
['./treeMaker/main', '-m', '-a', '1']
0.050302028656	0.0694150924683	0.0730700492859	0.0528271198273	0.0613780021667	0.0509068965912	0.0588779449463	0.0614411830902	0.0607659816742	0.0554001331329	0.0606229305267	0.0604650974274	0.0586519241333	0.0604429244995	0.0538740158081	0.0519890785217	0.0682380199432	0.0963599681854	0.0579018592834	0.0556859970093	0.0606250762939	0.0549328327179	0.0645349025726	0.0825588703156	0.076563835144	0.0634219646454	0.0634210109711	0.0564670562744	0.0475671291351	0.0537049770355	0.0855140686035	0.0617280006409	0.15549492836	0.055230140686	0.0357911586761	0.0655069351196	0.0572869777679	0.0531730651855	0.0482351779938	0.0740971565247	0.050194978714	0.0631711483002	0.119534015656	0.0490829944611	0.06174492836	0.0502099990845	0.0298681259155	0.0445549488068	0.0460138320923	0.0992770195007	
['./treeMaker/main', '-m', '-a', '2']
0.0440120697021	0.0629279613495	0.0656318664551	0.0479650497437	0.053071975708	0.0444450378418	0.053081035614	0.0564970970154	0.0583097934723	0.0560059547424	0.0577368736267	0.061331987381	0.0564961433411	0.0557968616486	0.0500330924988	0.045961856842	0.0657041072845	0.0890538692474	0.0528450012207	0.0592038631439	0.0506281852722	0.0496768951416	0.0611169338226	0.0701830387115	0.0674002170563	0.0453021526337	0.0581560134888	0.0553259849548	0.0462319850922	0.0472340583801	0.0829138755798	0.0606379508972	0.125965118408	0.0521991252899	0.032114982605	0.0609409809113	0.0528388023376	0.0491709709167	0.0441401004791	0.0698380470276	0.0461339950562	0.0586278438568	0.114660978317	0.0447080135345	0.0577700138092	0.0461890697479	0.02707695961	0.0411520004272	0.0422089099884	0.0946111679077	
