25_2500_4.9e-10_4.9e-10_470000000
25
2500
4.9e-10
4.9e-10
470000000

['./treeMaker/main']
2.73163199425	7.29659080505	3.50259709358	2.22050189972	7.04313707352	3.26727294922	1.99185013771	6.9326210022	4.19985818863	2.10878682137	3.27223396301	0.968775987625	2.3758058548	3.78836297989	3.02098202705	5.50837492943	2.1450650692	3.84121203423	4.52748894691	3.49641489983	5.84654307365	3.37502098083	6.8009660244	3.39020800591	17.520111084	3.85431003571	7.28658008575	3.98294377327	2.06614613533	1.93096017838	1.3611240387	8.98152494431	4.68141794205	2.2843208313	2.61178898811	2.09222102165	9.29871296883	4.84643101692	4.26290011406	5.88838005066	2.69147014618	2.25780487061	8.17514705658	1.78797793388	4.85666394234	7.11800789833	3.22959589958	1.52041983604	1.3707818985	3.21229481697	
['./treeMaker/main', '-b']
2.48702812195	7.44751596451	3.68553209305	2.30137109756	7.62280583382	2.7185280323	1.9510679245	6.91101098061	3.86581397057	1.81004095078	3.14887499809	0.914734840393	2.56471610069	3.56814789772	3.49373292923	5.6285431385	2.17188310623	3.81308794022	4.80110406876	2.92757511139	5.62420701981	3.38949990273	6.78910899162	3.24713492393	16.9661650658	4.11847901344	7.32240104675	4.26439809799	2.16520595551	2.01049494743	1.53377103806	9.13840579987	4.74190020561	2.2715678215	2.48126387596	1.95743894577	9.24671578407	4.2867410183	4.7696120739	5.48834896088	2.61899995804	2.09849119186	7.97339701653	1.75171709061	5.19176602364	6.71235108376	3.3716981411	1.47779297829	1.29530906677	3.29421710968	
['./treeMaker/main', '-u']
2.54391121864	7.66555786133	3.67859697342	1.95458197594	7.28932404518	2.79999685287	2.09506201744	7.53613901138	3.73271894455	2.12436914444	3.2691180706	0.869462966919	2.18935704231	3.76757502556	3.44300603867	5.9284799099	2.0552740097	3.46776795387	4.51304197311	3.08857393265	5.62227201462	3.56164908409	6.96853590012	3.30878686905	16.9526228905	4.43632888794	6.79179191589	4.4698908329	1.9732530117	1.85555291176	1.40588903427	9.08886098862	5.03643083572	2.18618106842	2.7167840004	1.87350296974	9.70055818558	4.61650204659	4.96449494362	5.73010587692	2.4717540741	1.99130797386	8.23813295364	1.82034683228	5.12192487717	7.13545894623	3.20308685303	1.44343686104	1.45610308647	3.45615291595	
['./treeMaker/main', '-t', '-r', '1']
5.29338788986	9.72631406784	6.1122739315	4.66361880302	8.77086400986	5.47519397736	4.54945492744	9.41209316254	6.67980599403	4.55022001266	6.04614591599	2.96912002563	4.82603001595	6.46633696556	5.8111538887	8.30747008324	4.571434021	5.97862291336	6.92115187645	5.85632991791	8.09794402122	6.27438092232	9.00611186028	6.09637093544	15.2358551025	6.78214120865	9.23088812828	7.00231099129	4.51997184753	4.41629910469	3.79829692841	10.7907710075	7.49881982803	4.75804805756	5.18970704079	4.62787103653	10.8074119091	7.22049713135	7.1559689045	7.97892403603	5.31936812401	4.61440491676	10.2751619816	4.26292300224	7.92241001129	9.17270088196	6.0127260685	3.8156478405	3.80269694328	6.42498803139	
['./treeMaker/main', '-t', '-r', '2']
7.68835711479	14.0711379051	9.57769608498	7.13700199127	13.9229180813	8.79515814781	6.91910195351	13.4932210445	9.98132991791	6.43022894859	8.71282696724	4.33377599716	7.2337179184	9.36169290543	8.82327699661	12.1379008293	7.12707185745	9.88062810898	10.6833820343	8.57730698586	11.4941840172	8.98501420021	13.3803310394	9.09966492653	24.4528119564	10.1362159252	13.7800960541	10.1116631031	6.90431499481	6.58891797066	5.91764497757	16.1833128929	11.1980221272	7.17285585403	8.22770094872	6.83619689941	15.8021609783	10.4776930809	10.5673618317	12.0959908962	7.87083506584	7.00595879555	14.3656361103	6.43230509758	11.4238219261	14.1213219166	9.43704199791	5.64637589455	5.58610701561	9.42858910561	
['./treeMaker/main', '-t', '-r', '1', '-N']
5.29366707802	9.59377408028	5.9836139679	4.59364485741	8.58477902412	5.47959589958	4.47831010818	9.33913588524	6.64559412003	4.61677289009	5.87601089478	2.97393488884	4.69234704971	6.48245692253	5.82881903648	8.33228182793	4.52600502968	6.12925195694	6.90655088425	5.89114809036	8.25307798386	6.35703206062	9.17612099648	6.05919313431	15.2403800488	6.7598490715	9.3091981411	7.09331893921	4.59431600571	4.33922195435	3.92367005348	10.86759305	7.42359399796	4.66031217575	5.25630307198	4.57961797714	10.9245839119	7.19127988815	7.14738988876	7.8221809864	5.39543199539	4.55969405174	10.169481039	4.28705406189	7.69794917107	9.13899087906	5.81558203697	3.87591695786	3.76564192772	6.36064696312	
['./treeMaker/main', '-t', '-r', '2', '-N']
7.68387413025	13.7311611176	9.5723490715	7.2837228775	14.0152690411	8.37219190598	6.74096703529	14.0343511105	9.8581840992	6.51642203331	8.65333890915	4.34958910942	7.20417284966	9.32009410858	8.7254960537	11.9113588333	7.10688710213	9.64970612526	10.6626489162	8.62890815735	11.5627851486	8.96304512024	13.0744321346	9.20012187958	24.6867370605	10.0967869759	13.8119301796	9.97087192535	6.88830304146	6.65689897537	5.73004293442	16.1617128849	11.2275650501	7.22481012344	8.10579800606	6.98265099525	15.3307628632	10.2225720882	10.2558348179	12.1422879696	7.92085313797	7.0381629467	14.2559149265	6.75052595139	11.4836101532	14.1551821232	9.4764521122	5.65922117233	5.48019003868	9.47408294678	
['./treeMaker/main', '-m']
0.210812091827	0.294787168503	0.249626159668	0.214690923691	0.303617954254	0.228062868118	0.204450130463	0.292435884476	0.247694969177	0.219568967819	0.229620933533	0.170664072037	0.225275993347	0.241966962814	0.255224943161	0.272960186005	0.220166921616	0.261253833771	0.274700164795	0.229160785675	0.28116607666	0.252942085266	0.291825056076	0.241772890091	0.437266111374	0.264905929565	0.308600902557	0.246819019318	0.219841957092	0.220937013626	0.189794063568	0.343224048615	0.290817975998	0.237409830093	0.236590862274	0.214434862137	0.339592933655	0.253761053085	0.256577968597	0.301182985306	0.235226154327	0.210770845413	0.3108689785	0.222239017487	0.281582117081	0.297831058502	0.262439966202	0.187158823013	0.203883171082	0.253525972366	
['./treeMaker/main', '-m', '-b']
0.242166996002	0.316998958588	0.28996014595	0.236753940582	0.319047212601	0.244702100754	0.231240987778	0.328062057495	0.266511917114	0.236617088318	0.246339082718	0.190903902054	0.227986097336	0.271672010422	0.266767978668	0.325389146805	0.23773598671	0.268313884735	0.300182104111	0.257484912872	0.313150882721	0.277636051178	0.312434911728	0.283720016479	0.479898929596	0.285818099976	0.326900959015	0.288850069046	0.23904299736	0.213285923004	0.222658872604	0.357825040817	0.299238920212	0.237255096436	0.248663187027	0.231348991394	0.360769987106	0.292060136795	0.288619041443	0.312505960464	0.248408079147	0.222801923752	0.348215103149	0.226009130478	0.298559904099	0.338515996933	0.283715963364	0.219528198242	0.195451974869	0.260780096054	
['./treeMaker/main', '-m', '-w', '1']
0.228572130203	0.312928915024	0.271464109421	0.209715127945	0.324640035629	0.254372835159	0.225558996201	0.308706998825	0.26031088829	0.204924106598	0.243088960648	0.177198886871	0.224196195602	0.262140989304	0.242420911789	0.273448944092	0.213693857193	0.24787402153	0.272862911224	0.250304222107	0.288448095322	0.25071811676	0.298383951187	0.259182929993	0.430150032043	0.265686035156	0.302608013153	0.257408857346	0.220321893692	0.210045814514	0.213819980621	0.343846082687	0.294857025146	0.222324132919	0.234835863113	0.215665102005	0.345798969269	0.266240119934	0.253473043442	0.28144288063	0.232899904251	0.22633099556	0.313597917557	0.202810049057	0.261656999588	0.298273801804	0.267362117767	0.188543796539	0.203647851944	0.232683897018	
['./treeMaker/main', '-m', '-w', '2']
0.21790599823	0.322584867477	0.260315179825	0.214601039886	0.314036130905	0.253539085388	0.207291126251	0.299695014954	0.263660907745	0.208853960037	0.232692956924	0.189318180084	0.216737031937	0.244757175446	0.263283967972	0.275117874146	0.225944042206	0.247016906738	0.277257919312	0.242776155472	0.266191005707	0.241319894791	0.323565006256	0.251895904541	0.424669981003	0.263652086258	0.292953968048	0.271754980087	0.21994805336	0.201508045197	0.200456857681	0.346045017242	0.281070947647	0.224101066589	0.238797903061	0.210216999054	0.339491844177	0.260001182556	0.280766010284	0.303178071976	0.238317966461	0.219794034958	0.314755916595	0.203206062317	0.277843952179	0.311943054199	0.248601198196	0.189790964127	0.186149120331	0.251549959183	
['./treeMaker/main', '-m', '-c', '1']
0.223559141159	0.308912992477	0.256119966507	0.223924875259	0.322907209396	0.242671012878	0.210992097855	0.306540966034	0.267257928848	0.219280004501	0.23001408577	0.174283027649	0.218012094498	0.24121594429	0.234495162964	0.284744024277	0.220067024231	0.261657953262	0.270249843597	0.229955911636	0.276076078415	0.236681938171	0.30529499054	0.235849142075	0.405719995499	0.262014865875	0.287614107132	0.242897033691	0.208219051361	0.196557044983	0.186563968658	0.314577817917	0.262979984283	0.20924782753	0.222033977509	0.201602935791	0.315927028656	0.252609014511	0.272786140442	0.287140130997	0.229626178741	0.207883119583	0.314371109009	0.199504137039	0.272040128708	0.295171976089	0.264163970947	0.209769010544	0.182816028595	0.244453907013	
['./treeMaker/main', '-m', '-c', '2']
0.231865167618	0.310775995255	0.247816085815	0.22327208519	0.311586856842	0.226702928543	0.21607708931	0.318737030029	0.26080083847	0.20401096344	0.241911888123	0.17782998085	0.225584983826	0.243386983871	0.257557153702	0.29142999649	0.22190284729	0.247246026993	0.264798879623	0.233436822891	0.275143861771	0.247901916504	0.306222915649	0.247601032257	0.432001829147	0.265030145645	0.302448987961	0.269246816635	0.229714870453	0.197172164917	0.204301118851	0.319409132004	0.265635967255	0.22999215126	0.227797031403	0.2093501091	0.332961082458	0.264312028885	0.26766204834	0.301144123077	0.240986824036	0.207021951675	0.312808036804	0.210385084152	0.271468162537	0.311686992645	0.25340294838	0.206032991409	0.189425945282	0.242206096649	
['./treeMaker/main', '-m', '-a', '1']
0.236311912537	0.333801031113	0.266839981079	0.237590074539	0.338943958282	0.252007007599	0.24174785614	0.320104837418	0.283010005951	0.23769402504	0.255441904068	0.197542905807	0.24226808548	0.279891014099	0.282230138779	0.305576086044	0.228404045105	0.282301187515	0.295649051666	0.243521928787	0.298008918762	0.280611991882	0.339834928513	0.281224966049	0.44916510582	0.284780025482	0.323133945465	0.280610084534	0.243577003479	0.219399929047	0.232907056808	0.367384910583	0.299263000488	0.252287864685	0.27054810524	0.232872009277	0.359031915665	0.285889863968	0.285927057266	0.316899061203	0.240208864212	0.240689992905	0.315762042999	0.223942041397	0.283470869064	0.33286190033	0.286445856094	0.213835000992	0.198929071426	0.257100820541	
['./treeMaker/main', '-m', '-a', '2']
0.214267015457	0.294099092484	0.246757030487	0.219624996185	0.315594911575	0.249341964722	0.218924999237	0.302185058594	0.266772985458	0.208547115326	0.241285085678	0.168849945068	0.225433111191	0.244104146957	0.246402025223	0.276673078537	0.230735063553	0.247135877609	0.282564878464	0.241949796677	0.267974853516	0.260612010956	0.316088199615	0.269466876984	0.436475038528	0.262829065323	0.304605007172	0.248412847519	0.209829092026	0.207309961319	0.211580038071	0.333106994629	0.270367860794	0.218967914581	0.243845939636	0.208096027374	0.337162971497	0.262272119522	0.26583313942	0.287925958633	0.239917039871	0.223983049393	0.300822019577	0.224153995514	0.274594068527	0.301538944244	0.254462003708	0.20135307312	0.201205968857	0.230628967285	
