244

8
4
9
10
4
8
9
9
8
8
10
9
7
10
6
5
9
10
6
8
10
10
5
9
3
10
3
8
8
10
8
9
6
4
10
8
10
7
7
10
8
10
10
10
10
7
3
10
6
3
10
6
10
9
10
9
8
3
8
9
10
9
4
10
10
7
10
5
6
3
6
9
10
8
7
8
10
9
9
4
6
10
8
4
10
5
10
7
5
10
8
8
10
5
5
7
7
7
7
10
6
5
6
4
10
9
6
10
7
5
7
5
8
3
8
3
10
9
8
10
10
5
10
7
6
9
7
6
9
10
10
7
9
10
10
10
8
10
9
9
7
3
10
9
6
9
6
8
9
9
10
10
5
10
7
7
8
10
10
10
5
10
9
7
7
10
8
9
9
9
2
7
9
5
7
9
10
5
9
6
9
10
8
8
4
9
6
4
9
9
8
3
10
7
9
9
7
8
8
9
6
10
8
9
8
5
7
4
10
6
5
10
9
7
8
10
9
9
9
8
9
10
4
10
6
7
7
4
9
8
9
9
2
8
9
8
10
3
9
9
9
9
10
10

4	139.0	1.0
1	143.0	1.0
2	140.0	1.0071428571428571
3	148.0	1.0
7	174.0	1.0
8	151.0	1.0
5	151.0	1.0
10	170.0	1.0
6	160.0	1.0
9	166.0	1.0060240963855422
0	220.0	1.6090909090909091
