100

34
34
38
39
4
39
39
36
13
38
39
4
39
26
36
36
38
39
8
38
38
15
35
35
38
37
36
37
29
34
39
35
39
39
36
38
39
4
34
37
37
8
27
38
39
32
39
33
28
5
31
37
37
11
36
36
22
38
21
27
39
38
39
16
8
36
36
33
10
39
21
18
28
40
37
39
38
4
10
39
38
5
38
30
32
39
39
38
38
8
35
35
38
22
34
31
20
40
39
34

1	90.0	2.3555555555555556
12	77.0	1.0
24	73.0	1.0
9	88.0	1.7159090909090908
11	66.0	1.0
14	67.0	1.0
17	70.0	1.0
21	69.0	1.0
8	88.0	1.7045454545454546
2	90.0	2.6
5	95.0	2.4105263157894736
22	76.0	1.0
18	80.0	1.0
6	89.0	1.7191011235955056
7	80.0	1.725
4	91.0	2.3736263736263736
15	78.0	1.0
20	67.0	1.0
23	68.0	1.0
13	70.0	1.0
10	71.0	1.0
25	75.0	1.0
16	76.0	1.0
3	88.0	2.477272727272727
19	77.0	1.0
0	88.0	2.4204545454545454
