99

33
30
32
40
39
34
4
40
37
39
34
28
40
39
37
32
36
9
34
22
27
40
38
14
39
32
34
39
3
35
22
38
3
34
40
17
36
38
30
40
30
39
4
3
9
37
39
37
39
28
32
39
38
38
32
35
37
25
35
38
22
4
34
38
39
38
38
39
20
35
37
38
34
34
39
28
5
36
38
13
36
40
8
30
37
36
29
36
39
34
35
37
38
40
39
39
35
7
38

1	95.0	2.4
7	90.0	1.6
9	92.0	1.608695652173913
3	94.0	2.4468085106382977
5	93.0	2.3010752688172045
6	94.0	1.6063829787234043
2	92.0	2.4565217391304346
4	94.0	2.297872340425532
8	92.0	1.6304347826086956
10	71.0	1.0
13	76.0	1.0
16	78.0	1.0
24	71.0	1.0
20	71.0	1.0
11	72.0	1.0
17	68.0	1.0
15	71.0	1.0
21	76.0	1.0
25	67.0	1.0
18	73.0	1.0
19	71.0	1.0
12	74.0	1.0
22	75.0	1.0
14	76.0	1.0
23	76.0	1.0
0	87.0	2.5402298850574714
