98

34
38
23
38
39
23
35
28
27
36
38
37
39
27
28
39
39
38
36
17
39
37
36
35
38
28
36
39
38
30
13
36
23
30
28
36
38
37
9
20
24
25
25
38
30
38
33
38
39
39
28
34
36
38
11
16
31
37
39
38
31
38
21
36
37
38
36
34
27
40
31
36
34
32
16
9
38
39
39
13
36
16
35
39
36
39
38
37
35
34
39
34
3
33
39
12
27
24

2	95.0	2.3473684210526318
3	97.0	2.268041237113402
4	93.0	2.247311827956989
1	95.0	2.294736842105263
20	68.0	1.0
18	71.0	1.0
19	69.0	1.0
8	84.0	1.6547619047619047
6	88.0	1.7045454545454546
7	93.0	1.6989247311827957
12	73.0	1.0
16	72.0	1.0
14	72.0	1.0
11	74.0	1.0
22	79.0	1.0
13	73.0	1.0
10	80.0	1.0
9	86.0	1.6744186046511629
15	75.0	1.0
23	80.0	1.0
21	78.0	1.0
25	80.0	1.0
5	92.0	2.5
17	79.0	1.0
24	68.0	1.0
0	94.0	2.351063829787234
