248

10
10
7
3
10
7
10
10
7
5
10
6
10
6
9
9
7
10
9
10
4
7
10
9
2
9
10
5
8
7
10
9
2
8
10
9
10
9
9
9
4
10
9
3
9
9
10
6
9
10
8
8
9
6
5
8
3
9
8
10
8
8
10
10
10
3
8
6
7
8
5
3
8
7
8
10
10
10
10
6
9
10
7
10
9
6
10
9
3
9
7
6
9
6
8
10
10
4
9
7
9
10
6
10
7
9
10
10
6
10
2
10
9
9
10
10
10
3
10
5
10
10
8
7
10
8
9
10
10
5
10
9
8
10
5
6
10
10
7
7
10
7
8
10
8
8
7
9
9
10
9
7
8
10
4
10
9
5
9
10
8
10
8
8
7
6
8
10
5
9
9
9
10
9
10
10
8
8
10
6
5
2
10
10
10
6
10
10
7
10
10
10
6
9
5
6
9
10
10
7
8
9
7
7
10
8
6
10
6
10
9
10
9
6
10
6
10
7
9
7
8
10
4
10
10
6
10
9
9
10
6
7
5
9
9
9
7
8
9
9
10
8
10
9
8
10
6
2

2	162.0	1.0
3	177.0	1.0
1	171.0	1.0
4	151.0	1.0
8	159.0	1.0
7	160.0	1.0
6	171.0	1.0
10	173.0	1.0
5	165.0	1.0
9	161.0	1.0
0	228.0	1.5745614035087718
