249

35
39
35
37
33
38
40
38
38
33
28
39
37
38
28
36
17
18
32
37
39
36
35
32
39
39
35
37
32
28
35
39
36
22
37
26
36
39
39
39
37
37
38
34
19
36
22
38
32
39
34
31
39
39
31
36
40
36
29
18
35
39
39
38
36
20
39
24
35
38
38
37
4
7
36
34
20
38
27
40
34
34
38
18
18
34
25
39
28
38
36
38
36
37
39
36
39
32
28
35
37
33
36
34
39
39
36
39
36
26
37
25
29
33
36
38
40
38
39
36
13
16
36
28
35
19
38
38
35
36
38
32
36
38
39
39
34
34
37
38
34
24
33
39
8
38
37
38
39
35
39
9
38
37
32
9
38
39
24
40
36
7
37
32
29
37
37
39
29
35
40
37
37
38
33
29
37
31
38
38
39
37
34
26
33
26
15
39
23
27
26
37
40
37
36
38
36
39
38
39
38
38
6
35
38
38
39
38
40
39
38
26
39
39
37
38
40
38
26
36
39
37
26
34
13
34
40
37
37
25
29
7
37
37
38
13
27
38
37
37
37
38
39
39
22
4
30
29
38

7	239.0	1.707112970711297
3	242.0	2.409090909090909
6	236.0	1.7372881355932204
15	200.0	1.0
12	211.0	1.0
10	200.0	1.0
17	204.0	1.0
16	202.0	1.0
19	200.0	1.0
13	181.0	1.0
14	196.0	1.0
9	224.0	1.7678571428571428
1	242.0	2.34297520661157
11	192.0	1.0
8	216.0	1.7453703703703705
18	185.0	1.0
4	241.0	2.3900414937759336
2	240.0	2.5416666666666665
5	243.0	2.4444444444444446
23	200.0	1.0
20	198.0	1.0
25	192.0	1.0
21	188.0	1.0
24	192.0	1.0
22	192.0	1.0
0	234.0	2.6196581196581197
