249

39
37
37
38
17
38
37
38
34
19
36
3
12
7
32
34
39
31
36
35
26
38
34
37
40
39
35
34
7
34
38
38
39
28
26
13
32
31
11
31
33
39
38
38
37
15
40
38
32
36
36
36
39
36
39
29
38
37
39
36
38
37
30
27
37
38
36
6
32
39
34
38
38
36
38
37
19
25
28
39
38
38
36
33
25
40
39
39
37
39
36
30
36
38
39
23
34
13
30
38
39
36
38
21
34
21
14
38
29
38
38
36
39
32
18
29
33
38
19
34
33
28
38
39
35
31
9
38
38
27
4
39
31
34
35
30
28
37
40
38
38
30
40
35
37
39
35
12
38
37
37
37
37
38
37
34
37
18
21
34
26
38
39
27
38
39
37
37
38
30
37
37
38
32
38
15
34
37
34
38
20
37
35
38
39
32
37
38
30
38
38
29
38
3
31
37
16
28
39
36
36
14
34
35
36
37
38
38
35
33
38
34
20
12
39
39
27
35
29
37
35
36
38
38
36
38
22
33
27
35
33
38
35
33
36
39
36
40
39
37
32
37
36
39
27
17
21
39
33

18	189.0	1.0
11	196.0	1.0
6	236.0	1.597457627118644
21	193.0	1.0
14	192.0	1.0
7	212.0	1.8018867924528301
17	195.0	1.0
19	194.0	1.0
5	242.0	2.4297520661157024
3	241.0	2.3858921161825726
4	241.0	2.4481327800829877
9	242.0	1.6487603305785123
13	193.0	1.0
15	194.0	1.0
2	224.0	2.517857142857143
10	192.0	1.0
1	243.0	2.4156378600823047
23	192.0	1.0
12	184.0	1.0
16	187.0	1.0
22	190.0	1.0
20	202.0	1.0
8	235.0	1.651063829787234
24	201.0	1.0
25	198.0	1.0
0	233.0	2.5665236051502145
