100

17
35
38
39
26
39
32
35
38
24
38
34
38
16
37
21
38
35
23
36
36
36
33
36
39
36
25
38
7
20
37
32
38
39
22
39
39
22
17
36
32
34
38
6
37
38
39
30
8
31
24
33
39
35
35
38
8
34
7
37
39
25
37
28
38
37
39
39
36
3
36
39
38
36
40
24
35
33
39
8
40
35
35
39
35
17
36
38
25
25
38
37
33
33
32
39
37
14
35
36

3	91.0	2.4175824175824174
4	95.0	2.431578947368421
1	96.0	2.3645833333333335
2	93.0	2.4301075268817205
11	78.0	1.0
6	82.0	1.853658536585366
16	77.0	1.0
13	73.0	1.0
15	81.0	1.0
14	86.0	1.0
22	75.0	1.0
12	78.0	1.0
10	75.0	1.0
18	75.0	1.0
8	85.0	1.7882352941176471
24	73.0	1.0
7	83.0	1.6746987951807228
17	68.0	1.0
21	76.0	1.0
25	74.0	1.0
19	70.0	1.0
5	94.0	2.4468085106382977
9	84.0	1.7380952380952381
20	75.0	1.0
23	72.0	1.0
0	94.0	2.425531914893617
