246

6
2
3
9
7
8
7
8
9
7
9
7
9
10
9
10
9
8
10
8
8
9
9
5
9
10
9
10
7
8
8
6
8
8
5
10
10
8
6
8
8
9
10
5
8
10
10
7
9
4
10
5
10
6
10
7
8
8
10
10
10
10
9
10
7
6
8
9
10
10
10
7
8
7
8
9
9
9
10
8
10
10
6
10
9
4
10
10
8
7
9
9
3
9
9
6
10
9
8
2
8
4
9
8
10
9
7
6
10
8
10
9
7
9
8
5
7
8
10
10
10
10
9
10
7
10
10
10
9
10
9
5
10
9
6
10
10
5
6
10
7
10
9
7
9
4
5
9
8
8
8
10
3
7
10
8
6
6
3
9
5
5
9
10
8
9
7
2
8
9
10
10
5
9
10
10
10
7
3
10
8
10
2
5
2
9
8
10
5
8
8
10
7
9
9
10
9
8
10
7
8
7
10
10
10
10
10
7
7
9
10
8
9
9
8
9
10
10
9
9
7
6
9
8
10
9
9
3
9
8
10
2
4
9
9
8
3
9
10
7
3
10
10
10
8
7

2	154.0	1.0
1	157.0	1.0063694267515924
3	149.0	1.0
10	185.0	1.0
4	158.0	1.0
6	163.0	1.0
8	150.0	1.0
9	171.0	1.0058479532163742
5	166.0	1.0
7	161.0	1.0
0	225.0	1.6222222222222222
