25

15
14
37
38
37
37
34
36
21
31
31
40
38
27
8
37
38
31
16
37
40
33
3
39
30

1	23.0	2.4347826086956523
22	19.0	1.0
23	17.0	1.0
18	20.0	1.0
11	19.0	1.0
5	22.0	2.090909090909091
13	17.0	1.0
17	19.0	1.0
20	17.0	1.0
7	22.0	1.7727272727272727
10	17.0	1.0
2	23.0	2.4782608695652173
9	22.0	1.5909090909090908
21	16.0	1.0
6	22.0	1.6363636363636365
25	16.0	1.0
3	23.0	2.260869565217391
19	16.0	1.0
8	21.0	1.619047619047619
14	19.0	1.0
15	14.0	1.0
12	20.0	1.0
24	17.0	1.0
16	19.0	1.0
4	23.0	2.4347826086956523
0	23.0	2.391304347826087
