100

26
36
35
39
35
40
38
28
7
38
38
33
35
26
17
36
37
36
38
32
38
35
37
33
39
39
38
39
34
26
39
25
37
33
39
39
21
8
38
36
38
37
40
37
35
33
37
38
27
27
34
39
36
36
38
29
23
37
39
37
32
34
21
38
39
26
38
27
32
38
38
34
39
36
35
32
20
25
39
38
39
36
26
37
40
30
39
29
21
20
37
38
37
38
10
30
16
37
38
38

3	98.0	2.4591836734693877
13	83.0	1.0
4	98.0	2.326530612244898
18	83.0	1.0
2	99.0	2.4242424242424243
17	76.0	1.0
8	89.0	1.8651685393258426
6	94.0	1.7127659574468086
15	81.0	1.0
14	80.0	1.0
10	80.0	1.0
16	82.0	1.0
9	97.0	1.577319587628866
5	98.0	2.438775510204082
7	93.0	1.7419354838709677
12	88.0	1.0
11	87.0	1.0
1	95.0	2.4947368421052634
23	76.0	1.0
25	74.0	1.0
24	68.0	1.0
21	69.0	1.0
19	71.0	1.0
22	70.0	1.0
20	79.0	1.0
0	99.0	2.4545454545454546
