249

8
39
9
36
36
25
4
38
38
24
39
35
39
36
22
30
35
40
8
38
39
38
37
38
35
34
24
38
36
34
11
40
38
38
36
37
39
26
35
31
30
34
36
38
37
13
39
28
39
36
29
16
34
24
39
16
33
27
19
35
38
38
39
40
37
38
40
38
29
38
36
31
26
37
27
37
3
40
37
36
39
30
34
32
27
37
38
38
38
30
39
36
34
39
33
38
39
37
34
34
39
38
23
38
12
36
7
18
4
37
36
37
38
38
39
34
35
36
40
39
28
38
37
37
37
14
35
38
39
29
36
36
35
6
14
30
12
3
37
39
39
22
40
36
38
35
10
38
28
36
30
36
30
38
34
39
40
12
32
37
38
39
39
40
38
36
38
34
36
6
38
16
34
16
34
36
40
4
39
37
27
14
40
37
36
39
20
26
38
36
9
25
37
24
35
38
35
38
34
34
37
34
39
29
38
31
24
25
33
38
36
36
34
40
26
37
39
36
39
26
23
37
31
36
39
38
35
6
39
38
39
40
33
40
37
39
38
24
38
38
36
39
32
38
36
38
16
37
30

6	234.0	1.688034188034188
4	236.0	2.4110169491525424
9	236.0	1.6906779661016949
8	237.0	1.59915611814346
1	239.0	2.3347280334728033
5	238.0	2.4159663865546217
7	235.0	1.5319148936170213
2	234.0	2.448717948717949
3	244.0	2.331967213114754
15	201.0	1.0
19	209.0	1.0
16	204.0	1.0
21	184.0	1.0
18	194.0	1.0
24	186.0	1.0
12	187.0	1.0
20	182.0	1.0
17	180.0	1.0
11	190.0	1.0
23	192.0	1.0
10	194.0	1.0
25	189.0	1.0
22	202.0	1.0
13	193.0	1.0
14	193.0	1.0
0	241.0	2.4066390041493775
