249

7
9
4
10
9
10
6
9
9
9
9
6
7
7
8
6
10
7
10
10
9
9
10
5
10
10
9
9
9
9
7
7
9
7
8
4
9
5
8
10
8
5
8
4
10
9
9
8
9
10
9
9
5
4
8
8
8
5
10
9
4
7
9
8
8
9
7
9
8
2
6
6
10
10
9
9
8
10
4
9
8
8
3
10
9
10
6
3
9
7
9
10
10
10
7
10
7
10
8
5
9
10
10
9
3
7
9
8
9
6
10
7
10
5
8
7
7
9
9
7
5
7
8
5
9
4
10
10
6
9
10
7
10
10
3
10
7
10
5
4
7
9
9
8
9
7
10
8
9
8
10
9
8
9
10
10
4
10
10
10
10
4
10
2
4
5
9
9
10
5
10
9
8
9
5
10
10
9
10
8
8
10
8
9
10
8
6
9
7
9
3
9
9
9
10
8
10
9
10
3
10
4
8
8
8
8
10
8
10
3
8
4
10
6
10
7
10
3
9
9
9
10
7
8
10
7
7
9
7
10
10
10
6
10
8
5
8
10
10
5
10
8
7
10
5
10
10
10
10

3	169.0	1.0
5	169.0	1.0
1	167.0	1.0059880239520957
2	158.0	1.0
4	155.0	1.0
10	170.0	1.0
7	162.0	1.0
8	158.0	1.0
6	167.0	1.0
9	163.0	1.0
0	223.0	1.5829596412556053
