244

7
5
9
10
2
9
8
6
4
10
8
9
10
10
10
8
2
10
10
9
10
9
9
9
10
7
7
8
4
8
9
10
8
10
5
9
7
10
9
9
9
9
10
10
9
6
7
10
5
9
7
10
3
10
10
8
7
10
5
10
9
10
10
6
10
7
7
7
10
10
10
5
9
4
9
9
8
8
8
9
8
9
7
9
10
8
7
10
9
6
10
9
7
9
8
7
10
9
8
3
9
10
10
10
6
10
10
6
10
10
10
7
10
10
7
9
9
8
5
10
6
10
9
3
7
8
5
8
6
10
7
10
9
5
9
10
10
10
8
10
9
7
9
10
9
5
3
10
10
6
6
10
4
6
10
8
10
10
9
10
6
8
9
6
6
9
6
10
5
10
10
8
7
10
9
10
6
6
8
3
9
8
5
8
9
7
2
9
8
8
10
10
10
9
8
6
9
4
9
7
9
7
3
10
9
9
8
6
10
7
10
8
10
8
10
10
8
9
4
9
10
9
8
6
9
9
2
8
9
9
10
10
10
8
8
6
9
5
9
9
9
6
10
10

1	159.0	1.0
8	157.0	1.0
4	162.0	1.0
3	164.0	1.0
5	160.0	1.0
6	158.0	1.0
9	156.0	1.0
7	183.0	1.0
2	172.0	1.0
10	173.0	1.0
0	221.0	1.5248868778280542
