100

33
39
39
37
36
38
39
40
7
39
21
40
39
38
27
31
38
13
40
37
38
36
38
37
34
39
36
39
40
39
37
31
38
40
38
40
32
37
39
32
35
39
38
34
27
34
24
29
31
31
34
39
31
37
38
40
38
38
38
36
29
36
12
4
31
17
38
38
39
30
25
29
38
37
39
36
39
34
28
27
38
36
14
28
26
31
39
33
26
39
35
37
33
37
37
27
37
17
38
14

19	87.0	1.0
12	82.0	1.0
4	99.0	2.4242424242424243
5	95.0	2.3789473684210525
9	95.0	1.7263157894736842
7	86.0	1.7674418604651163
17	79.0	1.0
18	83.0	1.0
10	83.0	1.0
11	83.0	1.0
6	95.0	1.7157894736842105
20	83.0	1.0
8	91.0	1.7582417582417582
3	96.0	2.3020833333333335
14	77.0	1.0
15	68.0	1.0
13	78.0	1.0
2	98.0	2.4081632653061225
16	78.0	1.0
1	99.0	2.484848484848485
24	80.0	1.0
22	77.0	1.0
23	75.0	1.0
21	78.0	1.0
25	80.0	1.0
0	97.0	2.5876288659793816
