100

35
33
38
35
35
25
38
35
39
37
39
37
38
32
34
22
36
39
38
33
38
24
31
19
38
33
25
39
40
39
39
40
33
34
36
36
30
20
39
39
33
38
33
33
34
6
39
36
4
38
22
6
37
35
37
39
32
40
38
38
38
37
38
9
39
37
33
33
38
38
34
29
4
19
31
31
35
39
39
39
35
32
39
31
11
34
32
33
39
36
15
20
37
3
36
32
38
19
37
35

4	95.0	2.357894736842105
1	96.0	2.4479166666666665
2	93.0	2.5053763440860215
7	94.0	1.5957446808510638
3	97.0	2.350515463917526
5	98.0	2.357142857142857
6	93.0	1.6129032258064515
21	80.0	1.0
13	80.0	1.0
23	76.0	1.0
19	75.0	1.0
8	88.0	1.75
18	78.0	1.0
14	74.0	1.0
24	72.0	1.0
12	73.0	1.0
10	78.0	1.0
11	75.0	1.0
17	69.0	1.0
25	72.0	1.0
16	71.0	1.0
22	82.0	1.0
9	92.0	1.6304347826086956
15	82.0	1.0
20	81.0	1.0
0	97.0	2.5670103092783507
