25

39
34
36
36
38
35
25
29
39
10
6
25
39
36
36
9
30
36
21
36
38
38
36
10
39

19	21.0	1.0
18	20.0	1.0
10	22.0	1.0
2	22.0	2.1363636363636362
9	22.0	1.7727272727272727
8	21.0	1.8571428571428572
14	18.0	1.0
4	23.0	2.391304347826087
16	20.0	1.0
17	17.0	1.0
15	14.0	1.0
6	24.0	1.625
5	23.0	2.347826086956522
3	22.0	2.5454545454545454
12	13.0	1.0
11	15.0	1.0
13	20.0	1.0
7	22.0	1.5454545454545454
1	22.0	2.227272727272727
21	16.0	1.0
23	18.0	1.0
25	19.0	1.0
22	18.0	1.0
20	17.0	1.0
24	17.0	1.0
0	23.0	2.5652173913043477
