245

10
3
4
8
10
4
8
10
10
10
10
10
10
10
9
10
9
9
9
8
8
10
3
9
10
10
8
7
6
5
10
10
9
9
10
6
10
9
9
4
9
4
7
9
2
8
6
9
9
10
10
8
10
10
3
8
10
9
5
9
10
7
8
10
10
10
10
8
7
3
8
9
10
10
8
10
8
10
10
6
10
6
9
9
8
8
10
9
9
6
10
6
10
4
8
10
10
7
8
8
9
6
8
10
10
7
9
5
8
8
4
5
10
8
7
5
9
8
10
7
8
7
10
7
8
9
8
10
7
7
10
9
8
10
10
10
10
10
7
9
8
3
10
7
10
8
3
7
8
9
7
10
8
9
9
2
10
7
2
9
9
10
8
7
4
9
5
10
10
7
8
9
10
3
8
10
10
9
9
3
7
7
4
10
10
8
10
3
8
3
8
10
8
4
9
10
9
9
2
4
4
8
6
9
9
10
7
8
10
2
10
2
8
8
7
11
10
4
7
9
10
10
9
4
10
3
7
10
10
10
9
10
4
7
9
6
10
10
9
5
8
8
10
6
7

7	172.0	1.0
1	164.0	1.0
8	158.0	1.0
3	155.0	1.0064516129032257
2	160.0	1.0
5	155.0	1.0
4	169.0	1.0
6	175.0	1.0057142857142858
10	158.0	1.0
9	148.0	1.0067567567567568
0	203.0	1.6354679802955665
