99

38
38
30
32
17
35
39
37
19
38
37
39
16
38
28
12
34
27
40
38
39
38
38
31
38
32
39
39
39
30
37
40
36
10
37
38
38
38
38
12
39
39
38
39
37
30
35
39
39
33
38
33
38
29
38
39
35
17
24
39
30
36
28
30
24
34
39
35
28
11
38
13
39
38
38
37
39
40
12
38
36
34
23
36
39
26
37
40
6
23
35
35
38
38
37
35
24
38
38

1	95.0	2.4
14	81.0	1.0
2	94.0	2.4680851063829787
9	93.0	1.6451612903225807
11	79.0	1.0
8	96.0	1.6145833333333333
17	85.0	1.0
3	96.0	2.3645833333333335
12	76.0	1.0
16	73.0	1.0
5	95.0	2.4526315789473685
4	96.0	2.4375
15	83.0	1.0
10	78.0	1.0
6	91.0	1.6923076923076923
7	91.0	1.8131868131868132
13	81.0	1.0
21	81.0	1.0
18	77.0	1.0
19	77.0	1.0
25	75.0	1.0
24	75.0	1.0
20	75.0	1.0
22	78.0	1.0
23	70.0	1.0
0	97.0	2.443298969072165
