249

39
36
36
39
39
36
38
32
37
32
28
37
39
38
37
40
28
33
36
40
31
28
40
11
15
37
36
7
38
36
39
31
39
3
38
35
40
35
17
36
38
33
37
36
39
37
38
34
38
29
23
35
38
37
38
37
3
37
37
37
9
28
31
23
37
38
26
21
36
39
18
36
31
8
39
36
39
6
30
40
34
39
2
32
35
39
39
26
38
36
37
35
37
30
39
36
39
35
36
39
5
37
4
39
28
35
38
22
28
39
36
38
33
36
36
31
38
38
39
29
38
24
39
29
22
38
37
39
38
40
38
40
25
6
11
40
35
37
38
39
34
37
39
35
38
38
39
16
36
38
38
21
39
38
25
5
38
38
39
17
10
8
39
37
38
37
6
39
13
39
26
13
38
37
33
39
36
28
8
39
38
38
34
35
31
23
22
37
39
39
39
28
39
36
31
38
4
33
34
26
20
34
17
29
11
26
37
40
16
35
23
22
38
34
32
39
35
29
38
35
38
36
38
14
13
38
39
38
37
39
36
38
27
32
33
25
35
37
39
38
37
12
26
38
40
3
38
40
27

9	227.0	1.6431718061674008
23	194.0	1.0
16	178.0	1.0
15	183.0	1.0
7	213.0	1.7230046948356808
12	174.0	1.0
17	184.0	1.0
5	239.0	2.430962343096234
8	223.0	1.7085201793721974
21	189.0	1.0
3	227.0	2.502202643171806
13	186.0	1.0
2	230.0	2.4347826086956523
20	199.0	1.0
18	198.0	1.0
1	240.0	2.3875
4	230.0	2.4782608695652173
22	198.0	1.0
11	187.0	1.0
6	221.0	1.6244343891402715
19	179.0	1.0
14	179.0	1.0
24	191.0	1.0
10	182.0	1.0
25	198.0	1.0
0	235.0	2.442553191489362
