250

28
37
22
33
20
39
38
39
27
13
39
31
28
37
40
27
30
13
12
39
10
8
32
37
39
38
24
38
39
35
28
25
31
21
37
37
38
39
33
39
38
26
38
11
39
10
39
37
37
8
38
14
13
37
34
39
26
24
39
39
38
28
38
38
38
27
39
39
14
28
18
34
35
39
32
39
29
39
38
37
26
36
14
6
34
31
28
38
34
38
35
8
18
32
30
39
4
5
36
38
7
39
34
30
40
36
12
40
36
28
12
38
36
34
39
33
31
34
36
39
38
38
39
38
38
32
37
5
14
36
28
39
39
35
38
38
39
39
28
16
36
38
37
39
38
34
5
35
26
34
32
40
19
38
35
32
35
24
39
35
38
38
39
33
35
26
34
37
36
37
39
24
33
39
35
36
39
38
30
39
38
38
34
28
37
34
38
22
38
39
38
23
39
32
40
34
39
31
40
6
37
37
26
39
34
39
10
38
12
36
26
33
37
38
40
12
40
37
40
34
34
26
29
36
22
25
34
39
38
32
34
38
38
25
40
33
32
34
37
27
37
30
37
12
37
36
22
36
39
38

8	232.0	1.6896551724137931
4	242.0	2.3181818181818183
11	188.0	1.0
2	242.0	2.334710743801653
7	234.0	1.564102564102564
9	231.0	1.6277056277056277
5	242.0	2.3636363636363638
1	242.0	2.334710743801653
3	242.0	2.3925619834710745
6	231.0	1.619047619047619
10	195.0	1.0
22	196.0	1.0
18	193.0	1.0
20	182.0	1.0
12	181.0	1.0
19	187.0	1.0
23	196.0	1.0
21	184.0	1.0
15	191.0	1.0
24	192.0	1.0
14	177.0	1.0
13	183.0	1.0
17	186.0	1.0
16	182.0	1.0
25	187.0	1.0
0	240.0	2.4458333333333333
