25

39
39
36
38
30
15
39
8
37
37
35
38
19
16
37
39
32
28
34
12
18
38
31
8
32

3	24.0	2.2083333333333335
8	24.0	1.5
6	22.0	1.6363636363636365
9	23.0	1.608695652173913
11	18.0	1.0
7	24.0	1.4583333333333333
5	23.0	2.3043478260869565
12	18.0	1.0
13	15.0	1.0
4	23.0	2.3043478260869565
1	23.0	2.1739130434782608
10	20.0	1.0
2	23.0	2.217391304347826
16	18.0	1.0
24	18.0	1.0
22	17.0	1.0
20	17.0	1.0
21	16.0	1.0
14	17.0	1.0
18	16.0	1.0
15	17.0	1.0
17	16.0	1.0
23	18.0	1.0
25	17.0	1.0
19	17.0	1.0
0	23.0	2.4347826086956523
