250

26
39
38
34
40
8
25
36
31
38
38
38
37
39
39
25
37
37
16
31
28
37
39
35
36
6
39
37
37
36
31
39
31
38
39
27
36
36
31
36
37
36
39
34
29
39
25
28
38
28
39
26
24
25
18
38
37
22
32
38
33
39
38
37
14
38
39
38
35
8
36
37
38
36
34
21
36
12
36
32
39
35
39
11
32
36
17
39
37
32
38
29
31
36
4
37
12
39
23
33
38
3
39
40
35
38
38
39
39
18
33
22
25
39
21
40
19
35
33
25
18
34
9
37
39
36
36
38
35
19
38
38
38
40
31
34
31
38
40
40
28
34
31
38
35
19
32
34
37
12
37
38
12
35
34
8
39
38
25
15
38
5
36
34
33
34
39
38
39
35
36
36
38
37
36
10
37
25
40
33
38
34
37
40
28
38
13
30
39
39
9
3
36
35
32
27
31
38
25
39
12
33
40
37
19
33
10
26
3
40
38
22
39
39
40
38
39
27
20
38
34
30
38
38
36
35
39
30
20
29
39
40
38
38
35
39
39
35
38
36
39
38
37
39
19
23
23
38
36
38

12	189.0	1.0
6	230.0	1.626086956521739
2	234.0	2.423076923076923
1	244.0	2.2868852459016393
13	197.0	1.0
4	241.0	2.4232365145228214
9	236.0	1.694915254237288
11	178.0	1.0
8	235.0	1.548936170212766
5	241.0	2.3817427385892116
7	229.0	1.6244541484716157
10	195.0	1.0
14	203.0	1.0
3	241.0	2.3817427385892116
15	194.0	1.0
19	193.0	1.0
18	180.0	1.0
24	187.0	1.0
16	180.0	1.0
21	191.0	1.0
20	185.0	1.0
17	193.0	1.0
22	181.0	1.0
25	185.0	1.0
23	181.0	1.0
0	239.0	2.4393305439330546
