248

31
38
37
15
38
39
40
24
39
39
21
40
37
35
38
33
28
37
9
30
39
39
39
29
36
17
34
39
36
39
34
37
30
16
37
37
21
38
37
20
39
37
39
15
34
36
35
9
22
38
38
39
40
36
40
26
39
20
39
30
21
31
37
31
13
40
27
36
40
18
32
36
32
37
14
37
37
38
32
39
38
38
35
7
34
25
34
38
35
38
34
33
30
36
40
39
38
38
32
36
37
38
3
22
38
9
37
38
36
29
38
36
17
34
39
37
5
38
18
36
39
38
38
34
32
29
35
39
35
35
11
38
30
33
32
36
38
37
37
38
36
40
35
38
30
40
6
24
33
36
37
34
39
35
8
37
38
34
9
39
40
36
40
40
38
37
37
38
39
14
35
17
28
38
31
38
37
39
36
38
35
18
8
37
36
33
39
38
37
11
32
36
21
10
38
29
37
39
14
33
35
39
29
39
36
28
34
37
32
13
38
24
38
27
38
23
39
40
35
8
40
39
33
36
31
39
35
38
38
38
39
38
34
33
38
33
38
39
37
40
39
39
22
33
4
12
39
32

2	238.0	2.4159663865546217
1	235.0	2.382978723404255
18	193.0	1.0
13	197.0	1.0
8	211.0	1.8625592417061612
15	203.0	1.0
16	188.0	1.0
3	236.0	2.444915254237288
12	200.0	1.0
21	188.0	1.0
14	189.0	1.0
25	191.0	1.0
22	190.0	1.0
11	185.0	1.0
5	239.0	2.4686192468619246
10	196.0	1.0
7	219.0	1.6621004566210045
23	184.0	1.0
9	220.0	1.7045454545454546
24	192.0	1.0
4	233.0	2.463519313304721
6	226.0	1.676991150442478
19	185.0	1.0
17	175.0	1.0
20	197.0	1.0
0	237.0	2.451476793248945
