247

10
9
8
7
8
9
8
9
8
6
8
10
6
10
9
5
9
9
9
8
9
7
10
9
10
10
8
9
8
10
9
10
8
10
10
10
10
7
10
10
10
6
8
8
6
8
9
10
9
10
5
9
9
10
10
7
3
7
7
10
9
9
10
10
3
6
9
7
6
10
9
4
2
9
8
9
9
11
9
7
8
4
8
9
10
9
6
10
5
3
2
9
9
4
10
10
10
7
8
9
7
9
9
4
9
10
8
10
10
10
2
10
10
10
9
9
10
7
9
7
10
8
9
9
5
8
10
8
10
8
10
10
10
8
5
10
9
8
10
8
9
4
5
7
5
10
5
10
10
9
8
8
8
10
9
8
7
10
9
5
10
6
9
5
8
10
7
9
8
10
9
10
9
8
10
9
4
10
6
2
8
9
6
10
8
8
9
8
9
9
8
10
10
10
6
4
9
6
10
5
10
9
10
5
5
10
9
2
9
9
9
4
8
2
10
9
10
9
7
9
10
9
4
9
9
10
10
4
10
5
10
7
10
6
8
10
4
10
5
8
4
10
6
8
9
9
7

3	177.0	1.0056497175141244
4	171.0	1.0
7	159.0	1.0
6	159.0	1.0062893081761006
5	172.0	1.005813953488372
2	153.0	1.0065359477124183
8	162.0	1.0
9	166.0	1.0
1	172.0	1.0
10	168.0	1.0
0	194.0	1.7422680412371134
