100

38
39
38
33
5
18
26
40
38
38
39
34
38
30
37
34
32
35
6
36
36
32
39
34
4
40
40
40
39
34
38
39
37
36
34
15
38
36
39
27
37
38
32
39
34
36
33
38
39
8
39
36
36
34
37
10
7
38
26
38
37
32
39
40
6
38
38
18
36
34
12
39
38
33
40
38
35
15
38
29
35
36
26
38
31
34
36
36
34
37
40
18
38
38
39
32
38
27
39
39

8	92.0	1.75
1	93.0	2.5483870967741935
7	93.0	1.6451612903225807
4	96.0	2.40625
2	95.0	2.4842105263157896
12	81.0	1.0
11	75.0	1.0
6	89.0	1.651685393258427
9	93.0	1.6881720430107527
5	96.0	2.3541666666666665
10	73.0	1.0
3	97.0	2.402061855670103
25	77.0	1.0
14	77.0	1.0
20	79.0	1.0
13	82.0	1.0
24	76.0	1.0
18	79.0	1.0
16	72.0	1.0
22	77.0	1.0
23	80.0	1.0
19	81.0	1.0
17	80.0	1.0
21	87.0	1.0
15	79.0	1.0
0	96.0	2.4583333333333335
