100

37
38
35
36
11
13
18
34
38
20
38
39
9
35
39
38
38
34
29
40
39
38
36
39
36
37
34
24
38
40
40
36
36
39
40
32
9
19
35
15
27
37
33
12
21
38
36
36
17
16
38
39
29
40
40
36
34
30
37
39
22
38
32
3
31
37
40
36
39
36
7
33
7
37
39
36
39
39
40
37
37
39
34
38
22
5
27
38
32
15
30
35
31
28
38
36
32
35
21
35

4	96.0	2.4166666666666665
3	95.0	2.526315789473684
2	94.0	2.3404255319148937
1	91.0	2.4065934065934065
16	73.0	1.0
25	82.0	1.0
23	77.0	1.0
15	83.0	1.0
7	91.0	1.5824175824175823
14	79.0	1.0
10	76.0	1.0
8	86.0	1.6511627906976745
9	88.0	1.6590909090909092
5	96.0	2.5
24	78.0	1.0
13	83.0	1.0
17	66.0	1.0
12	67.0	1.0
19	72.0	1.0
6	88.0	1.6136363636363635
11	72.0	1.0
20	73.0	1.0
18	70.0	1.0
21	71.0	1.0
22	77.0	1.0
0	97.0	2.350515463917526
