246

10
9
10
9
4
10
7
9
5
5
8
10
8
10
10
7
9
10
3
8
8
10
8
8
10
9
8
9
4
10
8
7
4
10
2
7
8
10
9
4
5
3
10
6
4
10
10
7
10
10
10
4
10
6
10
9
6
8
10
9
10
3
8
10
5
9
9
9
8
7
9
10
3
5
9
9
10
8
9
9
9
9
5
7
7
10
8
6
9
10
10
10
6
3
9
7
7
5
6
10
10
5
5
10
6
8
10
4
10
9
9
8
4
6
10
10
7
8
10
7
5
8
10
6
5
10
10
10
5
8
5
10
7
8
10
10
10
9
8
8
9
10
9
10
10
8
9
10
8
7
7
9
5
8
6
10
10
5
8
4
10
10
9
5
10
10
10
10
5
7
5
10
10
4
9
10
10
9
10
8
9
9
10
6
3
9
7
9
10
10
7
10
8
10
9
6
5
9
6
9
3
5
9
6
9
9
9
10
8
9
4
6
7
6
10
9
7
10
9
5
8
9
5
10
10
8
10
10
10
10
10
8
9
4
10
6
8
10
5
4
8
10
9
4
5
8

3	156.0	1.0
5	159.0	1.0
2	149.0	1.0
1	170.0	1.0
4	168.0	1.0
8	162.0	1.0
10	153.0	1.0
9	164.0	1.0
6	160.0	1.0
7	166.0	1.0
0	223.0	1.5515695067264574
