248

10
10
5
7
10
8
9
8
7
8
10
10
8
10
9
9
2
6
7
7
9
9
7
7
10
8
9
8
9
5
10
10
9
10
9
8
7
8
10
8
7
7
8
9
3
10
7
10
6
10
8
2
3
10
10
9
6
10
10
8
8
6
8
6
4
6
7
9
11
4
10
4
10
6
5
8
10
9
9
10
8
8
10
7
8
5
3
9
8
9
10
10
4
10
8
8
8
7
10
5
10
7
6
7
10
9
8
10
7
10
10
6
9
10
9
7
10
6
8
6
10
10
10
8
10
7
7
6
9
9
8
10
7
10
10
6
4
5
5
10
10
9
5
8
7
4
7
10
7
7
10
10
9
10
10
8
7
9
8
9
3
10
7
8
9
3
10
10
9
8
9
10
10
10
7
9
10
10
4
4
9
10
10
10
9
4
3
4
10
10
7
7
10
3
4
9
10
9
9
6
9
3
5
10
6
2
10
8
8
6
7
4
9
9
6
7
9
10
10
9
8
10
8
10
7
9
10
6
10
7
10
10
8
7
4
6
10
7
5
7
5
4
5
5
10
10
6
10

2	182.0	1.0
7	170.0	1.0
1	167.0	1.0
6	163.0	1.0
5	163.0	1.0
4	159.0	1.0
3	158.0	1.0
8	160.0	1.0
9	154.0	1.0
10	152.0	1.0
0	197.0	1.6446700507614214
