99

36
29
38
16
29
12
39
26
28
36
38
36
34
38
34
38
12
36
38
36
35
35
31
36
34
21
35
33
40
38
24
30
37
35
39
38
37
25
32
40
34
33
38
39
38
37
37
40
29
33
38
39
38
38
36
38
9
25
37
37
38
33
36
37
37
34
26
37
26
38
37
17
38
20
38
39
28
5
32
38
28
23
39
33
36
40
39
25
34
19
34
18
26
36
33
36
39
39
36

6	95.0	1.6736842105263159
4	98.0	2.4285714285714284
1	97.0	2.3402061855670104
2	98.0	2.336734693877551
3	95.0	2.2526315789473683
5	99.0	2.4242424242424243
7	92.0	1.641304347826087
9	92.0	1.7717391304347827
8	95.0	1.5894736842105264
20	81.0	1.0
15	85.0	1.0
10	81.0	1.0
19	78.0	1.0
11	75.0	1.0
23	73.0	1.0
24	80.0	1.0
22	80.0	1.0
14	80.0	1.0
16	83.0	1.0
21	74.0	1.0
12	70.0	1.0
13	65.0	1.0
18	70.0	1.0
25	76.0	1.0
17	75.0	1.0
0	96.0	2.5625
