246

10
7
10
6
10
5
9
9
10
4
9
9
10
8
10
6
9
7
5
10
10
10
10
9
7
7
9
10
9
8
10
3
6
6
9
10
7
10
9
9
5
9
8
6
10
8
8
8
10
10
9
7
10
6
8
10
7
2
7
9
10
7
5
10
8
6
10
3
10
6
8
7
8
7
4
10
10
9
8
10
10
10
8
3
9
5
8
7
10
9
10
6
9
10
9
10
10
10
10
9
8
9
8
2
6
9
9
10
9
8
10
4
10
10
10
9
9
10
8
10
4
9
9
8
9
10
4
9
9
6
7
9
6
4
10
9
6
10
8
10
8
9
8
8
10
6
7
9
3
4
10
4
8
3
2
8
10
10
9
5
9
8
6
4
8
10
9
10
10
10
10
6
9
10
9
7
5
9
7
4
10
7
8
5
8
10
10
9
9
9
7
9
6
8
6
4
5
10
9
10
10
9
9
10
10
6
10
10
3
7
6
10
8
8
6
7
9
6
3
9
5
9
9
10
10
9
10
9
10
4
9
6
9
10
6
9
9
6
9
9
8
8
10
6
10
2

2	141.0	1.0
1	147.0	1.0
7	183.0	1.0
8	160.0	1.0
9	169.0	1.0
10	162.0	1.0
3	149.0	1.0
4	165.0	1.0
6	178.0	1.0
5	179.0	1.011173184357542
0	222.0	1.4954954954954955
