99

34
35
38
36
39
33
6
40
39
39
38
22
31
24
39
38
32
36
31
34
34
39
35
37
34
37
40
28
34
39
38
36
39
39
37
33
39
38
23
36
38
32
39
31
38
37
36
39
34
37
34
39
39
34
40
5
33
31
30
24
26
26
32
39
38
39
37
38
29
37
39
39
38
35
40
40
33
30
38
11
38
31
27
39
38
38
13
35
31
38
38
39
31
39
39
32
35
14
35

3	97.0	2.422680412371134
4	96.0	2.40625
6	93.0	1.6989247311827957
1	96.0	2.53125
5	97.0	2.422680412371134
2	96.0	2.4479166666666665
8	92.0	1.7717391304347827
11	85.0	1.0
22	80.0	1.0
14	79.0	1.0
15	79.0	1.0
23	81.0	1.0
17	80.0	1.0
16	81.0	1.0
7	92.0	1.7065217391304348
12	77.0	1.0
13	82.0	1.0
10	81.0	1.0
24	81.0	1.0
21	81.0	1.0
19	82.0	1.0
20	84.0	1.0
18	81.0	1.0
9	93.0	1.7634408602150538
25	79.0	1.0
0	98.0	2.5408163265306123
