249

40
38
38
8
29
34
40
36
34
32
34
4
34
38
38
23
38
12
39
34
35
40
37
39
30
30
32
8
34
39
40
7
27
8
38
8
5
32
34
36
30
36
30
25
24
36
38
30
39
18
10
32
33
38
37
32
38
33
31
37
38
33
36
37
38
36
38
5
15
5
36
9
38
39
29
10
36
39
18
33
36
36
10
33
32
10
34
39
38
39
38
39
32
33
37
39
39
37
39
34
17
39
33
39
21
37
37
36
15
35
24
32
27
20
40
39
39
38
36
33
34
35
28
38
21
39
35
35
7
36
38
36
38
39
32
35
39
38
40
21
29
10
37
4
39
20
16
38
3
32
33
38
30
34
40
35
40
37
38
40
6
37
34
32
40
39
7
38
19
39
37
36
14
25
39
40
39
39
35
38
33
29
31
39
39
33
22
39
31
33
37
39
39
9
39
31
37
36
32
21
13
38
37
34
26
37
33
39
16
39
38
19
31
38
38
39
31
38
38
39
38
37
38
40
33
40
38
36
40
38
39
16
38
34
3
39
38
32
39
19
11
39
39
39
36
37
8
31
37

6	225.0	1.6266666666666667
2	233.0	2.4334763948497855
1	238.0	2.2983193277310923
7	225.0	1.64
8	227.0	1.5991189427312775
4	236.0	2.3813559322033897
3	233.0	2.3991416309012874
5	235.0	2.3106382978723405
22	180.0	1.0
21	181.0	1.0
23	189.0	1.0
18	183.0	1.0
15	184.0	1.0
10	185.0	1.0
16	184.0	1.0
24	182.0	1.0
9	206.0	1.8155339805825244
19	191.0	1.0
20	191.0	1.0
25	187.0	1.0
13	196.0	1.0
11	191.0	1.0
17	190.0	1.0
12	201.0	1.0
14	201.0	1.0
0	227.0	2.5286343612334803
