25

15
37
33
38
33
37
28
9
35
38
36
39
7
38
38
14
39
34
39
21
29
37
34
4
37

2	24.0	2.4166666666666665
8	22.0	1.7272727272727273
10	19.0	1.0
6	21.0	1.7142857142857142
4	23.0	2.217391304347826
1	24.0	2.4166666666666665
3	25.0	2.16
5	24.0	2.2083333333333335
7	24.0	1.4583333333333333
12	20.0	1.0
9	23.0	1.565217391304348
11	18.0	1.0
18	18.0	1.0
21	18.0	1.0
15	16.0	1.0
25	18.0	1.0
22	18.0	1.0
13	18.0	1.0
14	15.0	1.0
24	16.0	1.0
16	18.0	1.0
17	17.0	1.0
20	16.0	1.0
19	18.0	1.0
23	15.0	1.0
0	22.0	2.3636363636363638
