250

31
36
28
37
38
39
39
40
27
39
34
39
16
38
40
39
10
6
39
5
36
30
39
25
27
40
37
27
38
38
28
38
38
28
35
33
33
38
36
12
36
39
37
39
38
37
32
34
38
35
39
38
37
37
37
39
39
12
15
15
32
14
39
35
39
30
33
40
30
36
38
32
20
37
39
29
38
39
40
30
16
35
38
38
19
12
37
39
35
36
38
21
39
37
37
39
34
34
40
34
38
28
39
21
33
33
39
40
19
39
20
34
37
37
39
32
36
6
34
35
36
33
40
26
37
38
36
39
25
11
38
33
35
20
37
28
34
33
32
23
26
40
33
39
37
16
38
39
26
28
6
39
38
39
35
38
39
36
40
3
33
35
39
28
37
4
38
39
38
37
36
36
17
39
35
34
32
37
39
39
18
37
36
17
23
19
34
20
33
38
25
38
34
39
32
30
32
36
10
36
38
40
39
39
39
39
38
19
35
38
24
6
28
32
19
30
26
39
38
34
39
11
36
39
35
27
36
38
39
12
39
38
33
27
31
23
32
36
5
39
36
39
39
25
39
39
9
28
37
17

4	242.0	2.4049586776859506
2	242.0	2.4049586776859506
5	238.0	2.3907563025210083
9	235.0	1.6170212765957446
11	184.0	1.0
12	195.0	1.0
7	231.0	1.6233766233766234
3	239.0	2.430962343096234
8	235.0	1.6425531914893616
1	242.0	2.330578512396694
13	197.0	1.0
14	200.0	1.0
10	194.0	1.0
6	234.0	1.6025641025641026
17	191.0	1.0
24	190.0	1.0
20	188.0	1.0
22	187.0	1.0
25	194.0	1.0
23	188.0	1.0
16	180.0	1.0
19	181.0	1.0
15	182.0	1.0
18	190.0	1.0
21	186.0	1.0
0	237.0	2.4725738396624473
