249

36
37
37
24
31
31
35
30
32
38
28
35
38
38
40
37
38
34
35
33
31
12
38
40
38
37
33
12
20
17
18
38
34
39
37
40
38
38
37
16
13
22
23
37
39
26
37
37
36
31
39
36
38
34
40
33
36
35
24
38
34
21
38
20
35
35
33
32
39
8
38
28
34
39
39
39
28
37
39
39
15
25
35
38
39
38
28
39
11
35
40
24
38
39
36
19
38
38
35
34
40
39
39
32
23
33
24
30
17
36
33
17
39
38
35
39
33
37
37
33
35
36
39
36
36
39
39
40
38
36
37
38
36
38
35
38
36
21
39
39
37
37
30
37
36
40
36
36
37
36
34
6
22
30
40
35
23
35
36
15
38
30
37
39
33
39
17
36
33
37
37
33
36
35
25
39
35
27
38
34
37
24
35
38
39
40
34
38
37
32
38
37
36
38
12
36
39
33
31
22
28
37
40
34
39
36
40
37
22
40
40
37
38
36
38
24
40
33
38
39
39
15
36
34
37
32
39
38
36
28
38
34
38
34
24
35
34
33
38
29
36
37
32
28
30
32
21
38
38

1	241.0	2.5269709543568464
6	241.0	1.6846473029045643
24	208.0	1.0
10	202.0	1.0
17	195.0	1.0
11	207.0	1.0
21	192.0	1.0
9	235.0	1.6170212765957446
2	243.0	2.45679012345679
14	201.0	1.0
22	203.0	1.0
8	231.0	1.6926406926406927
5	236.0	2.5084745762711864
3	235.0	2.451063829787234
12	196.0	1.0
7	232.0	1.6508620689655173
23	192.0	1.0
4	245.0	2.4693877551020407
19	181.0	1.0
18	188.0	1.0
15	184.0	1.0
13	192.0	1.0
16	205.0	1.0
25	205.0	1.0
20	208.0	1.0
0	245.0	2.4938775510204083
