247

10
9
2
5
7
8
9
8
10
9
7
9
10
7
10
7
6
9
4
8
10
6
10
6
10
9
9
8
9
8
10
8
10
10
6
10
8
6
9
9
9
10
10
7
9
7
3
7
8
7
9
3
8
9
8
8
3
10
5
8
9
7
8
8
10
9
10
9
10
5
7
5
5
9
6
6
10
10
10
7
8
8
10
6
9
10
9
10
6
10
10
7
3
4
9
7
8
5
7
5
4
8
9
10
10
11
10
3
10
10
9
9
10
6
6
6
7
6
8
7
8
10
6
9
9
10
6
10
9
7
7
7
10
10
7
3
9
10
10
6
9
8
5
10
9
3
10
6
10
9
10
4
4
10
8
9
5
10
10
9
8
9
7
9
7
10
8
6
9
7
10
3
9
10
9
2
10
10
5
10
2
7
10
8
4
8
4
10
6
10
10
6
10
6
8
8
10
10
10
9
5
4
7
10
9
10
10
10
9
7
7
9
9
7
8
10
4
10
9
9
10
10
2
10
3
10
8
6
10
9
3
4
2
6
8
8
2
9
9
6
8
5
4
3
10
4
5

1	157.0	1.0
3	168.0	1.0
5	153.0	1.0
2	157.0	1.0063694267515924
4	152.0	1.0
6	176.0	1.0
10	153.0	1.0
9	143.0	1.006993006993007
7	152.0	1.0
8	164.0	1.0
0	216.0	1.5648148148148149
