248

39
39
37
37
36
39
31
36
35
23
26
35
38
38
39
3
29
37
32
38
3
35
17
35
28
11
35
26
37
35
32
36
39
35
39
4
37
37
32
38
38
23
38
30
38
37
34
38
37
30
39
39
38
39
37
22
38
36
29
34
32
28
24
34
32
37
32
36
28
39
36
29
31
27
35
32
23
39
37
30
14
39
24
39
31
35
35
28
40
27
38
16
33
39
27
39
32
15
35
33
39
35
39
38
39
35
32
37
34
35
39
36
40
38
37
39
24
18
39
33
32
39
17
35
36
38
26
38
39
39
39
28
34
30
3
32
39
35
32
38
8
27
29
7
39
36
36
35
36
37
36
38
3
13
35
31
30
22
18
34
25
35
34
25
37
36
26
32
34
40
39
27
39
27
30
32
35
13
38
30
39
39
29
36
34
28
36
37
38
39
35
38
34
31
33
40
39
30
36
19
38
20
40
31
39
32
28
31
25
35
34
9
40
3
39
38
38
13
39
38
38
38
35
15
38
39
36
39
37
39
29
38
37
37
36
35
30
27
35
26
26
28
36
35
7
25
39
14

2	238.0	2.3487394957983194
9	232.0	1.581896551724138
18	194.0	1.0
8	229.0	1.7161572052401746
15	192.0	1.0
7	227.0	1.7136563876651982
10	205.0	1.0
3	241.0	2.3858921161825726
17	194.0	1.0
11	194.0	1.0
16	182.0	1.0
14	192.0	1.0
13	181.0	1.0
1	241.0	2.3692946058091287
4	235.0	2.3957446808510636
5	242.0	2.2975206611570247
6	222.0	1.6891891891891893
12	184.0	1.0
20	187.0	1.0
23	196.0	1.0
21	180.0	1.0
25	180.0	1.0
22	185.0	1.0
19	180.0	1.0
24	181.0	1.0
0	237.0	2.4894514767932487
