244

4
4
6
8
4
9
9
10
9
9
5
10
9
8
6
10
9
10
9
8
7
9
3
7
5
10
10
8
8
2
6
10
9
8
10
9
10
8
10
5
8
3
6
7
10
11
9
9
10
10
7
10
10
3
10
6
5
9
10
5
7
6
3
10
10
7
5
6
7
10
6
9
10
8
10
10
6
7
8
10
10
8
10
10
10
8
9
9
8
10
4
9
6
9
10
10
9
5
8
10
10
4
10
6
9
10
9
7
9
6
7
8
10
9
10
10
9
9
8
10
9
10
10
4
7
8
10
5
10
10
8
8
5
9
8
6
4
10
9
9
10
10
10
3
8
10
8
10
10
5
7
9
6
10
9
10
8
5
7
9
10
10
5
5
9
10
10
8
10
7
9
8
9
10
8
10
6
9
10
9
7
5
5
5
9
10
3
7
3
10
9
5
3
8
10
9
4
10
10
9
10
9
9
9
10
9
5
5
10
9
9
10
8
9
9
7
10
9
10
4
10
9
8
10
8
5
9
7
8
9
8
10
10
6
3
7
8
10
9
9
7
7
8
9

1	167.0	1.0
2	163.0	1.0
3	160.0	1.00625
8	153.0	1.0
10	166.0	1.0
6	171.0	1.0
5	158.0	1.0
7	171.0	1.0
9	167.0	1.0
4	172.0	1.0
0	218.0	1.4495412844036697
