25

29
39
30
39
24
6
14
37
5
34
40
38
39
37
15
25
33
34
23
21
34
39
38
30
36

10	18.0	1.0
12	14.0	1.0
17	20.0	1.0
4	23.0	2.3043478260869565
6	22.0	1.7727272727272727
14	20.0	1.0
2	22.0	2.1818181818181817
7	22.0	1.6363636363636365
13	17.0	1.0
3	23.0	2.130434782608696
21	19.0	1.0
20	19.0	1.0
19	19.0	1.0
5	24.0	2.125
18	19.0	1.0
15	21.0	1.0
9	23.0	1.565217391304348
11	17.0	1.0
8	23.0	1.608695652173913
16	19.0	1.0
1	22.0	2.5454545454545454
22	16.0	1.0
25	15.0	1.0
24	14.0	1.0
23	14.0	1.0
0	23.0	2.3043478260869565
