248

9
7
9
9
9
9
7
3
5
7
10
9
8
10
9
7
10
10
9
3
10
10
7
10
10
4
10
8
9
10
9
10
9
9
7
9
9
8
10
10
9
3
10
9
9
9
10
9
9
6
5
9
8
8
7
10
8
4
8
10
8
10
3
9
6
6
9
10
4
7
8
10
8
7
4
8
9
9
8
9
2
8
8
4
10
10
9
9
9
5
8
9
10
6
5
7
9
7
7
10
5
10
9
9
10
10
8
10
6
7
9
5
10
2
3
8
10
5
10
10
8
4
9
9
4
4
8
10
10
9
8
8
8
10
9
7
9
10
4
10
9
10
4
10
10
5
9
8
4
9
2
6
8
10
9
9
6
7
7
9
7
8
9
5
10
7
9
10
10
10
10
10
8
4
7
10
10
10
6
10
5
8
5
10
10
8
10
6
6
7
3
9
10
8
10
8
10
9
8
9
4
8
10
9
8
4
10
2
9
7
10
6
9
10
6
6
7
7
8
3
3
8
8
4
4
7
10
2
8
10
10
6
8
7
8
2
8
2
8
9
9
3
10
4
6
10
10
10

3	169.0	1.0
2	166.0	1.0
1	160.0	1.0
8	165.0	1.006060606060606
9	160.0	1.0
10	153.0	1.0
5	149.0	1.0
4	154.0	1.0
6	161.0	1.0
7	163.0	1.0
0	224.0	1.4776785714285714
