249

26
36
39
21
12
34
38
10
15
32
38
36
38
9
40
34
12
29
39
34
13
34
35
37
37
31
37
30
38
31
37
25
12
23
27
37
39
30
38
35
39
26
39
34
28
14
38
38
33
34
39
39
9
39
33
39
37
40
39
39
15
24
35
38
39
24
31
37
32
25
28
38
35
31
39
39
26
36
29
29
36
31
37
29
38
23
35
37
40
28
39
37
37
35
38
34
32
38
32
25
37
34
38
39
38
40
39
36
38
37
36
38
36
18
38
36
40
39
37
36
36
35
39
29
38
22
39
27
12
25
38
28
9
9
37
38
36
37
36
39
36
35
35
34
38
35
28
28
38
29
38
27
39
36
38
35
38
25
31
31
26
4
31
36
26
32
35
39
37
26
38
38
32
23
33
39
34
37
6
38
37
10
33
35
26
35
38
30
39
7
35
38
35
39
39
39
38
40
36
39
40
39
33
40
38
38
26
38
34
37
39
39
25
40
26
38
30
3
37
38
39
39
33
26
35
9
35
13
38
22
36
34
5
37
34
27
38
12
39
38
38
36
38
34
38
30
35
35
32

18	198.0	1.0
16	190.0	1.0
6	213.0	1.7981220657276995
10	184.0	1.0
11	193.0	1.0
5	246.0	2.3658536585365852
7	233.0	1.6180257510729614
3	240.0	2.3375
14	198.0	1.0
17	188.0	1.0
19	195.0	1.0
13	178.0	1.0
2	237.0	2.4050632911392404
9	209.0	1.832535885167464
4	244.0	2.3688524590163933
1	246.0	2.3333333333333335
8	234.0	1.641025641025641
15	194.0	1.0
12	196.0	1.0
23	191.0	1.0
24	193.0	1.0
21	191.0	1.0
25	196.0	1.0
20	198.0	1.0
22	192.0	1.0
0	237.0	2.49789029535865
