100

37
27
26
40
38
24
14
25
35
12
35
33
10
33
38
39
39
35
39
36
40
38
36
18
22
6
5
34
6
34
39
37
32
37
7
34
39
38
38
38
38
36
27
40
35
38
32
36
38
35
33
38
35
35
24
35
28
6
38
37
36
36
19
11
22
39
39
6
6
39
39
40
31
30
37
30
38
6
35
40
38
38
39
34
36
36
39
38
7
36
14
7
38
34
11
36
36
35
34
35

7	92.0	1.6521739130434783
6	93.0	1.5806451612903225
1	94.0	2.3617021276595747
2	94.0	2.3297872340425534
5	93.0	2.3440860215053765
4	91.0	2.3076923076923075
3	90.0	2.4555555555555557
21	72.0	1.0
12	77.0	1.0
10	69.0	1.0
19	71.0	1.0
8	81.0	1.6790123456790123
13	75.0	1.0
17	78.0	1.0
20	72.0	1.0
18	68.0	1.0
14	68.0	1.0
11	78.0	1.0
9	84.0	1.7142857142857142
16	72.0	1.0
15	74.0	1.0
24	75.0	1.0
22	72.0	1.0
23	71.0	1.0
25	74.0	1.0
0	93.0	2.3870967741935485
