100

35
38
35
39
38
38
33
38
39
39
36
36
31
35
27
38
7
29
39
36
38
5
37
13
35
13
39
37
27
26
31
38
23
14
36
35
38
39
15
26
38
39
38
39
40
37
32
39
3
38
34
39
26
38
39
31
29
30
28
26
39
38
32
36
7
35
19
35
39
31
35
38
35
20
26
25
39
6
30
36
33
20
36
31
6
32
34
25
24
35
28
33
31
6
24
16
26
23
26
37

12	74.0	1.0
10	79.0	1.0
1	96.0	2.25
14	77.0	1.0
2	97.0	2.2577319587628866
11	74.0	1.0
15	71.0	1.0
9	91.0	1.6153846153846154
13	77.0	1.0
18	70.0	1.0
16	74.0	1.0
4	96.0	2.2291666666666665
7	86.0	1.802325581395349
5	93.0	2.236559139784946
8	87.0	1.6666666666666667
17	77.0	1.0
3	93.0	2.4193548387096775
6	90.0	1.6666666666666667
21	68.0	1.0
24	62.0	1.0
23	67.0	1.0
22	65.0	1.0
25	63.0	1.0
20	67.0	1.0
19	72.0	1.0
0	95.0	2.3684210526315788
