25

34
39
39
34
38
8
27
38
34
35
38
33
33
33
39
4
38
39
34
40
35
35
38
30
30

2	24.0	2.5833333333333335
1	24.0	2.2083333333333335
14	18.0	1.0
5	23.0	2.739130434782609
15	21.0	1.0
6	24.0	1.7916666666666667
17	21.0	1.0
18	20.0	1.0
22	21.0	1.0
12	20.0	1.0
21	18.0	1.0
20	19.0	1.0
3	24.0	2.4166666666666665
4	23.0	2.4782608695652173
19	22.0	1.0
16	21.0	1.0
9	23.0	1.7391304347826086
23	21.0	1.0
10	16.0	1.0
7	23.0	1.7391304347826086
24	19.0	1.0
11	18.0	1.0
8	22.0	1.7727272727272727
25	21.0	1.0
13	18.0	1.0
0	23.0	2.4347826086956523
