100

29
35
37
24
33
38
37
40
39
34
39
32
28
10
39
33
34
38
39
34
36
39
31
38
34
29
37
13
9
36
32
32
39
33
39
36
34
34
30
25
21
39
23
36
34
35
38
37
36
38
34
9
36
38
21
33
39
28
32
40
39
39
18
38
32
39
40
36
38
34
25
17
38
37
28
36
36
40
16
39
38
4
38
36
38
11
36
38
37
6
28
39
28
38
34
6
37
35
29
7

4	98.0	2.326530612244898
7	94.0	1.627659574468085
8	93.0	1.5483870967741935
5	96.0	2.40625
2	94.0	2.4680851063829787
1	97.0	2.3195876288659796
6	91.0	1.6373626373626373
3	96.0	2.40625
18	75.0	1.0
15	78.0	1.0
14	75.0	1.0
11	76.0	1.0
23	70.0	1.0
21	73.0	1.0
9	92.0	1.641304347826087
13	84.0	1.0
20	77.0	1.0
12	76.0	1.0
19	70.0	1.0
10	71.0	1.0
25	78.0	1.0
16	75.0	1.0
24	75.0	1.0
17	76.0	1.0
22	79.0	1.0
0	95.0	2.431578947368421
