245

10
10
2
6
6
9
10
10
4
7
6
10
7
9
10
3
10
10
10
9
9
9
9
9
9
10
4
4
9
10
10
10
8
8
8
10
10
7
3
10
10
3
9
5
10
10
2
6
9
9
3
9
3
7
9
10
9
9
10
10
4
3
5
10
8
10
9
10
10
10
10
4
10
10
8
10
10
10
10
7
10
6
10
10
10
3
10
8
9
3
8
10
4
5
10
9
10
7
9
10
4
10
6
10
9
9
10
4
10
6
7
8
6
9
9
9
10
10
3
3
9
5
9
10
10
4
10
8
6
10
3
8
10
2
7
10
10
10
9
10
10
8
8
8
9
6
3
10
8
7
9
9
8
10
5
8
8
3
5
8
10
10
6
9
10
7
10
10
8
6
10
10
9
3
6
7
10
10
8
10
8
7
10
10
8
6
10
9
10
9
10
9
9
4
10
6
10
4
10
6
9
10
9
9
8
9
10
7
6
6
4
8
8
9
10
10
10
6
5
10
10
10
10
9
7
6
10
7
8
6
9
10
9
10
10
10
10
10
6
9
5
6
10
9
10

1	143.0	1.0
4	158.0	1.0
2	152.0	1.006578947368421
3	160.0	1.0
9	166.0	1.0
6	161.0	1.0
5	153.0	1.0
8	166.0	1.0060240963855422
10	175.0	1.0
7	185.0	1.0
0	221.0	1.6244343891402715
