99

31
30
36
37
30
24
36
39
26
35
3
39
36
37
15
39
38
38
32
37
26
39
39
36
15
38
38
8
37
37
39
7
37
38
37
7
37
36
39
36
31
24
30
38
38
26
36
38
39
35
39
37
32
39
38
8
26
39
38
38
36
40
7
20
36
37
38
35
39
35
34
37
39
39
39
34
35
36
37
13
36
36
6
39
37
26
39
31
37
28
36
39
37
35
39
39
31
36
20

6	92.0	1.6956521739130435
13	78.0	1.0
16	75.0	1.0
7	91.0	1.7472527472527473
2	96.0	2.46875
3	94.0	2.4361702127659575
17	78.0	1.0
14	77.0	1.0
18	83.0	1.0
8	91.0	1.7582417582417582
1	93.0	2.4946236559139785
15	75.0	1.0
4	93.0	2.4193548387096775
11	81.0	1.0
10	74.0	1.0
9	90.0	1.6555555555555554
12	83.0	1.0
5	93.0	2.5483870967741935
25	76.0	1.0
23	74.0	1.0
21	75.0	1.0
22	73.0	1.0
19	72.0	1.0
20	72.0	1.0
24	71.0	1.0
0	91.0	2.4725274725274726
