100

26
38
3
24
38
39
22
38
25
23
37
38
37
35
28
38
38
29
39
39
39
35
37
13
38
35
19
36
26
32
15
38
22
37
26
34
34
39
33
26
30
28
27
38
36
30
25
38
11
35
38
8
37
39
36
21
35
36
23
28
38
38
39
38
38
37
25
40
39
38
35
36
40
39
35
10
20
31
22
3
35
40
33
40
18
39
39
40
33
4
12
36
39
38
38
39
38
39
39
20

2	98.0	2.2448979591836733
3	95.0	2.357894736842105
1	93.0	2.4086021505376345
5	95.0	2.336842105263158
24	77.0	1.0
23	76.0	1.0
19	80.0	1.0
6	92.0	1.6195652173913044
17	69.0	1.0
25	72.0	1.0
14	70.0	1.0
9	85.0	1.8235294117647058
7	79.0	1.7721518987341771
10	74.0	1.0
22	66.0	1.0
15	73.0	1.0
13	72.0	1.0
4	95.0	2.357894736842105
20	84.0	1.0
16	75.0	1.0
21	73.0	1.0
12	78.0	1.0
18	79.0	1.0
8	82.0	1.8780487804878048
11	72.0	1.0
0	99.0	2.474747474747475
