25

36
38
18
33
40
22
33
39
39
5
30
33
31
22
30
11
20
11
37
36
36
39
31
37
36

18	18.0	1.0
9	24.0	1.4583333333333333
4	23.0	2.3043478260869565
11	17.0	1.0
13	14.0	1.0
5	22.0	2.4545454545454546
16	18.0	1.0
3	21.0	2.3333333333333335
14	18.0	1.0
12	16.0	1.0
15	18.0	1.0
2	21.0	2.3333333333333335
22	17.0	1.0
19	19.0	1.0
21	18.0	1.0
10	19.0	1.0
17	18.0	1.0
1	23.0	2.260869565217391
6	22.0	1.7272727272727273
23	18.0	1.0
20	20.0	1.0
7	21.0	1.8095238095238095
8	21.0	1.619047619047619
24	18.0	1.0
25	18.0	1.0
0	22.0	2.590909090909091
