99

26
38
26
39
36
34
34
36
38
10
38
37
39
38
25
19
37
37
27
25
33
30
6
40
39
34
38
39
39
39
39
39
38
36
38
37
38
29
38
37
38
15
33
4
36
36
39
37
13
39
6
15
38
40
33
32
33
38
36
38
26
28
38
35
32
37
33
39
31
28
36
35
40
36
39
17
40
39
39
28
33
36
17
37
38
39
11
38
37
39
36
30
20
36
36
37
37
12
38

5	98.0	2.357142857142857
3	96.0	2.3645833333333335
1	95.0	2.431578947368421
2	95.0	2.473684210526316
4	94.0	2.4468085106382977
11	82.0	1.0
18	81.0	1.0
10	77.0	1.0
12	78.0	1.0
23	73.0	1.0
15	80.0	1.0
17	74.0	1.0
21	69.0	1.0
16	76.0	1.0
13	82.0	1.0
19	77.0	1.0
6	86.0	1.8488372093023255
7	89.0	1.6741573033707866
8	90.0	1.7555555555555555
20	69.0	1.0
9	90.0	1.6888888888888889
22	78.0	1.0
14	74.0	1.0
24	78.0	1.0
25	79.0	1.0
0	94.0	2.425531914893617
