246

8
9
10
8
9
10
10
10
7
4
10
5
8
9
9
9
6
6
2
9
4
10
3
10
6
10
6
9
10
10
9
10
8
7
9
9
10
9
8
4
10
4
10
10
10
10
10
10
10
10
9
8
9
9
8
9
6
9
9
8
9
7
4
10
10
9
9
4
7
9
7
8
9
4
10
9
10
6
10
10
10
7
9
7
8
7
10
7
8
9
7
3
9
10
6
9
8
4
9
10
6
8
10
10
10
9
9
7
9
8
10
8
4
9
10
10
9
3
5
10
7
8
9
6
9
9
9
9
4
10
9
10
10
9
10
10
10
10
10
9
3
7
8
10
4
7
9
10
10
9
10
7
9
8
8
8
9
5
10
2
10
9
10
10
9
10
8
9
4
6
5
2
6
9
10
8
10
10
9
10
10
7
6
10
8
10
7
9
7
7
6
10
10
5
8
10
9
8
9
8
7
5
8
9
8
8
5
10
7
10
10
8
10
8
6
7
10
10
5
3
9
10
10
6
8
8
10
8
9
8
9
3
9
7
8
10
10
8
8
7
9
4
9
6
5
4

7	181.0	1.0055248618784531
4	169.0	1.0
6	168.0	1.0
3	172.0	1.0
2	167.0	1.0
1	155.0	1.0
5	166.0	1.0
8	173.0	1.0
9	152.0	1.0
10	150.0	1.0
0	209.0	1.6220095693779903
