24

26
39
37
39
34
36
21
38
36
30
19
38
7
34
30
39
7
22
39
39
37
38
20
38

10	19.0	1.0
7	22.0	1.4545454545454546
6	22.0	1.6363636363636365
12	23.0	1.0
5	23.0	2.347826086956522
13	19.0	1.0
4	22.0	2.5454545454545454
1	23.0	2.130434782608696
14	19.0	1.0
8	21.0	1.6666666666666667
3	23.0	2.260869565217391
11	15.0	1.0
9	21.0	1.7619047619047619
2	23.0	2.5217391304347827
21	16.0	1.0
20	17.0	1.0
17	14.0	1.0
22	16.0	1.0
16	17.0	1.0
19	18.0	1.0
15	18.0	1.0
24	17.0	1.0
18	17.0	1.0
23	17.0	1.0
25	16.0	1.0
0	22.0	2.5454545454545454
