248

3
5
10
10
10
9
9
10
10
10
10
9
5
4
10
4
10
9
10
10
10
4
10
4
8
3
6
10
5
10
8
10
9
8
9
10
9
8
10
5
8
6
9
6
9
10
8
9
8
7
10
5
2
7
8
9
10
10
9
10
10
5
10
10
10
9
10
10
3
10
9
10
9
8
10
9
10
5
10
4
9
6
7
10
10
9
3
3
10
5
5
9
5
6
4
9
9
10
8
9
6
10
8
8
10
8
6
5
6
7
9
10
8
7
9
7
10
5
8
8
10
9
3
3
9
7
2
7
4
9
10
7
8
10
10
10
10
10
9
7
8
10
10
4
10
3
9
9
10
6
8
9
3
10
7
7
7
10
5
10
10
10
9
10
7
10
4
2
7
10
9
5
5
9
9
9
9
10
9
9
9
10
8
8
4
8
7
7
8
8
9
6
9
6
8
10
10
5
10
10
10
8
3
7
9
8
8
8
10
10
10
7
6
9
10
9
9
7
5
6
7
5
9
9
9
9
9
8
10
10
10
10
2
7
10
9
8
9
10
9
8
10
6
10
9
9
9
9

2	155.0	1.0
1	152.0	1.006578947368421
4	165.0	1.0
3	168.0	1.0
5	166.0	1.0060240963855422
8	165.0	1.0
6	163.0	1.0
10	175.0	1.0
7	175.0	1.0
9	160.0	1.0
0	224.0	1.5089285714285714
