100

10
35
38
22
37
38
39
36
38
36
39
26
7
40
6
39
38
38
37
39
39
10
35
35
38
24
28
16
36
36
39
23
23
38
32
39
36
37
38
26
37
39
34
32
40
39
37
29
10
37
37
39
34
39
38
32
39
39
36
40
31
38
36
29
34
40
32
30
39
29
39
31
39
22
40
32
8
39
38
39
31
36
28
38
40
38
39
38
26
39
37
27
20
4
30
28
32
37
38
39

4	96.0	2.5208333333333335
2	95.0	2.4526315789473685
5	97.0	2.3608247422680413
6	91.0	1.6813186813186813
3	97.0	2.4123711340206184
10	79.0	1.0
1	96.0	2.4166666666666665
8	98.0	1.653061224489796
9	93.0	1.6236559139784945
7	90.0	1.6888888888888889
20	84.0	1.0
14	89.0	1.0
25	76.0	1.0
23	77.0	1.0
12	74.0	1.0
11	79.0	1.0
18	81.0	1.0
16	74.0	1.0
21	75.0	1.0
17	77.0	1.0
19	81.0	1.0
24	72.0	1.0
13	76.0	1.0
15	76.0	1.0
22	80.0	1.0
0	94.0	2.606382978723404
