250

10
10
6
10
3
4
5
8
8
6
10
8
6
10
9
6
2
7
7
6
10
10
5
10
10
6
10
10
9
6
4
9
10
6
8
7
7
10
9
8
9
10
4
8
8
6
8
5
8
8
10
2
9
8
10
10
10
9
7
9
8
6
6
10
7
9
4
10
8
9
7
10
3
9
2
4
7
6
10
9
10
10
9
6
10
6
10
8
9
9
9
10
3
10
10
4
9
7
10
8
7
9
10
7
8
6
6
10
8
8
7
9
10
7
10
9
8
10
9
8
9
10
5
9
7
10
10
8
5
8
8
8
6
5
10
10
10
10
7
7
7
8
6
7
10
10
6
10
10
9
7
9
10
9
10
11
7
8
9
9
8
9
8
10
7
8
7
6
9
8
10
7
3
7
9
2
10
10
9
5
10
7
5
9
10
9
10
9
6
9
6
10
10
10
4
5
7
9
10
10
3
10
10
10
9
6
7
8
9
8
10
10
10
9
10
10
7
7
5
7
5
3
3
8
4
9
10
10
7
9
9
4
2
7
7
8
3
10
9
8
9
10
9
8
10
7
8
4
5
7

8	155.0	1.0
5	162.0	1.0
6	164.0	1.0
7	160.0	1.0
4	175.0	1.0057142857142858
2	164.0	1.0
3	166.0	1.0
1	178.0	1.0
9	154.0	1.0
10	157.0	1.0
0	201.0	1.6517412935323383
