247

33
39
32
40
32
35
39
33
23
37
17
34
39
30
14
39
39
38
39
37
2
38
36
39
37
34
33
24
23
39
38
31
38
39
36
36
34
38
38
36
29
38
35
38
38
39
3
14
33
39
36
34
36
33
37
5
38
13
12
32
31
6
39
39
25
4
38
36
31
39
37
30
35
34
37
29
16
37
34
10
39
36
37
34
39
32
28
38
40
39
34
39
26
38
38
38
7
40
29
34
37
30
40
15
39
4
18
4
37
16
39
37
37
36
25
29
15
33
38
31
37
38
23
38
19
38
39
38
40
35
36
36
38
17
7
36
27
13
27
36
31
35
18
38
34
39
38
15
39
26
37
38
19
35
37
38
39
39
38
37
39
34
19
32
24
36
39
28
36
39
37
38
38
39
34
27
38
16
28
30
32
36
11
38
26
33
39
38
36
39
35
37
36
20
34
39
21
20
39
28
32
14
39
31
35
18
36
37
20
39
37
36
39
34
31
40
38
34
35
16
39
39
32
27
39
31
39
40
40
38
37
25
31
17
6
39
26
39
39
37
36
39
36
36
32
12
31

8	229.0	1.6069868995633187
1	233.0	2.3948497854077253
10	180.0	1.0
11	194.0	1.0
6	227.0	1.6740088105726871
5	236.0	2.389830508474576
12	192.0	1.0
7	234.0	1.641025641025641
13	190.0	1.0
2	237.0	2.3966244725738397
3	235.0	2.404255319148936
4	237.0	2.345991561181435
9	233.0	1.592274678111588
23	188.0	1.0
17	188.0	1.0
14	189.0	1.0
15	188.0	1.0
20	182.0	1.0
19	180.0	1.0
16	184.0	1.0
18	181.0	1.0
24	180.0	1.0
25	181.0	1.0
22	192.0	1.0
21	185.0	1.0
0	237.0	2.3755274261603376
