250

31
35
39
21
36
13
37
40
39
31
10
34
29
37
30
23
38
29
29
36
24
8
38
36
35
8
37
38
40
30
33
40
29
31
22
38
39
35
39
7
38
40
35
38
38
35
36
36
39
11
38
31
37
32
39
34
14
38
8
6
35
39
31
39
38
40
34
32
36
33
32
32
14
38
38
36
34
29
4
37
17
34
38
37
40
37
15
37
35
3
30
37
37
35
37
38
38
38
27
39
28
37
39
25
18
34
13
34
33
38
40
39
38
30
39
12
38
38
35
13
38
32
39
38
35
34
36
31
38
34
3
31
33
39
35
38
12
40
39
37
38
33
37
39
37
39
31
18
36
37
38
23
38
4
38
32
34
30
37
35
40
36
37
20
39
37
25
39
38
35
37
10
36
4
36
39
37
39
35
32
32
34
4
39
38
38
39
30
34
36
37
38
35
38
33
35
38
34
32
38
37
8
10
38
28
36
38
38
39
37
38
39
39
37
21
39
37
29
38
34
39
27
38
10
4
32
30
39
38
37
26
37
34
20
35
39
38
33
38
37
33
35
36
8
39
31
36
37
36
30

22	201.0	1.0
15	188.0	1.0
14	188.0	1.0
21	187.0	1.0
20	186.0	1.0
4	236.0	2.3983050847457625
11	207.0	1.0
7	222.0	1.6666666666666667
18	190.0	1.0
19	186.0	1.0
6	221.0	1.660633484162896
1	240.0	2.4208333333333334
2	236.0	2.555084745762712
8	224.0	1.7142857142857142
23	182.0	1.0
16	184.0	1.0
13	194.0	1.0
17	189.0	1.0
5	237.0	2.4177215189873418
10	194.0	1.0
24	187.0	1.0
3	231.0	2.45021645021645
9	226.0	1.676991150442478
12	203.0	1.0
25	200.0	1.0
0	234.0	2.452991452991453
