248

33
30
39
39
39
33
31
2
36
38
8
33
38
25
35
39
38
27
23
35
37
35
36
38
32
34
32
37
39
17
38
28
36
39
19
30
23
34
6
25
36
19
33
25
35
38
39
34
30
29
18
23
5
38
13
38
40
16
38
32
12
30
39
38
38
39
40
36
34
36
35
37
31
40
39
30
33
34
35
32
25
27
37
32
36
37
36
37
4
39
39
39
38
38
37
10
30
36
10
38
33
37
14
39
39
38
38
28
36
33
36
21
24
40
30
36
25
34
39
38
33
39
31
33
38
36
39
38
29
40
32
34
24
18
19
28
19
24
36
5
39
25
38
38
37
35
14
39
38
35
38
39
37
34
38
39
39
24
38
14
35
39
28
38
34
32
13
39
38
38
40
39
30
30
36
38
36
39
37
39
38
17
37
38
15
35
31
39
39
13
38
27
33
33
39
28
4
39
40
37
39
6
33
27
29
31
29
28
30
39
30
40
34
33
14
32
39
37
38
33
29
29
35
38
30
25
31
37
17
39
40
39
38
35
36
26
37
38
34
9
36
38
38
38
39
38
33
35

5	236.0	2.419491525423729
6	233.0	1.6351931330472103
1	242.0	2.3181818181818183
2	241.0	2.3112033195020745
3	236.0	2.360169491525424
4	240.0	2.3375
22	182.0	1.0
25	183.0	1.0
13	179.0	1.0
9	235.0	1.6127659574468085
7	231.0	1.6277056277056277
23	197.0	1.0
15	200.0	1.0
11	187.0	1.0
10	188.0	1.0
19	188.0	1.0
14	184.0	1.0
21	180.0	1.0
20	193.0	1.0
18	192.0	1.0
24	199.0	1.0
8	216.0	1.8009259259259258
16	195.0	1.0
17	190.0	1.0
12	193.0	1.0
0	239.0	2.397489539748954
