100

35
40
37
39
17
36
37
39
39
34
40
27
35
37
39
12
39
38
33
37
22
37
32
36
24
37
36
7
29
39
40
39
37
33
36
38
10
37
38
38
39
40
39
36
38
32
30
38
39
36
39
35
38
37
38
38
32
36
39
6
26
38
38
36
34
21
26
38
34
38
34
32
38
3
15
34
38
33
37
35
35
39
35
35
36
34
38
28
39
39
39
39
34
38
36
36
17
39
37
39

6	92.0	1.7173913043478262
2	98.0	2.479591836734694
4	98.0	2.489795918367347
21	82.0	1.0
1	97.0	2.515463917525773
13	84.0	1.0
16	79.0	1.0
18	81.0	1.0
5	97.0	2.463917525773196
10	78.0	1.0
12	84.0	1.0
14	83.0	1.0
8	92.0	1.7282608695652173
23	84.0	1.0
15	78.0	1.0
24	77.0	1.0
19	81.0	1.0
7	90.0	1.8444444444444446
3	95.0	2.5473684210526315
20	75.0	1.0
22	81.0	1.0
17	85.0	1.0
11	81.0	1.0
9	95.0	1.7157894736842105
25	78.0	1.0
0	96.0	2.40625
