100

40
39
36
8
19
26
26
33
39
38
38
38
39
27
38
12
15
36
39
30
35
36
37
36
28
36
29
22
37
36
32
35
36
36
38
28
39
37
37
23
33
37
38
31
35
30
11
39
29
38
39
37
34
22
40
36
10
36
37
35
38
22
28
38
36
36
32
36
38
39
38
15
34
39
38
32
38
31
39
10
22
31
36
39
35
36
39
38
34
38
36
39
39
36
37
7
36
37
39
39

2	95.0	2.4526315789473685
4	97.0	2.3917525773195876
3	99.0	2.3535353535353534
1	98.0	2.306122448979592
5	98.0	2.377551020408163
19	82.0	1.0
25	86.0	1.0
18	87.0	1.0
17	76.0	1.0
6	91.0	1.7912087912087913
20	82.0	1.0
12	76.0	1.0
15	68.0	1.0
24	76.0	1.0
11	71.0	1.0
23	78.0	1.0
9	95.0	1.631578947368421
8	93.0	1.7634408602150538
21	76.0	1.0
10	72.0	1.0
22	81.0	1.0
14	80.0	1.0
16	83.0	1.0
13	81.0	1.0
7	91.0	1.7362637362637363
0	97.0	2.4123711340206184
