25

34
33
28
27
39
39
27
37
12
39
35
37
36
10
4
38
24
34
37
14
33
8
39
9
38

3	23.0	2.5217391304347827
2	22.0	2.409090909090909
4	23.0	2.130434782608696
1	24.0	2.0833333333333335
12	20.0	1.0
23	21.0	1.0
17	20.0	1.0
5	24.0	2.0416666666666665
7	21.0	1.8571428571428572
24	17.0	1.0
21	19.0	1.0
10	20.0	1.0
15	15.0	1.0
14	13.0	1.0
13	17.0	1.0
6	19.0	1.5263157894736843
22	15.0	1.0
25	13.0	1.0
8	19.0	1.5789473684210527
16	14.0	1.0
19	16.0	1.0
11	12.0	1.0
9	20.0	1.65
20	17.0	1.0
18	17.0	1.0
0	23.0	2.391304347826087
