99

40
15
35
37
39
36
13
35
6
38
35
26
26
39
39
36
36
34
39
36
18
39
37
36
38
33
21
2
36
37
25
29
31
31
40
40
38
39
28
30
15
35
19
32
31
38
38
38
38
38
29
8
39
38
28
39
35
36
18
38
31
33
39
29
20
36
40
38
38
39
31
34
14
40
36
39
27
35
38
35
34
37
38
33
34
36
37
37
23
13
37
38
24
39
38
31
35
36
11

4	93.0	2.5161290322580645
6	87.0	1.8735632183908046
16	82.0	1.0
17	79.0	1.0
21	83.0	1.0
20	82.0	1.0
18	74.0	1.0
2	94.0	2.404255319148936
23	78.0	1.0
14	78.0	1.0
1	96.0	2.2916666666666665
10	72.0	1.0
22	70.0	1.0
7	89.0	1.6741573033707866
19	78.0	1.0
13	68.0	1.0
15	68.0	1.0
11	64.0	1.0
5	89.0	2.393258426966292
3	96.0	2.3229166666666665
9	90.0	1.7
8	90.0	1.6777777777777778
12	80.0	1.0
24	79.0	1.0
25	79.0	1.0
0	96.0	2.4479166666666665
