246

6
10
9
10
9
10
10
10
10
9
9
7
5
9
10
10
9
5
4
10
7
9
8
10
7
9
5
2
6
10
10
3
9
10
10
4
8
10
4
6
8
8
9
10
9
8
6
7
9
5
8
10
10
10
4
8
6
9
10
6
9
10
8
10
9
6
8
8
5
9
7
10
2
7
5
9
9
6
9
9
10
10
9
10
10
9
9
10
2
7
10
7
9
4
10
10
6
5
10
6
10
6
9
10
9
7
8
10
10
3
8
10
10
4
9
8
4
6
6
4
6
9
2
9
10
5
6
9
9
10
9
7
3
6
5
8
9
10
10
9
10
7
10
4
8
8
6
8
5
10
6
8
7
9
4
7
6
6
10
7
10
2
8
4
8
8
9
9
8
4
10
9
4
10
7
8
9
10
9
10
10
6
6
10
4
10
9
10
10
9
8
6
10
9
7
7
6
3
7
10
3
10
10
9
8
7
5
7
10
10
6
4
6
10
10
10
10
7
10
9
9
9
9
9
9
2
10
10
8
5
3
8
4
9
10
9
10
8
10
9
10
7
9
7
10
9

3	146.0	1.0
2	150.0	1.0
1	152.0	1.0
9	157.0	1.0063694267515924
7	170.0	1.0
4	156.0	1.0
5	159.0	1.0
8	166.0	1.0
6	162.0	1.0
10	170.0	1.0
0	216.0	1.5787037037037037
