250

31
31
38
38
21
39
38
32
37
38
14
39
28
35
8
38
40
17
36
30
38
39
37
38
39
33
29
29
38
39
16
39
24
38
39
32
39
39
24
36
20
32
23
38
33
38
33
16
39
36
36
38
36
36
38
32
39
29
31
36
9
37
37
38
38
36
39
38
35
38
35
39
38
22
39
37
32
38
38
36
39
22
39
38
38
39
40
36
23
36
25
35
38
38
37
29
36
36
37
37
38
39
37
36
37
28
27
20
33
17
36
38
20
29
38
39
31
30
35
39
38
38
34
35
37
23
33
40
34
24
38
26
32
39
5
16
37
36
4
12
36
27
23
36
39
20
8
38
29
37
17
39
39
28
32
32
38
32
16
38
39
39
6
19
36
22
36
37
36
39
39
33
33
33
25
38
28
34
34
36
39
40
35
34
39
36
39
24
37
37
39
39
39
37
39
36
36
38
8
38
25
39
30
39
37
38
36
38
34
35
34
40
35
39
37
37
38
10
36
38
33
37
25
26
8
39
28
37
35
36
36
37
19
39
32
22
6
39
24
20
6
40
39
35
21
25
39
16
19
39

16	191.0	1.0
6	215.0	1.827906976744186
13	211.0	1.0
4	237.0	2.350210970464135
14	187.0	1.0
2	239.0	2.3389121338912133
12	191.0	1.0
15	197.0	1.0
3	244.0	2.430327868852459
7	241.0	1.6224066390041494
11	187.0	1.0
1	240.0	2.3666666666666667
10	198.0	1.0
8	237.0	1.6751054852320675
5	241.0	2.4854771784232366
9	234.0	1.7179487179487178
18	202.0	1.0
25	192.0	1.0
23	186.0	1.0
19	186.0	1.0
24	183.0	1.0
17	199.0	1.0
20	180.0	1.0
22	174.0	1.0
21	191.0	1.0
0	239.0	2.4686192468619246
