100

27
28
13
36
32
39
38
27
16
36
30
38
37
40
18
39
31
24
24
38
39
38
14
34
10
38
15
38
39
39
38
38
34
38
39
39
22
38
33
39
39
39
39
37
38
34
39
38
34
36
32
35
36
33
28
32
36
37
38
39
38
34
28
31
37
32
25
36
36
32
38
39
31
39
36
25
40
34
39
30
38
39
38
38
8
38
36
35
34
32
12
39
7
39
33
38
36
39
40
35

15	83.0	1.0
14	87.0	1.0
1	96.0	2.4479166666666665
3	98.0	2.377551020408163
5	99.0	2.4343434343434343
9	91.0	1.6593406593406594
8	97.0	1.6597938144329898
2	98.0	2.4591836734693877
7	92.0	1.7173913043478262
4	98.0	2.4591836734693877
6	93.0	1.6989247311827957
17	79.0	1.0
13	78.0	1.0
16	79.0	1.0
12	78.0	1.0
10	78.0	1.0
11	77.0	1.0
24	76.0	1.0
21	76.0	1.0
18	82.0	1.0
25	77.0	1.0
19	73.0	1.0
23	76.0	1.0
20	80.0	1.0
22	84.0	1.0
0	97.0	2.515463917525773
