245

10
6
10
10
8
8
9
10
4
10
10
7
2
10
10
9
10
10
9
9
9
9
9
10
7
3
2
7
5
5
10
6
8
10
10
10
4
10
9
7
9
2
7
9
3
8
4
9
10
9
6
10
7
5
10
9
9
5
6
9
7
4
9
10
8
10
8
6
9
10
10
6
9
10
10
9
6
10
6
9
2
10
10
6
3
6
9
8
7
6
10
4
8
9
10
5
9
10
5
9
10
9
7
5
6
9
10
10
8
8
10
9
8
2
10
10
6
10
2
10
10
10
10
10
6
10
9
10
10
10
10
4
6
10
10
9
9
8
2
10
10
8
9
8
4
10
9
6
7
10
4
9
7
4
3
9
3
9
10
4
6
9
9
7
8
10
7
7
9
9
10
10
10
9
10
10
8
7
7
10
5
9
8
9
5
4
10
10
3
5
9
9
9
8
9
6
10
4
7
9
10
8
6
10
10
9
5
7
6
8
9
6
6
10
8
10
7
9
8
10
7
7
7
5
6
9
9
2
9
3
8
7
4
6
3
9
10
7
10
10
7
9
10
10
3

2	156.0	1.0
3	152.0	1.0
5	155.0	1.0
6	159.0	1.0
4	162.0	1.0
1	169.0	1.0
7	170.0	1.0
8	153.0	1.0
9	146.0	1.0
10	156.0	1.0
0	208.0	1.6105769230769231
