250

11
36
36
31
37
31
24
36
36
37
38
18
30
36
29
36
36
37
27
37
2
39
40
9
37
39
38
35
39
36
29
37
35
34
36
14
39
11
39
38
38
32
38
39
40
23
40
17
40
38
33
27
39
39
38
31
34
37
34
39
22
35
39
34
29
31
31
36
38
36
40
36
38
38
38
23
38
38
38
31
37
40
38
38
10
10
36
9
39
38
40
12
8
38
40
24
34
40
33
39
31
37
10
39
32
38
38
39
37
39
39
7
37
38
7
34
33
35
8
38
32
39
2
35
28
38
8
34
38
32
22
38
38
35
28
37
35
24
36
18
11
36
36
3
39
36
35
40
23
6
12
39
24
4
39
36
38
39
37
40
30
39
37
32
18
36
39
36
36
16
11
38
38
36
15
27
10
40
36
37
39
17
4
22
37
20
37
36
37
39
39
19
10
34
36
34
33
2
39
29
37
39
10
30
39
39
38
39
36
33
37
34
32
33
36
36
35
26
39
3
6
37
39
29
4
40
32
29
5
39
32
20
16
39
36
38
12
38
38
32
36
34
38
40
12
31
37
4
5
28

8	233.0	1.6695278969957081
4	223.0	2.4573991031390134
7	228.0	1.631578947368421
10	189.0	1.0
2	235.0	2.3617021276595747
9	231.0	1.619047619047619
5	239.0	2.2677824267782425
1	237.0	2.3586497890295357
3	238.0	2.26890756302521
6	232.0	1.6120689655172413
22	184.0	1.0
11	182.0	1.0
24	176.0	1.0
14	181.0	1.0
25	168.0	1.0
13	175.0	1.0
16	175.0	1.0
21	182.0	1.0
12	177.0	1.0
20	181.0	1.0
17	184.0	1.0
15	182.0	1.0
23	173.0	1.0
18	181.0	1.0
19	180.0	1.0
0	235.0	2.3957446808510636
