246

10
8
9
9
10
9
4
10
3
7
10
7
3
5
8
9
10
10
10
10
10
8
9
7
8
3
9
7
10
8
5
4
10
9
10
7
7
7
9
10
5
6
10
9
10
9
10
10
9
10
7
10
10
9
4
7
9
10
9
9
10
7
10
10
5
2
10
8
2
7
9
5
7
9
6
9
3
10
11
4
10
10
6
9
7
5
10
7
8
7
9
9
10
9
10
8
7
10
10
8
9
10
7
8
8
10
4
10
8
10
10
10
6
8
3
9
7
8
9
10
6
8
7
9
9
10
8
9
5
9
8
4
10
9
10
10
8
9
10
10
8
7
10
2
5
10
3
10
10
9
10
10
4
9
10
6
7
10
7
6
2
10
10
9
8
2
9
9
9
4
5
10
6
6
6
8
9
5
3
9
7
8
9
9
10
3
10
9
10
7
10
7
10
4
9
3
8
10
9
10
3
3
8
10
10
8
6
10
7
10
3
9
7
6
6
2
8
9
10
9
10
10
7
9
2
10
10
10
6
8
8
10
9
10
7
10
8
7
8
6
10
8
4
8
4
2

4	158.0	1.0
1	161.0	1.0062111801242235
3	162.0	1.0
2	156.0	1.0
7	165.0	1.0
10	157.0	1.0
8	160.0	1.0
5	152.0	1.006578947368421
6	145.0	1.0
9	179.0	1.0
0	223.0	1.5112107623318385
