250

28
18
39
38
4
39
31
39
37
39
33
36
39
38
37
39
34
35
35
32
38
36
29
39
38
38
37
26
35
38
39
39
38
32
38
37
39
39
38
39
38
39
35
38
38
31
39
39
36
35
23
38
28
36
32
32
40
29
34
23
29
26
39
36
29
37
9
35
38
39
39
38
35
25
38
39
12
35
21
40
33
30
39
39
28
36
28
36
38
13
38
33
18
39
35
38
38
38
33
6
36
39
10
9
38
34
39
25
39
25
35
35
30
35
18
39
38
24
30
36
38
39
22
31
38
31
21
36
36
38
37
38
37
36
34
40
40
36
24
39
37
40
33
39
34
39
38
34
35
35
37
28
38
38
36
39
38
39
39
34
38
32
37
35
40
36
38
17
6
24
37
37
38
39
38
34
34
36
38
15
22
34
31
36
38
7
36
37
33
33
10
35
40
35
26
33
38
40
35
37
24
22
38
20
32
38
37
39
39
17
32
39
30
34
20
26
38
39
38
33
33
34
38
38
36
39
25
38
33
25
35
39
26
8
23
36
39
29
38
39
34
34
38
36
33
35
34
39
36
38

4	241.0	2.4024896265560165
1	241.0	2.5020746887966805
7	231.0	1.7056277056277056
24	194.0	1.0
22	198.0	1.0
2	236.0	2.4788135593220337
12	195.0	1.0
15	184.0	1.0
8	222.0	1.7117117117117118
11	198.0	1.0
19	187.0	1.0
5	244.0	2.3647540983606556
6	238.0	1.6554621848739495
18	193.0	1.0
3	244.0	2.4672131147540983
17	200.0	1.0
20	221.0	1.0
21	206.0	1.0
10	201.0	1.0
13	201.0	1.0
9	238.0	1.6512605042016806
14	198.0	1.0
23	203.0	1.0
16	200.0	1.0
25	210.0	1.0
0	242.0	2.590909090909091
