250

34
37
38
39
36
39
39
24
29
34
38
10
21
37
32
27
36
37
34
36
12
24
39
32
39
37
30
33
34
40
35
36
22
33
38
39
32
10
15
39
33
39
28
35
39
36
35
34
39
39
22
17
34
22
36
35
26
34
37
36
39
33
20
33
38
8
7
30
39
32
37
7
39
18
39
32
37
27
40
40
39
28
39
9
40
39
35
35
31
28
36
33
39
39
37
36
20
36
38
32
33
36
7
28
33
32
33
38
40
31
3
29
34
39
33
36
35
22
32
36
36
26
40
39
34
31
12
36
37
30
34
34
40
38
40
37
37
28
18
13
31
26
32
39
37
38
36
21
12
7
22
38
39
19
39
10
39
35
38
27
34
36
9
39
37
29
38
39
37
36
25
39
36
32
39
37
7
15
11
38
4
13
38
39
36
30
38
31
35
33
36
8
25
36
35
39
34
34
37
39
37
38
39
39
22
40
38
37
12
3
37
18
37
30
38
26
12
38
38
19
4
34
34
35
39
23
32
26
31
39
37
36
14
39
37
39
30
38
39
27
39
24
28
34
16
38
39
33
9
30

18	192.0	1.0
3	237.0	2.3628691983122363
16	186.0	1.0
11	184.0	1.0
20	172.0	1.0
17	173.0	1.0
8	214.0	1.7850467289719627
2	225.0	2.488888888888889
19	203.0	1.0
1	238.0	2.357142857142857
12	185.0	1.0
15	191.0	1.0
6	230.0	1.6
22	179.0	1.0
14	168.0	1.0
21	189.0	1.0
10	185.0	1.0
13	184.0	1.0
4	233.0	2.2875536480686693
7	233.0	1.613733905579399
9	222.0	1.7162162162162162
5	235.0	2.370212765957447
24	185.0	1.0
25	189.0	1.0
23	190.0	1.0
0	238.0	2.319327731092437
