244

6
5
10
8
4
9
9
8
6
9
7
10
9
10
10
6
8
9
8
8
8
9
10
8
7
9
5
5
10
9
5
3
9
9
10
9
4
9
9
8
8
2
5
6
8
7
10
7
10
5
10
10
3
6
9
9
9
4
6
10
10
5
5
3
6
10
5
10
9
10
10
6
10
10
3
9
9
10
9
9
10
10
5
9
6
10
10
10
5
9
8
7
7
10
8
10
2
6
3
9
9
8
6
2
9
10
10
6
6
8
10
10
8
10
8
10
10
9
4
8
9
10
9
9
8
7
9
10
10
10
8
10
10
8
8
10
10
10
7
10
9
10
4
8
10
10
4
10
5
10
10
6
7
7
7
9
10
6
7
9
9
7
5
8
8
5
9
6
8
9
2
9
4
6
3
9
7
7
6
4
10
3
7
3
2
6
8
9
5
7
4
10
5
10
9
6
10
10
4
10
9
5
9
9
9
10
7
8
9
6
8
10
10
7
10
10
8
10
6
9
10
2
9
9
10
9
9
10
10
5
9
9
8
10
7
10
9
8
5
9
10
10
8
3

2	155.0	1.0
4	159.0	1.0062893081761006
5	148.0	1.0067567567567568
6	157.0	1.0063694267515924
1	164.0	1.0
3	174.0	1.0
7	148.0	1.0
8	151.0	1.0
9	160.0	1.0
10	158.0	1.0
0	210.0	1.5714285714285714
