247

39
22
31
36
29
35
27
14
32
36
36
28
38
33
38
34
34
33
35
36
26
38
38
37
37
38
35
37
40
38
11
39
39
31
30
30
36
38
39
38
34
11
32
28
38
16
32
37
37
40
21
40
39
36
19
36
13
38
32
33
29
33
39
36
10
37
38
27
15
39
36
26
35
33
36
38
14
39
39
38
38
38
37
36
38
11
13
3
6
39
36
39
16
16
32
30
5
39
31
35
39
37
39
37
8
25
7
5
39
33
31
25
40
38
35
27
37
39
37
39
31
39
38
38
36
29
27
23
34
39
38
35
12
12
34
34
6
38
36
33
37
37
15
37
36
39
17
40
39
39
38
40
35
33
36
39
5
39
31
27
24
38
37
37
38
4
39
37
13
2
39
32
23
37
16
36
21
38
39
29
33
32
36
27
37
26
12
38
39
37
31
16
38
30
37
35
15
36
38
38
40
40
28
36
35
39
36
37
22
15
5
34
26
27
4
4
33
37
37
39
35
17
37
35
31
5
38
16
4
40
35
38
38
25
39
40
39
38
38
24
27
40
39
38
23
39
38

7	216.0	1.7453703703703705
9	222.0	1.662162162162162
17	186.0	1.0
12	182.0	1.0
23	191.0	1.0
19	185.0	1.0
20	190.0	1.0
6	208.0	1.7884615384615385
16	186.0	1.0
4	230.0	2.369565217391304
2	230.0	2.4260869565217393
10	173.0	1.0
11	171.0	1.0
8	212.0	1.6933962264150944
1	226.0	2.3628318584070795
3	224.0	2.4330357142857144
13	177.0	1.0
5	225.0	2.3644444444444446
15	182.0	1.0
22	186.0	1.0
14	178.0	1.0
21	185.0	1.0
18	176.0	1.0
25	177.0	1.0
24	186.0	1.0
0	227.0	2.4405286343612334
