100

33
16
30
18
36
38
23
37
29
35
12
38
3
7
34
32
35
38
30
19
21
39
39
19
32
38
10
38
31
37
37
38
22
28
36
34
39
39
32
38
19
36
38
32
39
38
37
32
18
34
35
38
31
40
33
33
22
39
39
29
37
39
39
28
36
39
39
34
27
39
40
13
20
33
35
35
39
28
34
34
20
36
31
37
39
39
38
33
36
38
31
39
14
21
32
40
38
9
39
36

9	93.0	1.6559139784946237
3	95.0	2.4210526315789473
14	77.0	1.0
20	80.0	1.0
5	98.0	2.295918367346939
6	96.0	1.6666666666666667
2	96.0	2.3333333333333335
10	75.0	1.0
13	73.0	1.0
7	85.0	1.7294117647058824
16	78.0	1.0
12	74.0	1.0
19	75.0	1.0
4	96.0	2.3854166666666665
1	95.0	2.2526315789473683
15	66.0	1.0
18	74.0	1.0
8	83.0	1.7469879518072289
11	70.0	1.0
17	72.0	1.0
23	77.0	1.0
22	78.0	1.0
25	77.0	1.0
21	75.0	1.0
24	76.0	1.0
0	94.0	2.5638297872340425
