244

6
10
10
8
9
4
9
9
5
10
6
10
7
9
10
9
10
10
7
9
10
6
9
9
7
10
10
10
9
10
9
10
10
6
6
10
7
8
6
8
6
8
10
8
4
9
3
8
10
7
6
8
7
10
8
5
4
8
8
8
4
9
9
8
8
9
9
9
7
10
9
10
8
7
10
7
7
6
10
9
6
10
10
5
10
10
10
10
10
8
6
8
7
9
8
5
7
10
6
10
6
10
7
7
4
10
7
8
9
10
10
4
6
10
10
7
9
4
2
4
9
7
10
7
8
10
10
6
4
6
8
3
2
6
10
8
10
6
10
8
10
6
6
8
10
10
9
9
9
6
9
10
6
4
10
7
7
10
4
6
5
6
10
3
9
10
10
10
9
9
10
9
10
8
8
4
10
6
9
6
10
7
8
10
6
7
5
9
10
10
9
10
10
10
7
7
6
9
8
8
8
5
7
9
9
10
9
10
6
9
9
2
6
8
7
9
3
10
9
10
6
10
8
10
9
10
10
9
2
4
6
9
8
7
9
8
7
9
9
10
9
10
10
5

2	180.0	1.0
5	161.0	1.0
3	148.0	1.0
7	136.0	1.0073529411764706
4	163.0	1.0
1	180.0	1.0
6	176.0	1.0
10	154.0	1.0
9	137.0	1.0
8	166.0	1.0
0	210.0	1.5904761904761904
