25

23
28
40
38
28
38
32
34
33
30
38
38
14
5
39
39
38
39
39
29
39
38
38
10
38

8	23.0	1.826086956521739
9	24.0	1.7083333333333333
13	22.0	1.0
12	19.0	1.0
6	24.0	1.875
18	20.0	1.0
7	24.0	1.7083333333333333
11	19.0	1.0
2	23.0	2.347826086956522
19	19.0	1.0
17	20.0	1.0
14	22.0	1.0
15	16.0	1.0
10	20.0	1.0
1	23.0	2.4782608695652173
3	24.0	2.375
4	24.0	2.4166666666666665
5	22.0	2.4545454545454546
16	22.0	1.0
24	15.0	1.0
21	17.0	1.0
22	16.0	1.0
20	18.0	1.0
25	18.0	1.0
23	14.0	1.0
0	24.0	2.4583333333333335
