99

39
16
35
36
36
30
39
6
34
32
36
36
38
38
32
40
17
38
39
23
36
33
38
25
37
27
39
32
17
34
40
39
34
40
33
35
35
30
33
28
31
35
33
36
15
37
32
39
5
38
11
37
32
35
38
8
38
39
27
39
38
37
25
6
6
40
29
31
26
37
22
25
35
32
37
38
32
37
24
27
39
27
32
39
39
38
39
14
36
40
38
28
33
40
34
39
39
14
36

16	69.0	1.0
3	92.0	2.3369565217391304
8	91.0	1.5824175824175823
21	70.0	1.0
2	95.0	2.357894736842105
7	88.0	1.6818181818181819
11	69.0	1.0
9	91.0	1.5824175824175823
14	76.0	1.0
6	88.0	1.625
1	93.0	2.3548387096774195
10	78.0	1.0
15	78.0	1.0
12	79.0	1.0
17	77.0	1.0
4	93.0	2.4946236559139785
18	79.0	1.0
13	67.0	1.0
20	76.0	1.0
19	73.0	1.0
5	94.0	2.5
25	77.0	1.0
23	78.0	1.0
24	81.0	1.0
22	78.0	1.0
0	96.0	2.3854166666666665
