247

10
10
4
10
10
9
7
9
8
10
7
7
9
8
9
8
10
10
9
3
3
6
10
4
6
5
10
5
5
7
8
6
6
7
7
10
9
9
6
10
10
4
10
10
8
10
9
3
9
7
10
10
9
3
8
8
9
10
7
8
8
7
7
7
8
10
6
4
6
7
8
9
9
10
10
8
10
6
6
6
5
9
5
7
7
10
6
6
5
10
4
7
9
6
6
7
10
3
5
4
9
8
7
8
9
9
8
4
8
10
9
8
10
10
6
10
8
8
9
6
10
10
3
7
9
9
10
10
10
8
10
6
9
3
10
9
6
10
10
7
10
7
9
8
6
3
3
7
6
10
10
6
10
9
10
7
9
10
10
9
6
4
8
8
8
8
10
9
6
8
7
2
10
8
4
2
10
9
8
8
3
9
5
10
9
9
7
6
10
8
10
10
10
5
9
10
9
8
10
10
10
6
6
10
10
10
9
10
3
10
9
7
7
10
7
3
6
9
7
8
9
4
9
10
9
8
8
10
6
6
9
9
6
9
9
10
7
9
8
9
10
7
9
10
10
10
10

2	170.0	1.0058823529411764
3	156.0	1.0
8	157.0	1.0
1	168.0	1.0
5	161.0	1.0
6	154.0	1.0064935064935066
4	167.0	1.0
7	160.0	1.0
9	154.0	1.0
10	156.0	1.0
0	200.0	1.66
