24

33
38
28
38
13
37
37
17
24
35
26
14
34
38
37
40
5
40
36
30
39
32
37
37

1	24.0	2.4583333333333335
3	23.0	2.217391304347826
7	23.0	1.6956521739130435
5	23.0	2.130434782608696
8	22.0	1.7727272727272727
6	21.0	1.6666666666666667
4	23.0	2.0
2	23.0	2.4347826086956523
22	17.0	1.0
23	19.0	1.0
19	17.0	1.0
10	19.0	1.0
14	19.0	1.0
18	20.0	1.0
17	20.0	1.0
25	17.0	1.0
16	18.0	1.0
11	18.0	1.0
15	16.0	1.0
20	17.0	1.0
24	12.0	1.0
9	19.0	1.5789473684210527
13	18.0	1.0
12	20.0	1.0
21	20.0	1.0
0	23.0	2.347826086956522
