248

39
12
37
36
37
40
39
36
38
37
36
38
38
37
37
39
38
34
39
36
25
36
32
32
39
36
34
25
37
34
39
38
38
38
40
33
39
38
37
37
38
25
38
39
38
40
25
36
38
38
37
36
39
10
35
35
17
40
38
33
36
40
39
38
32
36
39
35
39
36
37
26
36
34
35
34
8
35
38
38
37
25
33
29
31
39
39
36
34
8
35
36
39
7
39
31
34
35
29
33
5
32
37
28
5
35
27
38
36
40
22
33
35
39
32
33
39
29
36
38
29
30
4
29
39
35
34
14
39
39
25
8
8
39
35
38
29
38
34
39
40
40
39
23
34
36
30
39
17
32
33
37
32
38
39
36
40
39
10
5
12
11
38
21
37
31
27
37
34
38
34
33
36
38
38
29
12
36
32
36
38
37
35
21
39
33
36
39
34
40
39
26
36
34
37
2
40
39
39
37
18
10
40
33
15
38
36
25
37
40
39
32
27
36
39
7
35
39
35
22
33
37
25
39
38
37
33
40
37
40
4
13
38
36
20
39
35
34
35
4
14
28
36
36
29
21
35
39

3	234.0	2.4957264957264957
4	234.0	2.4316239316239314
18	195.0	1.0
7	212.0	1.7452830188679245
17	181.0	1.0
6	218.0	1.6972477064220184
10	189.0	1.0
8	225.0	1.68
16	191.0	1.0
13	196.0	1.0
1	237.0	2.476793248945148
12	193.0	1.0
9	232.0	1.668103448275862
15	187.0	1.0
5	234.0	2.4316239316239314
14	187.0	1.0
11	196.0	1.0
2	234.0	2.4316239316239314
20	197.0	1.0
21	188.0	1.0
19	193.0	1.0
25	193.0	1.0
23	190.0	1.0
24	186.0	1.0
22	187.0	1.0
0	236.0	2.4788135593220337
