250

36
39
37
40
29
31
38
32
39
39
37
15
38
39
39
21
39
14
22
38
39
39
38
37
20
32
21
32
36
38
4
36
37
36
37
37
33
33
36
39
33
39
35
38
18
37
36
38
38
34
38
24
38
37
39
29
40
25
36
32
37
37
37
37
39
23
37
40
39
37
38
33
39
35
30
38
38
34
39
29
34
36
40
39
39
37
3
10
38
37
29
39
39
39
38
34
28
30
33
28
14
40
40
38
37
39
38
39
29
36
36
30
28
19
37
39
27
39
36
38
39
34
37
39
34
36
22
30
37
39
39
37
36
29
37
39
22
37
37
31
37
32
24
22
30
38
18
36
36
39
30
38
23
39
21
38
34
26
38
34
37
34
28
34
38
35
35
38
29
38
39
36
38
40
38
35
38
38
39
37
38
36
39
37
10
17
39
36
39
37
31
32
29
37
39
33
39
38
38
19
34
39
38
16
37
15
10
25
38
39
40
28
34
39
40
39
6
28
22
35
39
38
12
39
39
39
39
39
30
34
39
39
34
6
9
39
38
33
38
33
35
36
39
39
27
32
32
39
38
39

12	202.0	1.0
11	206.0	1.0
15	184.0	1.0
4	239.0	2.4393305439330546
14	196.0	1.0
8	243.0	1.646090534979424
3	241.0	2.5311203319502074
10	198.0	1.0
6	229.0	1.7685589519650655
2	246.0	2.4796747967479673
5	245.0	2.4244897959183676
1	248.0	2.431451612903226
16	196.0	1.0
9	240.0	1.7166666666666666
13	202.0	1.0
7	235.0	1.6595744680851063
19	205.0	1.0
24	187.0	1.0
17	192.0	1.0
21	195.0	1.0
20	190.0	1.0
22	197.0	1.0
25	203.0	1.0
18	207.0	1.0
23	206.0	1.0
0	244.0	2.471311475409836
