98

34
39
34
39
19
32
37
29
40
38
39
35
37
13
36
12
12
16
31
37
33
28
38
36
8
30
38
40
31
39
37
34
37
29
39
36
37
14
24
27
37
37
35
14
33
35
35
33
36
38
28
35
14
38
36
39
32
30
37
32
39
10
36
40
22
35
22
29
39
38
21
6
28
36
39
29
39
20
28
25
38
32
39
30
15
35
38
39
39
39
39
39
28
16
38
38
19
39

15	77.0	1.0
3	93.0	2.3655913978494625
7	87.0	1.632183908045977
12	66.0	1.0
2	95.0	2.2526315789473683
13	71.0	1.0
10	74.0	1.0
4	93.0	2.3118279569892475
14	69.0	1.0
1	94.0	2.393617021276596
5	96.0	2.2604166666666665
6	89.0	1.8426966292134832
11	80.0	1.0
8	91.0	1.6813186813186813
16	82.0	1.0
9	92.0	1.565217391304348
23	78.0	1.0
19	71.0	1.0
21	72.0	1.0
17	69.0	1.0
20	69.0	1.0
22	71.0	1.0
24	70.0	1.0
18	74.0	1.0
25	70.0	1.0
0	93.0	2.3870967741935485
