247

29
31
31
39
23
34
39
34
34
30
38
34
37
37
34
8
26
38
39
19
35
20
36
18
33
39
27
39
39
39
37
36
27
7
12
9
9
38
40
38
34
39
40
24
18
39
34
40
20
10
33
39
39
37
39
36
9
31
26
39
39
14
38
10
28
37
38
15
39
39
32
37
38
39
39
39
39
36
38
36
35
31
39
36
29
34
22
39
35
38
39
34
37
35
35
7
40
35
38
35
23
38
37
40
38
34
38
32
34
16
25
39
39
34
39
36
38
26
28
25
36
37
36
36
36
36
34
39
24
34
39
37
40
32
34
36
32
36
38
34
38
37
30
33
31
5
37
36
36
35
38
35
38
26
39
39
36
32
38
34
34
34
13
24
39
39
39
38
9
39
39
32
33
39
36
31
26
36
36
34
34
37
39
25
38
17
38
3
30
39
37
38
33
38
39
30
36
38
39
40
39
37
28
34
39
25
13
34
38
39
40
14
6
33
37
38
38
37
38
34
30
38
38
34
36
31
27
36
36
10
35
33
35
36
9
26
38
38
39
39
10
7
37
39
32
36
37

3	235.0	2.425531914893617
2	234.0	2.41025641025641
1	231.0	2.3593073593073592
15	198.0	1.0
20	203.0	1.0
10	190.0	1.0
25	192.0	1.0
12	194.0	1.0
11	181.0	1.0
13	192.0	1.0
19	190.0	1.0
21	183.0	1.0
24	191.0	1.0
17	192.0	1.0
22	194.0	1.0
18	188.0	1.0
23	196.0	1.0
9	221.0	1.660633484162896
8	222.0	1.6936936936936937
5	235.0	2.442553191489362
6	216.0	1.7916666666666667
14	194.0	1.0
7	236.0	1.6228813559322033
16	195.0	1.0
4	234.0	2.5
0	231.0	2.58008658008658
