250

7
37
36
28
27
40
33
22
3
36
16
31
22
36
35
32
17
34
31
24
32
38
39
37
38
35
37
34
35
32
24
36
38
12
21
38
39
38
37
39
25
37
36
35
39
11
40
38
21
36
33
35
33
38
7
32
23
40
40
38
34
33
36
40
20
38
21
39
39
27
39
39
31
7
36
32
32
37
39
36
39
38
39
35
38
38
39
40
38
36
38
39
24
29
30
38
30
34
35
35
39
26
38
16
40
30
38
38
39
11
39
39
38
29
36
34
40
24
16
37
38
39
39
32
37
28
36
37
34
40
34
5
30
26
39
23
12
36
37
39
36
30
17
33
37
33
39
18
31
11
36
35
38
23
38
36
37
24
37
36
24
33
35
22
38
38
39
36
39
32
38
38
29
39
38
30
36
13
40
39
28
34
33
38
35
39
29
37
36
37
35
34
7
39
38
5
40
35
33
36
37
21
35
24
39
39
12
34
39
13
39
30
36
19
32
30
33
36
28
28
30
39
14
35
38
39
29
39
29
38
16
34
40
7
38
38
35
36
38
38
36
39
37
36
39
26
36
39
3
38

3	241.0	2.3568464730290457
4	237.0	2.459915611814346
2	238.0	2.3487394957983194
1	242.0	2.4008264462809916
19	199.0	1.0
14	198.0	1.0
11	197.0	1.0
5	233.0	2.4549356223175964
15	197.0	1.0
18	196.0	1.0
8	236.0	1.6144067796610169
13	200.0	1.0
12	188.0	1.0
21	190.0	1.0
22	183.0	1.0
16	187.0	1.0
17	191.0	1.0
25	182.0	1.0
10	187.0	1.0
23	182.0	1.0
6	222.0	1.6711711711711712
24	193.0	1.0
7	231.0	1.658008658008658
20	200.0	1.0
9	230.0	1.6869565217391305
0	240.0	2.475
