100

34
38
33
32
38
35
7
38
35
37
38
28
34
39
32
39
33
38
36
35
38
8
7
31
34
39
10
28
28
37
40
32
22
34
40
4
35
33
35
36
37
35
6
32
31
39
39
39
32
39
38
36
38
35
36
34
37
34
38
31
39
22
38
39
39
36
36
24
34
33
30
35
35
35
38
17
16
19
38
39
33
38
39
39
39
32
38
28
20
32
35
36
36
36
19
36
34
39
32
32

4	96.0	2.3333333333333335
7	94.0	1.574468085106383
6	96.0	1.59375
5	97.0	2.381443298969072
8	93.0	1.6344086021505377
3	96.0	2.4583333333333335
1	98.0	2.3469387755102042
2	98.0	2.4183673469387754
9	95.0	1.631578947368421
11	75.0	1.0
13	81.0	1.0
14	75.0	1.0
22	76.0	1.0
19	81.0	1.0
20	79.0	1.0
16	79.0	1.0
24	74.0	1.0
25	72.0	1.0
18	76.0	1.0
15	79.0	1.0
23	79.0	1.0
21	75.0	1.0
17	74.0	1.0
12	84.0	1.0
10	81.0	1.0
0	98.0	2.5
