250

31
39
20
38
19
39
14
40
38
8
27
35
6
33
39
38
36
37
38
36
38
30
36
36
40
36
38
8
6
33
39
39
30
38
36
31
38
36
36
30
39
34
39
39
32
14
38
39
36
30
34
3
22
14
38
40
39
38
8
39
40
34
39
39
36
39
37
22
39
26
36
27
39
38
38
24
38
3
30
39
39
35
39
39
34
40
32
8
37
38
30
36
35
37
8
2
33
6
39
37
38
40
38
34
37
39
38
34
37
38
32
39
38
40
39
34
30
38
36
37
24
28
36
34
31
18
38
40
38
39
34
39
38
10
39
36
9
36
16
29
39
28
36
37
40
35
39
28
39
18
35
10
39
30
22
35
34
40
39
29
12
37
33
32
38
37
36
39
39
24
33
5
37
37
31
40
39
40
32
34
38
38
6
33
39
20
34
35
39
36
38
38
37
10
9
12
10
32
39
38
4
22
38
37
37
38
36
35
39
28
34
38
33
29
24
36
33
38
34
40
37
37
36
34
26
34
37
34
9
24
20
27
39
20
15
29
39
26
39
35
30
39
37
39
39
20
38
30
31
38

2	235.0	2.4
6	230.0	1.565217391304348
7	232.0	1.5732758620689655
1	242.0	2.3264462809917354
8	229.0	1.6506550218340612
4	238.0	2.3823529411764706
5	238.0	2.3823529411764706
3	243.0	2.366255144032922
9	232.0	1.5689655172413792
10	203.0	1.0
24	197.0	1.0
18	198.0	1.0
19	192.0	1.0
22	187.0	1.0
15	198.0	1.0
16	175.0	1.0
20	184.0	1.0
25	191.0	1.0
17	188.0	1.0
23	199.0	1.0
12	190.0	1.0
21	195.0	1.0
11	195.0	1.0
13	198.0	1.0
14	197.0	1.0
0	232.0	2.5172413793103448
