247

9
10
9
8
10
10
6
8
10
7
6
7
10
10
7
7
5
10
5
6
10
8
10
5
8
7
8
9
3
4
9
10
8
10
7
8
9
6
9
7
6
8
8
10
8
9
5
9
7
5
10
10
9
8
4
10
9
9
3
8
6
10
5
7
9
4
9
7
10
9
8
8
6
10
10
7
4
10
4
10
9
9
9
8
4
3
9
9
5
9
8
9
9
8
10
10
8
3
8
5
6
10
6
10
10
9
9
10
6
6
10
5
6
8
9
10
7
8
6
10
10
9
10
5
3
6
10
10
5
10
10
7
6
7
9
9
7
10
10
8
10
9
9
9
9
10
10
6
3
9
8
9
4
9
10
7
10
5
9
10
8
6
8
10
10
10
6
9
9
8
8
10
10
10
10
7
8
10
10
8
10
10
10
10
9
10
9
10
7
8
9
9
2
3
9
8
9
4
7
10
5
5
9
8
5
9
10
10
10
10
5
10
10
8
9
7
8
10
5
7
9
7
7
10
10
10
6
10
2
3
9
8
8
9
9
10
10
7
6
6
7
7
8
10
8
9
10

5	172.0	1.0
2	165.0	1.0
4	164.0	1.0
3	154.0	1.0
1	148.0	1.0
6	180.0	1.0
8	166.0	1.0
7	162.0	1.0
10	159.0	1.0
9	167.0	1.0
0	219.0	1.54337899543379
