247

10
9
9
10
8
6
9
5
8
2
9
8
10
10
9
7
9
6
7
6
9
10
7
8
10
10
10
9
6
9
9
10
10
5
9
8
9
4
9
10
8
5
9
7
8
10
8
2
8
10
8
8
8
4
8
4
10
7
9
10
10
10
4
8
10
8
8
8
8
5
7
10
10
9
10
9
8
9
10
5
8
10
9
8
10
10
9
7
6
10
10
8
7
10
9
10
9
9
8
6
9
8
8
5
9
10
4
10
9
8
5
10
9
10
10
9
6
8
10
9
10
8
9
7
10
7
9
7
10
9
10
10
9
8
8
10
9
10
6
10
10
8
7
10
10
7
7
9
10
5
8
10
5
8
9
6
7
10
8
8
10
10
8
4
7
9
10
8
10
9
8
3
7
9
10
5
10
10
4
9
8
6
10
9
6
5
10
6
8
10
9
10
10
8
10
10
10
8
10
10
9
5
10
7
10
9
9
8
5
9
10
6
10
6
9
5
10
10
8
6
9
8
8
10
8
8
10
5
10
10
10
8
10
8
8
8
8
9
10
7
10
6
8
8
8
9
9

1	182.0	1.0
7	172.0	1.0
4	159.0	1.0062893081761006
10	171.0	1.0
8	179.0	1.0
5	183.0	1.0
6	162.0	1.0
2	155.0	1.0
9	162.0	1.0
3	161.0	1.0
0	224.0	1.6026785714285714
