100

7
36
29
39
35
34
32
32
37
37
36
39
35
29
38
33
15
38
39
36
17
30
33
36
35
36
39
38
37
40
37
38
36
34
33
35
38
38
36
39
39
39
34
39
40
35
39
28
39
39
6
34
37
38
37
29
38
38
39
22
39
38
16
39
38
38
3
28
40
6
38
36
39
38
39
35
26
39
35
38
39
28
25
39
35
39
30
38
33
37
37
38
38
35
33
34
39
36
34
35

2	96.0	2.6145833333333335
7	95.0	1.7157894736842105
3	97.0	2.4948453608247423
6	92.0	1.7826086956521738
1	97.0	2.4536082474226806
5	98.0	2.4489795918367347
8	95.0	1.6631578947368422
4	97.0	2.4329896907216493
15	82.0	1.0
16	81.0	1.0
13	81.0	1.0
18	79.0	1.0
23	79.0	1.0
25	81.0	1.0
10	82.0	1.0
24	83.0	1.0
14	78.0	1.0
17	82.0	1.0
20	78.0	1.0
12	88.0	1.0
9	93.0	1.7204301075268817
21	83.0	1.0
19	84.0	1.0
11	83.0	1.0
22	77.0	1.0
0	99.0	2.494949494949495
