100

39
38
8
38
9
36
25
36
27
35
28
40
40
18
28
16
38
38
36
40
34
33
38
28
38
26
36
29
22
36
35
40
38
39
38
39
38
39
31
35
38
39
34
34
36
39
38
38
35
39
33
31
37
40
36
33
38
36
31
37
39
36
34
38
38
39
39
19
38
34
39
22
37
36
39
38
39
31
8
39
37
28
12
39
40
3
14
36
39
39
38
39
33
33
7
39
38
24
38
29

7	98.0	1.6326530612244898
1	100.0	2.44
2	98.0	2.4081632653061225
5	96.0	2.4375
3	98.0	2.316326530612245
8	96.0	1.65625
4	96.0	2.34375
6	95.0	1.694736842105263
9	97.0	1.6288659793814433
23	80.0	1.0
22	78.0	1.0
20	81.0	1.0
14	80.0	1.0
13	72.0	1.0
21	80.0	1.0
16	80.0	1.0
11	81.0	1.0
24	69.0	1.0
15	75.0	1.0
19	78.0	1.0
10	81.0	1.0
12	83.0	1.0
25	82.0	1.0
18	80.0	1.0
17	80.0	1.0
0	96.0	2.6041666666666665
