100

38
36
37
33
37
39
36
27
38
17
38
29
36
37
36
30
39
17
39
38
39
38
38
36
28
39
36
39
34
32
24
30
39
29
37
39
19
36
39
17
21
39
32
36
40
17
39
37
34
40
3
23
35
38
36
35
13
38
30
38
39
39
30
35
36
35
39
39
18
37
39
32
39
38
34
34
35
38
39
37
18
36
34
37
33
39
35
5
22
25
36
34
39
38
31
39
38
32
37
25

14	78.0	1.0
8	99.0	1.6666666666666667
9	97.0	1.6185567010309279
10	85.0	1.0
5	97.0	2.3608247422680413
3	99.0	2.4444444444444446
12	78.0	1.0
4	98.0	2.4285714285714284
1	96.0	2.4375
2	98.0	2.3469387755102042
7	97.0	1.6701030927835052
11	83.0	1.0
6	95.0	1.6526315789473685
13	85.0	1.0
24	78.0	1.0
19	76.0	1.0
18	83.0	1.0
20	76.0	1.0
17	79.0	1.0
15	74.0	1.0
22	73.0	1.0
21	73.0	1.0
16	78.0	1.0
25	74.0	1.0
23	79.0	1.0
0	98.0	2.5306122448979593
