244

7
7
10
7
7
7
6
10
9
8
6
10
2
9
6
8
10
10
9
7
9
6
7
9
10
5
3
3
9
9
9
6
10
7
10
2
9
9
4
3
4
10
6
10
6
8
5
3
7
10
10
10
10
9
10
7
6
6
5
3
7
10
8
10
9
7
10
9
10
10
9
10
9
8
8
7
8
9
9
9
10
10
4
10
9
10
10
10
5
10
9
10
7
9
10
7
8
7
8
9
10
3
6
5
6
4
8
9
4
10
10
10
4
6
7
7
8
9
3
9
5
10
6
9
7
8
9
9
6
10
10
10
10
8
8
8
9
7
10
10
9
7
6
7
9
10
9
8
5
10
5
8
4
8
6
7
10
3
9
8
3
6
3
9
10
6
5
9
8
8
10
9
9
10
7
7
10
10
6
10
5
9
3
9
10
6
10
10
8
10
9
2
10
2
7
3
7
8
10
5
9
8
8
3
7
6
9
10
10
9
10
7
9
10
8
9
9
8
8
8
10
8
7
9
8
9
9
10
8
7
10
10
7
7
8
10
6
8
10
8
8
4
10
10

4	157.0	1.0
5	147.0	1.0
1	158.0	1.0
7	166.0	1.0
6	166.0	1.0
3	156.0	1.0
2	173.0	1.0
9	155.0	1.0
10	148.0	1.0
8	160.0	1.0
0	206.0	1.5533980582524272
