100

40
22
39
38
39
20
33
34
33
5
7
35
23
17
38
33
40
36
37
34
38
35
39
25
3
28
29
37
18
20
39
39
39
38
15
21
36
33
34
36
33
14
39
30
34
26
37
39
31
22
25
39
39
36
32
39
33
26
38
26
25
37
33
35
39
36
39
31
12
34
27
36
35
21
19
37
37
38
39
36
6
9
39
37
26
35
39
38
37
36
38
40
40
33
10
38
38
39
37
40

4	97.0	2.3608247422680413
5	95.0	2.263157894736842
3	97.0	2.402061855670103
12	79.0	1.0
14	76.0	1.0
2	95.0	2.3157894736842106
11	72.0	1.0
9	87.0	1.6091954022988506
13	79.0	1.0
1	97.0	2.268041237113402
6	92.0	1.6630434782608696
10	84.0	1.0
8	96.0	1.6354166666666667
7	94.0	1.5851063829787233
18	72.0	1.0
22	74.0	1.0
20	75.0	1.0
24	72.0	1.0
21	74.0	1.0
16	76.0	1.0
19	76.0	1.0
17	68.0	1.0
15	64.0	1.0
25	70.0	1.0
23	74.0	1.0
0	96.0	2.53125
