245

10
10
6
10
10
9
4
4
5
10
8
6
8
8
8
2
9
9
6
8
10
7
10
6
3
10
3
9
10
10
10
9
10
9
2
5
10
7
10
7
10
10
2
8
10
8
7
9
10
10
9
10
7
9
3
9
8
10
10
8
10
8
10
9
5
6
9
4
8
5
9
8
2
3
5
3
9
8
7
9
10
8
9
10
8
9
10
10
10
10
8
6
6
8
9
8
9
7
10
7
5
9
3
10
8
10
10
7
6
7
8
8
10
10
10
10
10
10
10
9
3
5
9
8
7
6
7
8
7
6
9
8
9
10
9
5
5
10
9
8
9
9
10
8
10
10
7
6
5
10
7
9
10
3
8
8
10
8
9
10
9
8
9
6
7
8
8
9
9
9
8
10
3
6
9
8
7
4
6
7
9
9
10
8
8
8
3
9
6
10
9
9
5
8
9
6
5
9
7
6
4
9
3
6
8
10
10
10
7
10
6
10
10
9
9
10
4
6
8
9
10
7
10
9
6
9
8
6
6
4
5
10
4
10
5
7
4
8
4
4
9
6
5
5
6

1	140.0	1.0
3	148.0	1.0
2	149.0	1.0
9	171.0	1.0
10	157.0	1.0
7	177.0	1.0
8	152.0	1.0
4	150.0	1.0
6	150.0	1.0
5	160.0	1.0
0	223.0	1.5291479820627802
