247

7
34
16
35
35
12
20
3
31
28
36
36
37
38
5
31
27
38
37
31
40
34
38
39
33
36
39
36
33
32
38
31
36
31
35
37
39
37
31
38
28
22
32
27
39
34
24
36
35
18
24
38
4
38
34
39
36
36
39
35
32
35
38
35
22
37
20
38
38
39
36
36
38
34
31
34
39
38
35
31
35
39
36
38
39
28
9
37
39
37
9
34
36
40
4
37
9
34
34
16
39
32
29
35
3
33
39
38
5
38
39
35
40
36
37
37
14
37
34
39
38
38
39
30
40
25
4
20
31
22
28
38
31
37
21
17
8
26
29
27
38
36
34
38
38
36
18
34
24
36
38
38
23
38
37
33
35
36
39
37
34
8
38
32
39
39
33
33
4
32
38
33
39
39
39
8
38
36
30
39
37
36
39
6
38
38
38
35
33
18
19
39
2
38
38
27
31
39
39
38
11
38
15
31
17
10
37
36
31
33
40
21
39
37
26
36
2
39
36
39
37
10
34
38
21
16
3
40
38
36
28
38
40
39
39
38
36
35
37
39
34
36
29
27
39
37
38

1	231.0	2.398268398268398
3	225.0	2.457777777777778
2	230.0	2.408695652173913
24	183.0	1.0
16	175.0	1.0
15	180.0	1.0
17	168.0	1.0
25	177.0	1.0
22	178.0	1.0
19	186.0	1.0
23	181.0	1.0
8	227.0	1.6740088105726871
10	190.0	1.0
13	187.0	1.0
4	231.0	2.398268398268398
21	187.0	1.0
14	191.0	1.0
20	179.0	1.0
18	198.0	1.0
11	185.0	1.0
12	192.0	1.0
5	225.0	2.4444444444444446
6	221.0	1.6380090497737556
9	224.0	1.6517857142857142
7	226.0	1.6017699115044248
0	226.0	2.4646017699115044
