100

35
32
36
7
39
38
36
9
38
38
30
40
39
28
31
34
31
32
39
13
32
35
31
40
28
33
37
33
37
39
35
40
38
36
18
20
32
33
25
40
4
39
31
7
31
35
32
35
31
10
38
27
36
30
37
22
40
35
26
28
18
38
4
34
38
22
33
32
18
19
36
38
15
37
35
24
36
38
21
7
35
31
4
38
39
36
36
36
40
32
15
34
30
37
31
33
37
29
38
37

6	87.0	1.7816091954022988
5	96.0	2.2916666666666665
16	81.0	1.0
7	83.0	1.7349397590361446
11	69.0	1.0
12	73.0	1.0
4	94.0	2.2872340425531914
10	71.0	1.0
8	89.0	1.6067415730337078
13	70.0	1.0
17	69.0	1.0
14	71.0	1.0
1	83.0	2.4939759036144578
18	66.0	1.0
15	69.0	1.0
21	66.0	1.0
20	82.0	1.0
19	79.0	1.0
3	97.0	2.2268041237113403
9	89.0	1.797752808988764
2	93.0	2.2795698924731185
22	72.0	1.0
24	73.0	1.0
23	68.0	1.0
25	71.0	1.0
0	96.0	2.3958333333333335
