100

39
36
29
38
33
34
39
29
40
38
16
36
39
33
39
39
11
26
35
34
36
36
30
39
32
35
38
39
34
36
22
32
38
10
35
38
37
38
27
37
38
38
39
32
39
38
37
25
38
39
40
36
26
35
39
34
38
38
38
14
26
40
29
34
32
35
34
26
38
12
33
39
39
4
26
35
39
34
37
38
38
37
34
34
6
37
35
11
24
16
39
37
23
38
38
2
38
30
34
33

10	78.0	1.0
11	73.0	1.0
8	96.0	1.6458333333333333
12	83.0	1.0
2	97.0	2.443298969072165
4	96.0	2.4270833333333335
6	93.0	1.6236559139784945
5	96.0	2.25
7	92.0	1.673913043478261
9	94.0	1.648936170212766
3	93.0	2.3978494623655915
1	98.0	2.4081632653061225
18	83.0	1.0
17	80.0	1.0
16	78.0	1.0
19	78.0	1.0
24	80.0	1.0
21	82.0	1.0
14	77.0	1.0
20	77.0	1.0
23	76.0	1.0
15	69.0	1.0
22	78.0	1.0
13	76.0	1.0
25	78.0	1.0
0	96.0	2.4791666666666665
