249

38
38
33
37
31
8
4
27
36
39
34
38
33
40
36
38
35
38
38
27
38
34
38
30
38
37
32
36
40
32
13
38
20
34
34
35
32
37
38
11
37
4
38
39
37
34
26
33
14
34
12
35
38
30
38
35
26
35
39
39
31
11
15
4
25
32
38
16
35
29
37
39
29
39
21
23
8
34
29
36
37
34
29
33
23
39
38
39
37
24
36
40
33
39
21
38
23
32
38
35
40
35
11
31
27
35
38
5
38
29
39
34
39
33
33
32
39
27
37
37
39
35
39
35
40
39
32
39
38
39
28
36
32
17
28
34
18
37
23
38
19
39
36
8
38
39
35
20
30
38
33
34
34
29
30
12
14
38
36
39
31
39
29
30
29
9
38
39
36
38
36
38
38
29
38
37
35
40
38
40
38
28
39
37
39
8
29
39
37
32
34
38
39
18
28
36
12
36
7
39
37
39
31
4
39
34
39
6
37
32
37
39
39
39
34
33
36
37
33
38
39
33
33
28
39
13
39
38
38
39
27
31
34
39
38
38
38
35
34
35
35
37
38
3
8
33
25
32
36

8	225.0	1.6533333333333333
15	190.0	1.0
12	187.0	1.0
21	184.0	1.0
13	179.0	1.0
10	188.0	1.0
6	220.0	1.740909090909091
18	189.0	1.0
19	190.0	1.0
16	189.0	1.0
20	190.0	1.0
3	234.0	2.3290598290598292
4	235.0	2.404255319148936
5	237.0	2.392405063291139
11	194.0	1.0
17	192.0	1.0
22	182.0	1.0
7	223.0	1.704035874439462
1	233.0	2.4549356223175964
9	232.0	1.646551724137931
2	235.0	2.421276595744681
14	191.0	1.0
25	187.0	1.0
24	186.0	1.0
23	188.0	1.0
0	240.0	2.4166666666666665
