249

30
37
38
17
6
30
37
39
34
39
39
21
22
4
32
37
39
35
39
38
38
31
35
31
38
36
35
38
36
37
35
38
40
39
33
39
30
32
30
40
34
38
39
33
37
37
25
38
39
37
35
12
27
38
38
38
37
27
31
37
22
6
35
36
39
39
39
38
40
38
38
39
39
16
39
6
24
28
38
36
6
39
16
40
37
39
16
32
39
33
36
37
38
22
39
33
35
39
33
15
38
39
38
39
36
5
14
38
23
32
38
37
32
22
36
33
39
36
39
26
35
39
34
38
39
39
23
36
22
17
39
39
40
39
36
4
33
37
39
38
23
13
36
38
38
36
38
33
26
37
38
15
23
34
33
16
37
34
7
31
38
35
35
37
17
35
33
32
16
38
37
33
35
21
14
38
38
9
39
34
36
33
32
34
36
40
36
29
40
37
38
34
36
38
36
38
35
34
34
32
36
35
38
38
36
36
37
36
37
38
39
40
35
39
25
40
38
39
38
37
38
40
7
21
8
36
32
33
38
39
18
13
7
25
31
37
37
29
35
32
39
36
38
30
14
34
35
15
35

6	211.0	1.8056872037914693
7	229.0	1.6069868995633187
16	196.0	1.0
9	232.0	1.7241379310344827
14	188.0	1.0
8	235.0	1.651063829787234
15	200.0	1.0
12	195.0	1.0
2	241.0	2.4149377593360994
10	188.0	1.0
1	239.0	2.280334728033473
13	179.0	1.0
4	241.0	2.3568464730290457
11	180.0	1.0
3	243.0	2.3333333333333335
5	239.0	2.4686192468619246
25	195.0	1.0
19	200.0	1.0
18	194.0	1.0
22	194.0	1.0
21	180.0	1.0
17	187.0	1.0
23	196.0	1.0
20	193.0	1.0
24	203.0	1.0
0	233.0	2.515021459227468
