247

4
9
9
10
5
8
8
9
6
9
10
3
7
9
10
5
10
6
3
10
9
10
10
7
3
9
9
9
10
4
8
10
8
9
9
8
10
4
9
4
5
10
3
4
7
10
6
7
9
7
9
8
9
9
5
7
7
10
4
10
10
5
9
10
7
10
5
8
10
7
3
10
10
6
6
9
9
6
2
2
7
10
9
7
10
10
10
8
7
7
10
10
7
9
9
7
10
10
6
4
8
10
9
8
9
10
8
6
7
5
10
10
10
9
10
3
9
5
2
8
10
9
8
9
4
10
9
6
7
9
4
10
10
10
9
10
7
10
7
10
10
4
7
8
10
5
10
10
6
10
6
6
5
9
5
9
5
9
10
9
9
5
7
9
5
10
9
9
7
8
8
4
7
10
9
6
9
7
5
6
9
9
5
10
3
8
9
10
10
9
9
10
10
9
10
9
8
4
5
7
9
10
10
4
9
3
10
7
8
9
9
9
10
10
10
10
5
10
9
9
9
10
9
7
8
10
9
9
8
7
8
4
7
8
10
10
8
10
10
8
10
9
10
8
10
9
7

2	178.0	1.0
1	154.0	1.0
3	159.0	1.0
5	166.0	1.0060240963855422
4	156.0	1.0
6	161.0	1.0
9	164.0	1.0
10	162.0	1.0
8	162.0	1.0
7	155.0	1.0
0	218.0	1.555045871559633
