248

36
34
39
39
37
38
29
37
37
37
39
37
36
38
29
35
36
32
39
39
36
40
38
39
36
33
30
38
40
37
30
39
36
40
39
19
33
35
25
38
38
33
9
32
39
33
39
32
27
35
36
39
35
3
36
39
39
37
37
30
32
8
36
39
37
31
36
27
36
32
38
35
39
31
39
6
38
36
39
20
40
39
38
40
34
37
36
37
37
36
33
36
29
33
35
22
17
36
30
39
32
33
27
38
33
37
9
25
38
36
30
37
5
20
39
38
39
24
37
37
38
38
38
12
36
29
32
38
38
20
36
38
22
35
35
34
39
36
31
29
40
33
39
32
40
34
37
39
36
37
40
38
35
38
36
39
37
16
19
39
39
14
11
38
20
38
24
25
39
11
39
33
38
38
28
32
33
15
38
36
32
38
36
20
22
35
38
39
29
32
36
34
36
39
35
30
39
36
36
26
38
38
34
39
34
36
36
27
36
38
38
29
37
6
14
35
37
27
36
36
33
34
39
39
21
23
35
35
28
39
38
36
33
23
38
19
36
5
39
39
37
22
38
39
20
36
37
37

1	238.0	2.357142857142857
2	240.0	2.470833333333333
3	235.0	2.527659574468085
9	227.0	1.6872246696035242
22	201.0	1.0
6	230.0	1.691304347826087
13	199.0	1.0
20	214.0	1.0
8	232.0	1.7413793103448276
25	185.0	1.0
21	181.0	1.0
7	228.0	1.6403508771929824
4	233.0	2.4420600858369097
11	187.0	1.0
16	189.0	1.0
14	183.0	1.0
18	205.0	1.0
5	234.0	2.5128205128205128
12	190.0	1.0
23	197.0	1.0
24	191.0	1.0
17	192.0	1.0
15	196.0	1.0
19	188.0	1.0
10	194.0	1.0
0	241.0	2.5809128630705396
