250

38
3
34
40
34
38
15
15
39
31
37
33
28
33
4
40
39
37
39
38
40
7
28
20
40
36
40
36
35
39
15
26
39
28
15
32
38
38
37
16
36
33
37
33
34
17
34
34
39
25
37
38
38
32
39
39
38
38
38
32
39
21
16
38
25
35
36
39
21
32
18
37
25
37
31
37
21
34
31
18
39
38
34
38
39
33
39
35
38
32
30
30
39
39
16
12
36
39
20
29
32
38
38
39
4
21
40
40
37
38
34
33
32
16
37
36
34
9
33
13
39
36
38
32
29
38
32
28
38
19
40
36
37
38
21
39
35
38
39
39
38
30
39
37
28
10
38
37
32
36
21
13
34
30
38
39
18
8
16
34
38
5
39
40
23
35
40
31
39
34
36
32
24
37
14
36
36
15
3
38
30
39
39
39
37
38
32
37
38
10
34
32
31
35
38
16
34
34
39
40
35
26
23
36
20
12
38
38
39
38
38
38
38
18
2
39
22
39
35
36
39
39
39
10
39
21
37
38
38
32
34
38
17
37
12
36
39
37
38
23
37
15
14
36
38
24
38
22
35
30

2	236.0	2.389830508474576
12	194.0	1.0
13	192.0	1.0
1	242.0	2.330578512396694
11	191.0	1.0
3	243.0	2.403292181069959
4	241.0	2.3775933609958506
10	186.0	1.0
9	234.0	1.5726495726495726
5	237.0	2.3248945147679323
8	230.0	1.5869565217391304
7	229.0	1.6593886462882097
6	226.0	1.584070796460177
23	202.0	1.0
24	201.0	1.0
20	183.0	1.0
15	183.0	1.0
22	182.0	1.0
19	172.0	1.0
14	178.0	1.0
18	180.0	1.0
17	186.0	1.0
21	181.0	1.0
25	173.0	1.0
16	170.0	1.0
0	240.0	2.4
