246

10
9
7
7
6
9
10
10
10
9
9
9
7
9
6
10
10
8
9
9
9
10
8
5
10
10
10
9
10
10
6
8
10
6
9
10
8
9
8
8
5
6
8
6
7
9
6
7
9
10
10
10
8
10
9
7
2
8
6
4
10
10
9
8
4
5
10
10
8
10
10
9
9
7
9
2
10
4
7
6
8
4
10
8
10
8
10
10
10
5
10
7
4
7
9
7
8
2
8
8
6
10
8
10
8
10
6
10
7
7
8
10
10
7
10
7
8
3
10
5
9
5
9
8
6
7
9
8
10
5
9
6
10
6
10
8
10
8
7
9
9
10
3
6
9
9
9
3
9
10
3
8
5
8
6
2
10
4
2
3
10
10
10
9
9
10
9
9
8
9
9
10
9
4
10
7
8
5
3
8
10
8
10
2
8
9
10
10
8
10
10
8
8
6
3
10
6
10
10
8
5
7
8
10
10
9
10
7
10
5
6
8
9
9
8
10
8
7
4
3
10
7
9
10
6
10
10
6
8
8
9
9
7
9
10
10
10
9
6
8
5
5
8
10
10
6

4	160.0	1.0
1	148.0	1.0
2	156.0	1.0
3	135.0	1.0
6	162.0	1.0
9	169.0	1.0059171597633136
7	155.0	1.0
5	162.0	1.0
10	164.0	1.0
8	189.0	1.0
0	222.0	1.563063063063063
