250

32
37
34
34
38
38
29
35
34
39
40
28
35
37
38
34
26
33
38
37
31
40
37
32
36
18
34
39
9
11
39
36
26
30
37
7
38
31
37
24
33
38
25
39
39
39
32
25
17
38
36
38
38
37
37
34
39
38
38
29
39
34
38
23
36
35
32
30
34
31
16
39
38
38
32
31
6
39
39
36
38
38
38
6
17
39
30
35
32
12
30
39
31
35
35
39
16
38
36
26
34
30
39
36
32
25
37
33
38
36
38
39
31
26
37
29
9
37
33
33
33
38
38
39
39
30
39
36
37
39
40
23
31
35
18
38
35
40
17
13
40
36
37
34
38
37
4
34
30
39
18
26
34
8
39
32
35
22
39
32
37
37
38
31
35
38
9
38
36
38
36
6
40
26
38
9
38
38
39
36
37
27
33
37
9
38
38
32
31
39
34
33
40
36
17
30
38
8
36
38
37
21
34
39
29
39
37
39
39
3
27
15
38
36
32
38
8
6
37
38
33
40
18
38
39
32
37
37
27
38
36
40
17
37
39
26
12
27
36
39
20
39
38
32
28
19
13
36
19
19

4	240.0	2.3875
7	231.0	1.6017316017316017
5	242.0	2.330578512396694
8	232.0	1.6508620689655173
3	244.0	2.2950819672131146
1	244.0	2.3934426229508197
2	242.0	2.3512396694214877
6	237.0	1.6244725738396624
23	189.0	1.0
16	182.0	1.0
19	182.0	1.0
25	184.0	1.0
9	215.0	1.7069767441860466
17	180.0	1.0
11	182.0	1.0
24	183.0	1.0
14	188.0	1.0
13	180.0	1.0
12	174.0	1.0
20	188.0	1.0
18	190.0	1.0
15	196.0	1.0
10	189.0	1.0
22	196.0	1.0
21	207.0	1.0
0	237.0	2.4852320675105486
