246

9
10
6
9
8
10
7
9
6
10
3
10
8
8
10
10
8
7
6
10
8
7
4
8
9
10
6
9
10
10
10
9
8
10
5
9
9
10
10
10
3
10
10
6
9
9
7
10
8
10
7
10
5
8
10
10
7
10
4
3
5
9
6
3
10
3
5
4
6
4
3
9
10
10
10
11
5
10
10
9
9
8
8
8
10
4
10
9
7
10
10
7
6
3
7
6
10
10
3
4
9
4
9
9
3
10
8
10
6
4
8
10
8
9
3
7
9
4
8
4
5
10
5
8
10
9
9
8
5
7
5
10
6
10
10
7
5
6
2
8
10
9
4
7
3
10
4
9
9
9
10
9
10
3
4
8
10
10
6
10
10
10
10
10
5
9
6
7
7
9
10
10
8
10
9
7
10
5
7
7
5
7
7
7
7
9
6
10
8
10
4
4
7
5
10
9
9
9
9
10
3
9
7
9
9
9
6
8
8
9
9
6
10
5
7
5
8
6
7
6
6
10
6
10
9
8
6
8
7
7
9
4
6
2
7
10
9
6
5
10
4
10
9
10
6
7

1	166.0	1.0060240963855422
4	172.0	1.0
2	161.0	1.0
7	162.0	1.0061728395061729
6	165.0	1.0
3	158.0	1.0
5	164.0	1.0
10	138.0	1.0
9	136.0	1.0
8	140.0	1.0
0	196.0	1.6020408163265305
