100

37
36
34
16
22
36
39
38
33
37
12
30
33
38
38
25
17
36
38
38
24
31
40
38
39
38
30
38
15
34
38
28
31
33
26
30
35
35
6
12
35
38
23
33
40
39
31
34
27
6
21
33
38
35
39
13
36
34
36
20
40
37
30
39
36
16
37
25
34
38
4
4
35
38
38
36
36
9
36
39
38
36
26
37
29
26
39
38
3
22
33
37
38
38
32
38
38
26
33
35

2	93.0	2.3763440860215055
1	95.0	2.2421052631578946
5	91.0	2.4395604395604398
7	90.0	1.6666666666666667
10	76.0	1.0
12	71.0	1.0
13	70.0	1.0
14	70.0	1.0
3	94.0	2.3404255319148937
8	90.0	1.6
6	92.0	1.5978260869565217
4	98.0	2.204081632653061
9	93.0	1.6129032258064515
11	73.0	1.0
25	74.0	1.0
22	77.0	1.0
19	77.0	1.0
20	75.0	1.0
17	76.0	1.0
24	75.0	1.0
16	72.0	1.0
23	74.0	1.0
21	70.0	1.0
15	75.0	1.0
18	75.0	1.0
0	96.0	2.40625
