245

6
7
9
9
8
5
10
9
8
9
7
10
10
9
9
8
10
7
10
3
9
2
5
10
9
8
8
6
10
7
10
3
5
7
10
9
4
8
10
9
7
10
6
10
7
10
8
9
8
10
6
9
5
10
4
7
10
9
5
10
6
10
7
6
10
7
9
10
10
9
9
7
8
8
10
7
7
7
10
9
10
9
8
6
8
9
5
9
10
9
10
10
10
8
6
8
8
6
9
6
5
7
9
10
6
10
3
9
7
6
7
10
10
7
8
7
10
6
9
9
9
10
10
7
9
7
10
7
9
9
5
10
9
10
8
7
7
8
10
9
2
2
10
6
10
3
5
5
10
10
5
10
6
9
6
7
6
7
6
9
10
2
9
6
9
10
9
4
8
5
10
6
10
8
8
10
5
7
10
10
9
10
9
8
9
10
3
9
8
6
8
2
10
10
8
8
7
4
9
5
10
9
9
8
9
3
10
2
9
4
3
10
9
8
8
9
10
10
9
8
7
10
10
9
5
9
5
8
10
10
10
10
10
4
5
10
10
8
7
9
4
6
3
4
8

5	169.0	1.0
2	166.0	1.0
7	158.0	1.0063291139240507
3	160.0	1.0
1	167.0	1.0
6	141.0	1.0
4	151.0	1.0
8	177.0	1.0
9	157.0	1.0
10	151.0	1.0
0	191.0	1.6701570680628273
