249

39
39
38
36
31
39
12
24
34
32
36
14
12
39
26
38
39
36
37
28
26
36
26
39
38
36
36
38
4
36
39
20
32
33
38
35
38
36
34
36
39
39
40
4
32
38
14
35
36
39
39
18
39
33
13
38
24
22
12
21
37
32
39
24
21
35
27
38
39
37
38
33
39
36
38
34
34
37
20
36
35
39
38
38
36
25
20
35
33
39
34
29
39
24
39
38
38
39
14
40
33
38
40
34
15
33
26
37
35
37
40
34
38
6
34
38
30
38
33
38
21
32
40
24
30
31
33
26
32
30
28
32
34
10
14
18
17
30
24
33
36
37
37
25
25
14
35
27
39
21
28
38
39
39
29
12
21
39
26
31
32
32
37
28
38
40
38
38
39
36
21
22
36
30
30
37
33
39
36
34
39
32
36
39
30
6
39
8
37
35
37
37
13
38
36
34
21
36
39
19
35
31
38
10
39
34
34
38
36
31
39
39
20
38
35
36
30
38
36
21
37
19
37
39
37
39
38
36
38
20
39
38
38
38
28
34
39
36
14
36
29
31
36
38
22
34
21
38
36

8	236.0	1.5932203389830508
15	185.0	1.0
4	244.0	2.3442622950819674
5	240.0	2.3208333333333333
1	244.0	2.307377049180328
9	235.0	1.6127659574468085
3	244.0	2.3360655737704916
11	185.0	1.0
10	181.0	1.0
6	232.0	1.5991379310344827
7	233.0	1.6437768240343347
2	233.0	2.48068669527897
12	194.0	1.0
13	195.0	1.0
14	192.0	1.0
25	181.0	1.0
18	185.0	1.0
20	180.0	1.0
19	185.0	1.0
23	190.0	1.0
21	186.0	1.0
22	182.0	1.0
16	183.0	1.0
17	194.0	1.0
24	193.0	1.0
0	241.0	2.3651452282157677
