244

10
9
6
9
9
9
9
6
9
10
7
7
10
8
10
8
8
9
6
10
10
8
8
9
8
9
8
10
10
5
9
7
8
6
9
4
7
5
8
10
10
10
7
7
10
7
9
7
4
3
4
9
9
10
7
8
8
10
2
9
7
2
10
4
4
9
2
10
4
6
6
6
10
7
9
7
9
4
10
10
10
10
9
10
10
10
4
9
5
6
9
8
10
10
8
8
3
4
10
5
9
8
9
8
7
5
10
7
10
10
8
9
10
9
8
8
10
8
9
6
7
9
10
8
7
10
7
8
8
9
3
4
9
8
9
4
10
8
7
9
9
7
3
10
9
10
10
7
6
10
10
10
10
4
9
7
10
7
4
9
10
8
3
7
10
6
9
10
3
9
9
7
10
9
5
5
8
8
10
10
10
2
10
9
10
10
7
10
10
6
7
9
9
9
10
9
8
9
6
10
8
6
9
9
6
5
9
10
8
8
9
9
9
10
2
10
10
10
8
9
8
9
6
7
6
8
8
8
4
9
10
9
5
10
4
10
6
8
9
10
10
10
4
9

6	175.0	1.0
8	167.0	1.0
4	171.0	1.0
7	178.0	1.0
3	160.0	1.0
5	167.0	1.0
1	156.0	1.0
2	162.0	1.0
9	150.0	1.0
10	144.0	1.0
0	187.0	1.6096256684491979
