247

9
6
7
7
5
3
3
10
7
9
8
3
8
9
10
10
10
4
9
9
8
10
8
8
10
5
7
9
7
9
8
10
7
10
6
7
9
10
9
9
10
5
10
7
8
8
10
9
8
8
10
5
7
6
9
10
8
7
9
4
7
6
5
4
5
8
6
7
10
9
10
9
6
8
6
10
10
4
10
10
10
7
7
5
10
10
9
10
8
10
10
9
9
10
10
10
10
4
5
9
9
7
10
8
3
9
6
9
10
7
9
10
10
8
10
9
8
8
6
9
9
8
9
7
10
5
10
10
9
10
8
7
8
8
9
5
10
9
5
6
9
10
9
10
9
10
8
5
10
4
10
10
8
6
7
10
9
8
10
10
10
3
10
3
5
10
10
9
7
9
10
8
6
9
6
9
4
7
10
4
9
9
8
10
6
8
9
9
9
9
6
2
3
4
9
7
10
10
9
9
10
10
8
7
9
4
10
7
7
10
7
9
10
6
10
3
9
8
10
6
10
9
7
9
9
8
8
10
8
2
10
6
8
10
10
7
10
10
10
7
9
9
10
4
10
9
8

2	145.0	1.0
1	152.0	1.0
6	161.0	1.0
5	173.0	1.0057803468208093
3	158.0	1.0
10	174.0	1.0
4	169.0	1.0
8	170.0	1.0
7	171.0	1.0058479532163742
9	163.0	1.0
0	228.0	1.5087719298245614
