100

36
38
33
27
39
32
32
38
31
31
39
38
39
13
35
38
29
14
38
39
35
27
31
12
38
33
26
37
8
33
4
37
10
34
40
39
37
18
38
7
35
30
2
27
39
17
25
39
36
29
18
33
37
39
36
39
34
28
14
38
36
38
36
39
34
39
40
36
5
38
38
37
37
39
36
39
38
34
39
38
38
34
38
28
38
6
37
31
6
38
13
35
30
36
20
12
11
28
34
39

5	94.0	2.382978723404255
8	89.0	1.6067415730337078
6	93.0	1.6021505376344085
4	91.0	2.3846153846153846
2	95.0	2.294736842105263
9	91.0	1.6263736263736264
7	89.0	1.5842696629213484
3	97.0	2.185567010309278
1	95.0	2.2842105263157895
11	69.0	1.0
10	77.0	1.0
22	77.0	1.0
12	72.0	1.0
20	74.0	1.0
25	77.0	1.0
19	74.0	1.0
13	70.0	1.0
15	72.0	1.0
18	68.0	1.0
17	73.0	1.0
24	72.0	1.0
23	70.0	1.0
14	69.0	1.0
16	74.0	1.0
21	76.0	1.0
0	90.0	2.588888888888889
