246

8
9
7
7
10
10
8
7
10
6
9
7
8
10
7
9
9
9
9
10
3
9
8
2
10
10
5
7
10
10
10
9
5
4
3
10
7
10
7
9
2
9
6
10
5
10
7
8
8
7
2
7
9
7
9
5
10
8
9
9
8
6
9
10
9
10
8
7
9
9
6
4
8
10
10
7
8
10
5
3
9
9
8
10
3
9
9
9
10
6
10
4
6
8
6
10
5
9
7
7
6
9
8
10
10
7
10
8
10
9
10
10
6
6
10
10
9
10
9
5
10
7
2
10
8
8
8
8
7
10
6
10
10
7
9
8
6
5
7
6
10
2
7
9
5
3
8
8
8
10
10
10
8
10
2
10
8
10
9
10
10
10
2
3
4
10
8
8
10
7
9
10
9
10
9
9
4
10
7
9
9
5
10
3
3
5
8
8
7
10
6
10
9
8
10
6
8
9
10
10
9
10
9
10
7
6
7
6
10
4
10
4
7
9
3
10
4
10
10
6
10
6
9
9
4
9
9
8
10
9
9
10
9
6
5
7
7
9
8
10
9
7
10
10
10
10

4	142.0	1.0
1	155.0	1.0
3	151.0	1.0
2	161.0	1.0
9	199.0	1.0
10	150.0	1.0
6	150.0	1.0
8	163.0	1.0
5	163.0	1.0
7	174.0	1.0
0	221.0	1.48868778280543
