249

5
39
33
35
35
38
22
40
32
13
37
32
38
31
37
39
33
24
4
38
38
34
17
30
38
38
38
40
31
20
36
29
28
4
20
37
38
39
8
12
37
33
38
39
12
26
27
34
33
37
33
33
38
33
20
35
20
39
38
4
39
36
21
37
21
38
9
18
37
37
37
36
33
31
34
5
35
38
35
36
9
35
13
39
39
29
36
37
39
35
37
3
32
15
32
10
30
28
36
40
37
39
39
38
39
11
28
40
5
22
23
17
39
27
37
40
16
38
38
6
39
38
38
24
37
35
39
39
38
22
16
39
31
25
36
37
17
36
33
34
32
7
34
30
33
38
9
35
31
35
29
38
38
39
39
38
39
19
38
22
38
5
39
21
29
25
40
39
24
35
30
35
38
39
19
13
34
36
38
39
36
19
35
28
40
17
3
35
39
39
16
35
39
30
35
5
38
33
37
37
40
39
13
39
30
40
39
35
35
36
39
29
36
19
30
32
40
35
40
39
35
37
20
11
39
37
36
37
39
37
38
39
35
36
15
39
39
35
16
38
32
30
28
39
10
36
3
31
36

4	226.0	2.3849557522123894
3	234.0	2.3034188034188032
2	236.0	2.2711864406779663
1	227.0	2.405286343612335
25	182.0	1.0
7	217.0	1.6589861751152073
20	180.0	1.0
11	178.0	1.0
15	179.0	1.0
9	225.0	1.6133333333333333
23	185.0	1.0
18	186.0	1.0
12	183.0	1.0
17	183.0	1.0
10	180.0	1.0
21	188.0	1.0
8	221.0	1.6832579185520362
6	217.0	1.6866359447004609
24	180.0	1.0
19	179.0	1.0
13	183.0	1.0
14	186.0	1.0
5	231.0	2.3506493506493507
22	186.0	1.0
16	184.0	1.0
0	231.0	2.3593073593073592
