245

7
5
7
7
8
5
10
9
3
4
10
5
9
5
3
7
9
10
9
7
4
9
8
10
10
7
8
2
10
5
10
9
10
7
9
10
7
5
10
9
8
9
10
10
9
3
10
10
3
9
10
8
10
7
6
10
6
7
2
9
6
7
7
10
7
8
9
10
9
5
9
10
10
10
10
10
9
3
8
7
10
9
10
4
10
6
5
9
6
10
10
9
10
7
10
9
8
10
7
3
10
7
3
5
6
5
10
7
10
3
9
9
9
10
9
8
10
10
5
9
8
8
9
7
8
3
3
8
10
6
3
8
7
10
5
10
8
8
5
10
4
5
7
8
4
10
8
3
9
3
8
10
6
6
10
8
4
9
9
8
10
8
10
8
10
10
7
10
2
5
5
7
10
8
7
8
6
7
10
10
9
7
8
10
10
9
9
3
6
10
10
10
6
6
9
9
10
10
8
8
5
5
5
3
6
5
10
3
7
10
4
4
4
6
3
9
6
8
6
10
10
7
5
9
5
5
7
6
10
5
9
9
4
9
4
10
9
8
3
10
6
9
10
7
10

1	162.0	1.0
8	157.0	1.0
5	155.0	1.0
3	156.0	1.0064102564102564
4	145.0	1.0
6	170.0	1.0
7	159.0	1.0
2	161.0	1.0
10	136.0	1.0
9	145.0	1.0
0	187.0	1.6042780748663101
