100

40
38
38
37
22
28
34
39
26
39
39
39
8
23
38
39
6
39
35
7
38
38
33
34
38
38
32
38
37
38
38
37
28
38
25
39
39
37
22
38
10
39
25
14
38
39
36
39
39
36
40
38
38
34
7
34
32
6
40
10
38
39
38
38
32
38
7
39
36
12
38
38
37
37
26
34
35
35
28
39
38
39
36
31
30
22
12
38
36
18
39
40
39
27
14
39
39
30
5
39

9	93.0	1.6989247311827957
6	93.0	1.5591397849462365
8	93.0	1.6989247311827957
10	77.0	1.0
7	94.0	1.6382978723404256
1	94.0	2.393617021276596
4	93.0	2.4838709677419355
2	96.0	2.40625
3	94.0	2.3617021276595747
5	95.0	2.336842105263158
11	78.0	1.0
17	76.0	1.0
16	70.0	1.0
24	76.0	1.0
13	75.0	1.0
14	76.0	1.0
23	74.0	1.0
21	69.0	1.0
20	74.0	1.0
22	79.0	1.0
18	78.0	1.0
19	78.0	1.0
25	75.0	1.0
12	76.0	1.0
15	77.0	1.0
0	93.0	2.5161290322580645
