99

37
31
33
32
35
38
9
34
39
24
38
39
39
40
38
39
29
10
38
24
39
34
40
32
39
36
37
2
35
5
36
30
39
37
19
34
40
40
25
5
39
9
37
37
38
27
37
4
36
38
24
10
39
30
11
39
28
39
38
30
39
32
10
34
39
16
28
36
30
39
12
26
26
39
31
38
39
38
38
27
36
38
39
39
40
16
38
11
38
36
37
33
39
36
8
34
38
34
36

12	69.0	1.0
1	91.0	2.4065934065934065
5	92.0	2.358695652173913
6	89.0	1.797752808988764
2	91.0	2.340659340659341
9	86.0	1.6395348837209303
11	75.0	1.0
3	93.0	2.3440860215053765
18	78.0	1.0
10	75.0	1.0
15	78.0	1.0
17	79.0	1.0
14	75.0	1.0
8	88.0	1.7159090909090908
4	90.0	2.3666666666666667
13	72.0	1.0
7	91.0	1.6813186813186813
16	83.0	1.0
22	75.0	1.0
24	69.0	1.0
20	71.0	1.0
21	73.0	1.0
19	65.0	1.0
25	69.0	1.0
23	67.0	1.0
0	91.0	2.4725274725274726
