246

7
9
10
7
7
3
9
10
8
10
7
9
7
8
9
7
10
10
10
9
8
10
10
9
8
4
10
8
6
9
9
10
5
8
9
10
9
10
6
10
10
9
10
10
10
9
7
10
7
4
10
6
7
4
8
10
8
8
10
6
9
10
10
7
5
10
10
3
8
3
3
7
10
9
10
9
7
5
7
7
7
9
9
10
9
9
10
9
10
10
9
8
9
10
6
8
10
4
4
7
9
9
7
6
10
10
10
10
9
8
9
10
5
8
9
9
10
9
6
4
8
5
10
9
4
9
5
5
9
10
10
2
10
8
7
10
10
9
7
3
4
5
10
10
9
9
4
5
10
7
9
10
8
6
10
6
8
10
7
6
7
9
7
3
10
7
5
10
7
10
7
10
3
8
5
9
8
2
10
9
10
10
8
8
7
10
9
8
6
10
9
10
10
6
8
9
9
8
9
10
8
8
6
10
7
9
4
8
9
10
10
9
6
8
10
3
9
10
8
8
10
7
9
7
7
9
10
8
9
5
9
7
8
9
8
3
8
7
3
9
5
5
7
10
5
9

5	162.0	1.0
4	164.0	1.0
2	163.0	1.0
1	165.0	1.0
3	159.0	1.0
6	153.0	1.0065359477124183
8	147.0	1.0
9	149.0	1.0067114093959733
10	164.0	1.0
7	173.0	1.0
0	219.0	1.6210045662100456
