247

9
8
7
8
7
6
6
7
8
7
6
9
5
5
8
10
6
8
8
6
10
9
3
10
7
9
6
6
5
7
7
5
9
8
8
8
7
5
7
10
3
9
10
8
6
9
10
9
8
8
6
7
9
2
10
10
10
10
10
4
9
10
9
6
9
10
7
9
10
4
9
6
10
8
9
6
9
9
3
10
10
10
9
6
6
6
4
5
3
8
8
6
9
10
7
7
9
10
10
10
8
10
6
10
3
2
2
6
10
8
10
3
9
5
3
10
10
5
10
5
8
6
10
9
8
8
10
7
8
2
6
6
4
8
9
9
10
9
9
8
7
4
9
10
7
9
3
6
5
10
9
10
10
2
10
9
5
6
10
5
6
9
8
10
7
9
9
10
5
2
2
9
10
10
4
9
3
2
9
7
5
9
9
3
5
6
10
9
8
9
9
6
3
10
7
6
10
5
4
9
9
6
9
3
10
7
10
10
5
10
10
10
5
10
9
7
10
9
10
9
7
5
10
6
9
10
8
10
4
10
3
9
2
8
10
6
6
4
10
8
8
7
8
10
9
7
3

1	152.0	1.0
3	149.0	1.0
2	155.0	1.0
5	158.0	1.0063291139240507
4	157.0	1.0
6	165.0	1.006060606060606
7	151.0	1.0
9	147.0	1.0
8	148.0	1.0067567567567568
10	149.0	1.0
0	197.0	1.5786802030456852
