250

34
32
37
31
37
5
16
32
10
37
36
25
39
36
39
39
30
14
5
39
30
26
38
37
24
39
4
37
6
39
39
34
38
38
32
35
38
37
31
38
36
38
33
32
16
38
35
36
38
37
21
32
39
38
31
37
28
38
21
35
27
39
38
39
39
37
34
13
39
38
38
25
15
39
33
23
36
31
39
40
31
34
38
30
24
39
26
26
33
40
35
32
40
35
16
36
32
37
37
38
39
39
34
14
35
28
39
37
21
33
35
37
31
34
39
34
38
10
40
38
32
34
40
40
16
38
39
19
32
32
39
38
35
36
37
38
38
37
39
38
34
38
37
39
34
36
39
39
25
32
20
21
24
36
37
39
6
37
40
34
38
35
40
8
25
39
30
33
38
4
32
36
39
35
18
2
39
38
37
38
26
30
38
37
39
37
19
34
28
39
38
39
38
33
30
35
36
39
9
38
38
4
28
39
38
35
38
22
32
34
38
37
37
38
38
38
29
39
37
5
38
31
38
37
34
27
39
40
40
36
37
39
37
8
27
34
38
34
39
36
39
39
38
26
39
9
39
34
38
37

9	233.0	1.6824034334763949
3	236.0	2.483050847457627
13	191.0	1.0
6	235.0	1.7404255319148936
7	223.0	1.7847533632286996
2	239.0	2.418410041841004
15	191.0	1.0
5	237.0	2.3966244725738397
8	236.0	1.6144067796610169
10	193.0	1.0
12	193.0	1.0
17	203.0	1.0
4	238.0	2.411764705882353
1	236.0	2.444915254237288
11	194.0	1.0
14	206.0	1.0
16	202.0	1.0
22	190.0	1.0
18	185.0	1.0
23	198.0	1.0
19	193.0	1.0
24	182.0	1.0
25	189.0	1.0
21	187.0	1.0
20	187.0	1.0
0	237.0	2.4556962025316458
