248

37
30
33
7
8
37
24
24
36
37
40
33
38
28
23
40
38
26
33
38
34
23
18
38
28
37
37
37
34
31
34
22
39
37
38
37
37
37
25
30
37
36
37
25
27
33
36
34
21
38
37
20
35
24
39
31
37
36
38
38
35
37
39
19
37
38
31
26
38
37
35
39
32
39
33
36
7
39
11
39
40
36
36
9
7
19
29
38
37
25
28
39
39
35
39
35
15
35
38
40
34
39
16
39
37
23
39
33
38
40
38
40
37
38
36
38
38
38
38
36
33
25
37
40
38
19
31
39
33
38
32
39
39
28
35
37
34
37
35
30
30
39
33
24
18
37
38
36
20
36
17
38
38
36
39
34
8
5
32
39
37
33
33
11
33
39
36
38
14
40
31
23
34
35
32
36
36
39
25
40
35
38
38
35
39
29
37
38
17
40
5
40
24
38
17
37
38
36
39
38
33
40
37
37
38
35
23
35
5
35
16
36
34
38
28
5
36
15
33
39
36
26
35
38
39
36
40
38
40
39
38
3
28
25
31
37
39
39
38
39
40
38
24
36
31
35
39
39

1	235.0	2.5148936170212766
14	189.0	1.0
17	191.0	1.0
15	193.0	1.0
10	191.0	1.0
7	230.0	1.6782608695652175
20	191.0	1.0
5	241.0	2.3858921161825726
11	195.0	1.0
9	225.0	1.6711111111111112
2	230.0	2.4521739130434783
13	195.0	1.0
4	240.0	2.3583333333333334
21	189.0	1.0
22	191.0	1.0
12	187.0	1.0
6	233.0	1.6824034334763949
8	208.0	1.7884615384615385
18	181.0	1.0
19	191.0	1.0
23	180.0	1.0
3	235.0	2.451063829787234
16	208.0	1.0
24	195.0	1.0
25	195.0	1.0
0	242.0	2.4214876033057853
