100

39
37
39
39
37
8
36
34
39
34
6
22
9
38
36
35
36
27
32
39
27
39
39
33
40
35
36
39
39
38
39
35
38
36
38
19
6
28
30
36
39
38
33
6
37
32
32
37
35
37
36
36
31
22
36
38
36
40
39
10
6
34
39
36
33
28
32
37
39
37
39
32
29
38
33
36
37
38
36
39
32
37
34
29
28
37
39
40
38
33
39
29
38
38
39
20
36
38
15
38

7	94.0	1.6595744680851063
3	94.0	2.5425531914893615
6	99.0	1.5454545454545454
8	95.0	1.6210526315789473
1	98.0	2.326530612244898
4	96.0	2.4375
10	80.0	1.0
5	97.0	2.443298969072165
9	94.0	1.648936170212766
2	96.0	2.4479166666666665
13	78.0	1.0
18	80.0	1.0
25	77.0	1.0
20	78.0	1.0
19	76.0	1.0
17	75.0	1.0
22	78.0	1.0
21	76.0	1.0
16	80.0	1.0
14	79.0	1.0
23	81.0	1.0
15	79.0	1.0
24	79.0	1.0
12	83.0	1.0
11	80.0	1.0
0	96.0	2.5729166666666665
