100

34
36
30
36
39
34
3
38
34
27
36
36
10
37
31
14
23
36
32
33
24
32
39
37
37
36
32
27
31
35
39
34
22
39
16
38
11
37
33
22
36
37
30
10
39
40
39
35
31
37
36
39
34
36
20
39
32
31
36
40
38
8
38
39
39
39
38
38
3
34
39
30
38
38
34
30
39
34
30
39
4
32
38
4
37
38
39
33
31
8
38
39
39
38
32
38
35
40
39
38

9	94.0	1.7234042553191489
1	97.0	2.268041237113402
5	95.0	2.3473684210526318
3	93.0	2.3978494623655915
8	95.0	1.5473684210526315
2	97.0	2.2783505154639174
6	95.0	1.7263157894736842
4	96.0	2.34375
7	91.0	1.7142857142857142
16	85.0	1.0
14	77.0	1.0
21	71.0	1.0
19	78.0	1.0
12	79.0	1.0
10	76.0	1.0
23	78.0	1.0
22	71.0	1.0
17	79.0	1.0
25	76.0	1.0
24	73.0	1.0
15	76.0	1.0
11	76.0	1.0
13	74.0	1.0
20	80.0	1.0
18	72.0	1.0
0	95.0	2.526315789473684
