249

9
6
10
5
6
10
7
10
6
4
10
10
10
10
9
10
6
9
10
10
9
6
7
4
7
6
10
9
10
8
10
8
9
10
10
10
4
9
7
10
9
9
10
10
3
8
9
9
8
7
10
10
4
8
8
10
8
8
7
6
6
6
10
7
10
5
9
9
10
10
9
5
10
8
9
8
7
3
10
2
9
9
8
10
10
10
8
3
9
10
8
8
10
10
4
10
10
10
7
7
6
9
9
9
10
10
5
7
9
5
8
7
2
6
8
6
8
9
10
7
4
9
7
10
3
9
9
4
9
10
4
9
7
10
9
10
10
10
7
10
9
5
3
6
6
9
9
10
9
7
8
4
9
9
2
3
4
9
9
8
7
10
10
10
10
10
10
7
10
7
9
4
8
10
9
7
10
10
3
7
8
7
5
8
9
7
10
5
4
9
8
6
10
3
10
9
10
8
6
10
10
8
9
10
9
7
8
6
6
8
8
5
2
9
8
9
8
8
7
4
10
10
8
7
8
9
7
7
10
6
10
6
7
10
6
3
9
7
8
10
10
10
10
6
10
9
10
10
10

1	172.0	1.0
7	175.0	1.0
8	144.0	1.0
2	166.0	1.0
10	156.0	1.0
4	159.0	1.0
5	170.0	1.0
3	170.0	1.0058823529411764
9	172.0	1.0
6	171.0	1.0
0	222.0	1.4324324324324325
