250

39
38
38
36
23
39
29
5
33
36
29
39
29
38
32
38
38
30
39
33
38
39
8
39
39
39
29
38
36
27
38
37
31
28
34
5
36
38
39
26
32
39
39
32
38
30
37
32
38
35
12
36
34
30
8
27
39
36
39
38
37
37
37
34
12
39
10
36
34
33
38
38
37
30
38
33
23
40
25
33
39
40
2
37
28
38
33
30
17
39
36
8
39
17
37
39
35
30
36
14
33
38
37
39
38
37
37
34
38
19
36
35
39
14
30
32
37
36
38
25
23
37
39
39
40
40
39
36
39
25
36
27
35
19
39
32
40
10
27
38
38
19
40
36
38
37
38
39
28
27
39
13
32
34
8
5
38
28
28
38
27
28
38
39
6
36
40
38
6
28
39
33
39
9
5
39
15
40
38
39
36
25
29
38
39
39
17
33
32
24
34
37
30
31
38
33
36
32
6
37
36
8
38
35
36
38
29
32
37
36
38
35
35
38
33
39
39
40
35
30
37
30
39
39
39
39
39
40
37
38
33
39
35
39
38
36
28
7
32
39
30
40
38
37
38
37
36
32
4
38

4	236.0	2.4152542372881354
7	232.0	1.6767241379310345
8	230.0	1.6391304347826088
5	240.0	2.375
3	243.0	2.3786008230452675
2	238.0	2.369747899159664
1	243.0	2.353909465020576
6	233.0	1.6309012875536482
15	195.0	1.0
24	188.0	1.0
23	194.0	1.0
18	192.0	1.0
20	199.0	1.0
9	220.0	1.740909090909091
11	195.0	1.0
25	190.0	1.0
10	188.0	1.0
19	194.0	1.0
21	197.0	1.0
13	192.0	1.0
22	186.0	1.0
17	192.0	1.0
14	197.0	1.0
16	194.0	1.0
12	188.0	1.0
0	238.0	2.491596638655462
