99

37
38
10
10
38
38
37
36
39
38
34
38
39
35
39
29
38
32
34
38
37
35
40
38
39
39
31
8
39
17
38
16
38
37
40
25
38
35
37
39
39
39
36
34
38
5
33
35
40
28
38
39
5
37
38
37
32
17
38
39
36
34
33
17
36
39
38
39
40
39
19
36
40
37
38
39
38
18
36
38
36
39
12
38
33
30
37
36
35
38
30
39
37
29
19
27
24
33
38

3	96.0	2.4479166666666665
7	93.0	1.6451612903225807
1	97.0	2.4329896907216493
9	94.0	1.7446808510638299
10	83.0	1.0
5	95.0	2.336842105263158
4	97.0	2.597938144329897
11	79.0	1.0
2	97.0	2.3917525773195876
14	84.0	1.0
12	83.0	1.0
6	95.0	1.6631578947368422
13	76.0	1.0
8	94.0	1.648936170212766
19	79.0	1.0
20	77.0	1.0
22	72.0	1.0
15	73.0	1.0
21	79.0	1.0
17	76.0	1.0
23	77.0	1.0
16	78.0	1.0
18	72.0	1.0
25	70.0	1.0
24	82.0	1.0
0	95.0	2.557894736842105
