99

6
15
36
16
30
29
19
39
31
36
38
38
33
38
38
4
38
40
40
39
26
38
34
40
34
37
12
37
16
38
28
20
35
37
37
36
36
38
17
31
33
18
38
37
33
12
36
23
23
22
35
38
39
35
20
38
30
39
37
39
37
31
37
32
34
30
17
26
39
37
22
36
38
38
39
18
39
18
37
37
39
38
36
38
38
40
12
23
39
29
37
39
36
38
38
36
38
38
38

3	95.0	2.4
1	95.0	2.4
2	94.0	2.4893617021276597
9	90.0	1.6777777777777778
21	69.0	1.0
23	69.0	1.0
18	77.0	1.0
14	71.0	1.0
13	78.0	1.0
15	68.0	1.0
10	74.0	1.0
20	74.0	1.0
4	97.0	2.3195876288659796
22	72.0	1.0
12	80.0	1.0
5	93.0	2.3548387096774195
17	77.0	1.0
7	85.0	1.8352941176470587
25	76.0	1.0
16	75.0	1.0
11	77.0	1.0
8	92.0	1.6521739130434783
24	77.0	1.0
6	88.0	1.7045454545454546
19	80.0	1.0
0	96.0	2.3958333333333335
