248

9
18
37
36
40
38
38
32
28
4
38
4
7
38
38
38
26
22
37
30
38
39
28
39
39
34
24
35
29
7
38
20
38
37
35
36
40
22
39
17
39
39
32
16
38
10
36
30
23
26
39
35
35
34
39
18
40
35
40
38
36
39
38
28
36
39
37
31
27
38
39
36
38
35
39
21
21
30
21
39
14
25
35
39
38
39
36
14
38
7
38
12
38
38
38
6
36
39
36
30
38
38
35
38
40
18
39
33
30
39
38
39
34
28
34
38
22
39
36
40
27
38
38
38
27
39
37
38
36
31
27
20
30
31
39
22
34
36
34
23
40
12
36
39
37
38
39
39
22
39
32
19
38
39
35
40
39
39
38
40
38
8
37
38
12
30
38
26
38
39
10
16
18
37
28
29
40
17
32
38
28
5
14
32
38
36
28
38
32
37
32
36
39
37
32
28
36
36
35
23
33
34
39
39
36
29
34
36
40
38
37
26
28
36
39
38
38
36
37
38
37
38
39
36
40
8
4
39
30
36
14
34
30
38
38
28
11
33
31
38
5
36
37
38
17
32
38
39

13	186.0	1.0
9	227.0	1.6740088105726871
7	229.0	1.6331877729257642
14	177.0	1.0
11	186.0	1.0
10	186.0	1.0
6	232.0	1.6422413793103448
5	238.0	2.403361344537815
4	237.0	2.367088607594937
12	190.0	1.0
3	241.0	2.3526970954356847
2	238.0	2.3151260504201683
1	237.0	2.3333333333333335
8	229.0	1.6157205240174672
16	190.0	1.0
17	181.0	1.0
19	195.0	1.0
23	190.0	1.0
25	187.0	1.0
22	186.0	1.0
18	189.0	1.0
15	192.0	1.0
24	190.0	1.0
20	188.0	1.0
21	189.0	1.0
0	233.0	2.463519313304721
