250

35
40
35
34
36
39
37
35
39
14
36
27
39
5
39
39
37
33
34
39
21
37
29
36
8
35
29
39
38
32
37
4
16
26
24
33
35
26
16
39
38
30
36
38
37
35
39
38
33
31
14
38
39
34
39
33
39
31
39
37
30
39
40
33
30
39
36
34
39
36
38
38
38
34
17
36
34
39
38
38
38
33
33
37
21
30
26
31
28
38
8
36
15
27
29
26
11
15
36
38
30
35
28
13
38
34
14
35
38
37
19
40
36
36
24
38
39
28
38
24
34
27
39
15
32
36
38
35
28
39
34
37
39
33
37
14
39
15
40
39
34
35
32
14
30
36
22
36
40
37
39
38
31
25
38
25
34
27
37
39
37
16
35
24
38
31
40
25
36
39
40
38
14
39
19
14
31
39
38
40
39
29
38
4
31
34
34
13
38
39
30
37
35
39
28
18
25
38
36
38
39
40
38
39
34
38
32
34
31
22
35
34
35
39
39
39
37
23
32
35
37
31
12
39
38
5
35
20
34
26
24
38
31
9
32
38
37
39
34
24
23
34
32
31
35
35
20
36
28
5

1	241.0	2.4190871369294604
13	200.0	1.0
14	190.0	1.0
18	194.0	1.0
12	185.0	1.0
10	195.0	1.0
4	239.0	2.3389121338912133
20	183.0	1.0
17	178.0	1.0
6	223.0	1.757847533632287
22	187.0	1.0
3	235.0	2.3787234042553194
16	202.0	1.0
5	235.0	2.3063829787234043
7	225.0	1.6888888888888889
15	189.0	1.0
19	190.0	1.0
21	187.0	1.0
8	229.0	1.6768558951965065
2	239.0	2.3723849372384938
9	234.0	1.6452991452991452
11	195.0	1.0
23	177.0	1.0
24	179.0	1.0
25	180.0	1.0
0	242.0	2.3388429752066116
