100

19
38
36
39
39
34
30
39
36
38
40
37
39
28
37
34
24
32
37
31
36
28
37
31
31
33
37
38
34
30
8
29
38
39
38
39
23
37
39
12
36
37
40
38
13
34
36
38
31
17
29
26
36
38
38
36
39
40
23
36
7
36
38
28
40
39
34
40
35
38
38
34
39
38
40
34
30
15
30
35
39
39
33
36
33
37
36
33
36
37
34
17
40
28
36
38
39
39
39
27

3	97.0	2.5257731958762886
1	99.0	2.414141414141414
6	96.0	1.6458333333333333
2	97.0	2.577319587628866
4	98.0	2.5
5	96.0	2.3958333333333335
23	85.0	1.0
13	85.0	1.0
12	83.0	1.0
19	75.0	1.0
8	93.0	1.5806451612903225
15	73.0	1.0
10	75.0	1.0
20	73.0	1.0
22	80.0	1.0
25	77.0	1.0
11	78.0	1.0
16	81.0	1.0
21	80.0	1.0
18	77.0	1.0
14	81.0	1.0
9	98.0	1.6224489795918366
7	94.0	1.7659574468085106
24	85.0	1.0
17	85.0	1.0
0	95.0	2.4947368421052634
