247

9
9
10
5
6
3
9
10
2
7
3
10
9
10
9
5
8
8
3
6
10
8
8
9
10
10
4
9
7
10
8
9
7
8
4
2
9
5
9
8
3
9
8
4
9
6
10
10
10
5
9
10
8
3
10
5
10
10
10
8
10
6
9
9
9
10
8
10
4
5
6
10
9
10
3
10
8
10
10
7
9
10
8
6
9
6
5
8
9
10
9
8
6
8
10
7
4
7
6
9
10
7
6
10
5
7
10
10
10
5
6
10
9
10
8
7
8
4
2
7
9
5
2
7
10
8
7
9
8
9
8
10
7
9
7
6
10
2
7
10
10
4
7
4
10
7
10
8
9
7
9
7
9
10
10
10
4
4
7
10
5
10
9
10
9
9
9
10
10
2
9
2
9
10
5
10
10
10
8
8
7
4
6
8
9
6
10
9
7
4
9
7
10
8
10
2
5
9
10
10
7
9
10
9
8
2
5
10
7
5
10
9
10
10
7
9
9
4
7
2
5
4
8
2
8
5
3
8
7
2
5
9
9
10
10
6
7
7
5
4
6
10
9
4
6
10
10

1	161.0	1.0
2	160.0	1.0
7	166.0	1.0
9	163.0	1.0
3	151.0	1.0
8	157.0	1.0
10	147.0	1.0
5	157.0	1.0
4	156.0	1.0
6	155.0	1.0
0	204.0	1.446078431372549
