247

9
9
6
9
10
9
7
9
4
9
4
4
8
6
8
4
7
10
10
9
8
8
10
8
9
10
7
10
10
7
8
5
10
9
10
10
9
9
10
10
6
9
10
7
8
9
9
7
8
5
7
10
4
8
9
8
7
10
9
8
8
6
9
9
9
10
7
10
10
9
10
9
9
9
4
8
10
10
2
10
7
9
10
10
10
8
10
7
9
10
8
9
8
7
10
9
7
10
10
5
5
8
7
9
7
9
9
9
8
10
6
9
10
8
8
10
7
7
10
5
6
10
10
7
10
10
2
7
9
10
2
9
10
10
8
2
10
9
5
10
6
10
4
10
9
10
9
10
10
5
10
5
9
10
9
10
9
7
3
5
10
9
9
5
10
8
5
10
7
6
10
9
5
10
10
9
7
8
9
9
10
9
9
9
6
8
7
10
9
7
8
10
4
10
10
9
8
8
5
10
8
8
10
10
8
7
5
10
10
10
2
5
3
9
6
10
8
9
9
9
9
10
9
9
5
10
7
6
2
2
10
5
8
7
3
7
9
3
4
8
8
8
10
10
8
10
8

6	174.0	1.0
1	164.0	1.0
8	160.0	1.0
4	167.0	1.0
7	165.0	1.0
5	172.0	1.0
2	173.0	1.0
3	175.0	1.0
10	154.0	1.0
9	157.0	1.0
0	199.0	1.6331658291457287
