250

38
39
32
29
32
32
35
37
19
37
34
21
37
29
39
37
37
29
32
38
38
18
39
37
32
22
33
37
18
33
34
6
34
39
32
38
5
4
25
39
38
37
34
34
31
14
35
31
38
40
38
40
31
39
38
36
24
33
38
37
39
9
34
38
29
37
31
38
36
27
28
10
38
35
37
40
37
11
38
39
28
39
35
35
40
37
22
32
34
37
35
35
32
38
38
37
37
35
40
35
31
37
38
37
40
5
33
38
40
36
38
35
34
39
29
36
31
29
37
32
35
20
34
28
38
31
31
18
38
32
39
16
35
38
39
39
3
36
38
26
36
39
38
27
39
30
5
13
36
36
38
19
37
38
37
39
38
30
34
31
39
39
40
9
38
40
36
39
27
28
26
39
6
34
19
27
4
34
35
28
39
28
39
36
35
38
33
39
38
10
29
31
38
13
39
39
37
36
32
35
29
22
39
40
35
38
37
35
36
38
32
32
31
35
40
26
25
40
25
30
33
39
39
26
17
5
39
39
2
36
38
38
37
38
37
38
39
17
12
20
39
16
39
6
33
38
38
33
36
36

18	197.0	1.0
2	242.0	2.322314049586777
15	189.0	1.0
16	187.0	1.0
10	194.0	1.0
21	200.0	1.0
11	198.0	1.0
17	209.0	1.0
19	196.0	1.0
3	237.0	2.367088607594937
14	190.0	1.0
7	229.0	1.74235807860262
1	235.0	2.442553191489362
4	239.0	2.301255230125523
6	229.0	1.6419213973799127
12	184.0	1.0
8	228.0	1.6798245614035088
9	221.0	1.6923076923076923
13	187.0	1.0
20	196.0	1.0
5	240.0	2.3666666666666667
23	187.0	1.0
25	186.0	1.0
24	184.0	1.0
22	184.0	1.0
0	234.0	2.465811965811966
