249

10
5
7
9
7
10
9
10
6
10
9
10
7
10
10
10
6
3
3
9
10
9
8
4
9
10
3
9
10
8
10
7
5
10
3
9
7
2
8
7
9
2
7
6
6
6
4
6
5
8
9
3
6
9
5
6
6
10
10
10
10
8
9
10
10
4
10
6
3
10
8
8
9
10
8
7
4
9
10
2
4
8
9
10
6
3
10
10
9
5
9
7
10
10
10
5
6
5
8
9
9
10
7
4
8
7
10
10
9
5
8
6
7
8
2
9
2
9
9
10
10
6
3
8
8
10
5
10
9
9
10
10
8
10
10
9
10
7
5
5
6
8
9
10
3
10
9
3
7
10
10
7
10
4
10
10
9
9
9
9
5
9
10
5
10
8
10
9
10
5
9
10
8
10
2
9
7
10
10
9
4
10
8
9
7
4
11
8
10
7
8
5
7
8
10
10
10
9
10
6
9
9
7
8
2
10
7
8
9
5
10
8
10
9
10
8
5
8
10
6
9
3
8
9
10
9
9
9
10
9
10
7
10
10
2
6
4
10
7
4
9
8
3
9
10
6
3
10
9

2	140.0	1.0
1	147.0	1.0
3	138.0	1.0
9	173.0	1.0115606936416186
4	170.0	1.0058823529411764
5	179.0	1.005586592178771
6	163.0	1.0
7	148.0	1.0
8	160.0	1.0
10	165.0	1.0
0	225.0	1.5155555555555555
