100

39
40
38
38
4
29
35
11
20
39
37
14
33
36
39
39
38
39
35
4
39
39
40
8
35
37
40
39
35
5
33
28
35
28
28
38
38
30
24
37
25
33
36
19
35
36
28
37
36
37
39
40
22
35
34
36
16
39
33
35
38
29
39
39
35
38
34
13
39
40
39
36
36
24
31
33
27
40
8
32
34
39
16
38
32
34
37
16
36
33
39
31
32
37
40
25
31
38
35
33

1	94.0	2.4574468085106385
12	81.0	1.0
7	91.0	1.6483516483516483
2	88.0	2.625
23	67.0	1.0
22	72.0	1.0
14	70.0	1.0
18	70.0	1.0
8	84.0	1.75
4	92.0	2.489130434782609
17	78.0	1.0
10	80.0	1.0
13	77.0	1.0
3	93.0	2.3655913978494625
21	75.0	1.0
16	76.0	1.0
19	77.0	1.0
25	83.0	1.0
11	79.0	1.0
6	88.0	1.7045454545454546
5	96.0	2.4895833333333335
20	76.0	1.0
15	77.0	1.0
24	76.0	1.0
9	93.0	1.6559139784946237
0	97.0	2.422680412371134
