246

9
9
5
10
8
3
4
9
8
8
9
6
4
8
3
7
6
7
10
9
9
10
8
8
10
10
9
7
10
5
10
9
9
10
9
2
3
8
10
10
9
2
3
10
5
9
10
8
9
9
6
10
10
8
10
4
4
5
9
10
7
4
9
5
8
10
9
8
9
10
9
7
6
8
8
6
9
7
2
8
10
10
7
4
6
8
10
9
9
10
10
10
4
10
5
5
6
10
8
10
8
9
9
9
10
7
4
8
6
10
4
9
8
4
7
9
6
10
9
6
10
9
10
9
9
9
10
10
7
4
9
6
4
10
7
9
8
5
10
9
10
4
7
8
5
5
9
8
3
10
5
10
9
8
6
8
10
10
6
6
10
8
7
9
10
6
8
6
6
7
10
10
9
5
9
10
7
10
10
10
10
10
6
6
9
3
6
4
10
7
10
4
7
10
6
7
6
7
6
10
3
9
8
10
7
8
10
8
10
7
6
8
4
10
10
4
10
9
3
10
8
6
9
5
7
10
10
10
8
9
2
7
8
7
10
5
8
10
6
2
7
8
9
4
9
5

5	157.0	1.0
4	156.0	1.0
1	157.0	1.0
3	154.0	1.0
2	159.0	1.0062893081761006
8	147.0	1.0
9	153.0	1.0
10	154.0	1.0
7	163.0	1.0
6	153.0	1.0065359477124183
0	217.0	1.5207373271889402
