249

9
9
10
10
10
9
10
10
8
4
10
5
9
4
7
9
10
9
10
5
10
10
8
4
7
9
6
9
10
9
10
9
4
9
8
10
8
5
8
8
10
10
4
7
10
2
10
10
10
9
10
8
10
7
4
10
9
10
8
6
10
3
6
8
9
2
5
10
10
9
10
10
10
7
10
10
10
8
10
6
4
9
4
10
10
5
9
10
8
9
10
3
9
7
4
8
5
3
8
10
10
8
10
7
9
9
9
7
10
8
9
10
6
9
10
9
10
10
7
10
7
7
10
8
10
10
9
7
7
8
9
9
10
3
10
4
10
2
10
5
10
8
10
8
6
7
9
7
4
9
3
10
7
9
10
9
9
9
5
8
7
8
10
5
8
9
8
9
7
10
9
8
3
10
9
10
9
9
4
10
10
4
10
10
9
8
9
7
6
7
9
10
8
9
9
10
10
10
9
11
5
10
9
7
8
9
10
9
10
10
8
9
10
2
9
8
7
6
8
8
2
9
10
8
8
10
6
10
8
8
10
9
3
9
7
6
10
4
10
8
10
8
10
10
9
8
8
9
10

7	175.0	1.0
1	180.0	1.0
8	187.0	1.0
5	161.0	1.0
4	163.0	1.0122699386503067
6	159.0	1.0
3	170.0	1.0
2	153.0	1.0
9	160.0	1.0
10	168.0	1.0
0	209.0	1.6602870813397128
