243

5
10
3
9
7
6
9
4
9
9
6
10
7
10
9
9
3
4
7
10
10
9
9
8
4
10
10
9
8
10
10
8
10
6
8
4
10
9
7
8
10
10
10
10
10
8
10
3
7
6
10
5
10
8
9
10
6
10
7
6
9
10
8
10
3
8
10
10
10
9
9
9
9
8
9
2
8
10
9
8
8
6
5
9
9
8
10
7
9
10
10
6
4
8
9
6
10
10
8
9
8
9
5
8
10
9
8
8
10
9
8
7
3
5
7
10
9
9
10
9
9
10
4
9
9
10
5
5
9
4
10
10
6
10
9
10
3
6
2
10
6
3
10
9
8
7
6
7
9
9
10
9
10
6
4
8
6
10
5
5
6
10
7
9
2
6
9
10
8
7
8
9
6
10
9
8
4
10
10
4
8
10
6
10
6
5
9
4
9
9
8
3
9
10
8
10
10
8
9
9
2
8
10
7
8
10
9
9
5
8
8
5
10
7
9
4
9
10
10
2
8
9
10
9
10
6
9
9
8
8
8
8
9
7
10
8
10
8
9
10
4
8
6

1	165.0	1.0
7	161.0	1.0
8	156.0	1.0
6	150.0	1.0
9	153.0	1.0
4	150.0	1.0
3	156.0	1.0
2	152.0	1.006578947368421
10	171.0	1.0
5	174.0	1.0
0	209.0	1.5741626794258374
