250

39
36
40
25
30
12
26
26
36
31
32
33
33
38
4
37
40
32
40
25
32
34
39
38
35
29
4
38
21
40
39
28
37
34
31
26
36
23
36
26
38
37
19
22
39
36
38
35
8
18
39
7
38
33
33
38
31
35
28
30
37
36
38
39
39
37
4
38
40
28
17
18
37
32
39
5
6
19
36
38
36
39
39
39
33
39
34
5
37
29
38
38
36
38
39
25
16
31
36
20
38
39
39
39
38
32
39
37
36
40
39
12
38
21
37
40
36
34
38
35
32
38
37
32
28
20
36
38
38
20
37
14
38
39
36
39
39
36
38
31
34
39
39
40
7
5
36
14
32
22
38
39
37
39
38
33
38
39
39
38
14
24
39
38
32
39
36
38
12
20
39
20
14
24
38
21
38
36
20
39
29
34
20
38
37
26
33
39
36
40
27
38
6
38
39
38
39
38
36
33
35
38
39
38
21
38
19
39
6
26
28
37
9
38
32
3
36
37
38
17
39
39
37
33
38
7
37
38
39
24
34
37
22
30
21
38
31
38
37
14
36
37
29
34
37
22
39
18
38
36

5	235.0	2.391489361702128
10	195.0	1.0
9	232.0	1.5948275862068966
6	227.0	1.6475770925110131
12	197.0	1.0
3	233.0	2.467811158798283
13	195.0	1.0
1	240.0	2.345833333333333
4	240.0	2.325
7	230.0	1.5695652173913044
2	239.0	2.3598326359832638
14	191.0	1.0
11	193.0	1.0
8	231.0	1.6017316017316017
20	202.0	1.0
23	181.0	1.0
16	185.0	1.0
22	173.0	1.0
15	182.0	1.0
18	181.0	1.0
17	168.0	1.0
21	174.0	1.0
25	192.0	1.0
24	179.0	1.0
19	179.0	1.0
0	234.0	2.58974358974359
