244

3
4
8
6
9
9
9
10
4
10
9
2
10
9
10
10
5
9
8
10
10
6
10
8
3
10
10
5
9
7
9
9
7
10
6
8
9
8
6
10
8
8
7
10
9
4
9
10
10
4
7
10
10
9
8
6
3
7
7
8
5
6
10
6
8
6
8
10
8
9
10
7
7
7
7
9
8
6
10
4
9
6
10
4
4
10
9
10
9
7
4
7
7
9
6
8
10
4
9
10
9
8
10
10
10
9
3
9
9
10
5
10
9
8
10
10
5
8
7
10
8
8
10
9
5
9
10
7
7
9
6
10
9
10
9
6
6
3
9
5
3
3
9
9
5
6
2
6
9
10
9
10
10
10
9
10
9
10
10
9
10
7
10
7
7
9
10
7
10
8
3
9
7
10
9
2
10
3
10
9
10
10
4
9
9
9
7
3
4
10
6
8
6
9
7
10
8
10
10
10
9
10
10
10
10
9
10
9
10
10
5
7
10
6
10
6
10
9
8
4
10
6
9
9
10
3
10
7
7
6
10
10
9
9
6
10
9
9
10
10
10
3
9
7

5	166.0	1.0
6	154.0	1.0
4	158.0	1.0
2	155.0	1.0
3	178.0	1.0
1	172.0	1.0
7	167.0	1.0
10	144.0	1.0
8	161.0	1.0062111801242235
9	158.0	1.0
0	206.0	1.5776699029126213
