99

32
37
35
27
40
39
38
37
38
35
34
38
35
39
11
38
13
30
39
28
39
34
38
39
38
33
31
32
35
29
38
36
37
38
35
38
31
28
39
36
24
31
38
36
24
40
38
39
38
39
21
39
28
39
38
32
32
33
7
34
31
38
9
26
35
39
38
35
13
24
16
35
39
38
21
36
38
32
11
27
37
37
39
28
38
38
38
32
27
36
31
37
39
33
37
33
32
36
40

18	82.0	1.0
2	96.0	2.625
16	80.0	1.0
5	95.0	2.294736842105263
15	72.0	1.0
1	96.0	2.4583333333333335
14	75.0	1.0
11	75.0	1.0
6	91.0	1.6703296703296704
8	94.0	1.6808510638297873
7	94.0	1.6702127659574468
10	83.0	1.0
13	79.0	1.0
3	95.0	2.431578947368421
19	70.0	1.0
12	84.0	1.0
20	73.0	1.0
17	83.0	1.0
21	83.0	1.0
9	91.0	1.6923076923076923
4	95.0	2.4526315789473685
22	85.0	1.0
23	71.0	1.0
25	70.0	1.0
24	74.0	1.0
0	95.0	2.4842105263157896
