246

8
8
10
10
10
5
5
7
3
6
3
4
10
8
7
10
8
7
8
7
8
6
10
8
5
5
9
9
7
10
10
9
7
10
6
5
5
10
6
10
10
8
3
10
8
8
6
9
2
8
8
9
10
6
10
9
10
7
7
6
10
9
9
10
9
6
9
8
7
8
9
5
4
10
8
8
5
10
10
8
10
9
7
10
2
9
9
9
9
9
8
10
5
9
9
4
10
8
10
7
7
2
9
9
9
4
9
9
10
10
9
3
6
10
10
10
8
8
3
6
9
10
10
9
10
5
10
9
9
8
10
8
6
4
8
10
7
9
9
9
7
10
10
10
6
7
9
10
9
6
8
10
10
7
8
8
8
6
8
9
10
10
8
8
10
9
9
7
10
10
8
10
9
9
10
7
9
7
10
10
2
7
8
5
10
10
3
5
10
10
7
7
5
9
10
10
2
10
10
10
8
10
9
7
10
8
8
4
8
10
10
9
7
5
5
6
10
10
10
8
7
2
2
8
9
10
10
10
9
6
9
3
10
8
10
10
10
10
9
6
5
3
10
10
3
9

2	161.0	1.0
3	161.0	1.0
1	164.0	1.0
10	163.0	1.0
7	168.0	1.0
8	160.0	1.00625
4	161.0	1.0
5	153.0	1.0
9	161.0	1.0
6	153.0	1.0
0	221.0	1.5746606334841629
