99

24
38
38
37
39
32
38
38
33
5
37
27
36
9
37
37
38
6
38
39
18
38
34
26
36
34
25
4
9
6
39
36
36
19
38
36
36
4
29
32
36
35
36
40
36
24
20
23
31
39
31
39
4
39
38
6
29
32
18
37
39
7
6
29
23
4
39
31
37
19
31
39
7
39
33
7
38
32
24
18
27
37
38
39
34
39
23
38
33
36
38
25
24
4
39
38
20
40
39

2	88.0	2.3068181818181817
3	88.0	2.3295454545454546
4	93.0	2.2795698924731185
1	92.0	2.2717391304347827
7	88.0	1.7045454545454546
5	92.0	2.239130434782609
6	89.0	1.595505617977528
13	64.0	1.0
23	67.0	1.0
9	79.0	1.6329113924050633
20	62.0	1.0
18	68.0	1.0
11	73.0	1.0
17	68.0	1.0
15	66.0	1.0
24	64.0	1.0
8	77.0	1.7532467532467533
12	62.0	1.0
21	60.0	1.0
19	64.0	1.0
10	73.0	1.0
16	64.0	1.0
25	65.0	1.0
22	71.0	1.0
14	70.0	1.0
0	86.0	2.5
