100

29
35
39
31
35
35
37
35
37
38
15
36
36
37
6
29
34
39
37
38
36
30
6
39
36
40
35
39
38
37
39
39
38
4
40
39
38
37
39
39
3
35
27
29
39
38
37
33
39
32
38
34
37
36
40
37
39
23
36
40
40
39
36
39
39
35
30
33
40
39
31
30
37
20
39
38
38
5
39
27
35
39
38
34
38
40
38
6
36
9
38
40
30
37
36
34
36
39
9
39

18	72.0	1.0
2	97.0	2.4948453608247423
23	79.0	1.0
4	92.0	2.5652173913043477
8	87.0	1.6896551724137931
24	75.0	1.0
1	94.0	2.5638297872340425
7	89.0	1.7191011235955056
10	84.0	1.0
5	94.0	2.521276595744681
17	76.0	1.0
9	92.0	1.75
11	83.0	1.0
15	73.0	1.0
14	82.0	1.0
13	78.0	1.0
12	83.0	1.0
19	81.0	1.0
3	94.0	2.4893617021276597
21	80.0	1.0
6	90.0	1.8111111111111111
20	83.0	1.0
22	83.0	1.0
16	86.0	1.0
25	82.0	1.0
0	97.0	2.5670103092783507
