249

36
15
37
39
37
21
37
36
39
22
36
40
31
40
28
36
34
38
39
15
26
34
40
10
30
38
4
6
30
38
40
36
36
27
36
37
38
10
30
7
39
22
39
6
39
9
38
29
32
37
4
38
36
39
34
36
37
27
14
37
26
35
40
39
36
28
38
38
5
18
6
28
29
29
38
4
34
28
36
26
36
28
32
37
26
30
39
38
38
33
37
34
28
40
36
39
37
35
38
39
9
31
12
9
39
32
38
36
40
39
29
22
29
30
10
38
37
38
33
38
10
31
30
38
38
38
4
6
14
6
39
37
5
9
35
38
32
39
36
36
35
34
11
38
36
39
37
36
40
37
39
37
34
32
38
38
37
31
35
38
39
38
38
34
36
35
35
12
36
39
39
28
36
36
33
37
10
34
28
24
32
25
33
11
34
34
29
10
39
39
36
36
39
40
26
8
33
35
37
10
31
39
39
28
38
10
39
39
38
36
36
39
31
39
28
38
38
33
9
40
39
15
39
38
37
29
16
29
36
11
22
34
36
33
33
39
36
17
30
38
28
32
36
10
38
34
39
39
13

6	225.0	1.6
3	236.0	2.385593220338983
8	228.0	1.5921052631578947
1	237.0	2.3037974683544302
4	238.0	2.264705882352941
7	219.0	1.5662100456621004
2	237.0	2.2953586497890295
9	230.0	1.608695652173913
5	238.0	2.310924369747899
10	184.0	1.0
20	178.0	1.0
17	172.0	1.0
25	187.0	1.0
11	184.0	1.0
14	183.0	1.0
19	183.0	1.0
18	176.0	1.0
12	187.0	1.0
16	183.0	1.0
13	187.0	1.0
22	186.0	1.0
23	185.0	1.0
21	187.0	1.0
24	178.0	1.0
15	178.0	1.0
0	233.0	2.3819742489270386
