100

36
33
11
34
38
38
34
40
28
34
38
33
39
39
40
36
32
10
35
38
37
13
38
18
36
37
34
39
38
38
32
38
37
38
10
5
18
18
39
39
6
29
16
35
39
31
31
34
38
37
38
39
8
37
18
29
39
40
38
21
32
38
4
23
38
35
39
21
39
23
32
38
15
33
38
38
37
12
38
36
22
36
26
39
39
39
37
34
39
32
38
13
39
37
40
37
19
36
7
39

13	77.0	1.0
1	94.0	2.393617021276596
6	94.0	1.574468085106383
5	96.0	2.3020833333333335
2	97.0	2.350515463917526
3	94.0	2.382978723404255
7	96.0	1.6145833333333333
10	75.0	1.0
4	91.0	2.3516483516483517
9	90.0	1.5777777777777777
8	89.0	1.6404494382022472
14	69.0	1.0
11	70.0	1.0
12	77.0	1.0
21	78.0	1.0
18	74.0	1.0
23	73.0	1.0
22	72.0	1.0
15	70.0	1.0
24	75.0	1.0
17	79.0	1.0
16	73.0	1.0
19	74.0	1.0
20	77.0	1.0
25	79.0	1.0
0	93.0	2.5053763440860215
