245

4
6
8
9
4
5
10
8
7
10
4
9
10
7
10
10
8
10
7
6
7
9
7
4
3
8
10
5
9
10
8
9
8
9
8
8
10
10
8
8
10
9
9
10
8
3
8
8
10
10
3
9
10
3
8
4
5
9
9
6
10
7
7
10
8
10
6
8
10
9
4
10
3
3
10
9
4
2
8
10
10
8
10
9
10
9
10
8
7
10
10
8
7
5
7
10
9
9
10
5
8
4
3
10
10
9
9
4
2
9
8
5
4
10
9
8
10
8
6
7
9
3
9
10
7
10
2
7
8
6
10
10
6
3
8
5
10
10
9
5
6
9
8
10
9
8
10
3
4
9
7
10
10
10
9
9
7
10
9
9
9
9
6
8
9
10
7
6
8
10
9
7
10
9
2
10
10
2
10
10
6
3
4
9
10
10
10
9
9
6
3
10
5
8
3
3
9
10
10
8
4
6
7
10
5
10
9
7
10
9
10
9
4
10
9
10
5
10
9
10
5
8
10
8
8
5
8
8
8
10
9
4
9
10
10
10
3
5
3
10
8
5
8
9
8

3	158.0	1.0
4	154.0	1.0
1	157.0	1.0063694267515924
2	158.0	1.0
10	156.0	1.0
8	153.0	1.0
9	144.0	1.0069444444444444
5	170.0	1.0
6	159.0	1.0
7	158.0	1.0
0	217.0	1.4976958525345623
