99

7
30
38
36
21
39
30
39
36
37
39
37
7
18
29
38
35
38
39
27
39
36
7
28
37
39
38
29
38
36
38
39
37
33
36
38
40
39
28
38
38
34
37
33
39
29
38
37
38
36
39
32
36
33
38
39
26
39
38
39
33
35
26
37
40
36
39
35
28
39
39
38
38
36
24
33
37
36
39
39
37
37
40
35
31
38
29
37
31
26
24
29
28
37
38
31
36
39
38

12	86.0	1.0
14	80.0	1.0
13	74.0	1.0
1	97.0	2.4536082474226806
3	96.0	2.34375
15	80.0	1.0
4	95.0	2.526315789473684
10	79.0	1.0
8	96.0	1.7291666666666667
20	80.0	1.0
7	92.0	1.7065217391304348
11	83.0	1.0
6	98.0	1.6938775510204083
22	86.0	1.0
9	98.0	1.7040816326530612
18	82.0	1.0
5	96.0	2.5416666666666665
17	77.0	1.0
21	82.0	1.0
19	78.0	1.0
23	78.0	1.0
16	80.0	1.0
2	98.0	2.561224489795918
24	80.0	1.0
25	78.0	1.0
0	96.0	2.5208333333333335
