249

19
26
28
26
39
38
39
40
22
39
31
37
40
38
39
22
30
36
34
37
37
6
37
32
27
36
38
38
38
24
23
38
33
37
34
12
34
39
24
33
39
40
21
38
30
40
39
20
36
36
36
36
39
38
26
37
40
35
36
34
34
20
35
21
36
40
31
39
34
38
38
37
39
30
39
37
19
40
39
38
34
27
36
11
38
39
9
40
35
36
15
30
31
29
38
35
38
27
37
31
38
38
15
31
36
39
39
39
38
36
38
40
35
38
40
37
37
36
35
35
38
31
38
37
38
36
33
38
32
39
35
36
33
37
39
35
36
39
38
30
36
20
35
21
34
38
37
39
6
38
39
36
39
27
38
36
38
39
34
37
6
27
39
31
39
38
34
33
38
39
34
39
40
37
36
35
35
39
26
36
38
20
38
36
38
36
37
39
11
27
39
39
32
32
38
37
34
35
16
38
39
39
20
38
37
18
27
39
31
37
37
34
33
35
6
39
18
25
8
29
38
13
38
28
32
20
34
37
38
38
36
22
38
31
39
37
39
36
12
16
33
19
36
28
38
36
39
37
22

12	195.0	1.0
8	235.0	1.6212765957446809
15	196.0	1.0
1	243.0	2.4732510288065845
6	236.0	1.6652542372881356
7	235.0	1.651063829787234
13	191.0	1.0
10	193.0	1.0
3	241.0	2.4232365145228214
4	245.0	2.4081632653061225
5	240.0	2.441666666666667
2	246.0	2.4065040650406506
14	202.0	1.0
11	203.0	1.0
9	235.0	1.651063829787234
21	199.0	1.0
16	205.0	1.0
17	194.0	1.0
25	197.0	1.0
20	185.0	1.0
22	204.0	1.0
19	190.0	1.0
23	194.0	1.0
18	194.0	1.0
24	189.0	1.0
0	241.0	2.4356846473029043
