250

39
38
2
31
30
38
26
38
39
32
26
38
36
38
32
38
38
37
39
37
35
31
20
39
36
8
39
40
38
33
36
38
18
23
15
36
36
38
37
38
30
39
38
39
39
38
38
38
34
38
39
37
17
35
30
38
33
36
38
37
40
34
39
39
40
36
30
38
34
28
33
37
37
39
33
21
31
33
39
40
39
39
36
22
37
37
36
37
38
30
19
21
4
39
36
36
39
37
36
34
32
36
39
39
31
25
40
40
37
30
38
32
35
38
38
36
36
40
33
34
38
38
35
34
36
33
32
35
35
34
39
35
34
36
37
28
6
33
39
39
39
31
38
29
32
35
14
39
36
38
39
36
11
23
22
37
39
38
39
39
38
38
34
38
39
15
27
28
34
29
25
34
39
34
23
16
38
39
36
36
37
40
39
10
36
40
37
19
39
23
33
32
28
40
38
31
16
36
4
37
37
13
29
34
37
39
27
39
38
38
37
8
26
38
13
38
8
35
29
38
36
35
38
36
36
34
30
24
15
20
38
17
34
33
22
35
40
33
26
12
39
37
18
39
18
23
2
36
35
39

5	243.0	2.4362139917695473
4	240.0	2.404166666666667
13	198.0	1.0
7	239.0	1.6276150627615062
10	199.0	1.0
9	239.0	1.6276150627615062
2	242.0	2.3801652892561984
15	195.0	1.0
16	189.0	1.0
12	190.0	1.0
6	227.0	1.696035242290749
3	237.0	2.4219409282700424
11	187.0	1.0
14	184.0	1.0
8	229.0	1.6724890829694323
1	240.0	2.379166666666667
20	191.0	1.0
18	196.0	1.0
23	190.0	1.0
22	194.0	1.0
21	192.0	1.0
17	199.0	1.0
19	204.0	1.0
25	201.0	1.0
24	201.0	1.0
0	243.0	2.4650205761316872
