249

20
38
24
20
8
24
38
36
39
25
32
38
31
37
38
34
38
38
6
24
35
40
36
32
24
27
39
36
38
38
38
37
16
34
5
40
37
39
20
38
8
32
39
36
31
39
14
38
38
26
37
37
28
39
36
38
29
39
36
35
38
24
36
4
39
36
30
31
9
28
39
6
37
9
35
39
33
39
39
6
30
8
38
35
36
38
39
30
37
33
34
36
21
13
23
38
24
30
6
38
28
23
31
39
39
7
34
34
35
36
34
24
5
39
36
37
36
23
39
39
34
5
39
39
37
39
34
36
39
39
38
39
36
39
19
6
39
36
35
28
39
8
37
38
36
38
19
39
35
38
38
9
18
35
34
38
30
28
39
5
38
37
38
38
34
35
35
30
11
29
30
34
39
37
38
38
20
3
36
38
36
36
24
36
32
39
33
35
36
12
35
34
36
34
36
38
32
38
38
31
37
31
38
36
23
39
30
37
35
20
21
38
39
39
39
38
35
38
38
33
38
39
27
38
38
12
34
37
36
20
30
25
12
18
35
12
22
39
36
34
38
40
36
39
29
38
38
36
35

3	241.0	2.319502074688797
2	238.0	2.3865546218487395
4	239.0	2.3933054393305437
5	241.0	2.2614107883817427
1	240.0	2.3541666666666665
8	231.0	1.658008658008658
7	225.0	1.6355555555555557
6	232.0	1.6422413793103448
25	179.0	1.0
9	221.0	1.6561085972850678
12	184.0	1.0
10	176.0	1.0
22	185.0	1.0
17	183.0	1.0
14	183.0	1.0
13	176.0	1.0
15	177.0	1.0
20	183.0	1.0
11	182.0	1.0
24	194.0	1.0
21	187.0	1.0
23	185.0	1.0
18	190.0	1.0
16	190.0	1.0
19	189.0	1.0
0	230.0	2.4565217391304346
