249

37
13
26
39
39
21
29
33
16
39
38
23
19
22
25
39
37
36
39
22
36
38
28
35
38
5
38
35
8
11
17
40
33
38
28
9
39
37
19
30
33
37
39
36
30
11
33
38
40
29
38
35
37
28
40
10
30
36
37
18
38
39
35
39
38
35
9
35
38
22
31
30
37
4
38
38
37
38
38
31
18
38
38
33
25
5
39
36
38
36
23
13
32
39
20
38
28
19
40
34
32
38
33
39
39
5
35
38
38
37
38
35
32
38
14
21
35
38
32
29
35
37
31
30
39
37
26
14
32
27
39
8
35
36
36
36
34
31
39
29
39
37
38
38
33
37
19
40
36
35
38
39
32
36
37
38
8
30
27
36
37
28
39
36
12
38
33
38
34
38
37
36
34
17
21
35
34
12
37
28
16
39
34
39
36
38
39
39
36
10
37
38
35
35
37
39
16
36
39
35
39
38
36
26
17
37
31
33
27
37
38
39
2
38
39
35
37
13
21
8
38
8
34
5
33
38
20
36
31
14
30
34
37
31
30
8
28
35
38
28
36
15
34
4
36
29
36
38
38

3	237.0	2.2320675105485233
9	230.0	1.5521739130434782
11	179.0	1.0
7	234.0	1.5683760683760684
15	173.0	1.0
12	191.0	1.0
8	228.0	1.6228070175438596
4	239.0	2.3389121338912133
2	241.0	2.33195020746888
13	175.0	1.0
5	235.0	2.297872340425532
10	180.0	1.0
6	223.0	1.6188340807174888
1	232.0	2.3879310344827585
14	192.0	1.0
24	176.0	1.0
25	185.0	1.0
22	187.0	1.0
19	183.0	1.0
17	187.0	1.0
23	170.0	1.0
16	178.0	1.0
20	188.0	1.0
18	189.0	1.0
21	187.0	1.0
0	231.0	2.4761904761904763
