25

8
38
40
37
9
38
38
37
37
38
38
15
38
38
17
36
36
38
39
34
29
12
38
31
39

5	23.0	2.5217391304347827
7	23.0	1.608695652173913
13	22.0	1.0
9	23.0	1.5217391304347827
3	24.0	2.5833333333333335
10	19.0	1.0
11	21.0	1.0
1	23.0	2.5652173913043477
6	23.0	1.6956521739130435
12	18.0	1.0
4	25.0	2.44
2	23.0	2.3043478260869565
8	23.0	1.6521739130434783
15	19.0	1.0
25	19.0	1.0
21	17.0	1.0
17	17.0	1.0
24	20.0	1.0
23	21.0	1.0
19	17.0	1.0
16	19.0	1.0
18	16.0	1.0
20	18.0	1.0
14	19.0	1.0
22	17.0	1.0
0	24.0	2.375
