100_1000_4.9e-10_4.9e-10_470000000
100
1000
4.9e-10
4.9e-10
470000000

['./treeMaker/main']
3.05271697044	3.9742898941	3.00654602051	3.58327698708	2.42212915421	4.04605317116	4.41790604591	2.60834693909	2.88968992233	1.80003118515	1.92325091362	4.36721801758	2.55202388763	2.01727700233	2.7160179615	2.51225590706	3.10750603676	3.27093195915	4.16708087921	3.41611599922	1.84252715111	2.13735795021	2.49200701714	4.16735386848	2.60425591469	4.15782809258	2.7973678112	3.47964310646	3.7009780407	2.85722398758	1.76638698578	3.23719191551	1.57195186615	3.79551911354	2.46177887917	3.81960296631	3.53751802444	2.61824679375	2.27978992462	2.2892408371	3.69738078117	2.23094296455	1.9720928669	2.21310901642	2.86635684967	4.78229188919	3.83606386185	2.2779610157	2.40757799149	3.24121880531	
['./treeMaker/main', '-b']
3.18401908875	3.74001097679	3.05711889267	3.77582192421	2.40960097313	3.95214414597	4.19489407539	2.6487288475	2.8145711422	1.95810103416	2.10545802116	4.30095505714	2.46954703331	2.09360408783	2.66288995743	2.43095088005	3.21077609062	3.4667289257	4.0666821003	3.27947998047	1.74059200287	2.28204703331	3.12607002258	4.63966798782	2.41058278084	4.06629896164	2.80701088905	3.41028308868	3.51331806183	3.00256490707	1.69336605072	3.35324192047	1.68686819077	3.94015479088	2.6596019268	4.28615403175	3.62467193604	2.54110193253	2.3103659153	2.12574982643	3.53833603859	2.3584959507	2.15575790405	2.63245201111	3.31127405167	5.58860301971	4.03883099556	2.48967003822	2.08773899078	3.30809307098	
['./treeMaker/main', '-u']
2.97248291969	3.65833497047	3.16032600403	3.73261022568	2.43142795563	4.04614782333	4.83412790298	2.52976298332	2.64424109459	1.87611317635	1.93398499489	4.26698088646	2.47020888329	1.96120500565	2.40860104561	2.42864704132	2.95867085457	3.33802103996	4.09746313095	3.39390492439	1.70164108276	2.18926692009	2.75366902351	4.1518061161	2.42725586891	3.82163000107	2.94954490662	3.38613414764	3.7256758213	2.98160505295	1.84845304489	3.27573108673	1.74552202225	3.97774004936	2.61871004105	3.69709300995	3.69372916222	2.34297204018	2.25863313675	2.54486393929	3.59934592247	2.31044411659	1.87089490891	2.32413291931	3.31496405602	4.95195508003	4.00953102112	2.52470397949	2.4641020298	3.23405885696	
['./treeMaker/main', '-t', '-r', '1']
62.5292220116	73.4132430553	60.4576010704	81.0056169033	53.4825649261	75.1247839928	91.8641622066	59.260477066	46.7699129581	34.2400581837	43.9767999649	95.8833608627	51.2758460045	41.0358939171	49.6677348614	51.586879015	55.3514919281	74.4548370838	82.0832650661	59.8011541367	33.2568171024	37.7331471443	56.8303658962	89.4678530693	51.9491541386	76.0549969673	63.3864500523	67.3396780491	80.6439499855	59.6336848736	34.6335799694	76.7619988918	33.9806041718	88.5845789909	51.9562401772	91.7403569221	69.7613480091	51.3319988251	46.6544241905	48.6098461151	63.8021090031	49.772053957	41.9671139717	47.5523169041	65.6782639027	110.704612017	81.6944448948	55.4305729866	45.6103138924	59.676101923	
['./treeMaker/main', '-t', '-r', '2']
90.5750379562	122.088959932	89.8810331821	119.421549082	75.6673078537	125.104513884	141.886771917	80.8213748932	80.7552258968	51.3475501537	63.1128389835	134.729418993	82.4375360012	55.4614698887	77.8484098911	71.2828550339	94.5276949406	105.069890022	125.300373077	92.4942879677	47.6844418049	62.2453870773	80.7834179401	143.728170156	74.9281988144	128.684484005	85.896668911	100.138324976	111.063760996	85.2150220871	49.6022570133	103.379714966	46.922866106	131.540717125	80.465719223	130.083570957	117.712651014	76.3682079315	63.5242340565	70.8385748863	112.745430946	72.6735138893	58.2358019352	67.7486021519	96.1756072044	164.195049047	118.715722799	75.014097929	63.7055001259	93.572633028	
['./treeMaker/main', '-t', '-r', '1', '-N']
61.7832159996	72.5038321018	59.6973071098	80.8567500114	52.7148339748	74.4662320614	91.9827079773	59.5896589756	47.5467190742	33.9914150238	44.204447031	96.1287429333	51.5597538948	41.5489840508	49.7246921062	51.3958039284	55.535050869	74.9594609737	81.9739999771	59.2574789524	32.0727529526	37.2867469788	55.4688940048	87.3960700035	50.4421749115	74.2964608669	61.7798349857	65.7916469574	79.2709460258	57.6766870022	34.0637168884	71.8284211159	31.6066849232	84.2318198681	50.7483680248	90.8267281055	68.9959721565	50.8076310158	45.5665380955	48.156443119	63.3046979904	49.1834020615	41.4818341732	47.215503931	65.3788671494	110.114248991	81.4078779221	54.2069480419	45.4327919483	59.3855879307	
['./treeMaker/main', '-t', '-r', '2', '-N']
89.9493508339	119.399422884	88.7629668713	118.877532959	73.6585099697	122.535189152	140.455950022	80.4366750717	79.981523037	50.1666321754	62.6619620323	131.543811083	80.8845930099	54.2041890621	76.6610150337	70.6015379429	92.2655918598	103.690098047	123.101733923	91.629873991	47.0558052063	60.9841349125	79.0656371117	141.436530828	74.2332100868	128.329775095	85.1079950333	98.088146925	107.964608908	84.4917960167	47.9814119339	102.149085999	45.4915430546	127.340142965	79.5112800598	128.383642912	116.56653285	75.4772129059	62.9656250477	69.0815401077	111.416622877	70.9923648834	57.2163300514	67.2096590996	94.2288608551	159.785300016	115.771177053	74.1551978588	63.2459499836	92.6946520805	
['./treeMaker/main', '-m']
1.20683097839	1.45432806015	1.24513292313	1.39201998711	1.12675905228	1.50754380226	1.59186220169	1.19341993332	1.23354101181	0.934902191162	1.00471615791	1.51490402222	1.16382884979	0.991041898727	1.16698098183	1.12737488747	1.24148893356	1.3828189373	1.55979299545	1.31161594391	0.929430007935	1.03516602516	1.15170907974	1.57346606255	1.14964199066	1.54543185234	1.17488694191	1.31325602531	1.37424993515	1.22619891167	0.9327480793	1.28019595146	0.961780071259	1.46348690987	1.17586994171	1.49873304367	1.42744803429	1.1627509594	1.02241802216	1.03444910049	1.42236495018	1.06950998306	0.994004964828	1.10874414444	1.27968192101	1.67763495445	1.47636699677	1.10255980492	1.04733181	1.29434704781	
['./treeMaker/main', '-m', '-b']
1.32430696487	1.59288787842	1.3608520031	1.52724504471	1.22010397911	1.64595508575	1.73613595963	1.28681516647	1.32723808289	0.996243000031	1.07856202126	1.65574383736	1.25303411484	1.10566091537	1.25578093529	1.21058821678	1.3638689518	1.48530316353	1.63913702965	1.41287493706	0.987267971039	1.11333394051	1.24199795723	1.71044492722	1.23394393921	1.67502999306	1.28045797348	1.41577291489	1.4931499958	1.30590701103	0.993932008743	1.39123296738	0.992629051208	1.59636807442	1.26821994781	1.6310300827	1.55745005608	1.24352288246	1.0993578434	1.11250305176	1.53725600243	1.14734220505	1.07408308983	1.17893791199	1.38703489304	1.83449602127	1.59306502342	1.19174718857	1.12579107285	1.40774583817	
['./treeMaker/main', '-m', '-w', '1']
1.22767400742	1.46182990074	1.26137113571	1.41130685806	1.13506817818	1.52332115173	1.59153604507	1.19297003746	1.23916697502	0.935395956039	1.00664901733	1.51797199249	1.16117310524	0.985024929047	1.16640901566	1.12898612022	1.24303102493	1.37327289581	1.51117515564	1.33141589165	0.926775932312	1.04521584511	1.15480589867	1.57663583755	1.1511721611	1.53585100174	1.17461204529	1.31573200226	1.37766695023	1.21508097649	0.930728912354	1.28626990318	0.940968036652	1.45889997482	1.19616007805	1.49290108681	1.42325019836	1.15578389168	1.01081609726	1.03302383423	1.41506004333	1.06306385994	0.990836858749	1.10221099854	1.27723002434	1.67051696777	1.46428179741	1.10191297531	1.04370903969	1.28943014145	
['./treeMaker/main', '-m', '-w', '2']
1.22466397285	1.46452498436	1.25951290131	1.40905404091	1.14473700523	1.53030800819	1.65427303314	1.23994088173	1.23511505127	0.940559864044	1.00709009171	1.52338004112	1.1692969799	0.991863012314	1.17276597023	1.12534689903	1.24415898323	1.37998080254	1.51216411591	1.33671593666	0.933643102646	1.04112792015	1.16150522232	1.58092403412	1.15588903427	1.53530693054	1.17675590515	1.32243013382	1.38121199608	1.2162539959	0.936332941055	1.29767894745	0.954497098923	1.47457289696	1.18427705765	1.49762296677	1.43313002586	1.16379594803	1.02266597748	1.04641890526	1.42927312851	1.06570315361	0.997110843658	1.11168408394	1.28353786469	1.77202391624	1.48091697693	1.11576390266	1.05045986176	1.30284619331	
['./treeMaker/main', '-m', '-c', '1']
1.18059420586	1.42683887482	1.21559596062	1.36772108078	1.09700393677	1.4794690609	1.54891014099	1.15575194359	1.19397783279	0.893738031387	0.964850902557	1.48359918594	1.13464617729	0.947380065918	1.12586903572	1.08642601967	1.21074795723	1.33750987053	1.4723238945	1.2662551403	0.884392976761	0.99861907959	1.11708211899	1.52671813965	1.10920500755	1.48971700668	1.13335895538	1.27388000488	1.33541488647	1.17381286621	0.897714853287	1.23814702034	0.896723985672	1.42732191086	1.15014219284	1.45274400711	1.38869595528	1.11846995354	0.977573871613	1.00140500069	1.38292098045	1.03865194321	0.95839881897	1.06581711769	1.23786902428	1.64151191711	1.43066596985	1.06783008575	1.00552010536	1.25561094284	
['./treeMaker/main', '-m', '-c', '2']
1.18653321266	1.41201496124	1.2105820179	1.3538851738	1.08958387375	1.47545099258	1.54064297676	1.14431905746	1.18903207779	0.886177062988	0.963876008987	1.46634197235	1.12338089943	0.949091911316	1.11789989471	1.07722401619	1.19512104988	1.32258200645	1.46316599846	1.25677084923	0.878535032272	0.990729808807	1.1111240387	1.51793408394	1.10960412025	1.49995088577	1.12673687935	1.26130414009	1.33070802689	1.16458892822	0.887289047241	1.23738098145	0.893225908279	1.41999292374	1.12965989113	1.45272994041	1.39184308052	1.11138796806	0.972238063812	0.989033937454	1.36716294289	1.04367208481	0.949514865875	1.05113601685	1.23731803894	1.63020801544	1.42856192589	1.05413389206	1.00405693054	1.24844908714	
['./treeMaker/main', '-m', '-a', '1']
1.33328914642	1.60610795021	1.37081003189	1.50939202309	1.24892997742	1.63930606842	1.69538283348	1.31018781662	1.3632619381	1.05388402939	1.12178397179	1.61928105354	1.28456902504	1.11248421669	1.2821149826	1.23280596733	1.357380867	1.48653101921	1.62765288353	1.4314391613	1.05311918259	1.16522407532	1.25709605217	1.67364096642	1.2603931427	1.65699195862	1.2724750042	1.42181396484	1.47478985786	1.33189296722	1.05871605873	1.3808619976	1.06583309174	1.56829118729	1.29545283318	1.59752392769	1.54145908356	1.27837395668	1.12948298454	1.14065384865	1.53832316399	1.17549300194	1.11132407188	1.22046709061	1.38900494576	1.77885913849	1.58289194107	1.21207690239	1.16444993019	1.41839694977	
['./treeMaker/main', '-m', '-a', '2']
1.21762108803	1.4545609951	1.25466799736	1.39820194244	1.12745904922	1.50650000572	1.57691287994	1.19054102898	1.28737282753	0.931174993515	1.00556206703	1.51041913033	1.16004419327	0.9881939888	1.15831685066	1.12148690224	1.23670816422	1.36925005913	1.50705599785	1.30519413948	0.924422979355	1.03682112694	1.15091204643	1.56338596344	1.14655995369	1.5240020752	1.16569805145	1.37433886528	1.43555498123	1.21010303497	0.95520401001	1.27828407288	0.933678865433	1.45671081543	1.17251300812	1.49450111389	1.42247605324	1.15770196915	1.01891589165	1.03235387802	1.41328406334	1.06500196457	0.993957042694	1.10039520264	1.27389502525	1.66701006889	1.46958494186	1.09892606735	1.04540610313	1.29096198082	
