100_1000_4.9e-10_4.9e-10_470000000
100
1000
4.9e-10
4.9e-10
470000000

['./treeMaker/main']
2.68140602112	3.97809004784	2.75453996658	3.61264395714	2.32805299759	4.22189593315	4.16446495056	2.84331583977	2.84812378883	1.66992592812	2.18294501305	4.20616889	2.9158821106	1.98607897758	2.62423014641	2.45549702644	3.07841396332	3.32542514801	3.9792740345	3.01857089996	1.82509708405	2.24231314659	2.59328579903	4.22070884705	2.47204995155	4.27857208252	3.04442882538	3.51066684723	3.58559012413	2.88687586784	1.78740906715	3.09639310837	1.60910487175	3.70044708252	2.5269780159	3.93739199638	3.52695298195	2.3676970005	2.07232904434	2.21724295616	3.51907610893	2.28471899033	1.85245394707	2.52318120003	3.4120080471	4.53708600998	3.63372802734	2.32857203484	2.22806787491	3.27373600006	
['./treeMaker/main', '-b']
3.10444498062	3.78760409355	3.14912199974	4.00378084183	2.62225699425	3.94094395638	4.37416982651	2.92540979385	3.08781099319	1.80901312828	2.15215015411	4.00950908661	2.52436494827	1.89061403275	2.81778097153	2.51047992706	2.84579586983	3.36018514633	4.04127693176	3.19643998146	1.81743216515	2.32575702667	2.78863620758	4.68498301506	2.51712703705	4.4445810318	2.98312711716	3.10873889923	3.41948103905	2.67412400246	1.85140419006	3.60966706276	1.77278590202	3.81756305695	2.91616606712	3.85081791878	3.83163785934	2.51776599884	2.03259515762	2.21518397331	3.37939095497	2.27173995972	1.92211699486	2.50705718994	3.21565914154	5.21967697144	3.9459400177	2.58334589005	2.25488305092	3.14588284492	
['./treeMaker/main', '-u']
2.93012905121	3.54409384727	2.90063691139	3.4932179451	2.60600996017	4.39571714401	4.09741401672	2.65008401871	2.56043505669	1.78666305542	2.24619913101	4.24100708961	2.616740942	1.96259403229	2.41876602173	2.50323200226	3.0484149456	3.7145690918	4.12572383881	3.17607498169	1.71092700958	2.13544797897	2.79301190376	4.19675993919	2.47580385208	4.14853405952	2.83711004257	3.39337992668	3.68570399284	2.92227506638	1.80940294266	3.24687385559	1.79201102257	3.60841298103	2.69884705544	3.97757911682	3.5505399704	2.81017923355	1.95733213425	2.37631511688	4.01598405838	2.59189891815	1.87672305107	2.39624381065	3.18347883224	5.07144498825	3.77091693878	2.48114895821	2.43409800529	3.26747608185	
['./treeMaker/main', '-t', '-r', '1']
57.7843251228	71.2398591042	59.7986938953	80.0291979313	52.0165200233	73.8962500095	91.3291120529	56.3966331482	46.6575829983	33.8007130623	42.763972044	91.2800881863	51.657148838	40.5760519505	48.6105749607	51.4253771305	54.0370869637	73.8052060604	82.4847779274	58.8870251179	31.8953831196	33.1259698868	56.4670090675	87.7230660915	51.3889591694	68.1206629276	63.2338330746	65.3011908531	76.9343650341	60.3978431225	34.3080599308	74.0510091782	33.4905560017	83.319590807	50.9412748814	92.095883131	69.9200320244	50.2598209381	45.5435650349	48.4500658512	63.7040112019	49.2752950191	41.5196537971	46.4239010811	62.6672410965	107.967252016	79.0443310738	53.717881918	44.5604498386	58.0582420826	
['./treeMaker/main', '-t', '-r', '2']
93.1291539669	124.682204008	90.523029089	122.374633074	75.1674780846	127.296527147	143.263983965	83.9087638855	84.2191529274	51.2139167786	64.632270813	136.060142994	81.5366270542	56.5813770294	80.8102271557	72.5660429001	95.2047169209	107.10258007	126.407601833	96.7575619221	49.0067629814	65.3343269825	82.8246750832	144.821066856	75.5795419216	129.617122889	88.3395068645	100.301789999	112.69926095	86.594689846	49.0783908367	106.245520115	46.5571980476	129.129606009	82.48082304	132.420083046	122.617842913	76.5624349117	63.6933720112	70.1872608662	114.306967974	73.6705620289	58.4630260468	69.1419649124	97.1744937897	164.426011086	123.171257019	75.6801190376	65.9759600163	97.534676075	
['./treeMaker/main', '-t', '-r', '1', '-N']
57.9889469147	70.873374939	59.1179130077	80.1976130009	51.5172269344	74.4671390057	91.2824389935	57.5214669704	46.9250230789	33.8733320236	42.9077088833	91.4703989029	51.1304380894	40.3858249187	48.6283280849	50.8575940132	54.1184129715	73.9109790325	81.6757180691	58.7883360386	31.5942080021	32.7745649815	55.078305006	85.7769911289	49.8769350052	66.260917902	61.5141739845	63.5401477814	76.126295805	57.3361310959	33.1761670113	69.8853919506	31.0947868824	82.7197620869	50.0829157829	90.3047149181	69.771707058	49.661000967	45.0876021385	47.7471859455	63.2139091492	48.389993906	40.8208739758	46.2749590874	62.6576371193	107.429951191	78.1041920185	53.4024100304	44.3678581715	57.4642829895	
['./treeMaker/main', '-t', '-r', '2', '-N']
92.1667981148	123.512353897	89.0562069416	121.002851963	73.8477890491	124.184176207	142.594000101	83.276209116	83.1249198914	50.2027997971	63.6274030209	132.767750978	81.2636258602	54.9008510113	79.0039651394	71.4419910908	93.8351118565	106.202127934	124.346601963	93.1248271465	48.1683371067	63.7866148949	80.5047271252	143.304063082	74.8247251511	127.682707071	86.3364560604	98.9182009697	111.072032928	85.073333025	48.0571579933	103.914088964	45.8490641117	127.772078037	81.9405670166	130.011221886	120.343198061	75.7564430237	62.6394791603	69.6853051186	112.634386063	71.8399670124	57.4779009819	67.8398339748	96.2504739761	161.94826889	120.33623004	75.1095108986	65.613519907	96.506980896	
['./treeMaker/main', '-m']
1.22205305099	1.47894406319	1.26160693169	1.3994269371	1.12484717369	1.52984213829	1.60291409492	1.22050714493	1.24964809418	0.93112206459	1.01764416695	1.5409989357	1.16405892372	0.987932920456	1.17785692215	1.12582993507	1.24990010262	1.38924908638	1.51669502258	1.31186914444	0.940212011337	1.07948088646	1.15366482735	1.57603192329	1.15273284912	1.57550907135	1.17664790154	1.31056499481	1.38328695297	1.21601009369	0.939198970795	1.31384897232	0.940753936768	1.46594500542	1.19763922691	1.50367307663	1.43623709679	1.15996789932	1.02237701416	1.03591704369	1.43067407608	1.06731510162	0.99872803688	1.11619400978	1.29758286476	1.67537999153	1.49796199799	1.10854387283	1.05255508423	1.33761119843	
['./treeMaker/main', '-m', '-b']
1.33700609207	1.62481498718	1.37227416039	1.53496289253	1.22155714035	1.65677595139	1.74725294113	1.31240797043	1.34210109711	0.99675488472	1.09178900719	1.67872691154	1.25929117203	1.05991196632	1.29286909103	1.20686411858	1.35231304169	1.50461792946	1.64271306992	1.41900205612	0.997348070145	1.15292000771	1.24377012253	1.71205592155	1.22874879837	1.71030497551	1.27264213562	1.4243118763	1.4985768795	1.30270004272	0.995799064636	1.39714789391	0.993967056274	1.59712195396	1.29571199417	1.63312315941	1.56998300552	1.24514698982	1.08811998367	1.11472988129	1.54308915138	1.14768886566	1.06162190437	1.18343496323	1.39259815216	1.85290694237	1.62338399887	1.18772387505	1.1401078701	1.44998502731	
['./treeMaker/main', '-m', '-w', '1']
1.24227595329	1.49280595779	1.27246403694	1.41386413574	1.14250302315	1.52632689476	1.60730004311	1.22084307671	1.2450568676	0.928175926208	1.01881313324	1.54380393028	1.16785311699	0.988436937332	1.18010187149	1.12602901459	1.24824500084	1.39149713516	1.51263785362	1.3152089119	0.937952041626	1.08352303505	1.15579104424	1.57727003098	1.14609599113	1.57170295715	1.18119001389	1.30805897713	1.38655304909	1.21679401398	0.938758850098	1.29093980789	0.937361001968	1.46496987343	1.19287109375	1.50276517868	1.44017100334	1.14807701111	1.01013684273	1.03237700462	1.42579388618	1.06696486473	0.991970777512	1.10662198067	1.29181790352	1.671200037	1.49198913574	1.09695601463	1.05022120476	1.33242797852	
['./treeMaker/main', '-m', '-w', '2']
1.23810219765	1.49015498161	1.27589297295	1.44057106972	1.14078879356	1.52002000809	1.67846798897	1.21290302277	1.25426912308	0.937836170197	1.01668596268	1.55159401894	1.17615795135	0.999858856201	1.18483185768	1.12969398499	1.25577878952	1.40025615692	1.51870107651	1.31862306595	0.945958137512	1.08753108978	1.16365599632	1.58169388771	1.15729904175	1.58048200607	1.18208003044	1.32022094727	1.3864531517	1.21626400948	0.942868947983	1.3145430088	0.942063093185	1.46818494797	1.19571709633	1.50519704819	1.44184803963	1.15716099739	1.01887607574	1.06159591675	1.44071507454	1.07625102997	0.999617099762	1.11501288414	1.29884791374	1.68460392952	1.51202011108	1.10672616959	1.05866217613	1.3433380127	
['./treeMaker/main', '-m', '-c', '1']
1.19664692879	1.44897294044	1.22821784019	1.37367987633	1.1077208519	1.48265004158	1.55491495132	1.18458414078	1.20715117455	0.891004085541	0.981574058533	1.5055129528	1.12404990196	0.946302890778	1.14524912834	1.13921499252	1.2057929039	1.35001683235	1.47702598572	1.27853894234	0.89869594574	1.0412209034	1.11623692513	1.53091311455	1.10859704018	1.53339219093	1.13334107399	1.27457308769	1.34143018723	1.16472411156	0.896655082703	1.25537705421	0.901561975479	1.42896318436	1.15362906456	1.4664618969	1.40405106544	1.11880087852	0.99867606163	0.997826099396	1.38785505295	1.03089094162	0.950048923492	1.0681040287	1.25428795815	1.63859796524	1.45768594742	1.06737923622	1.01269578934	1.29572796822	
['./treeMaker/main', '-m', '-c', '2']
1.19534182549	1.44013595581	1.21598696709	1.36638998985	1.08922314644	1.47521710396	1.54817485809	1.1681189537	1.20287919044	0.880151987076	0.970087051392	1.52360510826	1.12691903114	0.943311214447	1.13944983482	1.0794210434	1.19991397858	1.34325909615	1.46470713615	1.26788806915	0.892713069916	1.03298902512	1.11220598221	1.53572487831	1.09891915321	1.52938604355	1.13093805313	1.33057999611	1.33089089394	1.16591501236	0.892287015915	1.24278402328	0.890160083771	1.41613721848	1.13682603836	1.4570889473	1.39025807381	1.11486387253	0.967585802078	0.997213125229	1.44450521469	1.02321791649	0.951655864716	1.06125116348	1.25123691559	1.62434792519	1.45043110847	1.05790400505	1.00787401199	1.29076099396	
['./treeMaker/main', '-m', '-a', '1']
1.34655714035	1.61031579971	1.38453412056	1.52266788483	1.24984312057	1.63902807236	1.70050215721	1.33109021187	1.38242912292	1.05577802658	1.13731598854	1.64542984962	1.29636287689	1.11327695847	1.30348491669	1.2450067997	1.36093091965	1.53616404533	1.62537717819	1.43741488457	1.06826090813	1.21469688416	1.26898980141	1.68608093262	1.33574485779	1.6982178688	1.27895379066	1.43108201027	1.4847278595	1.32478809357	1.05795192719	1.40011191368	1.07034897804	1.57421898842	1.31078910828	1.61312699318	1.55231690407	1.27515101433	1.12699389458	1.14377999306	1.54909110069	1.18510293961	1.11263298988	1.22843599319	1.40628600121	1.76705598831	1.60760402679	1.21600198746	1.17541098595	1.45571684837	
['./treeMaker/main', '-m', '-a', '2']
1.2270731926	1.48352313042	1.26431393623	1.40310692787	1.13118100166	1.50944495201	1.59226894379	1.20780014992	1.24541711807	0.930687904358	1.01427292824	1.53346014023	1.16348195076	0.985571861267	1.17759680748	1.12208008766	1.23958301544	1.38490700722	1.50947809219	1.31216692924	0.935774803162	1.07436013222	1.15728116035	1.56768083572	1.14436101913	1.56536602974	1.22520494461	1.36394500732	1.38038301468	1.22373509407	0.933443069458	1.28431892395	0.931974887848	1.45928502083	1.18461799622	1.50427007675	1.43390083313	1.15536904335	1.0145471096	1.03144311905	1.41979193687	1.06800699234	0.989234924316	1.11059999466	1.28602004051	1.66332507133	1.48848891258	1.0987970829	1.04585886002	1.3357591629	
