100_1000_4.9e-10_4.9e-10_470000000
100
1000
4.9e-10
4.9e-10
470000000

['./treeMaker/main']
3.1547908783	4.19004392624	2.91603899002	4.20048999786	2.39420008659	4.45813703537	4.88492417336	2.8723859787	3.06860494614	1.97844696045	2.36953401566	4.4150249958	2.8674018383	2.10052490234	2.64292001724	2.54156589508	3.14749288559	3.59370613098	4.46889901161	3.31755685806	1.70693898201	2.50493001938	2.78892087936	4.48048305511	2.64889597893	4.45138192177	2.65947389603	3.49301099777	4.0351729393	3.07479214668	1.94507288933	3.13365793228	1.62266898155	3.8712182045	2.97142195702	3.87201189995	3.70601892471	2.57516717911	2.18951892853	2.35238099098	3.60834884644	2.37661409378	1.91532087326	2.43901896477	3.31818604469	5.17425704002	4.202064991	2.42670702934	2.48940992355	3.45484805107	
['./treeMaker/main', '-b']
3.57030200958	4.10469102859	3.25784683228	3.96186494827	2.62390899658	4.29499220848	4.56818294525	2.97038316727	3.02437186241	1.89647293091	2.40073895454	4.33976006508	2.63926315308	2.07494711876	2.65611886978	2.83136200905	3.29273986816	3.75554013252	4.0771818161	3.28381299973	1.95802092552	2.41696095467	2.9584300518	4.78053402901	2.59546017647	4.1415951252	3.13640713692	3.2422440052	4.14692115784	2.96952795982	1.8151049614	3.40686798096	1.71379995346	4.28072190285	3.04911899567	4.34014010429	4.47065496445	2.55022406578	2.50567388535	2.36633491516	3.73090195656	2.75577998161	2.11728811264	2.55708503723	3.65394306183	5.09299302101	4.10770797729	2.78226613998	2.37804889679	3.28527092934	
['./treeMaker/main', '-u']
3.33728885651	3.90686607361	3.26400995255	4.13764095306	2.66733694077	4.58767199516	4.71363520622	2.86197590828	2.87798595428	1.90422201157	2.3266620636	4.40953183174	2.57889080048	2.07442212105	2.62342786789	2.50228500366	3.1836938858	3.70097112656	3.98666191101	3.34017395973	1.83021998405	2.37785291672	2.8774061203	4.50207614899	2.50897407532	4.13717389107	3.1811311245	3.55704593658	3.9074409008	2.95672011375	2.10949015617	3.5644569397	1.9325709343	4.11353111267	2.93620800972	4.41553688049	3.81796193123	2.53039288521	2.07303905487	2.388931036	4.1138420105	2.46161198616	2.08229780197	2.46718287468	3.46637296677	5.58555221558	4.2065281868	2.81701588631	2.52565693855	3.45808982849	
['./treeMaker/main', '-t', '-r', '1']
49.4132950306	67.4256129265	53.2689700127	73.2351441383	47.740459919	70.0625422001	84.2099490166	52.1189291477	45.1471111774	32.5537369251	38.2942228317	77.7772388458	48.4216649532	38.7246351242	45.1324949265	49.0309681892	52.9869561195	64.7492830753	78.4375610352	56.4872169495	29.9625501633	30.6231071949	52.6548900604	83.3718779087	49.4924619198	58.6783630848	58.4410188198	59.6988070011	72.3291862011	56.4662621021	31.0851891041	65.5264031887	32.251324892	76.7561399937	48.7594509125	87.4689650536	67.388931036	47.8374710083	41.5337500572	46.25274086	61.3531868458	46.3265850544	38.2349500656	43.2905430794	57.6192669868	103.966868877	72.6480557919	51.0049130917	42.2208609581	51.3717198372	
['./treeMaker/main', '-t', '-r', '2']
106.225842953	141.140955925	105.418081045	151.380441189	86.5523638725	146.469619989	168.697659016	102.30398798	98.7835769653	55.5284080505	74.835185051	164.496870995	91.0205960274	63.3776049614	92.9899759293	81.1198420525	110.570006132	130.804697037	144.307043791	113.051957846	59.666118145	77.7026407719	101.694078207	168.229460955	83.5547921658	152.103342056	100.080847979	115.099205971	143.758211851	98.2258651257	60.1827931404	120.906225204	52.3655850887	148.195351124	97.1705331802	154.891078949	146.434059143	88.7804539204	72.517116785	80.8625330925	145.150685072	87.4640729427	65.9881181717	80.5270500183	114.190173864	186.077539921	151.35689497	90.4788298607	78.2249290943	118.557378054	
['./treeMaker/main', '-t', '-r', '1', '-N']
49.2427778244	66.4631810188	53.0480949879	72.5757191181	48.2038431168	71.3257641792	84.9563348293	52.9241259098	45.5286719799	32.7032661438	39.1581060886	78.6449069977	48.2540578842	38.9295589924	45.6420910358	48.5975351334	52.9800751209	64.9073910713	79.1385037899	55.3668129444	28.9766049385	30.1290988922	52.0924921036	82.032916069	48.2235867977	57.3888430595	57.7250299454	58.6806941032	71.0034050941	53.5253350735	29.8798649311	61.1603970528	30.1739990711	74.8599522114	47.9357488155	85.4402611256	67.2767570019	46.9348459244	40.7106909752	45.656277895	61.0972938538	45.8262481689	38.0427780151	43.128772974	57.4032058716	103.46984005	72.3723311424	50.1798760891	42.1615960598	51.0732989311	
['./treeMaker/main', '-t', '-r', '2', '-N']
105.513557911	139.775457144	103.58694005	148.353756189	85.1652369499	144.373673201	166.277945995	101.582117081	97.1495831013	54.1520268917	74.0236320496	160.833436966	89.0903501511	63.2484300137	91.886537075	79.344990015	108.413417816	129.085618019	141.172281981	110.632966042	58.6252689362	76.5235900879	98.4329071045	166.491335154	82.5229399204	149.748059034	98.8015840054	114.092604876	140.287821054	96.8580048084	58.4389939308	118.628525019	51.093724966	147.016875029	96.0835189819	151.579540968	144.98382616	87.7151589394	72.2857758999	80.12611413	133.163417101	85.5398528576	65.0951941013	79.6746530533	113.635750055	181.758720875	149.969828844	90.048625946	77.4758040905	117.797751904	
['./treeMaker/main', '-m']
1.34206700325	1.6029779911	1.36700391769	1.62331581116	1.22250294685	1.69731283188	1.80510616302	1.37107992172	1.37592720985	0.967542886734	1.10515809059	1.77210903168	1.23554611206	1.05654406548	1.28656601906	1.19457006454	1.35776591301	1.58552598953	1.65357589722	1.46361613274	1.02264785767	1.20509409904	1.3046400547	1.76218485832	1.22557592392	1.78470110893	1.28176593781	1.44848799706	1.6278719902	1.3083589077	1.02227282524	1.42012691498	0.987380027771	1.62941408157	1.38257217407	1.68874406815	1.64408302307	1.25881910324	1.09326004982	1.12016797066	1.58770012856	1.18258690834	1.0548081398	1.21285581589	1.43261408806	1.84512782097	1.73405098915	1.23171615601	1.15236020088	1.51843309402	
['./treeMaker/main', '-m', '-b']
1.47781991959	1.78210306168	1.50245594978	1.80715703964	1.33037996292	1.85435795784	1.98617196083	1.49624896049	1.50146222115	1.02808499336	1.18935418129	1.94125103951	1.33189487457	1.18331885338	1.40261316299	1.28607201576	1.48514890671	1.72933411598	1.81040287018	1.59042191505	1.10122179985	1.30217289925	1.42201280594	1.94424295425	1.30797791481	1.96448516846	1.39106202126	1.58884382248	1.78987383842	1.41419506073	1.09400606155	1.55544805527	1.04720902443	1.77950692177	1.41490197182	1.84942317009	1.81380200386	1.35811090469	1.17284393311	1.21341705322	1.73778295517	1.29346704483	1.13732004166	1.31011390686	1.56827306747	2.04096198082	1.92229199409	1.33609318733	1.24390602112	1.66172504425	
['./treeMaker/main', '-m', '-w', '1']
1.35779500008	1.62749385834	1.38724899292	1.64114499092	1.2314479351	1.69571089745	1.80162096024	1.3786687851	1.37473607063	0.963959932327	1.10351395607	1.77311706543	1.23392677307	1.05854487419	1.28564095497	1.18983888626	1.36859488487	1.58144211769	1.65441799164	1.46080493927	1.02482509613	1.20986104012	1.31092000008	1.7652258873	1.22196984291	1.78933310509	1.33427000046	1.44640493393	1.62921404839	1.30213284492	1.0255959034	1.42054104805	0.986948013306	1.62607288361	1.31716799736	1.68221020699	1.6394200325	1.25428295135	1.09033298492	1.11579203606	1.58234810829	1.17735910416	1.06161904335	1.19811487198	1.43121290207	1.83691096306	1.72806501389	1.22472786903	1.14740920067	1.51197099686	
['./treeMaker/main', '-m', '-w', '2']
1.36098098755	1.62617588043	1.38843798637	1.64330911636	1.23433995247	1.69392681122	1.83297491074	1.37006998062	1.38012695312	0.96896314621	1.11212491989	1.7762260437	1.23800992966	1.06417798996	1.29197192192	1.20031309128	1.37294006348	1.59183812141	1.66215896606	1.47476696968	1.02940011024	1.20374488831	1.31247591972	1.7678937912	1.22545599937	1.797290802	1.2846930027	1.44795107841	1.6345448494	1.31036305428	1.02739787102	1.45424294472	0.989366769791	1.62700200081	1.31351017952	1.69177508354	1.65178394318	1.26193094254	1.09663105011	1.12373518944	1.61348295212	1.18967413902	1.06549406052	1.20990991592	1.43581700325	1.85519194603	1.75104403496	1.23133802414	1.15566515923	1.52055692673	
['./treeMaker/main', '-m', '-c', '1']
1.31446313858	1.59201693535	1.34161901474	1.60639309883	1.21160197258	1.6570789814	1.76241087914	1.33450007439	1.33117318153	0.925765991211	1.0625231266	1.73498702049	1.18790698051	1.01822900772	1.24634599686	1.14917802811	1.32705497742	1.54442811012	1.61753296852	1.41971302032	0.983322143555	1.16462612152	1.26538896561	1.7269411087	1.17942404747	1.755671978	1.24209499359	1.40595698357	1.58924293518	1.26710414886	0.980751991272	1.38059210777	0.946207046509	1.60797309875	1.27277088165	1.64414095879	1.6034488678	1.22426891327	1.06744599342	1.07958579063	1.55084586143	1.16508507729	1.0203371048	1.17397403717	1.3967089653	1.80374193192	1.69917297363	1.18968105316	1.11514997482	1.47830700874	
['./treeMaker/main', '-m', '-c', '2']
1.31479501724	1.5789899826	1.34102988243	1.59320521355	1.1793551445	1.63733696938	1.7520608902	1.32719087601	1.36388993263	0.925893068314	1.06129407883	1.71906113625	1.19092011452	1.01069712639	1.24673318863	1.14413690567	1.31735110283	1.53662109375	1.6038711071	1.40752410889	0.980684995651	1.15508985519	1.25599598885	1.71492385864	1.16898417473	1.74145817757	1.23688006401	1.39843702316	1.57704401016	1.25549602509	0.980401992798	1.37130999565	0.936249017715	1.578373909	1.25867891312	1.62771105766	1.59632587433	1.21122312546	1.042719841	1.07391500473	1.61653614044	1.14470696449	1.02418708801	1.15782094002	1.38682293892	1.7933371067	1.69097709656	1.18310499191	1.10626602173	1.46834111214	
['./treeMaker/main', '-m', '-a', '1']
1.46758008003	1.84370589256	1.50642585754	1.75870513916	1.37320590019	1.81569218636	1.92429018021	1.48580503464	1.50794100761	1.09310102463	1.22027492523	1.87309002876	1.37744092941	1.18037009239	1.41490411758	1.3095369339	1.47945404053	1.69948506355	1.77278017998	1.58695006371	1.16194295883	1.33770394325	1.4165418148	1.87192487717	1.33749699593	1.91471982002	1.39110302925	1.56017708778	1.7360367775	1.41788506508	1.15790700912	1.53335380554	1.11768603325	1.73873090744	1.43508410454	1.78685379028	1.7608230114	1.3776049614	1.21790003777	1.23251414299	1.71441507339	1.30139708519	1.17982506752	1.35248088837	1.55163502693	1.9747440815	1.85442614555	1.33987402916	1.27699995041	1.63804388046	
['./treeMaker/main', '-m', '-a', '2']
1.35152697563	1.61893391609	1.3801240921	1.63417601585	1.22295188904	1.67747187614	1.79530787468	1.36174201965	1.37637996674	0.965409994125	1.09682703018	1.75547099113	1.22404694557	1.04939293861	1.28125190735	1.18653512001	1.35421705246	1.5807299614	1.64280509949	1.45306110382	1.02154421806	1.19879293442	1.30056810379	1.75438117981	1.20943188667	1.78105115891	1.2804069519	1.51224994659	1.65034103394	1.2977180481	1.03195095062	1.41668987274	0.979544878006	1.61680412292	1.30376720428	1.67529416084	1.64007306099	1.24651312828	1.08744812012	1.11525893211	1.58125209808	1.18447089195	1.06022405624	1.19997119904	1.4279050827	1.83276605606	1.73641014099	1.22703099251	1.15041089058	1.50813508034	
