10_1000_4.9e-10_4.9e-10_470000000
10
1000
4.9e-10
4.9e-10
470000000

['./treeMaker/main']
0.0271270275116	0.0294518470764	0.0300390720367	0.0304050445557	0.0260529518127	0.0311031341553	0.0293118953705	0.0316638946533	0.0406291484833	0.0279068946838	0.0349380970001	0.0401430130005	0.023236989975	0.0266790390015	0.025356054306	0.0229659080505	0.0245959758759	0.0220379829407	0.0231029987335	0.0313420295715	0.0335688591003	0.0360651016235	0.0245380401611	0.0394310951233	0.0321888923645	0.0309150218964	0.0310518741608	0.0407218933105	0.0293939113617	0.0279967784882	0.0314779281616	0.0309920310974	0.0296840667725	0.0366079807281	0.0253939628601	0.0285358428955	0.0309960842133	0.0304939746857	0.0331649780273	0.0275719165802	0.0270020961761	0.0277519226074	0.0295140743256	0.0319979190826	0.0328710079193	0.0314130783081	0.0322208404541	0.0280869007111	0.0314800739288	0.0386879444122	
['./treeMaker/main', '-b']
0.0299570560455	0.0312650203705	0.0307490825653	0.0320069789886	0.0245499610901	0.0317938327789	0.0298609733582	0.0316209793091	0.0418310165405	0.0263679027557	0.0378019809723	0.0426018238068	0.0213389396667	0.0301921367645	0.0261719226837	0.0215899944305	0.0244998931885	0.0218830108643	0.0235600471497	0.0330288410187	0.0325710773468	0.0353560447693	0.0278179645538	0.0309448242188	0.0342891216278	0.0314371585846	0.0315179824829	0.030858039856	0.0319499969482	0.0287270545959	0.0320129394531	0.0313808917999	0.0296139717102	0.037101984024	0.0289471149445	0.0293209552765	0.031553030014	0.0305390357971	0.0352849960327	0.025573015213	0.0273108482361	0.0269179344177	0.0298678874969	0.0311019420624	0.0305979251862	0.0313220024109	0.031172990799	0.0289540290833	0.0330190658569	0.0397260189056	
['./treeMaker/main', '-u']
0.0302119255066	0.0300998687744	0.030855178833	0.0315380096436	0.0236740112305	0.0415070056915	0.0298490524292	0.031858921051	0.0410859584808	0.0280501842499	0.0361471176147	0.0412030220032	0.0218341350555	0.0294668674469	0.0256049633026	0.0217368602753	0.0242338180542	0.0211720466614	0.0264179706573	0.030534029007	0.0349190235138	0.0346281528473	0.026290178299	0.0396819114685	0.0338299274445	0.0320820808411	0.0312271118164	0.0300180912018	0.0315120220184	0.0277659893036	0.0329508781433	0.0323059558868	0.029541015625	0.0385890007019	0.0268640518188	0.0290341377258	0.0325448513031	0.0313770771027	0.0328619480133	0.0273239612579	0.0271978378296	0.0282549858093	0.0295188426971	0.0317089557648	0.0319030284882	0.0309269428253	0.0312969684601	0.0282349586487	0.0347151756287	0.0387041568756	
['./treeMaker/main', '-t', '-r', '1']
0.264542102814	0.278496026993	0.293846130371	0.288907051086	0.20409488678	0.322881937027	0.2512550354	0.308578014374	0.44452881813	0.225427865982	0.376955032349	0.464306116104	0.169304132462	0.26967215538	0.204237937927	0.176760196686	0.219441890717	0.150234937668	0.205167770386	0.309412956238	0.356714963913	0.353621959686	0.229214906693	0.273459196091	0.337119102478	0.334292888641	0.339854001999	0.281209945679	0.297562122345	0.25746011734	0.340484857559	0.313252210617	0.253312826157	0.396363973618	0.244979143143	0.245602846146	0.300337076187	0.30831193924	0.345118045807	0.241637945175	0.213912963867	0.249984025955	0.254244089127	0.288944959641	0.326984882355	0.315496206284	0.288684844971	0.237029075623	0.325823068619	0.404428005219	
['./treeMaker/main', '-t', '-r', '2']
0.417675018311	0.44230389595	0.445469856262	0.467753171921	0.301525831223	0.536250114441	0.388866186142	0.488613843918	0.738104820251	0.351249933243	0.623826026917	0.758478164673	0.255490064621	0.407088041306	0.312001943588	0.258219003677	0.329138994217	0.214480161667	0.309427022934	0.487848043442	0.561825990677	0.648446083069	0.336877822876	0.447747945786	0.545830011368	0.514703989029	0.513484954834	0.426686048508	0.487262964249	0.398876905441	0.540190935135	0.47607588768	0.395229816437	0.61866402626	0.378790140152	0.363507986069	0.472028017044	0.497145175934	0.55159497261	0.369142055511	0.343789100647	0.369488954544	0.416656970978	0.479867219925	0.503835201263	0.495768070221	0.469951868057	0.382927179337	0.535632133484	0.62700510025	
['./treeMaker/main', '-t', '-r', '1', '-N']
0.264587163925	0.279942035675	0.284654855728	0.289297103882	0.205018997192	0.323069095612	0.248705148697	0.309267044067	0.442520856857	0.224490880966	0.380877017975	0.464838027954	0.167258024216	0.288552999496	0.223721027374	0.183964014053	0.218737840652	0.14595413208	0.217467069626	0.307429075241	0.353599071503	0.381932973862	0.229691982269	0.271458864212	0.336209058762	0.327399969101	0.336477041245	0.280778884888	0.295289039612	0.255567073822	0.340533018112	0.314536094666	0.252995014191	0.393450975418	0.244433164597	0.243813991547	0.299319028854	0.30733704567	0.345028162003	0.239114999771	0.215737819672	0.247148036957	0.252720832825	0.291711091995	0.32661986351	0.316221952438	0.29721903801	0.239373922348	0.327564954758	0.40461397171	
['./treeMaker/main', '-t', '-r', '2', '-N']
0.420572042465	0.442608833313	0.445374965668	0.466799974442	0.302393913269	0.536092996597	0.384471178055	0.486515045166	0.734802007675	0.351292848587	0.624030828476	0.76010799408	0.255813121796	0.407103061676	0.312186002731	0.258725166321	0.32923412323	0.21385216713	0.318342924118	0.489681959152	0.559784889221	0.647773981094	0.344675064087	0.447287797928	0.546716928482	0.513333082199	0.512221097946	0.424474954605	0.487091064453	0.40354013443	0.541110992432	0.475847005844	0.396896123886	0.615707874298	0.37228679657	0.367835044861	0.473111152649	0.498600006104	0.544946908951	0.36917591095	0.342763185501	0.369431972504	0.416138887405	0.48018693924	0.507733821869	0.495023012161	0.468930959702	0.383244991302	0.537046909332	0.62443614006	
['./treeMaker/main', '-m']
0.0244250297546	0.027459859848	0.0248742103577	0.0267798900604	0.0231919288635	0.028557062149	0.023579120636	0.0267329216003	0.0315079689026	0.022360086441	0.0300650596619	0.032546043396	0.0219421386719	0.0238819122314	0.0214622020721	0.0209879875183	0.0219027996063	0.0206260681152	0.0232000350952	0.0285661220551	0.028119802475	0.0399761199951	0.0221002101898	0.0245869159698	0.0291559696198	0.0289089679718	0.0289309024811	0.0262470245361	0.0250489711761	0.0251572132111	0.0292589664459	0.0276830196381	0.0244469642639	0.0311329364777	0.0226740837097	0.0228588581085	0.0263440608978	0.0275421142578	0.0289969444275	0.0224070549011	0.023383140564	0.0247268676758	0.0265100002289	0.036712884903	0.0254600048065	0.0269680023193	0.027684211731	0.0244929790497	0.0287520885468	0.0385749340057	
['./treeMaker/main', '-m', '-b']
0.0270009040833	0.0255072116852	0.0261678695679	0.027596950531	0.0239410400391	0.0299401283264	0.0275349617004	0.0256371498108	0.0325081348419	0.0256650447845	0.0315849781036	0.0346128940582	0.0222449302673	0.0258038043976	0.0218369960785	0.020919084549	0.0234680175781	0.0216751098633	0.0224130153656	0.0293190479279	0.0296549797058	0.0307688713074	0.0225670337677	0.0288801193237	0.0298819541931	0.0274369716644	0.0297811031342	0.0277051925659	0.0280249118805	0.0236468315125	0.0283029079437	0.0254380702972	0.0267050266266	0.030622959137	0.0259130001068	0.0255107879639	0.0287189483643	0.0289750099182	0.0303158760071	0.0252912044525	0.0223650932312	0.0234060287476	0.0239911079407	0.0255701541901	0.0291719436646	0.0283629894257	0.0287101268768	0.026034116745	0.0265209674835	0.032341003418	
['./treeMaker/main', '-m', '-w', '1']
0.0235300064087	0.0247390270233	0.0265779495239	0.0269601345062	0.0226058959961	0.0291111469269	0.0238637924194	0.027664899826	0.0305361747742	0.0233709812164	0.0303690433502	0.0306730270386	0.0205280780792	0.0262079238892	0.022392988205	0.0216190814972	0.0218460559845	0.0209288597107	0.0234041213989	0.0281190872192	0.0293979644775	0.03080701828	0.022166967392	0.0268568992615	0.0289080142975	0.0290920734406	0.0381519794464	0.0258600711823	0.0273358821869	0.0229890346527	0.0292730331421	0.0279748439789	0.0231330394745	0.0306417942047	0.0226249694824	0.0242381095886	0.02654504776	0.0271348953247	0.0294258594513	0.0224840641022	0.0220608711243	0.022579908371	0.0236830711365	0.0275678634644	0.0286200046539	0.0277850627899	0.0268089771271	0.0253331661224	0.0261161327362	0.0307250022888	
['./treeMaker/main', '-m', '-w', '2']
0.0265738964081	0.0250780582428	0.0368020534515	0.0252640247345	0.0212240219116	0.0285210609436	0.0270330905914	0.0274240970612	0.0317130088806	0.0224409103394	0.0293889045715	0.0313630104065	0.0210120677948	0.0267159938812	0.021096944809	0.0203769207001	0.0227868556976	0.0224549770355	0.021607875824	0.0286538600922	0.0299870967865	0.0310800075531	0.023120880127	0.0254340171814	0.0290679931641	0.0285499095917	0.0288529396057	0.0269989967346	0.0282499790192	0.0253510475159	0.0293979644775	0.0281960964203	0.0237729549408	0.0313320159912	0.0255439281464	0.0258479118347	0.0274801254272	0.0284631252289	0.0288779735565	0.02268409729	0.0219268798828	0.0253641605377	0.0260870456696	0.0262200832367	0.0286800861359	0.0270230770111	0.0284750461578	0.0241830348969	0.0282618999481	0.0312030315399	
['./treeMaker/main', '-m', '-c', '1']
0.0268111228943	0.0269660949707	0.0237278938293	0.0275540351868	0.0227580070496	0.0290770530701	0.0235869884491	0.0246920585632	0.0312738418579	0.02210688591	0.0299170017242	0.0307259559631	0.0215599536896	0.0260097980499	0.0217690467834	0.0209369659424	0.0238471031189	0.0291929244995	0.0222859382629	0.0282402038574	0.0293040275574	0.0304410457611	0.0219960212708	0.0245308876038	0.029541015625	0.0287818908691	0.0288350582123	0.0274729728699	0.0270230770111	0.024670124054	0.0290470123291	0.0278370380402	0.0231409072876	0.0312118530273	0.022696018219	0.0240261554718	0.0278420448303	0.0284140110016	0.0292999744415	0.0255048274994	0.0217759609222	0.0225911140442	0.0260629653931	0.025918006897	0.0281119346619	0.0256118774414	0.0261189937592	0.0237848758698	0.0289120674133	0.0307440757751	
['./treeMaker/main', '-m', '-c', '2']
0.0249168872833	0.0360691547394	0.0268800258636	0.0250391960144	0.0216870307922	0.0281751155853	0.0263059139252	0.0278849601746	0.0305709838867	0.0223569869995	0.02973985672	0.0306880474091	0.0208210945129	0.0255780220032	0.0208380222321	0.0193860530853	0.0228641033173	0.0207140445709	0.0218629837036	0.0284039974213	0.029128074646	0.0308351516724	0.0221359729767	0.0277879238129	0.0290489196777	0.0259711742401	0.0291619300842	0.0272450447083	0.0275371074677	0.0243270397186	0.028993844986	0.0252389907837	0.0253441333771	0.0304780006409	0.0225350856781	0.0242359638214	0.0277810096741	0.0283689498901	0.0289809703827	0.0222411155701	0.0242829322815	0.0243239402771	0.0264599323273	0.0265319347382	0.0258400440216	0.0252630710602	0.0255541801453	0.022763967514	0.0282351970673	0.0309009552002	
['./treeMaker/main', '-m', '-a', '1']
0.0245559215546	0.0284469127655	0.0280549526215	0.0290288925171	0.0217268466949	0.0298540592194	0.0247361660004	0.0255701541901	0.0315809249878	0.026104927063	0.0301079750061	0.0318620204926	0.0201971530914	0.0238111019135	0.0234220027924	0.0221831798553	0.0256240367889	0.0214841365814	0.0253069400787	0.0290451049805	0.0301170349121	0.0304911136627	0.0258169174194	0.0256240367889	0.030476808548	0.0381050109863	0.0300121307373	0.0306558609009	0.0279891490936	0.0238039493561	0.0301699638367	0.0283899307251	0.027458190918	0.0310561656952	0.0269529819489	0.0247120857239	0.0256631374359	0.0293691158295	0.0299119949341	0.0243058204651	0.0256597995758	0.0350451469421	0.0244309902191	0.0257709026337	0.0264160633087	0.0283238887787	0.029228925705	0.0240371227264	0.0297360420227	0.0423510074615	
['./treeMaker/main', '-m', '-a', '2']
0.0234138965607	0.0243561267853	0.0236709117889	0.0277609825134	0.0208098888397	0.0292692184448	0.0233998298645	0.0256948471069	0.0318198204041	0.0223128795624	0.0290739536285	0.0313229560852	0.0209040641785	0.0260288715363	0.0208959579468	0.0208940505981	0.0217430591583	0.0201051235199	0.0228250026703	0.0283420085907	0.029021024704	0.0310480594635	0.0219900608063	0.0247700214386	0.0293500423431	0.0287699699402	0.0369729995728	0.0253798961639	0.025251865387	0.0229730606079	0.0266780853271	0.026839017868	0.0263800621033	0.0310339927673	0.0229179859161	0.0243110656738	0.0279250144958	0.028146982193	0.0300190448761	0.0229279994965	0.024670124054	0.024952173233	0.0247781276703	0.0279860496521	0.0283930301666	0.0278041362762	0.028352022171	0.0247869491577	0.0286521911621	0.030268907547	
