10_1000_4.9e-10_4.9e-10_470000000
10
1000
4.9e-10
4.9e-10
470000000

['./treeMaker/main']
0.0297980308533	0.0310518741608	0.030158996582	0.0310039520264	0.0232839584351	0.0314321517944	0.0290679931641	0.0323510169983	0.0421850681305	0.0247240066528	0.0378639698029	0.0432679653168	0.0231940746307	0.0300300121307	0.0233609676361	0.0213599205017	0.0266261100769	0.0226061344147	0.0254859924316	0.0302600860596	0.0355899333954	0.0383219718933	0.0282428264618	0.0314588546753	0.0320830345154	0.0316751003265	0.0315129756927	0.0302920341492	0.0412471294403	0.0262360572815	0.033478975296	0.0312049388885	0.0294079780579	0.0384230613708	0.028559923172	0.0294320583344	0.0314710140228	0.0306479930878	0.0328290462494	0.0256698131561	0.0258688926697	0.0286650657654	0.0294938087463	0.0323379039764	0.0335540771484	0.032233953476	0.0321710109711	0.0290760993958	0.0317320823669	0.0388379096985	
['./treeMaker/main', '-b']
0.0298910140991	0.0320990085602	0.0313868522644	0.0322139263153	0.0235409736633	0.033509016037	0.0289289951324	0.0319521427155	0.0424058437347	0.0282649993896	0.0393168926239	0.0429880619049	0.023334980011	0.0305049419403	0.0238091945648	0.0216729640961	0.0279450416565	0.0225639343262	0.0235378742218	0.0339820384979	0.0347979068756	0.0365738868713	0.02561378479	0.0318741798401	0.0328829288483	0.0334839820862	0.0319080352783	0.0305869579315	0.0321629047394	0.0293700695038	0.0363898277283	0.03089594841	0.0291068553925	0.0393009185791	0.0293688774109	0.029345035553	0.0302920341492	0.0325798988342	0.0333950519562	0.028774023056	0.0248830318451	0.0290589332581	0.0301220417023	0.0302650928497	0.031317949295	0.0310118198395	0.0306141376495	0.0279321670532	0.0353190898895	0.039036989212	
['./treeMaker/main', '-u']
0.0301249027252	0.0305321216583	0.030837059021	0.0320219993591	0.0258429050446	0.042543888092	0.0300979614258	0.0323240756989	0.0419549942017	0.0251758098602	0.0382869243622	0.0414559841156	0.0208401679993	0.0296041965485	0.0242929458618	0.0215680599213	0.0276119709015	0.0197758674622	0.0235750675201	0.0321891307831	0.0335621833801	0.0385799407959	0.0251410007477	0.0405859947205	0.0337519645691	0.032525062561	0.0319499969482	0.0306570529938	0.0313398838043	0.0276989936829	0.0345020294189	0.0321731567383	0.0298080444336	0.0382609367371	0.0284159183502	0.0296101570129	0.0328269004822	0.0325191020966	0.0329539775848	0.0257518291473	0.0245871543884	0.0292141437531	0.0294878482819	0.0320210456848	0.0313301086426	0.0312528610229	0.0317440032959	0.0290989875793	0.0343351364136	0.038861989975	
['./treeMaker/main', '-t', '-r', '1']
0.263705015182	0.277609825134	0.28274512291	0.284776926041	0.203247070312	0.315768003464	0.245417118073	0.296181917191	0.431004047394	0.222065925598	0.368113994598	0.455896139145	0.167027950287	0.261531114578	0.206301212311	0.175084114075	0.216253042221	0.145016908646	0.202148199081	0.307865858078	0.356992959976	0.349597930908	0.226332902908	0.273321866989	0.330944061279	0.318758010864	0.332024097443	0.286348104477	0.28949213028	0.252678871155	0.331844806671	0.307999134064	0.251523971558	0.386605024338	0.241441965103	0.243153095245	0.297450065613	0.303822994232	0.334324121475	0.237190008163	0.211475849152	0.246672153473	0.252812862396	0.289700031281	0.319157838821	0.312584161758	0.286193132401	0.238025903702	0.320589065552	0.390534877777	
['./treeMaker/main', '-t', '-r', '2']
0.459532976151	0.480466842651	0.468658924103	0.498793125153	0.311085939407	0.568028926849	0.389701843262	0.525648117065	0.785025119781	0.357430934906	0.703939914703	0.83745098114	0.263885974884	0.428811073303	0.334427118301	0.266548871994	0.343994855881	0.228380918503	0.324119091034	0.521805047989	0.589594125748	0.688606977463	0.364063024521	0.459747076035	0.570195913315	0.567173957825	0.543617010117	0.452444076538	0.518763065338	0.423231124878	0.58137512207	0.51180100441	0.420701980591	0.671154975891	0.396059989929	0.38850903511	0.513571023941	0.524919986725	0.600239992142	0.381455898285	0.361297130585	0.384353876114	0.431282043457	0.503401041031	0.541100025177	0.525306940079	0.503021001816	0.402344942093	0.583759784698	0.695216178894	
['./treeMaker/main', '-t', '-r', '1', '-N']
0.264220952988	0.277873039246	0.28147816658	0.285360813141	0.203727006912	0.317217826843	0.243340015411	0.296106100082	0.432973861694	0.220659971237	0.372657060623	0.465790987015	0.165559053421	0.263532876968	0.22354888916	0.183990955353	0.216403961182	0.144414901733	0.216117858887	0.30525803566	0.346763849258	0.349931001663	0.224570035934	0.272622823715	0.326821804047	0.313591957092	0.332139968872	0.277793884277	0.291601896286	0.251697063446	0.332890987396	0.306259155273	0.253214120865	0.385703086853	0.241595029831	0.243516921997	0.29648399353	0.304569005966	0.334929943085	0.23953795433	0.213995933533	0.245766878128	0.250195026398	0.290762901306	0.323079109192	0.313262939453	0.296401977539	0.236184835434	0.323579072952	0.387513875961	
['./treeMaker/main', '-t', '-r', '2', '-N']
0.439986944199	0.482262134552	0.468826055527	0.501820087433	0.310796976089	0.567791938782	0.405835866928	0.51468706131	0.785798072815	0.35717010498	0.704860925674	0.836468219757	0.2618060112	0.429179906845	0.333018779755	0.267216920853	0.345316886902	0.228914022446	0.331456184387	0.530987024307	0.59122800827	0.684482097626	0.363583803177	0.460444927216	0.572304964066	0.567983150482	0.544139862061	0.450299024582	0.51687002182	0.423616886139	0.582508087158	0.513087034225	0.41731595993	0.670239925385	0.39705491066	0.386038064957	0.51368689537	0.52707695961	0.598542928696	0.382883071899	0.36194896698	0.384482860565	0.430638074875	0.50546002388	0.540466070175	0.52118897438	0.504089832306	0.402704954147	0.580591917038	0.695074081421	
['./treeMaker/main', '-m']
0.0267341136932	0.0265328884125	0.0268909931183	0.0252120494843	0.0242969989777	0.0294451713562	0.0268151760101	0.0306060314178	0.0326189994812	0.0230169296265	0.031042098999	0.0348649024963	0.0219612121582	0.0250539779663	0.02383685112	0.0200839042664	0.0222299098969	0.0203440189362	0.0227448940277	0.029452085495	0.0295150279999	0.0410861968994	0.0221619606018	0.0278129577637	0.0301039218903	0.0287048816681	0.0263929367065	0.0245299339294	0.0285551548004	0.023108959198	0.0286519527435	0.026508808136	0.0266749858856	0.0318188667297	0.0229501724243	0.0258800983429	0.0285189151764	0.0290188789368	0.0284171104431	0.0238728523254	0.0254209041595	0.0229249000549	0.0238928794861	0.0296339988708	0.0291540622711	0.0270750522614	0.0286159515381	0.026163816452	0.0264859199524	0.0405271053314	
['./treeMaker/main', '-m', '-b']
0.0253419876099	0.0289709568024	0.0268261432648	0.0280900001526	0.0227439403534	0.0301020145416	0.024542093277	0.0286710262299	0.0331890583038	0.0232059955597	0.0321450233459	0.0339560508728	0.0221788883209	0.0242159366608	0.0222949981689	0.0208539962769	0.022716999054	0.0222229957581	0.024246931076	0.0296840667725	0.0303380489349	0.0317969322205	0.022735118866	0.0272870063782	0.0276918411255	0.0303890705109	0.0296499729156	0.0253050327301	0.0292339324951	0.0266170501709	0.0283288955688	0.0290539264679	0.0241119861603	0.0318989753723	0.0246498584747	0.0252289772034	0.0288288593292	0.0291612148285	0.0286450386047	0.0232059955597	0.0226287841797	0.0265030860901	0.0272591114044	0.0289149284363	0.0302457809448	0.0277750492096	0.0283031463623	0.0268359184265	0.029942035675	0.0327770709991	
['./treeMaker/main', '-m', '-w', '1']
0.0266299247742	0.0277171134949	0.0239861011505	0.0273509025574	0.0244970321655	0.0292880535126	0.0262908935547	0.0251529216766	0.0302460193634	0.0225021839142	0.0316457748413	0.0336139202118	0.0209000110626	0.0248470306396	0.0214991569519	0.0213971138	0.0223309993744	0.0203669071198	0.0233030319214	0.0293619632721	0.0299849510193	0.0320119857788	0.022157907486	0.0275540351868	0.0300161838531	0.0298240184784	0.040295124054	0.0271301269531	0.0259470939636	0.0248470306396	0.0294890403748	0.0253779888153	0.0263159275055	0.0306780338287	0.0251801013947	0.0260288715363	0.0279710292816	0.0286610126495	0.0300769805908	0.0241570472717	0.0246751308441	0.022873878479	0.0269510746002	0.0258510112762	0.0277800559998	0.0272760391235	0.0280470848083	0.0243108272552	0.0373139381409	0.031063079834	
['./treeMaker/main', '-m', '-w', '2']
0.0242409706116	0.028107881546	0.413629055023	0.0286350250244	0.0229520797729	0.0293960571289	0.0240349769592	0.0283148288727	0.0317468643188	0.0226979255676	0.030483007431	0.0321068763733	0.0206830501556	0.0242519378662	0.0216920375824	0.0215458869934	0.0233759880066	0.0219209194183	0.0234467983246	0.0292019844055	0.0288832187653	0.0316801071167	0.0222909450531	0.0281407833099	0.0304250717163	0.026918888092	0.0264708995819	0.0249519348145	0.0286571979523	0.024915933609	0.0295920372009	0.0255229473114	0.0269160270691	0.0320270061493	0.023334980011	0.0241651535034	0.0258059501648	0.0258898735046	0.0277478694916	0.0227069854736	0.025083065033	0.0232999324799	0.0253219604492	0.0280799865723	0.029079914093	0.0274379253387	0.0284559726715	0.0264029502869	0.0268929004669	0.0318119525909	
['./treeMaker/main', '-m', '-c', '1']
0.0240960121155	0.025092124939	0.0269298553467	0.0253608226776	0.0243310928345	0.0292870998383	0.0266590118408	0.0258588790894	0.0325419902802	0.0252909660339	0.0299890041351	0.0338599681854	0.0212788581848	0.0236368179321	0.0215029716492	0.0215280056	0.0232129096985	0.0314619541168	0.0222051143646	0.0290899276733	0.0298299789429	0.0317590236664	0.0234658718109	0.0277600288391	0.0300490856171	0.0265719890594	0.0285661220551	0.0245988368988	0.0283582210541	0.0255489349365	0.0292460918427	0.0254318714142	0.0266361236572	0.0316951274872	0.0230579376221	0.0263080596924	0.0257291793823	0.027930021286	0.0297338962555	0.0241758823395	0.0223069190979	0.0258848667145	0.0246880054474	0.0282669067383	0.0290729999542	0.0280950069427	0.0286180973053	0.0231328010559	0.0295400619507	0.0303280353546	
['./treeMaker/main', '-m', '-c', '2']
0.0257351398468	0.0371530056	0.0239858627319	0.0281591415405	0.0224349498749	0.0309219360352	0.0236220359802	0.0268812179565	0.031525850296	0.0223939418793	0.028459072113	0.0329279899597	0.0205709934235	0.0263538360596	0.0225419998169	0.0217459201813	0.0219459533691	0.0207159519196	0.0218000411987	0.0287129878998	0.0289371013641	0.031858921051	0.0221729278564	0.0270090103149	0.0289809703827	0.0295789241791	0.0296039581299	0.0263299942017	0.0284600257874	0.0259258747101	0.029422044754	0.0278811454773	0.0265951156616	0.0304410457611	0.0229730606079	0.0262250900269	0.0252840518951	0.0280539989471	0.0288031101227	0.0233149528503	0.0287089347839	0.023316860199	0.0240120887756	0.0271379947662	0.0289261341095	0.0276870727539	0.0282111167908	0.0230331420898	0.0269391536713	0.031898021698	
['./treeMaker/main', '-m', '-a', '1']
0.024994134903	0.027055978775	0.0249559879303	0.028981924057	0.0244388580322	0.0289030075073	0.0261080265045	0.0288870334625	0.0329580307007	0.0234498977661	0.0310821533203	0.0330059528351	0.0215899944305	0.0277678966522	0.0222749710083	0.023736000061	0.0232138633728	0.0210208892822	0.0234060287476	0.0294141769409	0.0302090644836	0.0317368507385	0.0248711109161	0.0290400981903	0.0310168266296	0.0396530628204	0.0305368900299	0.0264449119568	0.0296430587769	0.0271351337433	0.0310568809509	0.0291049480438	0.0251729488373	0.0305180549622	0.0243260860443	0.0277588367462	0.0295760631561	0.0298058986664	0.0277750492096	0.0234229564667	0.0233860015869	0.0244660377502	0.0279700756073	0.0288069248199	0.0301351547241	0.0290410518646	0.0297060012817	0.0270068645477	0.0306730270386	0.0322790145874	
['./treeMaker/main', '-m', '-a', '2']
0.0352408885956	0.0273659229279	0.0239009857178	0.0253798961639	0.0213210582733	0.0289890766144	0.026515007019	0.0276160240173	0.0324289798737	0.0224189758301	0.0294079780579	0.0328431129456	0.0207688808441	0.0236868858337	0.0213499069214	0.0206649303436	0.0224661827087	0.0206029415131	0.0218420028687	0.0294690132141	0.0289881229401	0.0318620204926	0.0222308635712	0.0275750160217	0.029942035675	0.0266199111938	0.0355191230774	0.0265378952026	0.028126001358	0.0234251022339	0.028755903244	0.0272109508514	0.023992061615	0.0315539836884	0.0245981216431	0.0258409976959	0.0271039009094	0.0273671150208	0.0398609638214	0.0229439735413	0.0253970623016	0.0233159065247	0.0269069671631	0.0257570743561	0.0262050628662	0.0254800319672	0.0280480384827	0.0260570049286	0.0283219814301	0.0319359302521	
