25_1000_0_0_48000000
25
1000
0
0
48000000

['./treeMaker/main']
0.0405139923096	0.0373651981354	0.0370399951935	0.0364050865173	0.0366988182068	0.0360209941864	0.0399198532104	0.0374720096588	0.0428512096405	0.035019159317	0.0354969501495	0.0373649597168	0.0368180274963	0.0378468036652	0.0462741851807	0.0355031490326	0.0359578132629	0.0381009578705	0.036257982254	0.0371689796448	0.038526058197	0.0353610515594	0.037101984024	0.0362260341644	0.0360720157623	0.036484003067	0.0401599407196	0.0485329627991	0.0363969802856	0.0399239063263	0.0413720607758	0.040235042572	0.0415270328522	0.0388560295105	0.0375950336456	0.0382969379425	0.0375709533691	0.0455520153046	0.0373229980469	0.0360810756683	0.0357329845428	0.0363500118256	0.0368630886078	0.0381870269775	0.0357139110565	0.0373051166534	0.0353162288666	0.0483691692352	0.0373179912567	0.0381989479065	
['./treeMaker/main', '-b']
0.0387320518494	0.0360088348389	0.0411381721497	0.0386807918549	0.0382580757141	0.0407037734985	0.0389668941498	0.0343589782715	0.0368208885193	0.0362339019775	0.0360779762268	0.038850069046	0.0344548225403	0.0368061065674	0.0373649597168	0.0375421047211	0.0406920909882	0.0384089946747	0.0353231430054	0.0380489826202	0.0372629165649	0.0357120037079	0.0388820171356	0.0376980304718	0.0364830493927	0.0384330749512	0.0403530597687	0.0370268821716	0.0376999378204	0.0368750095367	0.0359680652618	0.038407087326	0.0495319366455	0.0383801460266	0.0357849597931	0.0456929206848	0.03697681427	0.0370981693268	0.0375638008118	0.0359261035919	0.0386989116669	0.0367548465729	0.0390639305115	0.0393309593201	0.0382950305939	0.0357232093811	0.0386538505554	0.0382750034332	0.0341119766235	0.0365660190582	
['./treeMaker/main', '-u']
0.0368738174438	0.035914182663	0.0369839668274	0.0363688468933	0.0365889072418	0.0368490219116	0.0491490364075	0.0390329360962	0.0363008975983	0.0357229709625	0.0351030826569	0.0361838340759	0.0357789993286	0.0372190475464	0.0372161865234	0.0355350971222	0.036810874939	0.0368399620056	0.0449841022491	0.0454189777374	0.036288022995	0.0345368385315	0.0353140830994	0.0337479114532	0.0359008312225	0.0359699726105	0.0352580547333	0.0359280109406	0.036808013916	0.0384387969971	0.0367031097412	0.0364592075348	0.0372200012207	0.0364289283752	0.0400660037994	0.0370869636536	0.051372051239	0.0373649597168	0.0364589691162	0.0346410274506	0.0355100631714	0.0362968444824	0.0360820293427	0.0375959873199	0.0362432003021	0.035994052887	0.0373928546906	0.0479490756989	0.0375080108643	0.0369470119476	
['./treeMaker/main', '-t', '-r', '1']
0.347135066986	0.352063894272	0.341526985168	0.337826013565	0.342105150223	0.329746007919	0.329423904419	0.326966047287	0.341632127762	0.357087135315	0.341635942459	0.33024597168	0.33894610405	0.332173109055	0.329838991165	0.354791879654	0.33743596077	0.328485012054	0.351490974426	0.347208976746	0.347595930099	0.379545927048	0.345776796341	0.359129905701	0.345091819763	0.358352184296	0.348072052002	0.347660064697	0.345636129379	0.35111784935	0.334506988525	0.360996007919	0.336959838867	0.342472076416	0.337200164795	0.335840940475	0.359512090683	0.330670833588	0.339420080185	0.329376935959	0.325933933258	0.364664793015	0.338433980942	0.328635931015	0.349155902863	0.349729061127	0.353157043457	0.329945087433	0.354351997375	0.34176492691	
['./treeMaker/main', '-t', '-r', '2']
0.389422893524	0.407040834427	0.399683952332	0.423087120056	0.421298980713	0.396291017532	0.405967235565	0.401915073395	0.400006055832	0.383625984192	0.38694190979	0.389178991318	0.427176952362	0.394603967667	0.405886888504	0.389535903931	0.379047870636	0.409173965454	0.437063932419	0.423446893692	0.411562919617	0.391941070557	0.407183885574	0.395296812057	0.385406017303	0.41973900795	0.384443998337	0.409957885742	0.433898210526	0.395429849625	0.401075124741	0.395134925842	0.386531114578	0.382601976395	0.380316019058	0.437248945236	0.402945995331	0.427930116653	0.412755012512	0.404980182648	0.40297794342	0.404839992523	0.397519826889	0.393316984177	0.397233963013	0.389508962631	0.405658006668	0.414221048355	0.388818025589	0.404362916946	
['./treeMaker/main', '-t', '-r', '1', '-N']
0.337234973907	0.357420921326	0.336256027222	0.336613178253	0.329967975616	0.328984022141	0.332171916962	0.353499174118	0.367907047272	0.334916114807	0.352260112762	0.349698066711	0.332906961441	0.335392951965	0.340008974075	0.330865859985	0.342737913132	0.328001976013	0.344121932983	0.347065925598	0.351269960403	0.368385076523	0.345416784286	0.348255157471	0.355530977249	0.328364849091	0.361961841583	0.347275018692	0.342755079269	0.354100942612	0.332403898239	0.332540988922	0.327708959579	0.349392175674	0.337131977081	0.33522105217	0.345706939697	0.360095977783	0.344409942627	0.33615398407	0.332530975342	0.335625886917	0.327434062958	0.354398965836	0.335754156113	0.348903894424	0.344634056091	0.362201213837	0.34473490715	0.328675031662	
['./treeMaker/main', '-t', '-r', '2', '-N']
0.423970937729	0.402932882309	0.392250776291	0.408735990524	0.407813072205	0.398834943771	0.427091836929	0.38621878624	0.425258874893	0.396610021591	0.413583993912	0.395765066147	0.420555830002	0.395066022873	0.390686035156	0.38676905632	0.387099981308	0.398948907852	0.433684110641	0.409842967987	0.405286073685	0.396998167038	0.404542922974	0.39808011055	0.379275083542	0.392000198364	0.39185500145	0.422646999359	0.410098075867	0.398287057877	0.413730144501	0.416064977646	0.390289068222	0.401548862457	0.38301897049	0.416261911392	0.406250953674	0.39356303215	0.419403076172	0.401883125305	0.409659862518	0.404985904694	0.377296924591	0.421120882034	0.420678853989	0.406991004944	0.408443212509	0.403879880905	0.389173030853	0.430371999741	
['./treeMaker/main', '-m']
0.0335299968719	0.0338230133057	0.0339541435242	0.0339939594269	0.033805847168	0.0338160991669	0.0338559150696	0.0380959510803	0.0403439998627	0.039999961853	0.0410718917847	0.0392279624939	0.0395250320435	0.0355520248413	0.0377099514008	0.0362148284912	0.0421850681305	0.03551197052	0.0472331047058	0.0398070812225	0.0371909141541	0.0357029438019	0.0415909290314	0.0401718616486	0.0387120246887	0.0415890216827	0.036062002182	0.0436110496521	0.0387470722198	0.0366251468658	0.0363690853119	0.038341999054	0.0386850833893	0.0365269184113	0.0382890701294	0.037104845047	0.0374898910522	0.0380389690399	0.0361711978912	0.0372319221497	0.037092924118	0.0364799499512	0.0387198925018	0.0411849021912	0.0370810031891	0.036563873291	0.0408918857574	0.0376760959625	0.0359451770782	0.0403020381927	
['./treeMaker/main', '-m', '-b']
0.0377609729767	0.0365240573883	0.0372850894928	0.0378959178925	0.035208940506	0.0376470088959	0.0380940437317	0.0376920700073	0.0369970798492	0.0363569259644	0.0354020595551	0.037101984024	0.0390660762787	0.0356450080872	0.0379250049591	0.0404081344604	0.035991191864	0.0363199710846	0.0363810062408	0.0362188816071	0.0360321998596	0.0379071235657	0.0366458892822	0.0372428894043	0.037535905838	0.0414650440216	0.0351409912109	0.048378944397	0.0402789115906	0.0395679473877	0.0365829467773	0.0365259647369	0.0365889072418	0.0426979064941	0.039626121521	0.0403211116791	0.038290977478	0.0365028381348	0.0366020202637	0.0363109111786	0.0494000911713	0.0394730567932	0.0387427806854	0.0466639995575	0.0367691516876	0.0366899967194	0.0365080833435	0.0380327701569	0.0366008281708	0.0408289432526	
['./treeMaker/main', '-m', '-w', '1']
0.0362820625305	0.0358119010925	0.0362389087677	0.0458559989929	0.0383698940277	0.0359919071198	0.0367541313171	0.037572145462	0.0387089252472	0.0360579490662	0.0373690128326	0.0364019870758	0.0362739562988	0.0471661090851	0.037328004837	0.0365219116211	0.0398268699646	0.0344188213348	0.0355689525604	0.0362298488617	0.0398550033569	0.0360670089722	0.0376532077789	0.0420920848846	0.0392880439758	0.0390381813049	0.0378601551056	0.0377690792084	0.039929151535	0.0469269752502	0.0374829769135	0.0439310073853	0.0364279747009	0.0390031337738	0.0402657985687	0.0458500385284	0.0375740528107	0.0379369258881	0.0360078811646	0.0366950035095	0.0380659103394	0.0375921726227	0.03577709198	0.042473077774	0.0352880954742	0.0362899303436	0.0402522087097	0.0361411571503	0.0392761230469	0.0403201580048	
['./treeMaker/main', '-m', '-w', '2']
0.0366880893707	0.0375430583954	0.0458970069885	0.037015914917	0.0498790740967	0.0400309562683	0.0402779579163	0.0394699573517	0.0398080348969	0.0389029979706	0.0443069934845	0.0368921756744	0.0363290309906	0.0357780456543	0.0446529388428	0.0360589027405	0.0390059947968	0.0365290641785	0.0365319252014	0.0374350547791	0.0378260612488	0.0345458984375	0.0349731445312	0.0460329055786	0.0420241355896	0.0393061637878	0.0379078388214	0.0353968143463	0.0378119945526	0.0372240543365	0.0365810394287	0.0368039608002	0.0365769863129	0.0372979640961	0.0366439819336	0.0356178283691	0.0349719524384	0.0352170467377	0.037125825882	0.0373039245605	0.0371401309967	0.0363390445709	0.0345020294189	0.0446140766144	0.0370609760284	0.0372889041901	0.0363938808441	0.0345439910889	0.0364761352539	0.035924911499	
['./treeMaker/main', '-m', '-c', '1']
0.0360748767853	0.0371279716492	0.0379929542542	0.0454409122467	0.0372660160065	0.0371561050415	0.0368587970734	0.0372059345245	0.0423970222473	0.0390160083771	0.0389790534973	0.0383429527283	0.0364060401917	0.037239074707	0.0357980728149	0.0382239818573	0.0392169952393	0.0354881286621	0.0366661548615	0.0383191108704	0.036299943924	0.0359089374542	0.0389010906219	0.0367429256439	0.0370330810547	0.0368268489838	0.0361549854279	0.0388860702515	0.0382978916168	0.0370588302612	0.0370080471039	0.0394158363342	0.0372109413147	0.0493381023407	0.0366950035095	0.0480930805206	0.0357811450958	0.0349018573761	0.0355160236359	0.0357630252838	0.0365519523621	0.0370850563049	0.0359728336334	0.0395550727844	0.034276008606	0.0357940196991	0.0365059375763	0.0361390113831	0.0340731143951	0.0369939804077	
['./treeMaker/main', '-m', '-c', '2']
0.0369951725006	0.0370481014252	0.0361270904541	0.0480141639709	0.0359079837799	0.0349118709564	0.0364301204681	0.0373170375824	0.0361931324005	0.0359480381012	0.0363800525665	0.0366339683533	0.041965007782	0.0360598564148	0.0386590957642	0.0354330539703	0.0360541343689	0.0366590023041	0.0353620052338	0.0356411933899	0.0351209640503	0.0362110137939	0.036031961441	0.0369298458099	0.0359659194946	0.0347681045532	0.0346219539642	0.0377061367035	0.0374898910522	0.0368449687958	0.0367648601532	0.0401232242584	0.0367791652679	0.0365409851074	0.0371179580688	0.0368950366974	0.0490720272064	0.0383279323578	0.0459480285645	0.0359449386597	0.0360989570618	0.0352699756622	0.0358340740204	0.038566827774	0.0359168052673	0.0336859226227	0.0353629589081	0.0361769199371	0.0364398956299	0.0367240905762	
['./treeMaker/main', '-m', '-a', '1']
0.04918217659	0.0506751537323	0.0517461299896	0.0479919910431	0.0509400367737	0.0482521057129	0.0514659881592	0.0501790046692	0.0503559112549	0.0526089668274	0.050745010376	0.0506930351257	0.0503451824188	0.0499889850616	0.0505177974701	0.0476911067963	0.0530569553375	0.0502560138702	0.0533719062805	0.0517568588257	0.0496850013733	0.0508108139038	0.0516350269318	0.0475709438324	0.0518040657043	0.0554339885712	0.0493998527527	0.0628280639648	0.0530540943146	0.0521609783173	0.066351890564	0.060870885849	0.0497632026672	0.0495069026947	0.0545489788055	0.0534989833832	0.0487871170044	0.0539438724518	0.0496981143951	0.0498750209808	0.0529081821442	0.0532209873199	0.0618581771851	0.0541567802429	0.056468963623	0.0513498783112	0.0553889274597	0.0530030727386	0.0534720420837	0.0549218654633	
['./treeMaker/main', '-m', '-a', '2']
0.0377149581909	0.0397589206696	0.0382859706879	0.0384271144867	0.0366270542145	0.0367031097412	0.0368359088898	0.0373001098633	0.0369369983673	0.0377659797668	0.036376953125	0.0360610485077	0.0362401008606	0.0360798835754	0.0356628894806	0.0384089946747	0.0368649959564	0.0373599529266	0.038537979126	0.0397109985352	0.0442609786987	0.0362889766693	0.0460269451141	0.0395660400391	0.0354669094086	0.0370900630951	0.0372180938721	0.0359089374542	0.0378670692444	0.036906003952	0.0357351303101	0.0355730056763	0.0369770526886	0.0376718044281	0.0364789962769	0.0393509864807	0.0364549160004	0.0346791744232	0.0394299030304	0.0367019176483	0.0373339653015	0.0357451438904	0.0366349220276	0.0356330871582	0.0359401702881	0.0357978343964	0.0358481407166	0.0366370677948	0.0338118076324	0.0364220142365	
