25_1000_4.9e-10_4.9e-10_470000000
25
1000
4.9e-10
4.9e-10
470000000

['./treeMaker/main']
0.171743869781	0.180264949799	0.188710927963	0.128021001816	0.136329174042	0.120975017548	0.136735916138	0.157162904739	0.144987106323	0.134032964706	0.137281894684	0.143160820007	0.135210990906	0.138679981232	0.120626926422	0.11448097229	0.160358905792	0.263098955154	0.147910118103	0.117078065872	0.133971214294	0.125587940216	0.157394170761	0.187345027924	0.190716981888	0.12886095047	0.162513971329	0.132610082626	0.108111858368	0.108595848083	0.215815067291	0.139504909515	0.457638978958	0.13259601593	0.0853037834167	0.18221616745	0.140572071075	0.123926877975	0.107228040695	0.191993951797	0.117438793182	0.17041516304	0.419825077057	0.120202064514	0.157089948654	0.122490882874	0.074355840683	0.10745382309	0.105104207993	0.285857915878	
['./treeMaker/main', '-b']
0.113659858704	0.190029859543	0.196206092834	0.133360862732	0.144455909729	0.123047113419	0.141149997711	0.17477107048	0.149821996689	0.136523008347	0.143059015274	0.148422002792	0.139106035233	0.136433124542	0.124315023422	0.119668006897	0.168684959412	0.27891087532	0.151351928711	0.120138883591	0.136386871338	0.130964994431	0.163003921509	0.194012880325	0.197366952896	0.126418113708	0.167094945908	0.134591817856	0.109833955765	0.111001014709	0.222950935364	0.145401954651	0.485954046249	0.133683919907	0.0879149436951	0.194669008255	0.14572095871	0.12760591507	0.111812114716	0.199667930603	0.123613119125	0.177184104919	0.429767847061	0.127007007599	0.163333892822	0.127154827118	0.0770661830902	0.106392860413	0.107115030289	0.296595811844	
['./treeMaker/main', '-u']
0.112888097763	0.180798053741	0.192360877991	0.127096891403	0.13826084137	0.124257087708	0.138794183731	0.164752006531	0.146748065948	0.134476900101	0.138705015182	0.142946004868	0.136943101883	0.128917217255	0.121433973312	0.116659879684	0.16197013855	0.263337135315	0.14914894104	0.117499113083	0.133912086487	0.132045030594	0.153635978699	0.198405981064	0.191148042679	0.120372056961	0.16357088089	0.131971120834	0.107594966888	0.109265089035	0.216543912888	0.13952589035	0.458456993103	0.134672880173	0.0860872268677	0.180502891541	0.1420981884	0.123268842697	0.107311964035	0.193619012833	0.120658874512	0.170767784119	0.42017698288	0.123080968857	0.15745806694	0.12354016304	0.0750570297241	0.103719949722	0.105911970139	0.287456989288	
['./treeMaker/main', '-t', '-r', '1']
1.92461514473	3.30759811401	3.26498007774	2.3250977993	2.46184802055	2.16491794586	2.54815912247	2.93136000633	2.53919792175	2.53220295906	2.44899916649	2.55861210823	2.35234093666	2.23784089088	2.22386002541	2.1059448719	3.00322794914	4.25923299789	2.52321410179	2.04216980934	2.48215007782	2.25502109528	2.87796401978	3.42355585098	3.27281689644	2.03761410713	3.01442289352	2.37322402	1.93931508064	1.89513301849	3.92562317848	2.57144403458	7.33176279068	2.36991500854	1.3343539238	3.36814904213	2.52513504028	2.22750401497	1.92837309837	3.43244504929	2.10721611977	2.96348285675	6.39718103409	2.14671111107	3.02839207649	2.19003486633	1.09796190262	1.90717196465	1.79848504066	4.65377902985	
['./treeMaker/main', '-t', '-r', '2']
2.92163896561	5.1152780056	5.33092594147	3.61557197571	3.70233106613	3.34320211411	3.70366501808	4.30526208878	4.06758904457	3.66150617599	3.94516897202	4.0034070015	3.91980004311	3.55771207809	3.28630590439	3.14494991302	4.4548099041	7.24814414978	4.13325786591	3.1533498764	3.66713094711	3.78131580353	4.22315192223	4.9997150898	5.06740689278	3.41457509995	4.38688397408	3.71576714516	2.87304902077	2.95882797241	6.0681271553	3.8738861084	10.3406250477	3.51213908195	2.1303730011	5.05928206444	3.89169192314	3.3028550148	2.95516991615	5.3378329277	3.30276083946	5.02010798454	10.2218849659	3.19643378258	4.41834688187	3.25670194626	1.67516207695	2.85056686401	2.75645422935	7.46821188927	
['./treeMaker/main', '-t', '-r', '1', '-N']
1.92871189117	3.29294395447	3.27990412712	2.31968092918	2.47423696518	2.17263698578	2.54957795143	2.94028782845	2.53794884682	2.53511118889	2.44435501099	2.56101298332	2.3527598381	2.23638176918	2.2343211174	2.10525393486	2.98075890541	4.27791190147	2.52977609634	1.99061608315	2.46255397797	2.2566010952	2.82618308067	3.42703700066	3.27683186531	2.04376292229	3.01168107986	2.38142514229	2.0109770298	1.90189886093	4.03921508789	2.56802892685	7.33207798004	2.37467002869	1.33803701401	3.38517093658	2.53775787354	2.22402000427	1.93439388275	3.4295539856	2.06323289871	2.96145510674	6.40846300125	2.15251612663	3.03469920158	2.2004468441	1.09666490555	1.91061997414	1.85195612907	4.69883608818	
['./treeMaker/main', '-t', '-r', '2', '-N']
2.91851210594	5.1130259037	5.32773208618	3.61668896675	3.69588780403	3.35806298256	3.70589280128	4.30351305008	4.06868886948	3.66599202156	3.97450995445	3.98799991608	3.92768096924	3.56007599831	3.28746914864	3.16206979752	4.46639084816	7.2274928093	4.13533496857	3.2090280056	3.83629107475	3.81728100777	4.1881711483	5.01038789749	5.1151471138	3.41998100281	4.43355798721	3.72228503227	2.87415313721	2.95778298378	5.91098499298	3.87846302986	10.4500050545	3.51201200485	2.12743282318	5.06927609444	3.8921661377	3.28341293335	2.8995988369	5.3336930275	3.37152695656	5.02054691315	10.1958761215	3.19369983673	4.4226269722	3.26711893082	1.72487711906	2.86318802834	2.75759720802	7.4750430584	
['./treeMaker/main', '-m']
0.0806729793549	0.10638999939	0.10849905014	0.0860888957977	0.0908210277557	0.0825209617615	0.0897297859192	0.0990059375763	0.0944561958313	0.0880918502808	0.0904910564423	0.0910999774933	0.0897490978241	0.103067159653	0.0847280025482	0.0816791057587	0.100982189178	0.131802082062	0.0930771827698	0.0803220272064	0.0867781639099	0.0870518684387	0.0938839912415	0.106820106506	0.109225034714	0.0820600986481	0.099750995636	0.0884280204773	0.077320098877	0.0780851840973	0.118821144104	0.0902950763702	0.172885894775	0.0880649089813	0.067831993103	0.107469081879	0.0913510322571	0.0837340354919	0.0889389514923	0.109088182449	0.0826849937439	0.102623939514	0.163671016693	0.082279920578	0.0994291305542	0.0874650478363	0.058984041214	0.0760238170624	0.0767910480499	0.137205123901	
['./treeMaker/main', '-m', '-b']
0.0824148654938	0.112498044968	0.115216016769	0.0898330211639	0.0942101478577	0.0858428478241	0.0935158729553	0.104288101196	0.099151134491	0.0901300907135	0.0960700511932	0.098021030426	0.0931270122528	0.0910799503326	0.0875630378723	0.0842719078064	0.106940984726	0.13848900795	0.0967149734497	0.085706949234	0.0930058956146	0.0894711017609	0.0991599559784	0.113625049591	0.115461111069	0.101604938507	0.111233949661	0.0983691215515	0.0845060348511	0.0816559791565	0.122548103333	0.0949521064758	0.181256055832	0.0955111980438	0.0697541236877	0.111932039261	0.0993158817291	0.0899310112	0.0821259021759	0.116880178452	0.0880448818207	0.109292984009	0.175246953964	0.0877759456635	0.102344036102	0.0885009765625	0.0628569126129	0.0789248943329	0.0826849937439	0.145003795624	
['./treeMaker/main', '-m', '-w', '1']
0.0779550075531	0.115651130676	0.106752872467	0.086620092392	0.0916080474854	0.0837621688843	0.0898170471191	0.112897872925	0.0975258350372	0.087986946106	0.0914590358734	0.0917420387268	0.0899579524994	0.0898759365082	0.0819330215454	0.0796759128571	0.101279973984	0.13177895546	0.0931789875031	0.0818271636963	0.087828874588	0.0847351551056	0.0959069728851	0.115416049957	0.108762979507	0.0922758579254	0.0976951122284	0.0965418815613	0.0751061439514	0.0779910087585	0.115597009659	0.0917451381683	0.171168088913	0.0880138874054	0.0670139789581	0.106672048569	0.0922620296478	0.0843431949615	0.0780160427094	0.108901977539	0.0836489200592	0.102006912231	0.164075136185	0.0837819576263	0.0974090099335	0.0846619606018	0.0596890449524	0.0780990123749	0.076434135437	0.136953115463	
['./treeMaker/main', '-m', '-w', '2']
0.0792369842529	0.106636047363	0.109396934509	0.0877602100372	0.0903701782227	0.0829570293427	0.0914850234985	0.0981500148773	0.0980188846588	0.0890080928802	0.0911710262299	0.092808008194	0.106562137604	0.0864391326904	0.0847969055176	0.0829319953918	0.103235006332	0.137097120285	0.0976920127869	0.0838229656219	0.0873439311981	0.0860588550568	0.0972371101379	0.10759305954	0.11069393158	0.0852301120758	0.101345062256	0.104135036469	0.0815780162811	0.0923960208893	0.116503953934	0.0904910564423	0.171419143677	0.0916769504547	0.0685658454895	0.106008052826	0.0949449539185	0.0861039161682	0.0773818492889	0.111788988113	0.0869581699371	0.102855920792	0.165902853012	0.0819449424744	0.0977909564972	0.0846798419952	0.0620708465576	0.0749251842499	0.0777370929718	0.139325857162	
['./treeMaker/main', '-m', '-c', '1']
0.0790100097656	0.109317064285	0.110251903534	0.0858719348907	0.093248128891	0.0828731060028	0.0901401042938	0.101136207581	0.0939810276031	0.0866370201111	0.0893728733063	0.101356983185	0.0896348953247	0.0868799686432	0.084114074707	0.0800230503082	0.0990040302277	0.132730960846	0.0954270362854	0.0816380977631	0.087543964386	0.0864520072937	0.0953798294067	0.106771945953	0.108920097351	0.0827910900116	0.0972189903259	0.0879058837891	0.0781919956207	0.0786290168762	0.116537094116	0.0909700393677	0.170020103455	0.0847659111023	0.0667479038239	0.10586810112	0.0920701026917	0.0838778018951	0.0748748779297	0.108330965042	0.0825660228729	0.102830171585	0.173670053482	0.0814027786255	0.0964479446411	0.0872979164124	0.0613219738007	0.0835011005402	0.0774791240692	0.136507987976	
['./treeMaker/main', '-m', '-c', '2']
0.0798850059509	0.105205059052	0.106252908707	0.0869009494781	0.0894291400909	0.0849030017853	0.0907199382782	0.0972011089325	0.105767965317	0.0873339176178	0.08957695961	0.0924379825592	0.0901851654053	0.0870218276978	0.0847699642181	0.0812621116638	0.100037813187	0.131487846375	0.0938329696655	0.0803308486938	0.0875210762024	0.0878689289093	0.0955369472504	0.104086875916	0.10716676712	0.0928430557251	0.0971179008484	0.0855579376221	0.0770010948181	0.0783100128174	0.116982936859	0.0906119346619	0.169654130936	0.0880708694458	0.0679650306702	0.123795032501	0.0918371677399	0.0848920345306	0.0778360366821	0.10955786705	0.0841951370239	0.102103948593	0.164818048477	0.0837099552155	0.0950758457184	0.0847499370575	0.0630869865417	0.0740649700165	0.0765640735626	0.136455059052	
['./treeMaker/main', '-m', '-a', '1']
0.0853261947632	0.116374969482	0.115654945374	0.0939719676971	0.0971088409424	0.0905981063843	0.0964138507843	0.105730056763	0.0996470451355	0.0931830406189	0.0999410152435	0.0984439849854	0.0986311435699	0.0970599651337	0.092835187912	0.0894889831543	0.111566066742	0.138846158981	0.108326911926	0.0949280261993	0.100656986237	0.101026058197	0.112415075302	0.114098072052	0.118240118027	0.0919880867004	0.105096101761	0.0930008888245	0.0828549861908	0.0870778560638	0.122879981995	0.094899892807	0.173827886581	0.103132963181	0.0778081417084	0.113379955292	0.0997221469879	0.0900640487671	0.083535194397	0.115252971649	0.0892848968506	0.111573934555	0.171262979507	0.0908229351044	0.112154006958	0.0917639732361	0.069365978241	0.0835931301117	0.0833899974823	0.143399953842	
['./treeMaker/main', '-m', '-a', '2']
0.0955579280853	0.107435941696	0.110716104507	0.0870850086212	0.0901429653168	0.0828430652618	0.089672088623	0.0967400074005	0.0945110321045	0.0867969989777	0.090646982193	0.0899431705475	0.0908799171448	0.0873970985413	0.0834720134735	0.0819680690765	0.100136041641	0.13175201416	0.0935559272766	0.0832810401917	0.0872778892517	0.0849268436432	0.0956389904022	0.107311964035	0.107617139816	0.0829019546509	0.0998270511627	0.086608171463	0.0771720409393	0.0781149864197	0.115456104279	0.091964006424	0.168745040894	0.0889880657196	0.0679950714111	0.106932878494	0.0924940109253	0.0827460289001	0.0771889686584	0.109506130219	0.0813748836517	0.102680921555	0.165561914444	0.0825810432434	0.0973279476166	0.0842499732971	0.0603179931641	0.0768160820007	0.0782079696655	0.136224985123	
