25_10000_4.9e-10_4.9e-10_470000000
25
10000
4.9e-10
4.9e-10
470000000

['./treeMaker/main']
4.75800585747	4.39059305191	4.01191186905	3.3443069458	7.41591596603	4.33221197128	4.94181704521	6.06751608849	7.5719408989	8.17194795609	12.1232969761	5.04493999481	3.99686193466	11.6758360863	3.69962120056	3.60857391357	5.11419296265	4.96781897545	2.87967896461	3.39857792854	17.3365418911	11.3114831448	8.61160588264	4.94858384132	6.25441503525	7.52170014381	4.29565000534	7.44075393677	6.85804581642	5.93863105774	5.54293298721	3.69476795197	3.54661202431	7.72263813019	3.24264597893	4.05385088921	3.12126779556	10.0312638283	4.49903106689	6.27664589882	4.88779401779	2.33699798584	2.8451499939	4.38071084023	4.02815294266	7.93474602699	11.7157170773	9.44284105301	7.81092810631	6.08013606071	
['./treeMaker/main', '-b']
4.77207493782	4.40359592438	4.01093697548	3.35048317909	7.42109799385	4.32093811035	4.97515010834	6.08382987976	7.50037407875	8.09178781509	11.9675109386	5.00080680847	3.9677670002	11.5409889221	3.6743221283	3.58456802368	5.08339309692	4.91425299644	2.86120486259	3.36310315132	17.1061429977	11.174038887	8.5240278244	4.90731191635	6.18827199936	7.44124388695	4.26344799995	7.37091398239	6.78720808029	5.88101601601	5.63102006912	3.75548195839	3.58712387085	7.83013916016	3.29733896255	4.19190001488	3.15096092224	10.1863811016	4.57506299019	6.42270493507	4.96365404129	2.37425589561	2.89014291763	4.45334291458	4.08828997612	8.06532692909	11.895387888	9.58806991577	7.91122102737	6.17485904694	
['./treeMaker/main', '-u']
4.78193283081	4.41090989113	4.02020788193	3.36171603203	7.48067092896	4.33893799782	4.96369385719	6.10068297386	7.61496090889	8.21128892899	12.157145977	5.0621099472	4.01111292839	11.7029180527	3.7162361145	3.62937092781	5.13505911827	4.98983001709	2.87443900108	3.40293312073	17.3604021072	11.342042923	8.6410779953	4.92869210243	6.21556901932	7.45640993118	4.27438807487	7.39227795601	6.80844807625	5.91217780113	5.55698800087	3.71759414673	3.54335403442	7.69876003265	3.25338411331	4.06795501709	3.11004590988	10.0388028622	4.51113796234	6.28091001511	4.90642690659	2.34674787521	2.85161113739	4.39226579666	4.03018712997	7.93732500076	11.7169189453	9.44762396812	7.788834095	6.09485197067	
['./treeMaker/main', '-t', '-r', '1']
20.8227500916	19.9300789833	18.7219190598	16.4547989368	27.7759799957	19.4670579433	21.1920769215	25.1268281937	27.6506860256	29.8501501083	38.5226449966	21.8325338364	18.635158062	37.1341187954	18.0392849445	16.6172468662	21.3275079727	21.7154278755	15.1714680195	16.7056250572	49.5461828709	36.1942238808	30.886852026	21.1401548386	24.6431438923	29.1824171543	19.6888849735	27.0600569248	27.0167760849	24.8614401817	23.3562171459	17.5819718838	17.5148639679	29.4152040482	16.1854250431	17.7602910995	16.2415230274	33.3093230724	19.2917430401	25.4694859982	21.3763239384	12.6727499962	14.93998909	19.731523037	19.1910009384	29.3932619095	37.7418470383	34.1727108955	26.9607081413	24.2599308491	
['./treeMaker/main', '-t', '-r', '2']
33.3903050423	30.5156230927	29.7550039291	25.1985051632	42.9095380306	29.3037121296	33.9056341648	38.404873848	44.0209109783	44.6324980259	58.661067009	33.1029820442	28.7231049538	56.8241198063	26.8172690868	28.4368679523	34.5484640598	32.8608300686	23.1341211796	26.4982130527	72.5008168221	56.594627142	48.3946220875	34.3735439777	39.2280459404	42.7026510239	29.4351828098	44.6511890888	39.643237114	36.423251152	35.7062909603	27.2807109356	26.6225869656	44.1522181034	25.6148848534	31.6050629616	23.5358660221	54.0941128731	32.4456880093	37.9951498508	32.499915123	19.7721168995	22.4738900661	32.2668409348	29.38595891	45.9094090462	58.6204741001	50.3133559227	47.2712450027	39.0632648468	
['./treeMaker/main', '-t', '-r', '1', '-N']
20.8588221073	19.9579610825	18.7223711014	16.3640329838	27.9731287956	19.4773180485	21.1901741028	25.0675890446	27.648072958	29.8528339863	38.5669219494	21.8449189663	18.6739878654	37.2600448132	18.0693881512	16.6331369877	21.3791120052	21.7422609329	15.1571412086	16.864675045	49.6765971184	36.2451269627	31.0581431389	21.1216609478	24.6294090748	29.1930558681	20.0059969425	27.1507930756	27.1351408958	24.8971509933	23.4118850231	17.5940170288	17.5690641403	29.3515088558	16.2419450283	17.7395989895	16.3862500191	33.4045989513	19.2843809128	25.4703969955	21.3088622093	12.7174401283	14.852408886	19.7419140339	19.2039971352	29.3999679089	37.760627985	34.1946649551	26.94156003	24.3510050774	
['./treeMaker/main', '-t', '-r', '2', '-N']
33.2473161221	30.50009799	29.7457890511	25.2577838898	43.006072998	29.3878200054	33.7838280201	38.4730520248	44.075387001	44.8710329533	58.7211010456	33.0679879189	28.7816100121	56.8696050644	26.6395869255	28.5098309517	34.7116589546	32.9200091362	23.2583889961	26.4231100082	70.8512618542	56.5815110207	48.8842580318	35.2463219166	40.0145559311	43.3816599846	29.9478700161	45.4970629215	40.4732751846	37.2908148766	36.7783510685	27.9338879585	27.6584401131	45.3353102207	26.2395498753	32.5089268684	24.1467759609	55.2483069897	33.2590270042	38.4698700905	32.6996290684	20.1257100105	23.1636259556	32.6957499981	29.9669599533	46.6321918964	59.6917719841	50.7408049107	48.5867571831	39.3242468834	
['./treeMaker/main', '-m']
0.861099004745	0.879841089249	0.852133989334	0.816478013992	0.998776912689	0.843916893005	0.872656822205	0.974920988083	1.05438113213	1.08134794235	1.23343896866	0.907763957977	0.845210075378	1.16328907013	0.782207012177	0.812988042831	0.907718896866	0.878336191177	0.725116014481	0.763715028763	1.40067505836	1.14961194992	1.08255887032	0.926856994629	0.986362934113	0.974795818329	0.825723171234	1.02811384201	0.958827972412	0.972407102585	0.974478960037	0.824229955673	0.794293880463	1.08025598526	0.770905971527	0.876192808151	0.765897989273	1.13602113724	0.874558925629	0.967340946198	0.916173934937	0.731307029724	0.760411977768	0.864920139313	0.841541051865	1.01787090302	1.23296689987	1.1040699482	1.05447006226	0.933096885681	
['./treeMaker/main', '-m', '-b']
0.946619987488	0.920607089996	0.845350027084	0.830734014511	1.09376597404	0.875169038773	0.977034807205	1.06392002106	1.07290410995	1.08592200279	1.31218314171	0.92497086525	0.905588150024	1.23544883728	0.837650060654	0.878481864929	0.986957073212	0.939989805222	0.789986133575	0.800222873688	1.48458719254	1.22229409218	1.12874388695	0.973790884018	1.02739214897	1.07902097702	0.849550008774	1.07099914551	1.05323910713	1.02774691582	1.00354909897	0.872690916061	0.833189964294	1.05939698219	0.847986936569	0.92621588707	0.800312995911	1.21247887611	0.917484998703	1.00295186043	0.914019107819	0.721457004547	0.766401767731	0.912640094757	0.845928907394	1.1348669529	1.31772685051	1.14283204079	1.16623091698	1.03808307648	
['./treeMaker/main', '-m', '-w', '1']
0.855443000793	0.876673221588	0.811830997467	0.761874914169	1.02428293228	0.823064804077	0.873450994492	0.945927143097	1.07554006577	1.05197310448	1.21524310112	0.885972976685	0.872750043869	1.18379807472	0.795783996582	0.844717979431	0.902179956436	0.911450862885	0.718564987183	0.817044019699	1.34603786469	1.20262503624	1.06165194511	0.938866138458	0.93895983696	1.00271296501	0.806259155273	1.05407094955	1.02302789688	0.933663845062	0.93952703476	0.784409046173	0.794934988022	1.04348897934	0.787415027618	0.880567789078	0.722486972809	1.13166117668	0.910754919052	0.980240106583	0.859089851379	0.702799081802	0.725586891174	0.877551078796	0.854418039322	1.04572606087	1.27406001091	1.13165187836	1.07160496712	0.980852127075	
['./treeMaker/main', '-m', '-w', '2']
0.877310991287	0.830343961716	0.827274084091	0.804072141647	0.998198032379	0.828983068466	0.951905965805	0.935276985168	1.05690383911	1.10101413727	1.2049779892	0.935693025589	0.8156478405	1.17230200768	0.815897941589	0.855367898941	0.909817934036	0.855147123337	0.781047105789	0.813741922379	1.36508798599	1.22648096085	1.06217098236	0.888767957687	0.961196899414	0.985883951187	0.881400823593	1.05530905724	0.990214109421	0.973627090454	0.961989879608	0.856437921524	0.82926607132	1.07651901245	0.806360960007	0.892363071442	0.73237991333	1.141726017	0.901423931122	0.995060920715	0.887876033783	0.743868112564	0.768424987793	0.890460968018	0.877830982208	1.07829809189	1.219602108	1.12740397453	1.06434702873	0.980741977692	
['./treeMaker/main', '-m', '-c', '1']
0.852547883987	0.868122816086	0.818342924118	0.759026050568	0.985620975494	0.853449106216	0.935043096542	0.940408945084	1.02979397774	1.09300994873	1.23187494278	0.868540048599	0.811432123184	1.16591787338	0.808391094208	0.800493955612	0.959532022476	0.932891130447	0.72465801239	0.763865947723	1.35751414299	1.1499569416	1.09481906891	0.890700817108	0.987591028214	1.03862810135	0.817481994629	1.00607609749	1.01728105545	0.964022874832	0.919805049896	0.78545498848	0.811126947403	1.04891490936	0.809355974197	0.868928909302	0.776556968689	1.16162395477	0.902136087418	0.927170991898	0.893978118896	0.69801902771	0.759824037552	0.888402938843	0.848896026611	1.07347416878	1.18082499504	1.10853385925	1.11080789566	0.941070079803	
['./treeMaker/main', '-m', '-c', '2']
0.865581989288	0.827039003372	0.848247051239	0.818884134293	1.04837012291	0.861922025681	0.885847091675	0.946999073029	1.02265691757	1.07816290855	1.20373606682	0.939517974854	0.830353021622	1.2374689579	0.782438993454	0.833162069321	0.905097007751	0.939176797867	0.757857084274	0.802919149399	1.38258504868	1.14707303047	1.05353617668	0.900424957275	0.937246084213	0.972346067429	0.854933977127	1.0631108284	0.973445892334	0.971535921097	0.958428859711	0.797663927078	0.777438879013	0.996691942215	0.788207054138	0.880155801773	0.770139932632	1.15470504761	0.873541116714	0.992214918137	0.896005868912	0.687646150589	0.770902872086	0.884155035019	0.812974214554	1.08561706543	1.21949481964	1.09075498581	1.07082700729	0.935595035553	
['./treeMaker/main', '-m', '-a', '1']
0.942670106888	0.917470932007	0.938736915588	0.903639793396	1.10137581825	0.899371147156	1.01919388771	1.01145195961	1.10310387611	1.16408205032	1.30484104156	0.95751786232	0.900898933411	1.29536890984	0.897541046143	0.911550998688	0.994986057281	0.941718101501	0.884216070175	0.847321987152	1.44313502312	1.24736404419	1.16600489616	0.991970062256	1.06825017929	1.09596395493	0.909734964371	1.11591005325	1.08320713043	1.00737190247	1.02918720245	0.884114980698	0.916337966919	1.10483312607	0.9026658535	0.932311058044	0.843281984329	1.25308704376	0.994297027588	1.00238323212	0.945863008499	0.825211048126	0.810474157333	0.960643053055	0.938086032867	1.1433570385	1.24680495262	1.14052891731	1.14865803719	1.00736498833	
['./treeMaker/main', '-m', '-a', '2']
0.88974404335	0.830828905106	0.857555866241	0.784926891327	0.998141050339	0.811987876892	0.923773050308	0.94000005722	1.05676913261	1.02722907066	1.22503113747	0.895447015762	0.816207170486	1.17713499069	0.769418954849	0.800826787949	0.890003919601	0.849780082703	0.72132897377	0.762109994888	1.34506297112	1.15953397751	1.06114983559	0.884975910187	0.938132047653	0.976139068604	0.854820013046	1.05062913895	0.956398963928	0.964720964432	0.945451021194	0.788501024246	0.792045116425	1.04119896889	0.774471998215	0.853818893433	0.770681858063	1.18122410774	0.884428977966	0.943907022476	0.921208143234	0.693930864334	0.757154941559	0.874167919159	0.816045999527	1.05129790306	1.20204496384	1.1340649128	1.09094309807	1.00083303452	
