25_100_4.9e-10_4.9e-10_470000000
25
100
4.9e-10
4.9e-10
470000000

['./treeMaker/main']
0.0154349803925	0.0118479728699	0.0158469676971	0.0129859447479	0.0100891590118	0.00929689407349	0.0102081298828	0.0160939693451	0.0114190578461	0.0111649036407	0.0165581703186	0.0149078369141	0.0124390125275	0.0109980106354	0.0105168819427	0.0160629749298	0.0114319324493	0.0102770328522	0.00973296165466	0.0191268920898	0.0102710723877	0.0120129585266	0.0110340118408	0.0152621269226	0.0168550014496	0.0256130695343	0.0298008918762	0.0146582126617	0.0119330883026	0.0164840221405	0.0134079456329	0.0186159610748	0.0123171806335	0.0262949466705	0.010922908783	0.0139770507812	0.01136302948	0.0113182067871	0.0156209468842	0.0121440887451	0.0148551464081	0.0158741474152	0.0259649753571	0.0208029747009	0.0255479812622	0.0202829837799	0.0230848789215	0.0132970809937	0.0162479877472	0.0226948261261	
['./treeMaker/main', '-b']
0.0180668830872	0.0237851142883	0.0282468795776	0.0246460437775	0.0102200508118	0.0211491584778	0.021427154541	0.027951002121	0.0121068954468	0.0117230415344	0.0234808921814	0.0215380191803	0.0154249668121	0.0142521858215	0.0128729343414	0.0191550254822	0.01203083992	0.0111949443817	0.0123980045319	0.0203940868378	0.022234916687	0.0244472026825	0.0117800235748	0.0177638530731	0.0151770114899	0.0189671516418	0.0190567970276	0.0229780673981	0.0143189430237	0.0166501998901	0.0125479698181	0.0187339782715	0.011577129364	0.0185198783875	0.0115580558777	0.0120720863342	0.0127642154694	0.0117888450623	0.0166101455688	0.0122580528259	0.012598991394	0.0162680149078	0.0141758918762	0.0129489898682	0.0146050453186	0.0100400447845	0.0241160392761	0.0118029117584	0.0133950710297	0.0128018856049	
['./treeMaker/main', '-u']
0.0186309814453	0.0123579502106	0.0189321041107	0.0166349411011	0.0128660202026	0.0197389125824	0.021320104599	0.018522977829	0.0120060443878	0.0117819309235	0.0192379951477	0.0272080898285	0.0131020545959	0.0127329826355	0.0109000205994	0.0186491012573	0.0119359493256	0.0114901065826	0.012197971344	0.0226690769196	0.0126819610596	0.0125720500946	0.0115549564362	0.0267198085785	0.014387845993	0.0183141231537	0.0159468650818	0.0171480178833	0.0119369029999	0.0165388584137	0.0122919082642	0.0300900936127	0.0116810798645	0.0187108516693	0.011127948761	0.0117280483246	0.0111560821533	0.0113859176636	0.0136389732361	0.0127229690552	0.012326002121	0.0154500007629	0.0129790306091	0.0105600357056	0.0157730579376	0.0118980407715	0.0119690895081	0.011372089386	0.0122838020325	0.0158429145813	
['./treeMaker/main', '-t', '-r', '1']
0.255565166473	0.201256036758	0.320224046707	0.221939086914	0.14409995079	0.101683855057	0.146871089935	0.245864152908	0.189546823502	0.178241968155	0.327692985535	0.273312091827	0.174927949905	0.150568962097	0.166792869568	0.295655012131	0.170356035233	0.133522033691	0.120133876801	0.426007986069	0.123992919922	0.192369937897	0.163625001907	0.284272193909	0.209208965302	0.286698818207	0.295956134796	0.249701976776	0.186382055283	0.249521970749	0.162872076035	0.303423881531	0.156272888184	0.26415514946	0.147255182266	0.157419919968	0.158080101013	0.163852930069	0.239482164383	0.197079181671	0.171272993088	0.233049869537	0.188709974289	0.124201059341	0.198103904724	0.10578417778	0.184371948242	0.175176143646	0.177601099014	0.190629005432	
['./treeMaker/main', '-t', '-r', '2']
0.416001081467	0.28347492218	0.46901512146	0.340909957886	0.210134029388	0.152750968933	0.217584848404	0.404546022415	0.286701202393	0.247620105743	0.547096967697	0.428694009781	0.281654119492	0.246077060699	0.24765086174	0.497074842453	0.256877183914	0.207748889923	0.184484958649	0.631616830826	0.204859972	0.293323993683	0.269833087921	0.433444976807	0.347706794739	0.442973852158	0.448280096054	0.38286614418	0.267341136932	0.361418008804	0.244849920273	0.50347495079	0.257499933243	0.440528869629	0.240072011948	0.279764890671	0.254076004028	0.253963947296	0.351555109024	0.30298614502	0.275332927704	0.355693817139	0.304942846298	0.202816963196	0.327623128891	0.164381980896	0.25367808342	0.254427909851	0.284521102905	0.299741983414	
['./treeMaker/main', '-t', '-r', '1', '-N']
0.278800964355	0.182902097702	0.309231996536	0.22277712822	0.154228925705	0.101598024368	0.146842956543	0.271461009979	0.182447910309	0.160154104233	0.336319923401	0.276216983795	0.184504032135	0.155261993408	0.172474145889	0.277359008789	0.151623010635	0.134703874588	0.125828027725	0.43168592453	0.129262924194	0.183547973633	0.158379077911	0.283395051956	0.207813024521	0.299649000168	0.318845033646	0.228006839752	0.200050115585	0.245767116547	0.164025068283	0.298840045929	0.15013217926	0.265074014664	0.146836996078	0.151870965958	0.150856018066	0.148204088211	0.218076944351	0.188128948212	0.18012714386	0.217720031738	0.199192047119	0.124006986618	0.206299066544	0.108597993851	0.167894124985	0.162854909897	0.168854951859	0.192271947861	
['./treeMaker/main', '-t', '-r', '2', '-N']
0.412867069244	0.289371967316	0.461902856827	0.327121973038	0.206129074097	0.146380901337	0.229706048965	0.404227972031	0.284311056137	0.23727107048	0.5087018013	0.425312042236	0.28421497345	0.265191078186	0.23172211647	0.48352599144	0.248654842377	0.207762002945	0.183833122253	0.65881896019	0.207457065582	0.305964946747	0.251791000366	0.425388097763	0.340065956116	0.432370185852	0.486738920212	0.399193048477	0.291785955429	0.366784095764	0.260903120041	0.496527910233	0.259349107742	0.44082403183	0.231486082077	0.268831968307	0.244014978409	0.243520021439	0.348191022873	0.306617021561	0.290835142136	0.337327957153	0.302718877792	0.188140153885	0.32942199707	0.172923088074	0.271308898926	0.254894971848	0.264665126801	0.315623998642	
['./treeMaker/main', '-m']
0.0141229629517	0.0119540691376	0.0143301486969	0.0126559734344	0.0103299617767	0.00946307182312	0.010538816452	0.014102935791	0.0118050575256	0.0112879276276	0.0151340961456	0.0137050151825	0.0124499797821	0.0113461017609	0.022821187973	0.0254459381104	0.0138649940491	0.0111539363861	0.0123069286346	0.0195338726044	0.0151071548462	0.0119400024414	0.011479139328	0.0163130760193	0.0156018733978	0.0163900852203	0.0161919593811	0.0130999088287	0.011871099472	0.0157120227814	0.0120301246643	0.0150418281555	0.0127899646759	0.0156590938568	0.0134561061859	0.0117609500885	0.0132820606232	0.0121791362762	0.0127699375153	0.0230751037598	0.0119118690491	0.012403011322	0.0121920108795	0.022262096405	0.0143330097198	0.0117509365082	0.0124988555908	0.0112330913544	0.0119209289551	0.0118820667267	
['./treeMaker/main', '-m', '-b']
0.0171220302582	0.0123901367188	0.0163118839264	0.013288974762	0.0134150981903	0.01220703125	0.011078119278	0.0152559280396	0.0241520404816	0.0121710300446	0.018739938736	0.0157840251923	0.0135989189148	0.0117220878601	0.0114328861237	0.0179660320282	0.0120630264282	0.01118683815	0.0119190216064	0.0180270671844	0.011950969696	0.012512922287	0.0120320320129	0.0169739723206	0.0166490077972	0.0145010948181	0.0178260803223	0.0137460231781	0.0121529102325	0.0163331031799	0.0124311447144	0.0181460380554	0.0115978717804	0.0152871608734	0.0136089324951	0.0121729373932	0.0121850967407	0.0118560791016	0.0137090682983	0.0119690895081	0.0122539997101	0.0141141414642	0.0126359462738	0.010724067688	0.013099193573	0.0123190879822	0.0120451450348	0.0119781494141	0.0230829715729	0.0157608985901	
['./treeMaker/main', '-m', '-w', '1']
0.0149519443512	0.0235819816589	0.0165450572968	0.0126669406891	0.0110621452332	0.0111219882965	0.012021780014	0.0161240100861	0.0133218765259	0.0114650726318	0.0151979923248	0.016273021698	0.0125188827515	0.0125970840454	0.0110371112823	0.0171790122986	0.0115129947662	0.0111520290375	0.0125031471252	0.0188679695129	0.0118680000305	0.0120458602905	0.0116009712219	0.015487909317	0.0131630897522	0.0139539241791	0.016783952713	0.0136499404907	0.0132188796997	0.0158610343933	0.012638092041	0.0152220726013	0.0119400024414	0.0168471336365	0.0112648010254	0.0118219852448	0.0125398635864	0.0116810798645	0.0127518177032	0.0140850543976	0.0118160247803	0.0125031471252	0.0123219490051	0.0112819671631	0.0123960971832	0.0120990276337	0.0224611759186	0.0112500190735	0.0117950439453	0.0118329524994	
['./treeMaker/main', '-m', '-w', '2']
0.0166940689087	0.012423992157	0.0168919563293	0.0137579441071	0.0117628574371	0.011589050293	0.0121200084686	0.0142910480499	0.0119159221649	0.0116169452667	0.017942905426	0.0159411430359	0.0126931667328	0.0139830112457	0.0198318958282	0.0171480178833	0.0116710662842	0.0218470096588	0.0128579139709	0.0190198421478	0.0120878219604	0.0121209621429	0.0115928649902	0.0164768695831	0.0132210254669	0.0140578746796	0.0173299312592	0.0158889293671	0.0119240283966	0.0158939361572	0.0123341083527	0.017539024353	0.0132999420166	0.0166249275208	0.0112059116364	0.0119390487671	0.0116460323334	0.0116908550262	0.0129170417786	0.0118539333344	0.012050151825	0.0239400863647	0.0123438835144	0.0106358528137	0.0124280452728	0.0118639469147	0.0117480754852	0.0115089416504	0.0118160247803	0.0141949653625	
['./treeMaker/main', '-m', '-c', '1']
0.0164470672607	0.0118410587311	0.0163691043854	0.0125920772552	0.0126368999481	0.0111041069031	0.0121309757233	0.0164351463318	0.0118319988251	0.0111861228943	0.0156111717224	0.0164570808411	0.0122909545898	0.0117130279541	0.0115261077881	0.0170340538025	0.0114150047302	0.0114099979401	0.0122210979462	0.0185661315918	0.0115339756012	0.0118088722229	0.0112860202789	0.0156331062317	0.0129020214081	0.0136499404907	0.0145061016083	0.0129079818726	0.0117361545563	0.0155649185181	0.0119199752808	0.0148158073425	0.0129809379578	0.0163199901581	0.0220069885254	0.0222442150116	0.0209801197052	0.0112869739532	0.0126888751984	0.0113780498505	0.011647939682	0.0140690803528	0.0124359130859	0.0111961364746	0.0124690532684	0.0122139453888	0.0117287635803	0.0113980770111	0.011922121048	0.0119309425354	
['./treeMaker/main', '-m', '-c', '2']
0.016793012619	0.0146958827972	0.0168788433075	0.0127561092377	0.0105140209198	0.0116829872131	0.011757850647	0.0247180461884	0.01313996315	0.0112071037292	0.0181539058685	0.0163729190826	0.0123789310455	0.0113120079041	0.0119729042053	0.0146069526672	0.0118000507355	0.0114841461182	0.0120649337769	0.0184619426727	0.01220703125	0.0117440223694	0.0113370418549	0.016172170639	0.0128858089447	0.0138411521912	0.0268371105194	0.0157639980316	0.0116009712219	0.01305103302	0.0145740509033	0.0191738605499	0.0113921165466	0.016284942627	0.0109429359436	0.0232968330383	0.0111980438232	0.0114660263062	0.0126340389252	0.0118339061737	0.0117580890656	0.0123770236969	0.0121269226074	0.0104038715363	0.0122539997101	0.0117979049683	0.0116140842438	0.0119919776917	0.011864900589	0.0138540267944	
['./treeMaker/main', '-m', '-a', '1']
0.0167729854584	0.0148630142212	0.0151019096375	0.0133948326111	0.0111010074615	0.0112450122833	0.0112290382385	0.0149488449097	0.0128419399261	0.0120151042938	0.0184330940247	0.0161061286926	0.013240814209	0.0232059955597	0.0121378898621	0.0151109695435	0.0120921134949	0.0112218856812	0.0114359855652	0.0190861225128	0.011549949646	0.0125179290771	0.0121109485626	0.0162918567657	0.0164070129395	0.0147001743317	0.0276482105255	0.0137851238251	0.0124070644379	0.0158150196075	0.0139198303223	0.0185310840607	0.0119688510895	0.0163991451263	0.0117480754852	0.0125761032104	0.0117499828339	0.012195110321	0.0143399238586	0.0121791362762	0.0124378204346	0.0135288238525	0.0129761695862	0.0120580196381	0.0130209922791	0.0103709697723	0.0124559402466	0.0118989944458	0.0126540660858	0.0126729011536	
['./treeMaker/main', '-m', '-a', '2']
0.0158228874207	0.0120599269867	0.0165808200836	0.0153820514679	0.0217349529266	0.0116579532623	0.0115580558777	0.0143740177155	0.0137450695038	0.0116810798645	0.0172579288483	0.0163869857788	0.0125558376312	0.0118670463562	0.0111031532288	0.0144648551941	0.0116500854492	0.011687040329	0.0118789672852	0.0184829235077	0.0217900276184	0.0145320892334	0.0115988254547	0.0164339542389	0.0134868621826	0.0165610313416	0.0171699523926	0.0149309635162	0.0118300914764	0.0135641098022	0.0126969814301	0.0168559551239	0.0128509998322	0.0254731178284	0.0114288330078	0.0119349956512	0.0115978717804	0.0115821361542	0.0129420757294	0.011659860611	0.011950969696	0.0125670433044	0.0123510360718	0.0106270313263	0.0124139785767	0.0118129253387	0.0117268562317	0.012069940567	0.0118842124939	0.0140030384064	
