25_1000_4.9e-10_4.9e-10_470000000_cut_7
25
1000
4.9e-10
4.9e-10
470000000
cut_7
['./treeMaker/main']
0.0504460334778	0.0836269855499	0.0849719047546	0.0604710578918	0.0755739212036	0.0559749603271	0.0647439956665	0.0719790458679	0.0693051815033	0.0619060993195	0.0607120990753	0.0632879734039	0.061271905899	0.0592560768127	0.0525979995728	0.0526270866394	0.0704369544983	0.122622966766	0.0663089752197	0.0530180931091	0.0588910579681	0.0672647953033	0.0744261741638	0.0853259563446	0.0846788883209	0.0535578727722	0.0701768398285	0.0608448982239	0.0473330020905	0.0479848384857	0.106949090958	0.0651850700378	0.240710020065	0.064285993576	0.035012960434	0.0816910266876	0.0658400058746	0.0570709705353	0.0516450405121	0.0941631793976	0.0540189743042	0.0794899463654	0.204111814499	0.0556099414825	0.0732321739197	0.0578269958496	0.0272769927979	0.0491979122162	0.0504770278931	0.138894081116	
['./treeMaker/main', '-b']
0.0506248474121	0.0871570110321	0.0892269611359	0.0618069171906	0.0663440227509	0.0586340427399	0.0674049854279	0.0748181343079	0.0726039409637	0.0624690055847	0.0656170845032	0.0665299892426	0.0610458850861	0.0613889694214	0.0564029216766	0.0555460453033	0.079353094101	0.127456903458	0.0675640106201	0.0571432113647	0.0596141815186	0.0592069625854	0.0773248672485	0.0915660858154	0.0882201194763	0.0586621761322	0.0715668201447	0.0616209506989	0.0526640415192	0.0485439300537	0.112689971924	0.0697360038757	0.247680902481	0.0657091140747	0.036162853241	0.0854780673981	0.0676839351654	0.0576999187469	0.0527009963989	0.0979700088501	0.0567629337311	0.0839669704437	0.210968017578	0.0606369972229	0.0774490833282	0.0589988231659	0.0323369503021	0.051276922226	0.0522780418396	0.146476984024	
['./treeMaker/main', '-u']
0.0518088340759	0.08385014534	0.0849990844727	0.0609610080719	0.0637030601501	0.0566921234131	0.065957069397	0.0728669166565	0.070335149765	0.0611410140991	0.0632321834564	0.0629849433899	0.0613708496094	0.0600180625916	0.0555989742279	0.053610086441	0.073117017746	0.12281703949	0.0670199394226	0.0552690029144	0.0609548091888	0.0546860694885	0.0720109939575	0.0862550735474	0.0842640399933	0.0695979595184	0.0691900253296	0.0619161128998	0.0482640266418	0.0518789291382	0.108122110367	0.0666179656982	0.240576982498	0.064836025238	0.0395019054413	0.0821399688721	0.0667018890381	0.0672719478607	0.0512471199036	0.104609966278	0.055783033371	0.0794639587402	0.207123041153	0.0640268325806	0.0742950439453	0.0584979057312	0.0293710231781	0.0496029853821	0.0492639541626	0.139297962189	
['./treeMaker/main', '-t', '-r', '1']
0.822411060333	1.62593102455	1.48698186874	1.01672482491	1.13235592842	0.972567081451	1.2019879818	1.38099098206	1.21721601486	1.10802388191	1.03875803947	1.08418488503	1.03899502754	1.01121282578	0.900077104568	0.939791202545	1.35124897957	2.15943813324	1.12184906006	0.861515045166	1.01677703857	0.858684062958	1.31412792206	1.45144081116	1.55539798737	0.871860980988	1.37386584282	1.07822084427	0.771414041519	0.77067399025	2.01047086716	1.15992307663	4.34283995628	1.10242795944	0.448364973068	1.52888607979	1.15701413155	0.942289829254	0.821132183075	1.76363277435	0.937180042267	1.48877000809	3.55748200417	0.895573854446	1.44096112251	0.99085187912	0.354466199875	0.853095054626	0.789468050003	2.3446598053	
['./treeMaker/main', '-t', '-r', '2']
1.42930006981	2.8120341301	2.82258892059	1.89362692833	1.92152690887	1.75043511391	1.97297787666	2.34359788895	2.3217151165	1.86772203445	2.12693691254	2.0642080307	1.93291711807	1.90710902214	1.62929916382	1.60520601273	2.35526680946	4.34639406204	2.13489198685	1.63008904457	1.80256414413	1.8897600174	2.39174008369	2.94144296646	2.79667019844	1.8474240303	2.3144929409	2.02442622185	1.33814501762	1.37052989006	3.88814520836	2.1309158802	7.49828314781	1.92642402649	0.810997009277	2.79269504547	2.17780613899	1.72681093216	1.48441004753	3.19989109039	1.75400114059	2.84500598907	6.87135505676	1.60501790047	2.48176503181	1.79354000092	0.600960969925	1.47560501099	1.50311994553	5.18274402618	
['./treeMaker/main', '-t', '-r', '1', '-N']
0.82590007782	1.63135695457	1.48825287819	1.02117395401	1.13347506523	0.975752830505	1.18297100067	1.38287687302	1.22823619843	1.10748910904	1.04458713531	1.09384894371	1.03947591782	1.02842187881	0.901607036591	0.944710016251	1.358907938	2.16323900223	1.12820792198	0.862010002136	1.0130879879	0.863739013672	1.31884503365	1.45720100403	1.56052684784	0.875648021698	1.37728214264	1.08282518387	0.777162075043	0.774082183838	2.01856994629	1.16943883896	4.34381008148	1.10523796082	0.450975894928	1.53051495552	1.1516699791	0.94341301918	0.822534799576	1.76142096519	0.92982006073	1.49117398262	3.56873893738	0.897115945816	1.46733212471	1.04506492615	0.355458974838	0.891769886017	0.794526815414	2.35086393356	
['./treeMaker/main', '-t', '-r', '2', '-N']
1.45335197449	2.8142118454	2.82828593254	1.89677095413	1.92074894905	1.75086188316	1.9763610363	2.34188103676	2.32306003571	1.88681483269	2.12178277969	2.0600001812	1.93381309509	1.90392398834	1.65634799004	1.60800218582	2.35352897644	4.35587596893	2.10247707367	1.62468600273	1.81011080742	1.84917211533	2.37521910667	2.98676300049	2.80440592766	1.84798383713	2.31721305847	2.02436184883	1.33822703362	1.37083005905	3.88349890709	2.13886404037	7.49703192711	1.92681193352	0.809401988983	2.80113101006	2.17596817017	1.72266602516	1.48744010925	3.24240589142	1.73275494576	2.85275197029	6.88359379768	1.61351299286	2.48108816147	1.79146695137	0.598251104355	1.48078393936	1.50582003593	5.17416000366	
['./treeMaker/main', '-m']
0.0435039997101	0.0592861175537	0.0633099079132	0.0495681762695	0.0498020648956	0.044949054718	0.0514659881592	0.0556600093842	0.0525588989258	0.0477249622345	0.0510261058807	0.0547511577606	0.0490550994873	0.0488271713257	0.0436420440674	0.0419499874115	0.0568521022797	0.0828320980072	0.0508980751038	0.0459659099579	0.0475420951843	0.0448679924011	0.0569400787354	0.0629029273987	0.0635969638824	0.0465841293335	0.0532879829407	0.0486209392548	0.0430190563202	0.040699005127	0.0749659538269	0.053701877594	0.119671106339	0.0499041080475	0.0324320793152	0.0612440109253	0.0517530441284	0.0474960803986	0.0407900810242	0.0674080848694	0.0449321269989	0.0607578754425	0.128906965256	0.0448930263519	0.0567770004272	0.0477499961853	0.0291659832001	0.0408480167389	0.0425481796265	0.0911929607391	
['./treeMaker/main', '-m', '-b']
0.0461030006409	0.0627911090851	0.0669760704041	0.0496611595154	0.051775932312	0.0485198497772	0.0524098873138	0.0565178394318	0.058748960495	0.0511300563812	0.0529820919037	0.0539600849152	0.0523679256439	0.0509049892426	0.0614678859711	0.0495429039001	0.0618817806244	0.0874719619751	0.0564548969269	0.049161195755	0.0513789653778	0.0505218505859	0.0602140426636	0.0699319839478	0.0698931217194	0.0503799915314	0.0593500137329	0.0530018806458	0.04106092453	0.0449380874634	0.0792269706726	0.0544638633728	0.141647100449	0.0541439056396	0.0309879779816	0.0659370422363	0.0548779964447	0.0497601032257	0.0562541484833	0.0710511207581	0.0483829975128	0.0615239143372	0.119441986084	0.0481569766998	0.0596528053284	0.0504369735718	0.0276789665222	0.0415329933167	0.0426568984985	0.0976040363312	
['./treeMaker/main', '-m', '-w', '1']
0.0427458286285	0.0609049797058	0.0631949901581	0.0490839481354	0.0492331981659	0.0449838638306	0.0498399734497	0.0554919242859	0.0532758235931	0.0482001304626	0.0507369041443	0.051029920578	0.0497379302979	0.0492389202118	0.0452089309692	0.0423419475555	0.0595381259918	0.0815479755402	0.0540280342102	0.0463030338287	0.0477480888367	0.0476849079132	0.0657529830933	0.0642168521881	0.0672640800476	0.0522949695587	0.053542137146	0.0490758419037	0.0410718917847	0.0408399105072	0.0741240978241	0.0550940036774	0.119189977646	0.0501120090485	0.0324070453644	0.060604095459	0.0523250102997	0.0472030639648	0.0421350002289	0.0678060054779	0.0447609424591	0.0590858459473	0.109152078629	0.0454459190369	0.0553200244904	0.0481579303741	0.0254249572754	0.0408999919891	0.042375087738	0.0914590358734	
['./treeMaker/main', '-m', '-w', '2']
0.0531930923462	0.0611388683319	0.0749700069427	0.0471601486206	0.0516629219055	0.046618938446	0.051766872406	0.055223941803	0.0555739402771	0.0509300231934	0.0504219532013	0.0520739555359	0.0492179393768	0.0489430427551	0.0446510314941	0.0444469451904	0.0577108860016	0.0801179409027	0.0516378879547	0.0467660427094	0.0485310554504	0.0449948310852	0.0577449798584	0.0629999637604	0.0636270046234	0.0465729236603	0.0534090995789	0.0492169857025	0.0404191017151	0.0415089130402	0.0746829509735	0.0524809360504	0.119652032852	0.0494878292084	0.0294308662415	0.0618448257446	0.0506761074066	0.0584211349487	0.0424778461456	0.0680751800537	0.0449590682983	0.0594069957733	0.114870071411	0.0436410903931	0.0572049617767	0.0485000610352	0.0281231403351	0.0415089130402	0.0410039424896	0.0910220146179	
['./treeMaker/main', '-m', '-c', '1']
0.0426380634308	0.0720160007477	0.0631380081177	0.0585150718689	0.0507578849792	0.0481739044189	0.0573101043701	0.0661790370941	0.0649201869965	0.0496730804443	0.0502259731293	0.0518271923065	0.0493550300598	0.047639131546	0.0463650226593	0.0444309711456	0.0566849708557	0.0816750526428	0.0498781204224	0.0466690063477	0.0476748943329	0.0477981567383	0.0575759410858	0.0654528141022	0.0735981464386	0.0484201908112	0.0530898571014	0.0494210720062	0.0412709712982	0.0411820411682	0.0746989250183	0.0538840293884	0.120160102844	0.0499269962311	0.0325667858124	0.0594930648804	0.0514140129089	0.0475099086761	0.0425481796265	0.0657200813293	0.0449900627136	0.0592069625854	0.109978914261	0.0457870960236	0.0575308799744	0.0474879741669	0.0279181003571	0.0406849384308	0.0440580844879	0.0917630195618	
['./treeMaker/main', '-m', '-c', '2']
0.0415570735931	0.0607988834381	0.0623860359192	0.0494990348816	0.0520060062408	0.0442881584167	0.0513398647308	0.0686011314392	0.0542578697205	0.0476908683777	0.0504508018494	0.0513169765472	0.0487539768219	0.0481371879578	0.0499129295349	0.0423529148102	0.0562870502472	0.0818140506744	0.0512161254883	0.0454249382019	0.0484549999237	0.0455350875854	0.0573480129242	0.063817024231	0.0614430904388	0.0439119338989	0.0535321235657	0.0490660667419	0.0400469303131	0.0407898426056	0.0747389793396	0.0526230335236	0.11883687973	0.0499711036682	0.0307369232178	0.061322927475	0.0500550270081	0.0474460124969	0.0424098968506	0.0674159526825	0.0450170040131	0.0598340034485	0.11035990715	0.0433440208435	0.0560410022736	0.0480308532715	0.0277118682861	0.0416610240936	0.0424318313599	0.0899651050568	
['./treeMaker/main', '-m', '-a', '1']
0.0470399856567	0.0646190643311	0.0659790039062	0.0520629882812	0.0554001331329	0.0491549968719	0.0539090633392	0.0586149692535	0.0594599246979	0.052374124527	0.0523040294647	0.0543451309204	0.0516090393066	0.0505080223083	0.0608849525452	0.0472390651703	0.0610599517822	0.0851030349731	0.0532791614532	0.0501079559326	0.0515360832214	0.0528931617737	0.0641169548035	0.0713510513306	0.0673699378967	0.0623149871826	0.0582830905914	0.0622909069061	0.0432670116425	0.0441901683807	0.0796880722046	0.0568790435791	0.123659133911	0.0547380447388	0.035276889801	0.0639460086823	0.0568339824677	0.052435874939	0.0469369888306	0.068549156189	0.0503959655762	0.072879076004	0.115622997284	0.0492460727692	0.0581200122833	0.0511598587036	0.0394270420074	0.0450022220612	0.0464909076691	0.0942368507385	
['./treeMaker/main', '-m', '-a', '2']
0.0431230068207	0.0618069171906	0.0623519420624	0.0497078895569	0.0507988929749	0.0466351509094	0.051276922226	0.0542387962341	0.0530781745911	0.0484669208527	0.0503540039062	0.0513088703156	0.0492689609528	0.0488219261169	0.0466620922089	0.0425100326538	0.0573749542236	0.0940749645233	0.0503940582275	0.0462419986725	0.0487499237061	0.0453679561615	0.0565459728241	0.0656318664551	0.06272315979	0.044399023056	0.0543022155762	0.0588419437408	0.040253162384	0.0411841869354	0.0737600326538	0.0521869659424	0.120020866394	0.05668592453	0.0309579372406	0.0613310337067	0.0584840774536	0.0479929447174	0.0424461364746	0.0673038959503	0.0520610809326	0.0595281124115	0.111843109131	0.0455589294434	0.056804895401	0.0480370521545	0.0269999504089	0.0503578186035	0.0432901382446	0.0894410610199	
