25_1000_4.9e-10_4.9e-10_470000000_cut_1
25
1000
4.9e-10
4.9e-10
470000000
cut_1
['./treeMaker/main']
0.0553839206696	0.0822539329529	0.0886209011078	0.0597548484802	0.0665130615234	0.0549099445343	0.0684058666229	0.0774419307709	0.072291135788	0.0729830265045	0.0595030784607	0.0779910087585	0.0651199817657	0.0628249645233	0.0585091114044	0.0504269599915	0.0776040554047	0.12265586853	0.0670030117035	0.0581679344177	0.0634338855743	0.0558199882507	0.0738558769226	0.0926461219788	0.0886669158936	0.0557157993317	0.0755670070648	0.0615530014038	0.0479960441589	0.0521240234375	0.107263803482	0.0680220127106	0.250735998154	0.0697548389435	0.0354659557343	0.0793299674988	0.068452835083	0.0617098808289	0.0540060997009	0.0998289585114	0.0621860027313	0.076751947403	0.204897165298	0.0571331977844	0.0765089988708	0.0598599910736	0.0327920913696	0.0488939285278	0.052855014801	0.146265983582	
['./treeMaker/main', '-b']
0.0594840049744	0.0888209342957	0.10528087616	0.0626170635223	0.0724928379059	0.0566399097443	0.0711491107941	0.0778701305389	0.0833539962769	0.0630209445953	0.0643758773804	0.0688269138336	0.0703299045563	0.067981004715	0.0610570907593	0.0535051822662	0.0825591087341	0.12572312355	0.0675020217896	0.0600810050964	0.0648880004883	0.0573201179504	0.0759930610657	0.097305059433	0.103603124619	0.05686211586	0.0788910388947	0.0644071102142	0.0479090213776	0.052659034729	0.112736940384	0.070198059082	0.26110291481	0.0667970180511	0.0368039608002	0.0820071697235	0.0657579898834	0.0642681121826	0.0649650096893	0.102671861649	0.0593180656433	0.0766949653625	0.20905995369	0.0568358898163	0.07736992836	0.0596702098846	0.0327770709991	0.0502841472626	0.0516400337219	0.151169061661	
['./treeMaker/main', '-u']
0.0571181774139	0.0838129520416	0.090646982193	0.0592560768127	0.0673661231995	0.0568799972534	0.0686829090118	0.0739040374756	0.070766210556	0.0633299350739	0.0617799758911	0.0699670314789	0.0681259632111	0.0620470046997	0.0574810504913	0.0524849891663	0.0779070854187	0.122413873672	0.0652050971985	0.0600321292877	0.0636548995972	0.0571699142456	0.0741739273071	0.0944681167603	0.0902321338654	0.0563859939575	0.0751712322235	0.0614809989929	0.0485489368439	0.0538032054901	0.109189033508	0.0714221000671	0.251266002655	0.0690767765045	0.0372371673584	0.0793290138245	0.0651068687439	0.062695980072	0.0537400245667	0.115561008453	0.0609638690948	0.076544046402	0.203877210617	0.0543808937073	0.0740790367126	0.0600831508636	0.0321409702301	0.0496230125427	0.0551249980927	0.145787000656	
['./treeMaker/main', '-t', '-r', '1']
1.02815008163	1.73986196518	1.78524398804	1.1177740097	1.3225839138	1.01890802383	1.41768693924	1.53725409508	1.36008405685	1.28658890724	1.17869591713	1.35581803322	1.29400205612	1.16645479202	1.17423605919	0.987047195435	1.66269898415	2.44333791733	1.16324687004	1.09012985229	1.26405692101	1.05407786369	1.47949504852	2.12069392204	1.86091208458	1.05139517784	1.59217214584	1.21999502182	0.862272977829	0.949043035507	2.34039497375	1.33018183708	4.98114395142	1.2552421093	0.55099105835	1.67314505577	1.2505300045	1.23877501488	1.03391003609	2.04724311829	1.05505108833	1.48013281822	3.94918489456	0.939522027969	1.68925905228	1.06045794487	0.446506023407	0.919628143311	0.903206825256	2.99397015572	
['./treeMaker/main', '-t', '-r', '2']
1.56927514076	2.66925001144	3.06926703453	1.77513384819	2.01307487488	1.58008790016	2.07340598106	2.28741908073	2.33637905121	1.91003990173	1.90277194977	2.15500307083	2.16869211197	1.88167786598	1.74306797981	1.44201803207	2.56928110123	4.04932713509	1.92165184021	1.65881490707	1.88540196419	1.74479699135	2.18581604958	2.99333405495	2.84185886383	1.68213105202	2.36173295975	1.91481590271	1.26739597321	1.70977520943	3.63308811188	2.39908480644	7.173828125	1.92079806328	0.979268074036	2.87909293175	2.03003692627	1.88840103149	1.60591983795	3.24938893318	1.77419304848	2.54997396469	6.46963381767	1.42034006119	2.4954199791	1.67541217804	0.737013816833	1.38168406487	1.39314389229	4.80420184135	
['./treeMaker/main', '-t', '-r', '1', '-N']
1.07915401459	1.73854088783	1.79058599472	1.11979484558	1.33002090454	1.01932501793	1.4232711792	1.53911185265	1.36043596268	1.27954387665	1.17311406136	1.35799312592	1.29337906837	1.17268705368	1.18973398209	0.977762937546	1.66598701477	2.39060711861	1.15327882767	1.03676199913	1.28425192833	1.05229306221	1.47943806648	2.00605297089	1.81222105026	0.992661952972	1.59421205521	1.22191810608	0.864855051041	0.949155807495	2.34770917892	1.32769489288	4.99112796783	1.25975990295	0.551039934158	1.66009092331	1.25466990471	1.23513007164	1.03686094284	2.06000781059	1.06002998352	1.47932386398	3.87058997154	0.947839021683	1.68318891525	1.0605340004	0.438351869583	0.91294002533	0.903959989548	2.92480516434	
['./treeMaker/main', '-t', '-r', '2', '-N']
1.57281088829	2.73209190369	2.90865802765	1.7625541687	2.01981401443	1.58016705513	2.07820105553	2.29661512375	2.23153305054	1.90107393265	1.89812207222	2.27217698097	2.17419791222	1.86526298523	1.74167299271	1.45312213898	2.55083703995	4.05000686646	1.85627102852	1.65839099884	1.89277601242	1.74509596825	2.26860785484	2.97899889946	2.9757270813	1.6832678318	2.36193394661	1.91643691063	1.26679396629	1.47596406937	3.51937699318	2.03994011879	7.07145786285	1.86523985863	0.868584871292	2.54438304901	1.93918895721	1.83950304985	1.5608382225	3.21979188919	1.74242091179	2.53368091583	6.21359205246	1.41663408279	2.50219488144	1.58850693703	0.669692993164	1.36345219612	1.38967490196	4.73845291138	
['./treeMaker/main', '-m']
0.0482769012451	0.0637428760529	0.0628600120544	0.0459721088409	0.0540020465851	0.0424180030823	0.0527620315552	0.0557930469513	0.0548760890961	0.0464820861816	0.0475881099701	0.05180311203	0.0509181022644	0.0461578369141	0.0462300777435	0.0425109863281	0.0583989620209	0.078476190567	0.0487639904022	0.0458190441132	0.0503351688385	0.0456781387329	0.0530149936676	0.0647931098938	0.0640630722046	0.0423619747162	0.0555789470673	0.0490899085999	0.0393161773682	0.0425279140472	0.0690178871155	0.0508370399475	0.119301080704	0.0487790107727	0.032133102417	0.0588510036469	0.0495529174805	0.0482518672943	0.0434021949768	0.0673398971558	0.0453071594238	0.0598080158234	0.106152057648	0.0437650680542	0.0556499958038	0.047924041748	0.026181936264	0.0402319431305	0.0412499904633	0.0863058567047	
['./treeMaker/main', '-m', '-b']
0.047492980957	0.0638999938965	0.0660040378571	0.0498850345612	0.0542240142822	0.0445909500122	0.0555720329285	0.0557949542999	0.0574600696564	0.0505850315094	0.0501470565796	0.0545370578766	0.0549681186676	0.0484719276428	0.048807144165	0.0435647964478	0.0619950294495	0.083832025528	0.0511739253998	0.0474679470062	0.0516049861908	0.0478498935699	0.0586261749268	0.0679838657379	0.0675201416016	0.0463378429413	0.0596921443939	0.0500478744507	0.0399441719055	0.0436029434204	0.0770330429077	0.0657961368561	0.124115943909	0.0560231208801	0.0336740016937	0.0602610111237	0.0535469055176	0.0488541126251	0.0459401607513	0.0726978778839	0.0475459098816	0.0599839687347	0.114824056625	0.0568020343781	0.0596630573273	0.0478620529175	0.0312311649323	0.0523788928986	0.0438539981842	0.0901439189911	
['./treeMaker/main', '-m', '-w', '1']
0.0445771217346	0.0597429275513	0.0635530948639	0.0453279018402	0.0536749362946	0.0450360774994	0.050332069397	0.0537919998169	0.0539090633392	0.0486199855804	0.0494320392609	0.0517909526825	0.0517117977142	0.0507960319519	0.0567970275879	0.0430121421814	0.0597949028015	0.0794160366058	0.0580010414124	0.0455501079559	0.0488991737366	0.0444490909576	0.0557358264923	0.0624032020569	0.0636157989502	0.0435490608215	0.0538320541382	0.0464520454407	0.0385451316833	0.0426368713379	0.0715479850769	0.051442861557	0.116574048996	0.0513489246368	0.0314650535583	0.0568528175354	0.0504760742188	0.0480809211731	0.0434939861298	0.0667901039124	0.0546748638153	0.0569338798523	0.105803012848	0.0441401004791	0.0601849555969	0.0466029644012	0.0289011001587	0.0410480499268	0.0412821769714	0.0843319892883	
['./treeMaker/main', '-m', '-w', '2']
0.0452771186829	0.0608351230621	0.0636940002441	0.0457019805908	0.051903963089	0.0450248718262	0.0530180931091	0.0550208091736	0.0527319908142	0.0592250823975	0.0480120182037	0.0529389381409	0.0518429279327	0.0485711097717	0.0473501682281	0.0428178310394	0.0562188625336	0.077751159668	0.0474090576172	0.0460360050201	0.0515711307526	0.0430397987366	0.0542130470276	0.0675158500671	0.0648109912872	0.0424370765686	0.0560688972473	0.048572063446	0.0379531383514	0.0428960323334	0.07155585289	0.0510470867157	0.11679983139	0.0530819892883	0.0314610004425	0.0586910247803	0.0541880130768	0.0485339164734	0.0505108833313	0.0693290233612	0.0470941066742	0.0591289997101	0.108085870743	0.0446801185608	0.0558590888977	0.0573711395264	0.0260260105133	0.0402970314026	0.041846036911	0.0853569507599	
['./treeMaker/main', '-m', '-c', '1']
0.0433828830719	0.0603001117706	0.0640368461609	0.0465939044952	0.0512518882751	0.0431549549103	0.0531089305878	0.0552079677582	0.0549020767212	0.0476851463318	0.0580399036407	0.0523619651794	0.0495598316193	0.0466041564941	0.0464301109314	0.0430610179901	0.0577340126038	0.0789051055908	0.047679901123	0.0454618930817	0.0491001605988	0.0551860332489	0.0559799671173	0.0628581047058	0.0640239715576	0.0423898696899	0.0538740158081	0.0473618507385	0.0478911399841	0.0455799102783	0.0691001415253	0.0518279075623	0.116694927216	0.0495548248291	0.0313379764557	0.0566430091858	0.0506279468536	0.0476279258728	0.0433089733124	0.0686149597168	0.0455129146576	0.0571739673615	0.105288982391	0.0426549911499	0.0554249286652	0.0464849472046	0.0276000499725	0.040678024292	0.0414640903473	0.0858299732208	
['./treeMaker/main', '-m', '-c', '2']
0.0447351932526	0.0594780445099	0.0629920959473	0.046756029129	0.0515429973602	0.0442390441895	0.0532128810883	0.0544419288635	0.0551640987396	0.0464849472046	0.0460679531097	0.051383972168	0.0518529415131	0.0470249652863	0.0466890335083	0.0406579971313	0.0558888912201	0.0792851448059	0.0488669872284	0.0456509590149	0.0496718883514	0.0431671142578	0.0559759140015	0.0644829273224	0.0644671916962	0.0431969165802	0.0543360710144	0.0480790138245	0.0399351119995	0.0419039726257	0.0719010829926	0.0508110523224	0.116196870804	0.0508010387421	0.0313079357147	0.0584399700165	0.04842710495	0.047789812088	0.0432660579681	0.0674090385437	0.0450079441071	0.0550529956818	0.106618881226	0.0446751117706	0.0561800003052	0.0452239513397	0.0281667709351	0.039962053299	0.0416579246521	0.0858449935913	
['./treeMaker/main', '-m', '-a', '1']
0.0477330684662	0.0735080242157	0.0683817863464	0.061224937439	0.0571420192719	0.0490939617157	0.0564029216766	0.0585870742798	0.059602022171	0.0520739555359	0.0519239902496	0.0547740459442	0.0556700229645	0.0528371334076	0.0496399402618	0.0459499359131	0.0626590251923	0.083046913147	0.0510098934174	0.0493948459625	0.0524690151215	0.0490429401398	0.0585639476776	0.0676398277283	0.0676040649414	0.0499668121338	0.0598421096802	0.0516901016235	0.043289899826	0.0453109741211	0.0742208957672	0.0551879405975	0.119300842285	0.0531389713287	0.0444669723511	0.0633599758148	0.0549380779266	0.0521099567413	0.05876994133	0.0753989219666	0.0492188930511	0.0624580383301	0.112970113754	0.0510358810425	0.0594291687012	0.0496349334717	0.0305960178375	0.0434100627899	0.043123960495	0.0910840034485	
['./treeMaker/main', '-m', '-a', '2']
0.045037984848	0.0607540607452	0.0631248950958	0.0467100143433	0.0517220497131	0.0443041324615	0.0530591011047	0.0527780056	0.0556139945984	0.0490028858185	0.0476279258728	0.0528020858765	0.050833940506	0.0473940372467	0.0463418960571	0.0433819293976	0.0588710308075	0.0813310146332	0.0497350692749	0.0456030368805	0.0500419139862	0.0448169708252	0.0539860725403	0.062087059021	0.0646181106567	0.0424311161041	0.0543591976166	0.0484988689423	0.0396659374237	0.0422039031982	0.070513010025	0.0513350963593	0.117716789246	0.0527029037476	0.0315451622009	0.0582530498505	0.0505340099335	0.0486159324646	0.0439250469208	0.0697529315948	0.0455238819122	0.0572538375854	0.105718135834	0.0416510105133	0.0572819709778	0.0462489128113	0.0281801223755	0.040540933609	0.053004026413	0.0873510837555	
