25_1000_4.9e-10_4.9e-10_470000000_cut_0
25
1000
4.9e-10
4.9e-10
470000000
cut_0
['./treeMaker/main']
0.0556991100311	0.0884308815002	0.0957298278809	0.0620172023773	0.0691089630127	0.0568299293518	0.071133852005	0.0735881328583	0.073637008667	0.0641021728516	0.0682818889618	0.0735340118408	0.07017993927	0.0657169818878	0.0611701011658	0.0557570457458	0.0864419937134	0.127155065536	0.0653920173645	0.0624217987061	0.0630919933319	0.0576591491699	0.0783960819244	0.0995259284973	0.0942060947418	0.0599868297577	0.077399969101	0.0619039535522	0.0498859882355	0.0544650554657	0.114243030548	0.0737609863281	0.268791913986	0.0804119110107	0.0377221107483	0.0859079360962	0.0683200359344	0.0667657852173	0.0546808242798	0.104280948639	0.067519903183	0.0783281326294	0.216315031052	0.0549740791321	0.0796909332275	0.0585269927979	0.0340750217438	0.0510721206665	0.0556380748749	0.162255048752	
['./treeMaker/main', '-b']
0.057471036911	0.0937950611115	0.0950200557709	0.0659449100494	0.0712649822235	0.0582420825958	0.0743691921234	0.0777230262756	0.0792469978333	0.0675919055939	0.067981004715	0.0715610980988	0.0723049640656	0.0681841373444	0.0638020038605	0.054181098938	0.0853888988495	0.134642124176	0.0681509971619	0.0630550384521	0.0678179264069	0.0590341091156	0.091873884201	0.103205919266	0.111460924149	0.0604920387268	0.0822758674622	0.063570022583	0.0532009601593	0.0544590950012	0.118896961212	0.0725250244141	0.269908905029	0.0723059177399	0.0361561775208	0.0990850925446	0.0706629753113	0.0641961097717	0.0670549869537	0.108586072922	0.0607769489288	0.0814950466156	0.222560882568	0.0565569400787	0.0824818611145	0.0600378513336	0.0306429862976	0.0623841285706	0.0553960800171	0.167768001556	
['./treeMaker/main', '-u']
0.0564420223236	0.0894830226898	0.0938699245453	0.061261177063	0.0675120353699	0.0563499927521	0.0723600387573	0.0751690864563	0.0738880634308	0.0630979537964	0.0776009559631	0.077210187912	0.0713500976562	0.0658869743347	0.06072306633	0.0541970729828	0.0857779979706	0.130492925644	0.0659010410309	0.0607352256775	0.0651462078094	0.0582959651947	0.0793459415436	0.100399971008	0.0975301265717	0.0713160037994	0.0824100971222	0.0619170665741	0.0518238544464	0.0522999763489	0.113832950592	0.0714311599731	0.258040904999	0.0676128864288	0.0375139713287	0.0853979587555	0.0684819221497	0.0641720294952	0.0558371543884	0.103869915009	0.0609748363495	0.0794289112091	0.213008880615	0.0661458969116	0.0802001953125	0.059741973877	0.0333650112152	0.0517380237579	0.0522010326385	0.161279916763	
['./treeMaker/main', '-t', '-r', '1']
1.01293301582	1.75114011765	1.72834300995	1.10464096069	1.30762004852	0.995515823364	1.43261384964	1.46656799316	1.35111403465	1.33402490616	1.14124488831	1.26973795891	1.30343198776	1.20844292641	1.12937784195	0.976438045502	1.63412809372	2.42570018768	1.14570808411	1.03544282913	1.21545100212	0.925104856491	1.44202303886	1.76107621193	1.79621720314	0.94291305542	1.61709213257	1.1762919426	0.847805976868	0.950962781906	2.15009188652	1.28008317947	4.73184204102	1.29315495491	0.538779020309	1.659085989	1.21511101723	1.16026306152	0.988639116287	2.03552103043	1.05332994461	1.58439803123	3.72766590118	0.907888174057	1.62152981758	1.06069993973	0.446906089783	0.92353105545	0.872312784195	2.7471408844	
['./treeMaker/main', '-t', '-r', '2']
1.74355888367	3.04633784294	3.26985883713	2.00982284546	2.24190998077	1.76030302048	2.37283492088	2.44816207886	2.60111880302	2.14054489136	2.32430887222	2.40203595161	2.42432498932	2.21602487564	2.01722979546	1.61325097084	2.87399196625	4.68000602722	2.03538203239	1.97632002831	2.15707397461	1.95187497139	2.568972826	3.53809690475	3.15454697609	2.00262093544	2.8642539978	2.12591600418	1.38819694519	1.66223502159	4.26516294479	2.29227209091	8.23099899292	2.18370604515	0.952386856079	2.96956586838	2.24190402031	2.12754201889	1.83137106895	3.74048805237	2.00042796135	2.79787707329	7.17517209053	1.56877994537	2.87097811699	1.81992483139	0.765711069107	1.59006977081	1.62415099144	6.07065796852	
['./treeMaker/main', '-t', '-r', '1', '-N']
1.01622581482	1.75229883194	1.73234891891	1.10729694366	1.30797791481	0.994131088257	1.43704104424	1.47102093697	1.35300183296	1.28985714912	1.1410150528	1.32253694534	1.3154771328	1.20061087608	1.12760281563	0.979561090469	1.63472819328	2.36773395538	1.21050000191	1.039894104	1.2170689106	0.924630880356	1.44001197815	1.82342386246	1.76993489265	0.988602161407	1.61770701408	1.184248209	0.855087995529	0.943956136703	2.15149116516	1.27665901184	4.73636603355	1.28946399689	0.540347099304	1.65979099274	1.21902513504	1.16266298294	0.989087820053	2.04148602486	1.05914402008	1.54465389252	3.80595016479	0.913289070129	1.63133597374	1.06791210175	0.448457956314	0.925663948059	0.8764128685	2.74760890007	
['./treeMaker/main', '-t', '-r', '2', '-N']
1.74255490303	3.04509902	3.31649303436	2.07883000374	2.22590899467	1.77484512329	2.36653399467	2.41535711288	2.59091806412	2.13894987106	2.31862592697	2.40007901192	2.45402908325	2.22852706909	2.02731394768	1.61109805107	2.87162685394	4.68540906906	2.04075193405	1.97823500633	2.1461250782	1.94537496567	2.54010105133	3.56627988815	3.15466284752	2.00985908508	2.77686309814	2.135379076	1.39030790329	1.66700196266	4.26420998573	2.32829618454	8.23812699318	2.23940896988	0.959697961807	2.96723103523	2.23998999596	2.13363003731	1.81023097038	3.74304080009	2.00507807732	2.80061197281	7.21631908417	1.56664085388	2.87360215187	1.82544898987	0.765115022659	1.58954191208	1.63513183594	6.06819200516	
['./treeMaker/main', '-m']
0.0457181930542	0.0724258422852	0.0651898384094	0.0513410568237	0.0536108016968	0.0473470687866	0.0636169910431	0.0566930770874	0.0564661026001	0.0528769493103	0.0511770248413	0.0540249347687	0.0528471469879	0.0506172180176	0.0488848686218	0.041738986969	0.0602622032166	0.0831990242004	0.0508151054382	0.0490870475769	0.0513019561768	0.0500011444092	0.0578370094299	0.0695118904114	0.0678930282593	0.0462629795074	0.0576019287109	0.0506021976471	0.0400710105896	0.0426578521729	0.0776519775391	0.0540051460266	0.126697063446	0.0528519153595	0.0307929515839	0.0734539031982	0.0508379936218	0.0512540340424	0.0457859039307	0.069412946701	0.0473268032074	0.0576570034027	0.113550186157	0.0440511703491	0.0587401390076	0.047641992569	0.0275771617889	0.0424580574036	0.044007062912	0.0972619056702	
['./treeMaker/main', '-m', '-b']
0.0459020137787	0.0692820549011	0.0716991424561	0.0522530078888	0.0559439659119	0.0464918613434	0.0580790042877	0.05917096138	0.0601370334625	0.055205821991	0.0555639266968	0.0568819046021	0.056056022644	0.0548319816589	0.0510189533234	0.0463569164276	0.0653278827667	0.0906479358673	0.0536940097809	0.054053068161	0.054300069809	0.0509469509125	0.0627911090851	0.0743849277496	0.0701689720154	0.0616459846497	0.0625360012054	0.0536119937897	0.0428040027618	0.0481128692627	0.0837860107422	0.0563549995422	0.138995170593	0.0564630031586	0.0347280502319	0.0662090778351	0.0561861991882	0.054230928421	0.0485939979553	0.0743329524994	0.0509719848633	0.0653948783875	0.120848894119	0.0474801063538	0.0622529983521	0.0495128631592	0.0302700996399	0.0427820682526	0.0462379455566	0.111892938614	
['./treeMaker/main', '-m', '-w', '1']
0.0458071231842	0.0617311000824	0.0677969455719	0.0502188205719	0.0539081096649	0.0467889308929	0.0526790618896	0.0565390586853	0.0620808601379	0.0513000488281	0.052129983902	0.0534420013428	0.0619881153107	0.050815820694	0.0494768619537	0.0425870418549	0.0603160858154	0.0835618972778	0.0488569736481	0.0490620136261	0.0491809844971	0.0459339618683	0.0578029155731	0.0690739154816	0.0648198127747	0.0488860607147	0.0597329139709	0.0504519939423	0.0402300357819	0.0427038669586	0.0767788887024	0.0534188747406	0.125861883163	0.0529568195343	0.0314838886261	0.0618381500244	0.0515530109406	0.053239107132	0.045891046524	0.0698008537292	0.048043012619	0.059024810791	0.113798856735	0.04447889328	0.0597069263458	0.0482470989227	0.0287718772888	0.0417568683624	0.0416960716248	0.0984871387482	
['./treeMaker/main', '-m', '-w', '2']
0.0469110012054	0.0624849796295	0.0676600933075	0.0517308712006	0.0683689117432	0.0466809272766	0.0535051822662	0.0569040775299	0.068088054657	0.0511839389801	0.052041053772	0.0544281005859	0.0520551204681	0.0521311759949	0.049211025238	0.0427360534668	0.0632581710815	0.0839378833771	0.0613467693329	0.0499749183655	0.0512928962708	0.0489881038666	0.0579309463501	0.0682179927826	0.0667369365692	0.047877073288	0.0599219799042	0.0641260147095	0.0412979125977	0.0548198223114	0.0772321224213	0.0532948970795	0.127555131912	0.0525808334351	0.0323288440704	0.0619819164276	0.0527639389038	0.051901102066	0.0445051193237	0.071604013443	0.0480861663818	0.0599298477173	0.158529996872	0.046334028244	0.0588719844818	0.047797203064	0.029021024704	0.0423369407654	0.0559129714966	0.100244045258	
['./treeMaker/main', '-m', '-c', '1']
0.0450720787048	0.0635499954224	0.066694021225	0.0512080192566	0.0520179271698	0.04660987854	0.0664398670197	0.0551481246948	0.0554869174957	0.0541260242462	0.0519449710846	0.0529952049255	0.051864862442	0.0528228282928	0.049439907074	0.0423460006714	0.0615530014038	0.0838618278503	0.0492060184479	0.0493440628052	0.0508191585541	0.0458948612213	0.0578820705414	0.0687811374664	0.0643110275269	0.0470139980316	0.0601680278778	0.0502989292145	0.0414409637451	0.0427730083466	0.0769920349121	0.135319948196	0.132852077484	0.0534019470215	0.0312809944153	0.064178943634	0.0516629219055	0.0503530502319	0.0460078716278	0.0719218254089	0.0475239753723	0.0599780082703	0.114897012711	0.0426468849182	0.0593929290771	0.0474951267242	0.0289158821106	0.0448319911957	0.0465381145477	0.102288007736	
['./treeMaker/main', '-m', '-c', '2']
0.0434210300446	0.0607869625092	0.0644989013672	0.0476589202881	0.0513880252838	0.0447661876678	0.0526230335236	0.0565531253815	0.054703950882	0.0498778820038	0.0512630939484	0.0539038181305	0.0526099205017	0.0489621162415	0.0485830307007	0.0554571151733	0.0635349750519	0.0835831165314	0.0506820678711	0.0487771034241	0.0515379905701	0.0466270446777	0.0575120449066	0.0697810649872	0.0669600963593	0.0485200881958	0.0588309764862	0.0511701107025	0.0404560565948	0.0420749187469	0.0775017738342	0.0538408756256	0.126689910889	0.052218914032	0.0333230495453	0.0649428367615	0.0641460418701	0.0478999614716	0.0440819263458	0.0714499950409	0.0474789142609	0.0591537952423	0.114897012711	0.0457580089569	0.0588970184326	0.0479538440704	0.0262980461121	0.0423119068146	0.0429348945618	0.100422859192	
['./treeMaker/main', '-m', '-a', '1']
0.0493531227112	0.0675129890442	0.0716581344604	0.053074836731	0.0580999851227	0.049633026123	0.0694489479065	0.0575201511383	0.0610899925232	0.054398059845	0.0565960407257	0.0574328899384	0.0579569339752	0.0535519123077	0.052882194519	0.0474200248718	0.0654728412628	0.0872340202332	0.0557181835175	0.0647919178009	0.0534420013428	0.0515789985657	0.0614922046661	0.0726900100708	0.0708658695221	0.0527400970459	0.0623869895935	0.0531780719757	0.0447769165039	0.0483109951019	0.0796031951904	0.0559551715851	0.134215116501	0.0566208362579	0.0356361865997	0.0752339363098	0.0909440517426	0.063246011734	0.0490300655365	0.0734281539917	0.0508089065552	0.0624151229858	0.117072105408	0.0509030818939	0.0647609233856	0.0543119907379	0.0316591262817	0.0463061332703	0.0480000972748	0.103788137436	
['./treeMaker/main', '-m', '-a', '2']
0.0457179546356	0.0645608901978	0.0670659542084	0.0497899055481	0.0517871379852	0.0455870628357	0.064612865448	0.0565910339355	0.0578141212463	0.0503599643707	0.0500400066376	0.0525269508362	0.0527169704437	0.0517399311066	0.0492391586304	0.0447769165039	0.0609211921692	0.083477973938	0.0505330562592	0.0518260002136	0.0513150691986	0.046884059906	0.0605590343475	0.069139957428	0.0667979717255	0.0493080615997	0.0579071044922	0.0501630306244	0.0425088405609	0.0434989929199	0.077584028244	0.0548889636993	0.126947164536	0.0525889396667	0.033007144928	0.0620090961456	0.0525341033936	0.0506238937378	0.0444629192352	0.0711810588837	0.0480258464813	0.0587120056152	0.115815162659	0.0595209598541	0.0628609657288	0.0503749847412	0.0331900119781	0.0450971126556	0.0437490940094	0.102816104889	
