25_1000_0_0_10000
25
1000
0
0
10000

['./treeMaker/main']
0.0349879264832	0.0348088741302	0.0343241691589	0.0465221405029	0.0485057830811	0.0338449478149	0.0361578464508	0.0374250411987	0.0466978549957	0.036425113678	0.0401310920715	0.0372409820557	0.0360989570618	0.0346620082855	0.03404712677	0.0383110046387	0.0407400131226	0.0384790897369	0.038409948349	0.0352048873901	0.0373561382294	0.037449836731	0.0368258953094	0.0363068580627	0.0385529994965	0.0367519855499	0.0367510318756	0.0386159420013	0.0364439487457	0.036808013916	0.0373289585114	0.0380549430847	0.0387079715729	0.0347809791565	0.0377728939056	0.0424151420593	0.0358729362488	0.0363368988037	0.0338201522827	0.0343000888824	0.0364661216736	0.036435842514	0.039568901062	0.0392739772797	0.0358119010925	0.0362420082092	0.0338931083679	0.0380890369415	0.0358769893646	0.0362689495087	
['./treeMaker/main', '-b']
0.0381350517273	0.0387101173401	0.036966085434	0.0366530418396	0.0368928909302	0.0370719432831	0.0384771823883	0.041316986084	0.0381410121918	0.0376229286194	0.037871837616	0.0381581783295	0.0372920036316	0.0374531745911	0.0451920032501	0.0353381633759	0.0366389751434	0.0377879142761	0.0384221076965	0.0375950336456	0.0437839031219	0.0377838611603	0.0371651649475	0.036719083786	0.0361659526825	0.0408930778503	0.0482008457184	0.036276102066	0.035679101944	0.036915063858	0.037456035614	0.0371551513672	0.0380301475525	0.0382161140442	0.0368440151215	0.0380220413208	0.0382099151611	0.0376930236816	0.0368459224701	0.0368361473083	0.0394899845123	0.0385670661926	0.0410158634186	0.0364110469818	0.0367498397827	0.0344190597534	0.0371701717377	0.0363140106201	0.0389959812164	0.0363171100616	
['./treeMaker/main', '-u']
0.0371220111847	0.0392150878906	0.0380420684814	0.0363721847534	0.0391690731049	0.0369999408722	0.0386829376221	0.0400500297546	0.0396130084991	0.0376219749451	0.0408370494843	0.039803981781	0.0373868942261	0.0400991439819	0.0382359027863	0.0362408161163	0.0407419204712	0.0373818874359	0.0370390415192	0.0366201400757	0.0366621017456	0.037939786911	0.0365779399872	0.0371170043945	0.0375959873199	0.0396780967712	0.0371661186218	0.037013053894	0.0363390445709	0.0372269153595	0.0361731052399	0.0372259616852	0.0374779701233	0.0374319553375	0.0383789539337	0.0449891090393	0.0372519493103	0.0389800071716	0.0406639575958	0.0370991230011	0.0368161201477	0.0391540527344	0.0390701293945	0.0368671417236	0.037328004837	0.0472621917725	0.0371577739716	0.0376081466675	0.0383160114288	0.039913892746	
['./treeMaker/main', '-t', '-r', '1']
0.33408498764	0.341552019119	0.333977937698	0.341737031937	0.338876008987	0.363812923431	0.338158845901	0.359730958939	0.352848052979	0.349370956421	0.360812187195	0.352625131607	0.330832004547	0.348723888397	0.330914020538	0.327188968658	0.330606937408	0.339353084564	0.344583034515	0.339876174927	0.337918043137	0.357970952988	0.35847401619	0.329409837723	0.33796787262	0.347830057144	0.331703901291	0.329219818115	0.354043006897	0.347245931625	0.348834991455	0.364573001862	0.335685968399	0.342092990875	0.334448099136	0.357777833939	0.330451965332	0.362766027451	0.337788105011	0.347833871841	0.330852031708	0.339581012726	0.328252792358	0.330276966095	0.356491088867	0.332682847977	0.338652849197	0.339080810547	0.342460870743	0.334219932556	
['./treeMaker/main', '-t', '-r', '2']
0.396337985992	0.39635682106	0.406629085541	0.408136844635	0.38794708252	0.411550045013	0.426612854004	0.404628992081	0.398987054825	0.388928890228	0.426926851273	0.421373844147	0.391113042831	0.379384994507	0.412029027939	0.398848056793	0.392333030701	0.403239965439	0.420079946518	0.410076141357	0.419533967972	0.405262947083	0.394073963165	0.393982887268	0.428519964218	0.411733150482	0.382813930511	0.398056983948	0.387405872345	0.401979923248	0.447660923004	0.4173579216	0.412099123001	0.418997049332	0.409335851669	0.397855997086	0.403414964676	0.434051990509	0.421406030655	0.414930105209	0.425539016724	0.412180900574	0.381309986115	0.404965877533	0.423130989075	0.426618814468	0.405244112015	0.413053035736	0.442134857178	0.423827886581	
['./treeMaker/main', '-t', '-r', '1', '-N']
0.357336997986	0.362377882004	0.364134073257	0.329436063766	0.338575839996	0.357919931412	0.333989143372	0.360954999924	0.358351945877	0.326740026474	0.356158971786	0.35053896904	0.333868026733	0.352033138275	0.355211019516	0.329150915146	0.328222990036	0.358187913895	0.351014137268	0.352288007736	0.357630968094	0.332618951797	0.344312906265	0.336427927017	0.330694913864	0.358074903488	0.332358837128	0.334579944611	0.344657897949	0.341684103012	0.356837034225	0.342242002487	0.338669061661	0.331603050232	0.344877958298	0.349092960358	0.359460830688	0.351495027542	0.337759971619	0.351341962814	0.341299057007	0.334842920303	0.330603837967	0.348104953766	0.341187953949	0.354293107986	0.326679944992	0.354192018509	0.348482131958	0.332825183868	
['./treeMaker/main', '-t', '-r', '2', '-N']
0.418189048767	0.390305995941	0.395961999893	0.420053958893	0.408320188522	0.438765048981	0.404351949692	0.40965795517	0.406356096268	0.388685941696	0.416587114334	0.42227101326	0.393970966339	0.384146928787	0.437438011169	0.3988468647	0.385184049606	0.413794994354	0.430118083954	0.405552148819	0.454084873199	0.396664142609	0.415547132492	0.431380033493	0.423928022385	0.446410179138	0.418787002563	0.419279813766	0.418771028519	0.386995792389	0.410783052444	0.393880844116	0.400902032852	0.400407075882	0.42537689209	0.41034913063	0.413656949997	0.424721002579	0.402794122696	0.404779195786	0.405502080917	0.413124084473	0.394339799881	0.415641069412	0.412024974823	0.419275045395	0.388526916504	0.399939060211	0.427565813065	0.409124851227	
['./treeMaker/main', '-m']
0.035315990448	0.0505228042603	0.0392189025879	0.0385699272156	0.0382969379425	0.041855096817	0.0482580661774	0.0370559692383	0.036731004715	0.0348889827728	0.0354280471802	0.0474860668182	0.0363640785217	0.0370230674744	0.036581993103	0.0362720489502	0.0374858379364	0.0370979309082	0.0377151966095	0.0459678173065	0.0376870632172	0.0383250713348	0.0362939834595	0.0367960929871	0.0501120090485	0.0391240119934	0.036514043808	0.0362911224365	0.0373439788818	0.0379211902618	0.0365488529205	0.0361549854279	0.0445330142975	0.0459702014923	0.0357520580292	0.0371060371399	0.0389199256897	0.0382399559021	0.0371470451355	0.0401451587677	0.037440776825	0.0392229557037	0.0376629829407	0.036789894104	0.0364198684692	0.041207075119	0.0370619297028	0.0369029045105	0.0378751754761	0.0407180786133	
['./treeMaker/main', '-m', '-b']
0.0354070663452	0.0481519699097	0.0408070087433	0.0372259616852	0.0404360294342	0.0404160022736	0.0395879745483	0.0398879051208	0.0410838127136	0.0391221046448	0.0395541191101	0.0480759143829	0.0371251106262	0.0379939079285	0.0383729934692	0.036456823349	0.0388469696045	0.037416934967	0.0372591018677	0.0373721122742	0.0382659435272	0.049122095108	0.0373239517212	0.0375928878784	0.0378749370575	0.0376961231232	0.037201166153	0.0410997867584	0.03839802742	0.0364151000977	0.0362050533295	0.0424861907959	0.036700963974	0.0379018783569	0.0385630130768	0.0401020050049	0.0378448963165	0.0398621559143	0.0491061210632	0.0371539592743	0.0377848148346	0.0460619926453	0.0374069213867	0.0425670146942	0.0400187969208	0.0371470451355	0.0414178371429	0.0464191436768	0.0370562076569	0.0384421348572	
['./treeMaker/main', '-m', '-w', '1']
0.0385758876801	0.0376000404358	0.037938117981	0.039361000061	0.0357491970062	0.0379390716553	0.038596868515	0.0371851921082	0.0374879837036	0.0349948406219	0.0499348640442	0.0429878234863	0.0361869335175	0.036750793457	0.0365059375763	0.0358929634094	0.0364167690277	0.037104845047	0.0383589267731	0.038076877594	0.0377080440521	0.0378119945526	0.0380339622498	0.037782907486	0.0375099182129	0.0372769832611	0.037780046463	0.0348489284515	0.0374200344086	0.0369701385498	0.0447690486908	0.0370090007782	0.0392949581146	0.0411920547485	0.0374009609222	0.0372140407562	0.0408470630646	0.0390231609344	0.0379569530487	0.0389950275421	0.0378370285034	0.0398709774017	0.0407700538635	0.0385909080505	0.0483729839325	0.0448980331421	0.0348060131073	0.0365278720856	0.0371930599213	0.036306142807	
['./treeMaker/main', '-m', '-w', '2']
0.0370318889618	0.0384321212769	0.0375070571899	0.0382370948792	0.0382280349731	0.0349109172821	0.0378370285034	0.0371670722961	0.0382540225983	0.0387578010559	0.0377008914948	0.037829875946	0.0392282009125	0.0417501926422	0.0377960205078	0.0480690002441	0.0369718074799	0.0373799800873	0.0405390262604	0.0489220619202	0.0380699634552	0.0371170043945	0.0363788604736	0.036712884903	0.0370488166809	0.0374979972839	0.0394070148468	0.0368268489838	0.0370900630951	0.035285949707	0.0393438339233	0.0358150005341	0.0364210605621	0.0371840000153	0.0366778373718	0.0369260311127	0.0365679264069	0.0371758937836	0.0363440513611	0.0372498035431	0.0373978614807	0.0398280620575	0.0373449325562	0.0370268821716	0.0374751091003	0.0345048904419	0.0393550395966	0.0386290550232	0.0386891365051	0.0403871536255	
['./treeMaker/main', '-m', '-c', '1']
0.0377130508423	0.0416769981384	0.036511182785	0.0452558994293	0.0371198654175	0.035365819931	0.0363519191742	0.0386219024658	0.036679983139	0.0373780727386	0.0374021530151	0.0402200222015	0.0367159843445	0.0384600162506	0.0381669998169	0.0360798835754	0.0407478809357	0.0385019779205	0.049576997757	0.0370950698853	0.0374100208282	0.0353560447693	0.0360968112946	0.0463511943817	0.0382769107819	0.0367500782013	0.037565946579	0.0373449325562	0.0364451408386	0.036553144455	0.0437970161438	0.0364110469818	0.0361750125885	0.0391149520874	0.0378069877625	0.0371809005737	0.0377779006958	0.0362300872803	0.0387110710144	0.0376980304718	0.0378499031067	0.0460979938507	0.0383529663086	0.0379948616028	0.0365250110626	0.0388600826263	0.0368959903717	0.0400340557098	0.0379929542542	0.0481989383698	
['./treeMaker/main', '-m', '-c', '2']
0.0413138866425	0.0391671657562	0.0345020294189	0.0362360477448	0.0374021530151	0.0366129875183	0.0367329120636	0.0359010696411	0.0372521877289	0.0354681015015	0.0486118793488	0.0365839004517	0.0367238521576	0.0368099212646	0.0360281467438	0.0368778705597	0.0365681648254	0.0346751213074	0.0367820262909	0.0367729663849	0.0390210151672	0.0512399673462	0.0445568561554	0.0373311042786	0.0376100540161	0.0375518798828	0.0378081798553	0.0368189811707	0.0377161502838	0.0373930931091	0.0407400131226	0.0483238697052	0.0347940921783	0.0365879535675	0.0367460250854	0.0372490882874	0.0384387969971	0.0377840995789	0.0361158847809	0.0359210968018	0.0354008674622	0.0492670536041	0.0353319644928	0.0368850231171	0.0374109745026	0.0352840423584	0.0372190475464	0.0370841026306	0.0492148399353	0.0375862121582	
['./treeMaker/main', '-m', '-a', '1']
0.0502579212189	0.0494499206543	0.0536460876465	0.0518999099731	0.0532228946686	0.0615041255951	0.0511329174042	0.0615289211273	0.0541348457336	0.0509791374207	0.0515570640564	0.0530529022217	0.0587410926819	0.06218791008	0.0547668933868	0.0541698932648	0.0550448894501	0.0541229248047	0.0551748275757	0.0630009174347	0.0599670410156	0.052337884903	0.0502350330353	0.0520141124725	0.0522139072418	0.0544719696045	0.0746970176697	0.0528390407562	0.0535759925842	0.0519208908081	0.0526988506317	0.0519819259644	0.0545580387115	0.0572481155396	0.0515129566193	0.0548229217529	0.0528059005737	0.0530140399933	0.0519759654999	0.0668339729309	0.0528249740601	0.0518457889557	0.0543689727783	0.0517480373383	0.0613980293274	0.0522789955139	0.0524458885193	0.0525932312012	0.0532920360565	0.053230047226	
['./treeMaker/main', '-m', '-a', '2']
0.0492970943451	0.0392599105835	0.0355780124664	0.037360906601	0.0373139381409	0.0371508598328	0.0374941825867	0.0400018692017	0.036801815033	0.0361919403076	0.0385630130768	0.0456390380859	0.0370769500732	0.0408239364624	0.0389621257782	0.0359790325165	0.0351760387421	0.0365598201752	0.0371570587158	0.0366189479828	0.0363099575043	0.0383579730988	0.0374641418457	0.0342710018158	0.04119181633	0.0418999195099	0.0380501747131	0.0378339290619	0.037661075592	0.0393059253693	0.0368709564209	0.0385029315948	0.0377888679504	0.0373730659485	0.0363919734955	0.0374810695648	0.0403571128845	0.0372071266174	0.0377659797668	0.0371909141541	0.0411720275879	0.0468688011169	0.0354940891266	0.0400681495667	0.0388758182526	0.0392079353333	0.0377678871155	0.0390381813049	0.0388860702515	0.0383009910583	
