25_1000_0_0_470000000
25
1000
0
0
470000000

['./treeMaker/main']
0.0370750427246	0.0439410209656	0.0375518798828	0.0382778644562	0.0415699481964	0.0392050743103	0.0378909111023	0.0405530929565	0.0505769252777	0.0360040664673	0.0444869995117	0.0379228591919	0.038211107254	0.038715839386	0.0379478931427	0.0372030735016	0.0371611118317	0.0371639728546	0.0373160839081	0.0373799800873	0.0371751785278	0.0376830101013	0.0378670692444	0.0370547771454	0.0407121181488	0.0366249084473	0.0371432304382	0.0385150909424	0.0388588905334	0.0372638702393	0.0380640029907	0.0384531021118	0.0368671417236	0.0405290126801	0.0411021709442	0.0383150577545	0.0415251255035	0.0383019447327	0.03773188591	0.0378351211548	0.0377569198608	0.0407378673553	0.0394661426544	0.0350770950317	0.0364718437195	0.036593914032	0.0395588874817	0.0374050140381	0.0390269756317	0.0389769077301	
['./treeMaker/main', '-b']
0.0473189353943	0.0398640632629	0.0391688346863	0.0382330417633	0.0384209156036	0.0424010753632	0.0397350788116	0.0407609939575	0.0412659645081	0.0406498908997	0.0414690971375	0.0433099269867	0.0404751300812	0.0381190776825	0.0433881282806	0.0461740493774	0.0506448745728	0.0403590202332	0.0414440631866	0.0396709442139	0.0404949188232	0.0395021438599	0.0394089221954	0.0407319068909	0.0410270690918	0.0411369800568	0.0400650501251	0.0409500598907	0.0475749969482	0.041454076767	0.0440559387207	0.0415830612183	0.0394730567932	0.0597341060638	0.038183927536	0.0382258892059	0.0395889282227	0.0394430160522	0.0394110679626	0.0396440029144	0.0395560264587	0.0386769771576	0.0423800945282	0.0383079051971	0.0423538684845	0.0374219417572	0.0396828651428	0.0415141582489	0.0418391227722	0.0411810874939	
['./treeMaker/main', '-u']
0.0396499633789	0.0413889884949	0.0407009124756	0.0393970012665	0.041944026947	0.0412311553955	0.0400409698486	0.0403900146484	0.0416078567505	0.038801908493	0.0432839393616	0.039608001709	0.0403988361359	0.0395829677582	0.0405600070953	0.0397720336914	0.0411930084229	0.0397419929504	0.0382208824158	0.0496411323547	0.0404419898987	0.0368840694427	0.0398328304291	0.0390269756317	0.037348985672	0.0390720367432	0.0391600131989	0.0392169952393	0.0392820835114	0.0391941070557	0.0403339862823	0.0399870872498	0.0395030975342	0.0421030521393	0.0392980575562	0.0402240753174	0.0402190685272	0.04035115242	0.0403468608856	0.0395069122314	0.0387260913849	0.0402488708496	0.0397460460663	0.0388140678406	0.0396242141724	0.0398280620575	0.0402159690857	0.0399770736694	0.0472791194916	0.0390529632568	
['./treeMaker/main', '-t', '-r', '1']
0.351300001144	0.345211029053	0.332446098328	0.331758022308	0.332817077637	0.339538097382	0.365980863571	0.334012985229	0.349795103073	0.349370002747	0.356508016586	0.356755018234	0.358736991882	0.338832139969	0.333801031113	0.332855939865	0.337839841843	0.348819971085	0.355902194977	0.341740131378	0.342451095581	0.330770015717	0.334050178528	0.335144996643	0.34677195549	0.330857992172	0.368062019348	0.344274997711	0.360460996628	0.349277973175	0.349097967148	0.333246946335	0.350087165833	0.36320400238	0.346327066422	0.359176158905	0.34694314003	0.348007917404	0.352037191391	0.328993082047	0.331643104553	0.3511531353	0.359076023102	0.343455076218	0.350703001022	0.361046075821	0.342189073563	0.335530996323	0.339818954468	0.337223052979	
['./treeMaker/main', '-t', '-r', '2']
0.408280849457	0.411843061447	0.419481992722	0.401241064072	0.418385982513	0.413641929626	0.402616024017	0.435999155045	0.419280052185	0.426974058151	0.407274007797	0.394937038422	0.413975954056	0.405404090881	0.402028083801	0.434422016144	0.428498983383	0.409324884415	0.425952911377	0.425529003143	0.420444011688	0.403101921082	0.426955938339	0.417595863342	0.431740999222	0.419896841049	0.398760080338	0.400778055191	0.417742967606	0.409689188004	0.425918102264	0.408832073212	0.404747962952	0.400116920471	0.44845199585	0.412285089493	0.409201860428	0.407356977463	0.43496799469	0.418528079987	0.416522026062	0.406884908676	0.433160066605	0.428608894348	0.410768032074	0.426920890808	0.419265031815	0.420191049576	0.390384197235	0.410190105438	
['./treeMaker/main', '-t', '-r', '1', '-N']
0.349352836609	0.344336986542	0.331484079361	0.332589149475	0.357597112656	0.36129617691	0.363533973694	0.334123849869	0.346560001373	0.362352132797	0.358665943146	0.345108032227	0.358030080795	0.330982923508	0.330533981323	0.34518289566	0.358296871185	0.334297895432	0.336148023605	0.357664108276	0.333384037018	0.348021030426	0.354952096939	0.349449872971	0.345808029175	0.341894865036	0.356624126434	0.342732906342	0.336263179779	0.360208034515	0.348250865936	0.356146097183	0.340089082718	0.346510887146	0.331117868423	0.361640930176	0.364478111267	0.331023931503	0.349668979645	0.347974061966	0.330296039581	0.356980800629	0.330354213715	0.355475902557	0.341469049454	0.334758043289	0.347968816757	0.333971977234	0.338179111481	0.335614204407	
['./treeMaker/main', '-t', '-r', '2', '-N']
0.423398971558	0.418081045151	0.421293020248	0.398891925812	0.406132936478	0.434239149094	0.414669036865	0.411288022995	0.437061071396	0.3939640522	0.414793014526	0.419597148895	0.420729875565	0.397296190262	0.404299020767	0.416318178177	0.410588026047	0.403805017471	0.396772861481	0.422761917114	0.418042182922	0.400989055634	0.452872991562	0.420022964478	0.45939207077	0.403374195099	0.391494035721	0.414005994797	0.42209482193	0.439147949219	0.422116994858	0.412636995316	0.411195993423	0.401104927063	0.419786930084	0.439929962158	0.417031049728	0.414765119553	0.418278932571	0.411612033844	0.406074047089	0.44275188446	0.398082017899	0.400099039078	0.417783021927	0.402031898499	0.422078847885	0.405256986618	0.418813943863	0.410739898682	
['./treeMaker/main', '-m']
0.0382351875305	0.0342261791229	0.0340211391449	0.0513520240784	0.0491421222687	0.0376989841461	0.0336241722107	0.0341079235077	0.0341839790344	0.0343849658966	0.0491869449615	0.037230014801	0.0345730781555	0.0389819145203	0.0365800857544	0.0453112125397	0.0436680316925	0.0405399799347	0.037663936615	0.0372161865234	0.038409948349	0.0374550819397	0.0398271083832	0.0376181602478	0.0378758907318	0.0391302108765	0.0466101169586	0.0363221168518	0.0353419780731	0.0375640392303	0.0383629798889	0.0371360778809	0.0348651409149	0.0403661727905	0.0366339683533	0.0392510890961	0.0425510406494	0.0389878749847	0.0477969646454	0.0368049144745	0.0384809970856	0.0365190505981	0.0344891548157	0.0370399951935	0.0439338684082	0.0374400615692	0.0363931655884	0.0366959571838	0.0373401641846	0.0362930297852	
['./treeMaker/main', '-m', '-b']
0.036395072937	0.0401449203491	0.0375111103058	0.0368800163269	0.0371739864349	0.0374000072479	0.0367460250854	0.0402131080627	0.0371739864349	0.0378861427307	0.0371608734131	0.0369689464569	0.0402431488037	0.0370409488678	0.0378670692444	0.0377838611603	0.0378501415253	0.0355470180511	0.0418391227722	0.0378520488739	0.0378589630127	0.0383341312408	0.039046049118	0.0417840480804	0.0528869628906	0.0371811389923	0.0461959838867	0.0410041809082	0.0409870147705	0.0372807979584	0.0409741401672	0.0386199951172	0.0379271507263	0.0379359722137	0.0395820140839	0.0448620319366	0.0376420021057	0.0374929904938	0.0416967868805	0.0380549430847	0.0383279323578	0.0386219024658	0.0389938354492	0.0373711585999	0.0416541099548	0.0419371128082	0.0389380455017	0.0383229255676	0.0395948886871	0.0391671657562	
['./treeMaker/main', '-m', '-w', '1']
0.0389869213104	0.0376200675964	0.038715839386	0.0384459495544	0.0382969379425	0.0497999191284	0.0379741191864	0.047415971756	0.0371232032776	0.0372221469879	0.0375781059265	0.0372309684753	0.0373919010162	0.0380840301514	0.0379109382629	0.0370841026306	0.0463299751282	0.0397379398346	0.0383498668671	0.0381610393524	0.0378758907318	0.0363841056824	0.0409710407257	0.0395669937134	0.0370798110962	0.0461490154266	0.03848695755	0.0374801158905	0.0492689609528	0.0476489067078	0.0384039878845	0.0398089885712	0.0497422218323	0.0424020290375	0.038635969162	0.0358300209045	0.0396411418915	0.0386650562286	0.0369651317596	0.0392980575562	0.0385811328888	0.0400130748749	0.0402019023895	0.0376198291779	0.0368840694427	0.0394878387451	0.0383758544922	0.0467431545258	0.0475239753723	0.0366449356079	
['./treeMaker/main', '-m', '-w', '2']
0.0363759994507	0.0366058349609	0.0366640090942	0.0367159843445	0.0397109985352	0.0366220474243	0.0398619174957	0.0373549461365	0.0370299816132	0.0347480773926	0.0378711223602	0.0348031520844	0.0362119674683	0.0375490188599	0.0362710952759	0.0367088317871	0.0378110408783	0.0377922058105	0.0400350093842	0.036777973175	0.0375170707703	0.0368590354919	0.0370149612427	0.0377540588379	0.0377728939056	0.047679901123	0.036721944809	0.0354061126709	0.0360071659088	0.037281036377	0.0375089645386	0.0375149250031	0.0373589992523	0.0366239547729	0.0355889797211	0.0371310710907	0.040755033493	0.0367660522461	0.0406868457794	0.0377230644226	0.0420889854431	0.0400359630585	0.0384430885315	0.0416929721832	0.0523889064789	0.0353960990906	0.0387020111084	0.0375690460205	0.0407719612122	0.0387551784515	
['./treeMaker/main', '-m', '-c', '1']
0.0375859737396	0.0377249717712	0.0368440151215	0.0353319644928	0.0415680408478	0.0372388362885	0.0375370979309	0.0401940345764	0.0386528968811	0.0490429401398	0.0372860431671	0.0362520217896	0.0341050624847	0.0366659164429	0.0381948947906	0.0371370315552	0.0382070541382	0.0370728969574	0.0367820262909	0.0374150276184	0.0373139381409	0.0373778343201	0.0373899936676	0.0471389293671	0.0468921661377	0.0378818511963	0.0391190052032	0.0376479625702	0.0458250045776	0.0385758876801	0.0384290218353	0.0364859104156	0.0378708839417	0.0489871501923	0.0371031761169	0.0380280017853	0.0407340526581	0.0366098880768	0.0367300510406	0.0399470329285	0.0378630161285	0.0378260612488	0.0412368774414	0.0363020896912	0.0372009277344	0.04141497612	0.0496828556061	0.0403180122375	0.0385890007019	0.0411691665649	
['./treeMaker/main', '-m', '-c', '2']
0.036828994751	0.040256023407	0.0377230644226	0.0389909744263	0.0384800434113	0.0377240180969	0.0371270179749	0.0397138595581	0.0406808853149	0.0355348587036	0.0382509231567	0.038192987442	0.0370922088623	0.0397820472717	0.0379390716553	0.0382838249207	0.0385642051697	0.0379860401154	0.0383198261261	0.0369889736176	0.0358471870422	0.0379021167755	0.0374720096588	0.0368940830231	0.037605047226	0.0354158878326	0.0366640090942	0.0352399349213	0.0359971523285	0.0364820957184	0.040384054184	0.0368928909302	0.0382061004639	0.0498199462891	0.0362448692322	0.0390610694885	0.0462279319763	0.0385570526123	0.036689043045	0.0368077754974	0.0384600162506	0.0368611812592	0.0362498760223	0.0354940891266	0.0373849868774	0.0444750785828	0.0365018844604	0.0366039276123	0.0366530418396	0.0426640510559	
['./treeMaker/main', '-m', '-a', '1']
0.0540821552277	0.0560629367828	0.0521509647369	0.0546450614929	0.0543849468231	0.052426815033	0.0552361011505	0.0542697906494	0.0537109375	0.0539212226868	0.0565378665924	0.0580859184265	0.0571579933167	0.0534830093384	0.0540409088135	0.0530478954315	0.0532011985779	0.0541679859161	0.0555782318115	0.054407119751	0.0542769432068	0.054701089859	0.0542120933533	0.0527811050415	0.0545618534088	0.0524299144745	0.0560481548309	0.0531709194183	0.0514240264893	0.0534961223602	0.0538899898529	0.052855014801	0.0593791007996	0.071869134903	0.0526130199432	0.0537490844727	0.0570840835571	0.0537230968475	0.0537240505219	0.0653741359711	0.0533981323242	0.0536851882935	0.0560700893402	0.0552089214325	0.0541849136353	0.0581691265106	0.0557169914246	0.0549268722534	0.0557961463928	0.0555291175842	
['./treeMaker/main', '-m', '-a', '2']
0.0482380390167	0.0405390262604	0.0401349067688	0.0397961139679	0.0385029315948	0.0397670269012	0.0395450592041	0.03968501091	0.0380711555481	0.0387790203094	0.039067029953	0.0384449958801	0.0402247905731	0.0406808853149	0.0386779308319	0.038754940033	0.0421130657196	0.0398309230804	0.0497419834137	0.0390751361847	0.0371029376984	0.038722038269	0.0382511615753	0.0403890609741	0.0364110469818	0.038754940033	0.0504069328308	0.0391659736633	0.0420799255371	0.0377008914948	0.036877155304	0.0366771221161	0.0385758876801	0.0375280380249	0.0378940105438	0.0440609455109	0.0372879505157	0.0497531890869	0.039470911026	0.0383281707764	0.0407309532166	0.0427758693695	0.0360901355743	0.0457408428192	0.0378711223602	0.0363309383392	0.037486076355	0.0366671085358	0.0463490486145	0.0404109954834	
