25_1000_4.9e-10_4.9e-10_470000000_cut_7
25
1000
4.9e-10
4.9e-10
470000000
cut_7
['./treeMaker/main']
0.0509920120239	0.0813500881195	0.0809662342072	0.0612320899963	0.0631530284882	0.0566101074219	0.0649349689484	0.0710511207581	0.0674839019775	0.0618319511414	0.0614969730377	0.0619459152222	0.0609450340271	0.0578730106354	0.0538899898529	0.053375005722	0.0702369213104	0.117312908173	0.0666460990906	0.052277803421	0.0580499172211	0.0536940097809	0.081887960434	0.0823891162872	0.0843820571899	0.0545060634613	0.0687530040741	0.0584669113159	0.0480918884277	0.0471220016479	0.100484848022	0.0655019283295	0.231384038925	0.0700209140778	0.0343599319458	0.0770349502563	0.0649399757385	0.0567820072174	0.0502600669861	0.103014945984	0.0563538074493	0.0775148868561	0.200991153717	0.0580220222473	0.0706691741943	0.0585150718689	0.0314700603485	0.0488269329071	0.0524139404297	0.131076097488	
['./treeMaker/main', '-b']
0.0519587993622	0.0866129398346	0.0853610038757	0.0599830150604	0.0667109489441	0.0555999279022	0.0658230781555	0.0744650363922	0.0709040164948	0.0624649524689	0.0629758834839	0.0628080368042	0.0612120628357	0.0601410865784	0.0547151565552	0.0538818836212	0.0744979381561	0.121697902679	0.0680768489838	0.0557861328125	0.0609929561615	0.0552451610565	0.0741889476776	0.0842339992523	0.086658000946	0.0585310459137	0.0705528259277	0.0623841285706	0.0490829944611	0.0485000610352	0.107208967209	0.066822052002	0.239553928375	0.0659639835358	0.0360658168793	0.0830869674683	0.0669538974762	0.0586500167847	0.0526621341705	0.094523191452	0.0549302101135	0.0817580223083	0.204384088516	0.05779504776	0.0812740325928	0.0600697994232	0.0304818153381	0.0515511035919	0.0500299930573	0.13547205925	
['./treeMaker/main', '-u']
0.0530891418457	0.0814640522003	0.087021112442	0.0597701072693	0.0626730918884	0.0565540790558	0.0654628276825	0.0724251270294	0.0683469772339	0.0604479312897	0.0610320568085	0.0616600513458	0.0606369972229	0.0587220191956	0.0540788173676	0.0521860122681	0.0710439682007	0.117606163025	0.0644071102142	0.0556688308716	0.0582292079926	0.0522468090057	0.0707719326019	0.0830421447754	0.0861911773682	0.055144071579	0.0719389915466	0.0595121383667	0.0494167804718	0.0484280586243	0.103185176849	0.0653948783875	0.231907844543	0.0656390190125	0.0449080467224	0.0787920951843	0.0660951137543	0.0575299263	0.0507447719574	0.0938990116119	0.0676710605621	0.0829300880432	0.200302124023	0.0675578117371	0.0759840011597	0.0590689182281	0.0302119255066	0.0491399765015	0.0508608818054	0.130645036697	
['./treeMaker/main', '-t', '-r', '1']
0.846802949905	1.65831398964	1.56121301651	1.08272194862	1.17124414444	1.01373791695	1.21811199188	1.44029283524	1.24225997925	1.12976002693	1.10485100746	1.15343689919	1.08056211472	1.03223800659	0.94712305069	0.964637994766	1.38767004013	2.24030709267	1.16657710075	0.889409065247	1.05318903923	0.95661687851	1.38407206535	1.69524598122	1.61366391182	0.935496091843	1.40723896027	1.16430401802	0.814512968063	0.817202806473	2.14823508263	1.20690512657	4.54695296288	1.15655303001	0.464564085007	1.62825894356	1.21674489975	1.01578807831	0.862585067749	1.81661200523	0.958214998245	1.53323411942	3.79729795456	0.937279939651	1.52035617828	1.02011394501	0.362015008926	0.869130134583	0.821846961975	2.50966095924	
['./treeMaker/main', '-t', '-r', '2']
1.32022380829	2.61357402802	2.59491991997	1.75195503235	1.81335902214	1.63621377945	1.82890915871	2.16663789749	2.06000208855	1.7466878891	1.83704185486	1.85220098495	1.85102200508	1.73525214195	1.43490099907	1.49616479874	2.1418170929	3.83521199226	1.94978713989	1.44957900047	1.61680817604	1.64578604698	2.13467907906	2.52914595604	2.56849193573	1.60848283768	2.07835221291	1.86022806168	1.24662184715	1.26339793205	3.32225298882	1.91599392891	6.52484679222	1.78364014626	0.750315904617	2.53957891464	1.88897013664	1.53835892677	1.34332084656	2.9157910347	1.58614492416	2.73698401451	6.10219597816	1.4523870945	2.27229189873	1.57485294342	0.563308954239	1.34070587158	1.31735706329	4.14554691315	
['./treeMaker/main', '-t', '-r', '1', '-N']
0.843322992325	1.65861701965	1.57251906395	1.0849480629	1.17544078827	1.01511001587	1.22398114204	1.44254684448	1.24686408043	1.14411687851	1.10453295708	1.16158890724	1.08465099335	1.03208398819	0.95193696022	0.971447944641	1.39513516426	2.26302504539	1.16608500481	0.892081975937	1.05891013145	0.960662126541	1.3837120533	1.69749879837	1.61841011047	0.936370134354	1.41573119164	1.16217589378	0.812902927399	0.800406932831	2.15328907967	1.20833992958	4.55883717537	1.15843605995	0.465887069702	1.63248682022	1.21816802025	1.00953793526	0.863997220993	1.82537293434	0.949208021164	1.54021906853	3.75663304329	0.947999954224	1.52751898766	1.02479314804	0.361711025238	0.876171112061	0.830923080444	2.51539802551	
['./treeMaker/main', '-t', '-r', '2', '-N']
1.31698584557	2.61928892136	2.59901404381	1.75364398956	1.81898903847	1.63669896126	1.82995414734	2.15919613838	2.06833696365	1.71421504021	1.84387993813	1.8503370285	1.84887194633	1.69922089577	1.47239494324	1.50865292549	2.14801716805	3.8340241909	1.94897079468	1.4503159523	1.6178560257	1.63613009453	2.10194587708	2.5304620266	2.57228302956	1.60600614548	2.07990908623	1.86587095261	1.23959589005	1.26410889626	3.32438611984	1.91616106033	6.53421711922	1.76967215538	0.754566192627	2.58220815659	1.88993096352	1.53851389885	1.34567403793	2.89791989326	1.57066893578	2.68774414062	6.06247997284	1.4680378437	2.27817988396	1.57392120361	0.563936948776	1.33623504639	1.32922291756	4.14609313011	
['./treeMaker/main', '-m']
0.0442650318146	0.05992603302	0.0612070560455	0.0465581417084	0.0507221221924	0.0430121421814	0.0486850738525	0.0540790557861	0.051029920578	0.0469188690186	0.0507929325104	0.0489439964294	0.0482671260834	0.0483109951019	0.0437779426575	0.0417020320892	0.0552618503571	0.0779359340668	0.0496129989624	0.0440480709076	0.046196937561	0.0445399284363	0.0524780750275	0.0591819286346	0.0627858638763	0.0443329811096	0.0522050857544	0.047297000885	0.0397729873657	0.0400230884552	0.0686650276184	0.0483798980713	0.110737085342	0.0481128692627	0.0304641723633	0.0583770275116	0.0493860244751	0.0478510856628	0.0399551391602	0.0645370483398	0.0447371006012	0.0574707984924	0.104516983032	0.0547208786011	0.053897857666	0.0460908412933	0.0271389484406	0.0415709018707	0.0408539772034	0.0800619125366	
['./treeMaker/main', '-m', '-b']
0.0451920032501	0.0612490177155	0.0638418197632	0.0492899417877	0.0510549545288	0.0464401245117	0.0528030395508	0.0592498779297	0.0556719303131	0.0502939224243	0.0509321689606	0.0507090091705	0.0625109672546	0.0487468242645	0.056615114212	0.048455953598	0.060830116272	0.0840578079224	0.0553801059723	0.0467658042908	0.0495209693909	0.0445561408997	0.0576679706573	0.0642580986023	0.0661098957062	0.0471460819244	0.0560660362244	0.0486810207367	0.0409510135651	0.0431759357452	0.0741260051727	0.0535290241241	0.132833957672	0.0556020736694	0.0318279266357	0.0619699954987	0.05601811409	0.0476629734039	0.0547931194305	0.0687010288239	0.0458281040192	0.0616290569305	0.113394975662	0.0459220409393	0.0563609600067	0.0484240055084	0.0273199081421	0.0419399738312	0.0426509380341	0.0867989063263	
['./treeMaker/main', '-m', '-w', '1']
0.0417399406433	0.0583701133728	0.0602889060974	0.0466620922089	0.0520288944244	0.0481169223785	0.0497050285339	0.0543661117554	0.0528950691223	0.0469892024994	0.0487561225891	0.0492460727692	0.0489690303802	0.0486319065094	0.0441300868988	0.0414218902588	0.0570869445801	0.0759079456329	0.0544650554657	0.0438528060913	0.0454199314117	0.0435590744019	0.0982398986816	0.0613760948181	0.0662920475006	0.0462930202484	0.0519850254059	0.0477499961853	0.0395410060883	0.0403130054474	0.0692179203033	0.0489809513092	0.112607955933	0.0493180751801	0.0306799411774	0.0598690509796	0.0498030185699	0.0457649230957	0.0420589447021	0.064927816391	0.0447027683258	0.0578620433807	0.10435795784	0.0424509048462	0.054074048996	0.0443031787872	0.0277540683746	0.0409619808197	0.040787935257	0.0811569690704	
['./treeMaker/main', '-m', '-w', '2']
0.0541069507599	0.0598001480103	0.0618197917938	0.0482790470123	0.0504448413849	0.0450599193573	0.0509920120239	0.0539231300354	0.0520839691162	0.0458080768585	0.0478670597076	0.0498719215393	0.0470790863037	0.0467319488525	0.0449349880219	0.0442731380463	0.055025100708	0.0810699462891	0.0512130260468	0.0449020862579	0.0449681282043	0.0440678596497	0.0530860424042	0.0603179931641	0.0622048377991	0.0447101593018	0.0517859458923	0.0466151237488	0.0399250984192	0.0406529903412	0.0682110786438	0.0496609210968	0.113353967667	0.0506989955902	0.0312399864197	0.0590689182281	0.050929069519	0.0571780204773	0.0402801036835	0.0644369125366	0.0450069904327	0.0583870410919	0.10742020607	0.0429270267487	0.0536999702454	0.0459170341492	0.0271401405334	0.041738986969	0.0413482189178	0.0806620121002	
['./treeMaker/main', '-m', '-c', '1']
0.0419628620148	0.0650079250336	0.0609731674194	0.0481359958649	0.0599200725555	0.0559730529785	0.065003156662	0.0652000904083	0.0613930225372	0.046581029892	0.0472710132599	0.0563409328461	0.0487821102142	0.0492401123047	0.0447299480438	0.0435872077942	0.0551979541779	0.0769760608673	0.0515208244324	0.0423309803009	0.046040058136	0.0436820983887	0.0561618804932	0.0602121353149	0.0608839988708	0.0472798347473	0.0513570308685	0.0475180149078	0.0397350788116	0.0407249927521	0.0700650215149	0.0502200126648	0.113013982773	0.0572240352631	0.0304510593414	0.0605840682983	0.0492150783539	0.0451951026917	0.0423939228058	0.0630218982697	0.0445458889008	0.0582230091095	0.104546070099	0.0424787998199	0.0548858642578	0.0464749336243	0.0272388458252	0.0412030220032	0.0408210754395	0.0807909965515	
['./treeMaker/main', '-m', '-c', '2']
0.041759967804	0.0589821338654	0.0599150657654	0.0449728965759	0.0516080856323	0.0455679893494	0.0500409603119	0.0534219741821	0.0637938976288	0.0471088886261	0.0470559597015	0.0489940643311	0.0487670898438	0.0462589263916	0.0514080524445	0.0431098937988	0.0544021129608	0.0751540660858	0.0504868030548	0.044998884201	0.0462210178375	0.0432031154633	0.0528180599213	0.058552980423	0.0615289211273	0.0428969860077	0.0530738830566	0.0460259914398	0.039400100708	0.0403821468353	0.0676021575928	0.0504910945892	0.112241983414	0.0495548248291	0.0303580760956	0.0586581230164	0.0508329868317	0.0451898574829	0.0431609153748	0.0657510757446	0.045893907547	0.0574421882629	0.10826086998	0.041876077652	0.0535118579865	0.0459001064301	0.02476811409	0.0401139259338	0.0403559207916	0.0807840824127	
['./treeMaker/main', '-m', '-a', '1']
0.0447280406952	0.0641582012177	0.0649390220642	0.0482008457184	0.0538539886475	0.0459048748016	0.0543701648712	0.0581851005554	0.0567181110382	0.0483448505402	0.0514280796051	0.0513479709625	0.0524678230286	0.0518820285797	0.056939125061	0.0465970039368	0.0585451126099	0.0816121101379	0.0546610355377	0.0479619503021	0.0500011444092	0.0471708774567	0.0611321926117	0.0739090442657	0.0663161277771	0.0468881130219	0.0680251121521	0.0530781745911	0.0434200763702	0.0421180725098	0.0740962028503	0.0523638725281	0.118511915207	0.0504188537598	0.0335938930511	0.0616180896759	0.0543649196625	0.0487039089203	0.04421210289	0.0690178871155	0.047278881073	0.071958065033	0.109210014343	0.0457010269165	0.0606911182404	0.0489401817322	0.0296790599823	0.0465199947357	0.0454189777374	0.0843658447266	
['./treeMaker/main', '-m', '-a', '2']
0.0420341491699	0.0610489845276	0.0604689121246	0.0450301170349	0.0513439178467	0.0444979667664	0.0513751506805	0.0536980628967	0.0513229370117	0.0470390319824	0.0475840568542	0.0488319396973	0.046847820282	0.0466749668121	0.043909072876	0.0413749217987	0.0545198917389	0.077171087265	0.0551459789276	0.0451989173889	0.0467050075531	0.0446240901947	0.0548541545868	0.0584738254547	0.0608611106873	0.0414931774139	0.0541210174561	0.0583851337433	0.0394339561462	0.0404269695282	0.0679159164429	0.0488848686218	0.112680196762	0.049400806427	0.0402319431305	0.0587708950043	0.053573846817	0.0439250469208	0.04132604599	0.0642788410187	0.0543711185455	0.0578420162201	0.108297109604	0.0442860126495	0.0541667938232	0.0461301803589	0.024827003479	0.0458068847656	0.044233083725	0.0813472270966	
