25_1000_4.9e-10_4.9e-10_470000000_cut_8
25
1000
4.9e-10
4.9e-10
470000000
cut_8
['./treeMaker/main']
0.0495059490204	0.0808751583099	0.0828351974487	0.0570981502533	0.0722498893738	0.0556559562683	0.0604379177094	0.0693080425262	0.0669529438019	0.0586149692535	0.0589599609375	0.0599398612976	0.0586731433868	0.0560388565063	0.0635421276093	0.0507750511169	0.0700299739838	0.123985052109	0.0655970573425	0.0513968467712	0.0598540306091	0.0539541244507	0.0725688934326	0.0839989185333	0.0838050842285	0.0518589019775	0.0683741569519	0.0585491657257	0.0461010932922	0.0477049350739	0.103128194809	0.0622339248657	0.236121892929	0.0589871406555	0.0322370529175	0.0810611248016	0.0633318424225	0.0558471679688	0.0487420558929	0.0918898582458	0.0497968196869	0.0769648551941	0.200008869171	0.0511088371277	0.0696120262146	0.054829120636	0.0261628627777	0.0473659038544	0.0470488071442	0.130798101425	
['./treeMaker/main', '-b']
0.0516159534454	0.083477973938	0.0844271183014	0.0601460933685	0.0632319450378	0.0684008598328	0.0660040378571	0.0745480060577	0.0736470222473	0.0731539726257	0.0677058696747	0.0656080245972	0.0739340782166	0.0703530311584	0.0580749511719	0.0544440746307	0.0725860595703	0.125037908554	0.0681250095367	0.0551280975342	0.0641651153564	0.0562291145325	0.0732269287109	0.0905849933624	0.0869538784027	0.0541081428528	0.0728719234467	0.0634341239929	0.0477561950684	0.05020403862	0.106934070587	0.0674920082092	0.245148181915	0.0622200965881	0.0341379642487	0.0838720798492	0.0653438568115	0.0564091205597	0.0495932102203	0.0957188606262	0.0533101558685	0.0784049034119	0.206703186035	0.0549039840698	0.0746078491211	0.05801820755	0.0288619995117	0.0487780570984	0.0470581054688	0.13241481781	
['./treeMaker/main', '-u']
0.0502979755402	0.0812170505524	0.0823109149933	0.0572898387909	0.0644829273224	0.0536880493164	0.0635838508606	0.0712280273438	0.0679039955139	0.0593030452728	0.0619950294495	0.0619459152222	0.060516834259	0.0567979812622	0.0539298057556	0.0519449710846	0.0693509578705	0.118385076523	0.0704810619354	0.0518522262573	0.0601589679718	0.0554971694946	0.0724351406097	0.0843689441681	0.0838921070099	0.0517070293427	0.0696649551392	0.0592858791351	0.0472910404205	0.0473701953888	0.102590084076	0.0654489994049	0.237842082977	0.0599210262299	0.0334529876709	0.0826930999756	0.0647919178009	0.0552799701691	0.046865940094	0.0919909477234	0.0511698722839	0.0775508880615	0.197596073151	0.0543859004974	0.0699079036713	0.0553541183472	0.0276761054993	0.0478858947754	0.0479249954224	0.133177042007	
['./treeMaker/main', '-t', '-r', '1']
0.84210896492	1.56985783577	1.52266907692	1.03602910042	1.14675998688	0.971723079681	1.17130184174	1.40973877907	1.22134518623	1.10119080544	1.07246398926	1.09871315956	1.03599095345	0.995068073273	0.939476013184	1.07434797287	1.36080813408	2.32466602325	1.16834783554	0.874381065369	1.11302185059	0.965350866318	1.38582110405	1.60390305519	1.55965685844	0.876491069794	1.40284895897	1.13869094849	0.773113012314	0.77307677269	2.08636593819	1.19970798492	4.43661499023	1.10942912102	0.451391935349	1.47882795334	1.17303204536	1.00004506111	0.809154033661	1.80740904808	0.892747879028	1.45948910713	3.65814495087	0.894790172577	1.43735313416	0.988736867905	0.340829849243	0.845104932785	0.765889167786	2.30055093765	
['./treeMaker/main', '-t', '-r', '2']
1.38125300407	2.56297898293	2.60753178596	1.69183397293	1.78780078888	1.58364200592	1.78193688393	2.11141490936	2.08050680161	1.68744492531	1.90912890434	1.77884101868	1.80981397629	1.668612957	1.44007086754	1.45507216454	2.14800786972	3.8941090107	2.02514386177	1.45729923248	1.77051520348	1.68408799171	2.22348499298	2.65382313728	2.58421492577	1.53744196892	2.16868901253	1.93137598038	1.20467710495	1.27087020874	3.30791497231	1.94984388351	6.66209697723	1.78395199776	0.747439146042	2.67543411255	1.88948082924	1.50072097778	1.30578708649	2.93985795975	1.49671506882	2.57509899139	6.07482099533	1.40919613838	2.2978811264	1.54478287697	0.528938055038	1.32957315445	1.27723312378	4.09762191772	
['./treeMaker/main', '-t', '-r', '1', '-N']
0.843759059906	1.58215594292	1.52504706383	1.0412940979	1.15066313744	0.968968868256	1.17634510994	1.37473201752	1.22134208679	1.10412096977	1.07006216049	1.0974779129	1.03416514397	0.996132135391	0.943222999573	0.926380872726	1.33752584457	2.23312401772	1.16952896118	0.876829147339	1.11796593666	0.963931798935	1.38521695137	1.61908483505	1.56160902977	0.882812023163	1.39382195473	1.14317798615	0.774419784546	0.774385929108	2.08967494965	1.19833493233	4.45277404785	1.11451196671	0.454674005508	1.48309397697	1.18261384964	0.974460840225	0.809365987778	1.81418800354	0.891226053238	1.47114992142	3.64152002335	0.894993066788	1.42882394791	0.979229927063	0.341237068176	0.848224878311	0.766615867615	2.3057410717	
['./treeMaker/main', '-t', '-r', '2', '-N']
1.37943696976	2.56001710892	2.61047792435	1.69954919815	1.7921628952	1.58179998398	1.78606510162	2.11851215363	2.08403396606	1.69234800339	1.87567090988	1.77929806709	1.81796002388	1.67189002037	1.44153189659	1.475522995	2.15009999275	3.90131497383	2.02614092827	1.44491791725	1.77081799507	1.69127678871	2.22440195084	2.64176297188	2.58891201019	1.53957295418	2.09525299072	1.93243598938	1.20318102837	1.27311301231	3.30434393883	1.93301081657	6.66733694077	1.81069111824	0.751211881638	2.66289305687	1.88841199875	1.52278709412	1.29840087891	2.94448781013	1.49361491203	2.57143211365	6.05802297592	1.40857005119	2.2397480011	1.54103589058	0.532353162766	1.33812999725	1.27759289742	4.0979039669	
['./treeMaker/main', '-m']
0.0434031486511	0.0613119602203	0.0606489181519	0.0462369918823	0.048141002655	0.0437309741974	0.0494830608368	0.0541310310364	0.0639419555664	0.0477290153503	0.0462689399719	0.0486419200897	0.0479371547699	0.0467000007629	0.0443429946899	0.0411651134491	0.0549261569977	0.0772318840027	0.0491280555725	0.0441708564758	0.0477440357208	0.0439519882202	0.0546810626984	0.0616130828857	0.0619299411774	0.0406579971313	0.0540330410004	0.0480308532715	0.0398581027985	0.0413229465485	0.0677511692047	0.0483918190002	0.112661123276	0.046875	0.0297858715057	0.0591950416565	0.049232006073	0.0432298183441	0.0427498817444	0.0655481815338	0.0440809726715	0.0608320236206	0.102922916412	0.0440850257874	0.0551209449768	0.0442631244659	0.0370237827301	0.0405688285828	0.0390799045563	0.0805840492249	
['./treeMaker/main', '-m', '-b']
0.0445919036865	0.0619690418243	0.0639338493347	0.0494339466095	0.0544772148132	0.0459980964661	0.0530688762665	0.0574550628662	0.0556330680847	0.0468780994415	0.050525188446	0.0504400730133	0.0492660999298	0.0483860969543	0.0458707809448	0.0447058677673	0.0567700862885	0.0813779830933	0.0541038513184	0.045501947403	0.0483009815216	0.0461220741272	0.057804107666	0.0649170875549	0.0643618106842	0.0450339317322	0.0566310882568	0.051069021225	0.0387208461761	0.0417621135712	0.0726118087769	0.0534298419952	0.120344877243	0.0493359565735	0.0324800014496	0.0644400119781	0.0499198436737	0.0470170974731	0.040892124176	0.0684289932251	0.0455570220947	0.0621790885925	0.112195968628	0.0446350574493	0.0569679737091	0.0480890274048	0.0270900726318	0.0427958965302	0.0409231185913	0.0884199142456	
['./treeMaker/main', '-m', '-w', '1']
0.0408129692078	0.057196855545	0.0602161884308	0.0471839904785	0.04953789711	0.0470499992371	0.0492868423462	0.0545101165771	0.0532379150391	0.0459990501404	0.046480178833	0.0477991104126	0.0485851764679	0.0462100505829	0.0461540222168	0.040764093399	0.0541038513184	0.0781590938568	0.0489230155945	0.0450150966644	0.0486700534821	0.0446078777313	0.0524940490723	0.0624089241028	0.0619130134583	0.0405979156494	0.0540461540222	0.0476012229919	0.038987159729	0.0412781238556	0.0674750804901	0.048975944519	0.114192008972	0.0485520362854	0.0305559635162	0.0619931221008	0.0494949817657	0.0437848567963	0.038959980011	0.0646579265594	0.0421721935272	0.0559499263763	0.110433101654	0.0441699028015	0.0535969734192	0.0462090969086	0.0266308784485	0.0414161682129	0.0414011478424	0.0830478668213	
['./treeMaker/main', '-m', '-w', '2']
0.0434558391571	0.0599269866943	0.0596108436584	0.05535197258	0.050418138504	0.0560669898987	0.050313949585	0.0661160945892	0.0527868270874	0.046404838562	0.0483140945435	0.0473148822784	0.0465738773346	0.0465788841248	0.0444660186768	0.0439889431	0.0555808544159	0.0761988162994	0.0498719215393	0.04474401474	0.0481560230255	0.0510408878326	0.055319070816	0.0628089904785	0.0624718666077	0.0431401729584	0.057060956955	0.0480000972748	0.0386140346527	0.0398869514465	0.0672068595886	0.0516397953033	0.11283993721	0.0485179424286	0.0291900634766	0.0623898506165	0.0497620105743	0.0452480316162	0.0389430522919	0.0634868144989	0.0435829162598	0.0576322078705	0.104063987732	0.0437979698181	0.0552229881287	0.0570101737976	0.0262808799744	0.0395259857178	0.0390329360962	0.0844190120697	
['./treeMaker/main', '-m', '-c', '1']
0.0431678295135	0.0572149753571	0.0611159801483	0.0468919277191	0.048623085022	0.0443961620331	0.0493679046631	0.0539910793304	0.0529079437256	0.0449800491333	0.0479869842529	0.0491979122162	0.047061920166	0.0466120243073	0.0449588298798	0.0435872077942	0.0555000305176	0.0778961181641	0.0488698482513	0.0436010360718	0.0498089790344	0.0437099933624	0.0644869804382	0.0610020160675	0.0615890026093	0.045196056366	0.0537910461426	0.0483870506287	0.0406439304352	0.0417141914368	0.0726199150085	0.0511589050293	0.115117073059	0.0579929351807	0.0303230285645	0.0613081455231	0.0493412017822	0.0460059642792	0.0395290851593	0.0648009777069	0.0407040119171	0.0567529201508	0.104869127274	0.0427939891815	0.0536880493164	0.0449478626251	0.0262501239777	0.0465748310089	0.0400900840759	0.0803599357605	
['./treeMaker/main', '-m', '-c', '2']
0.0403439998627	0.0581469535828	0.0591411590576	0.0461299419403	0.0486810207367	0.0437259674072	0.0493609905243	0.0526280403137	0.0532858371735	0.0459911823273	0.0478920936584	0.0479159355164	0.048131942749	0.0462889671326	0.044420003891	0.0419809818268	0.0650210380554	0.0771780014038	0.0490410327911	0.0443229675293	0.0476810932159	0.0446538925171	0.0526208877563	0.0711708068848	0.0620799064636	0.04217004776	0.054624080658	0.0487720966339	0.0404841899872	0.0523500442505	0.0692739486694	0.0518319606781	0.113512039185	0.0488209724426	0.0311539173126	0.0626118183136	0.0492649078369	0.0452210903168	0.0387709140778	0.0748989582062	0.0522439479828	0.0573608875275	0.105638027191	0.0429220199585	0.0657298564911	0.0471842288971	0.026652097702	0.0392379760742	0.0410521030426	0.0842740535736	
['./treeMaker/main', '-m', '-a', '1']
0.0433309078217	0.0633211135864	0.0639019012451	0.0503001213074	0.0514190196991	0.0496771335602	0.0540370941162	0.0665981769562	0.0566389560699	0.0489540100098	0.0636439323425	0.0510997772217	0.052267074585	0.0505859851837	0.0482840538025	0.0457119941711	0.0576541423798	0.0809271335602	0.0556728839874	0.0473818778992	0.0515940189362	0.0470070838928	0.0575649738312	0.0678360462189	0.0634410381317	0.0454318523407	0.0568599700928	0.0529441833496	0.0403101444244	0.0445439815521	0.0731821060181	0.054408788681	0.117522954941	0.049998998642	0.0347230434418	0.0645761489868	0.0510568618774	0.0482370853424	0.0435571670532	0.0682849884033	0.0460779666901	0.0591089725494	0.105804920197	0.0469861030579	0.0569491386414	0.0486619472504	0.027468919754	0.0417251586914	0.0445771217346	0.0841600894928	
['./treeMaker/main', '-m', '-a', '2']
0.0412600040436	0.0587449073792	0.0598249435425	0.0462498664856	0.0514309406281	0.0448648929596	0.0528881549835	0.0543451309204	0.0535931587219	0.0465099811554	0.0479769706726	0.0480928421021	0.0482699871063	0.0460851192474	0.0446879863739	0.0437951087952	0.052346944809	0.0766010284424	0.049252986908	0.0441439151764	0.0477888584137	0.0437488555908	0.0553240776062	0.0596981048584	0.0621919631958	0.0434398651123	0.0529160499573	0.0481929779053	0.0372929573059	0.0387501716614	0.0667209625244	0.0511841773987	0.112132072449	0.0484638214111	0.0316250324249	0.0619909763336	0.0497448444366	0.0458250045776	0.0397510528564	0.0655472278595	0.0502688884735	0.0573229789734	0.102616071701	0.0438930988312	0.0537350177765	0.0448398590088	0.0273358821869	0.0402879714966	0.0385618209839	0.0808861255646	
