25_1000_0_0_470000000
25
1000
0
0
470000000

['./treeMaker/main']
0.0369458198547	0.03968501091	0.0357267856598	0.0371830463409	0.0372819900513	0.0416281223297	0.0366179943085	0.0388240814209	0.0379781723022	0.0459799766541	0.0379559993744	0.0386350154877	0.0382740497589	0.0373291969299	0.0385901927948	0.0371918678284	0.0354290008545	0.0373420715332	0.0372660160065	0.0375649929047	0.0355191230774	0.04079413414	0.0382339954376	0.0355060100555	0.0375819206238	0.0393388271332	0.0369448661804	0.0373129844666	0.0377910137177	0.0376977920532	0.0370519161224	0.0368819236755	0.0378561019897	0.0526251792908	0.047239780426	0.0367040634155	0.0383031368256	0.0388140678406	0.0382211208344	0.0377879142761	0.0500178337097	0.0386340618134	0.0398030281067	0.0486149787903	0.037278175354	0.0380239486694	0.0366899967194	0.0375947952271	0.0361571311951	0.0371379852295	
['./treeMaker/main', '-b']
0.0412919521332	0.0383388996124	0.0376281738281	0.04150390625	0.0393149852753	0.0496850013733	0.0406160354614	0.0408718585968	0.0398731231689	0.0411539077759	0.0419039726257	0.0438868999481	0.0430278778076	0.0413429737091	0.0398981571198	0.0476889610291	0.0452530384064	0.0406498908997	0.0413670539856	0.039874792099	0.0398299694061	0.0407910346985	0.0378739833832	0.0402989387512	0.0436501502991	0.0418860912323	0.0397341251373	0.0423431396484	0.0403161048889	0.0437040328979	0.0444240570068	0.0409018993378	0.0396950244904	0.0442650318146	0.0377678871155	0.0384931564331	0.0409650802612	0.0398120880127	0.0402190685272	0.0401768684387	0.0418739318848	0.0390939712524	0.0392420291901	0.0400459766388	0.0391008853912	0.0491061210632	0.0399689674377	0.040323972702	0.040225982666	0.0389709472656	
['./treeMaker/main', '-u']
0.0385499000549	0.0396962165833	0.038733959198	0.0407950878143	0.0393941402435	0.0479738712311	0.0398049354553	0.0416889190674	0.0400609970093	0.040981054306	0.0401039123535	0.0402760505676	0.0379259586334	0.0453808307648	0.0430829524994	0.0398261547089	0.0380580425262	0.0380730628967	0.0558359622955	0.0368139743805	0.0379841327667	0.0412409305573	0.0391299724579	0.0394079685211	0.0414218902588	0.0386579036713	0.0372259616852	0.0375118255615	0.0390570163727	0.0391080379486	0.0381419658661	0.0388810634613	0.0402767658234	0.0476350784302	0.0408580303192	0.0407898426056	0.0400350093842	0.0403389930725	0.0413508415222	0.0402729511261	0.0418949127197	0.0389540195465	0.0400421619415	0.0420868396759	0.0401411056519	0.0386209487915	0.0402510166168	0.0403909683228	0.0518300533295	0.0386891365051	
['./treeMaker/main', '-t', '-r', '1']
0.362252950668	0.367511987686	0.338351964951	0.339652776718	0.337391853333	0.36055803299	0.340303182602	0.360430955887	0.355358123779	0.35492515564	0.340944051743	0.356909990311	0.350593090057	0.348111152649	0.339968919754	0.33921790123	0.340856075287	0.372199058533	0.338338851929	0.348963022232	0.34991312027	0.341654062271	0.340097904205	0.339741945267	0.368388175964	0.361824989319	0.346230983734	0.344670057297	0.361309051514	0.364912033081	0.356159925461	0.336703062057	0.359674930573	0.357815027237	0.347517967224	0.353175163269	0.365803956985	0.355535984039	0.338866233826	0.336858987808	0.345036029816	0.355967998505	0.357339143753	0.340636968613	0.370005130768	0.347702026367	0.353734970093	0.346529960632	0.344170808792	0.339751958847	
['./treeMaker/main', '-t', '-r', '2']
0.411870002747	0.408651828766	0.410444021225	0.411506891251	0.399971961975	0.407871007919	0.393619060516	0.414973020554	0.42947602272	0.406461000443	0.404255151749	0.388384103775	0.405418157578	0.416841983795	0.404793024063	0.404229164124	0.417280912399	0.416839838028	0.398422002792	0.420170068741	0.414521932602	0.41317987442	0.425456047058	0.385999917984	0.417936086655	0.398227930069	0.386587142944	0.390410900116	0.417325973511	0.39607000351	0.394791126251	0.397837162018	0.397938966751	0.392070055008	0.394288063049	0.419072151184	0.397078037262	0.400454044342	0.425211906433	0.413496017456	0.416362047195	0.410172939301	0.425428152084	0.409878969193	0.408708810806	0.419481992722	0.41442489624	0.419181108475	0.387665987015	0.395431041718	
['./treeMaker/main', '-t', '-r', '1', '-N']
0.338563919067	0.351889133453	0.34725189209	0.338836193085	0.338299036026	0.356682062149	0.364579916	0.357725143433	0.355608940125	0.352494001389	0.359918832779	0.337727069855	0.354127168655	0.336558103561	0.33800983429	0.337932825089	0.339689016342	0.337018013	0.340032100677	0.362755060196	0.365172147751	0.357823133469	0.339525938034	0.367468118668	0.340182065964	0.351634979248	0.349063873291	0.357068061829	0.340492963791	0.338832855225	0.363566875458	0.353973865509	0.353589057922	0.345528125763	0.347629070282	0.346102952957	0.340218782425	0.348620891571	0.358001947403	0.361196041107	0.340351819992	0.356631994247	0.341732978821	0.337800979614	0.343811035156	0.340979814529	0.341120004654	0.346628189087	0.341813087463	0.361665010452	
['./treeMaker/main', '-t', '-r', '2', '-N']
0.413589000702	0.385802984238	0.413307905197	0.397906064987	0.392333030701	0.418504953384	0.425041913986	0.408360958099	0.398619890213	0.405874967575	0.404788017273	0.388700962067	0.420601844788	0.404728889465	0.399705171585	0.421793937683	0.391093015671	0.392095088959	0.417752027512	0.422700881958	0.400887966156	0.396072149277	0.41624712944	0.40213394165	0.403278112411	0.386698007584	0.387194871902	0.388803958893	0.409103155136	0.396486997604	0.427604913712	0.404648065567	0.409717082977	0.391256093979	0.404575824738	0.408603906631	0.421777963638	0.430809020996	0.416325092316	0.415572881699	0.401032924652	0.401607036591	0.397953987122	0.389507055283	0.38418006897	0.39532995224	0.394482851028	0.39762711525	0.400681972504	0.39523601532	
['./treeMaker/main', '-m']
0.0520639419556	0.0345058441162	0.0343191623688	0.0344321727753	0.0395710468292	0.0369760990143	0.0352251529694	0.0341651439667	0.0341711044312	0.0346100330353	0.0345730781555	0.0371468067169	0.0480010509491	0.0365540981293	0.0364141464233	0.0380120277405	0.0447418689728	0.0379428863525	0.0413789749146	0.0362141132355	0.0383977890015	0.0390889644623	0.0371029376984	0.0370841026306	0.0385501384735	0.0374212265015	0.0464191436768	0.0409500598907	0.0373771190643	0.0360469818115	0.0389051437378	0.0381639003754	0.0375978946686	0.0379638671875	0.0379848480225	0.0425250530243	0.0391488075256	0.0396299362183	0.0414340496063	0.0370481014252	0.036544084549	0.0360589027405	0.0393948554993	0.0341989994049	0.0374000072479	0.0371530056	0.0358729362488	0.0371980667114	0.0373649597168	0.036110162735	
['./treeMaker/main', '-m', '-b']
0.0367028713226	0.0372650623322	0.0437760353088	0.0376570224762	0.0359811782837	0.0370531082153	0.036731004715	0.0361959934235	0.0373301506042	0.0371859073639	0.0379500389099	0.0368890762329	0.0367929935455	0.0378549098969	0.0376498699188	0.037398815155	0.0379359722137	0.0408890247345	0.0376510620117	0.0372021198273	0.0364310741425	0.0418970584869	0.0388231277466	0.0387699604034	0.0385921001434	0.0366289615631	0.0378558635712	0.0377600193024	0.0380289554596	0.0357887744904	0.0461039543152	0.0382571220398	0.0387020111084	0.0382280349731	0.0423138141632	0.0420868396759	0.03724193573	0.0361530780792	0.0387620925903	0.0386610031128	0.0393400192261	0.0381581783295	0.037663936615	0.0412230491638	0.0398950576782	0.0384171009064	0.0427510738373	0.038831949234	0.03773188591	0.041620016098	
['./treeMaker/main', '-m', '-w', '1']
0.0441830158234	0.0370059013367	0.0424098968506	0.0396101474762	0.0375349521637	0.0383670330048	0.038635969162	0.0402548313141	0.0365009307861	0.0373921394348	0.0370941162109	0.0368409156799	0.0385129451752	0.0379710197449	0.0353860855103	0.0373339653015	0.0361211299896	0.038302898407	0.0422329902649	0.0378959178925	0.0376658439636	0.0411429405212	0.0388059616089	0.039736032486	0.0421240329742	0.0382199287415	0.0387802124023	0.0405628681183	0.0501019954681	0.0393760204315	0.0411541461945	0.0372710227966	0.0471580028534	0.0425980091095	0.0383870601654	0.0455470085144	0.0374598503113	0.0378839969635	0.0369551181793	0.0489540100098	0.0399928092957	0.0495889186859	0.0377099514008	0.0372800827026	0.038204908371	0.0368409156799	0.0382797718048	0.0372679233551	0.0403859615326	0.0364809036255	
['./treeMaker/main', '-m', '-w', '2']
0.035915851593	0.0365951061249	0.0364501476288	0.0356848239899	0.0386209487915	0.0374341011047	0.0366621017456	0.037584066391	0.037859916687	0.0429151058197	0.0365040302277	0.037798166275	0.0369701385498	0.0364649295807	0.0368750095367	0.047847032547	0.0376720428467	0.037750005722	0.036698102951	0.0365738868713	0.0461568832397	0.0392968654633	0.0369601249695	0.0386111736298	0.038008928299	0.0517048835754	0.0370221138	0.0415699481964	0.0401990413666	0.0352511405945	0.0369229316711	0.0376060009003	0.0365378856659	0.0363600254059	0.0369999408722	0.0398120880127	0.0371601581573	0.0368089675903	0.0370721817017	0.0367720127106	0.039402961731	0.0384140014648	0.0381729602814	0.0381898880005	0.0383040904999	0.0384340286255	0.0380640029907	0.03861784935	0.0379319190979	0.0400538444519	
['./treeMaker/main', '-m', '-c', '1']
0.0409049987793	0.0378749370575	0.0369501113892	0.0405719280243	0.0367290973663	0.0366928577423	0.0362319946289	0.0374200344086	0.0413990020752	0.042191028595	0.0360682010651	0.0361158847809	0.03737616539	0.0356478691101	0.0369288921356	0.0470349788666	0.0379400253296	0.0389988422394	0.0404970645905	0.0370290279388	0.0352640151978	0.0400168895721	0.0364229679108	0.0505480766296	0.0486791133881	0.0382051467896	0.0381820201874	0.0435440540314	0.0376119613647	0.0374338626862	0.0422098636627	0.046854019165	0.0380859375	0.0420939922333	0.0355339050293	0.0379979610443	0.0491631031036	0.0372998714447	0.0366480350494	0.0365860462189	0.0373888015747	0.0383031368256	0.0382730960846	0.0470471382141	0.0415601730347	0.03773188591	0.0481660366058	0.0374109745026	0.0379681587219	0.0374598503113	
['./treeMaker/main', '-m', '-c', '2']
0.0372109413147	0.0473351478577	0.0460708141327	0.0362260341644	0.0393869876862	0.0373339653015	0.037791967392	0.0377049446106	0.037526845932	0.0384159088135	0.0405969619751	0.0376319885254	0.0377979278564	0.0378670692444	0.0377621650696	0.0373060703278	0.0464389324188	0.0422558784485	0.0369410514832	0.0373780727386	0.0385839939117	0.0374431610107	0.0371971130371	0.0387940406799	0.0413780212402	0.0409739017487	0.0369889736176	0.0404598712921	0.0397891998291	0.0369050502777	0.0371029376984	0.0367610454559	0.0372409820557	0.0359148979187	0.0369069576263	0.0385589599609	0.038938999176	0.036239862442	0.0369920730591	0.0376100540161	0.0360028743744	0.0388870239258	0.0363810062408	0.0378949642181	0.037810087204	0.037281036377	0.037976026535	0.0369009971619	0.0374000072479	0.0378539562225	
['./treeMaker/main', '-m', '-a', '1']
0.056587934494	0.0530660152435	0.0602011680603	0.0538158416748	0.0537898540497	0.0511109828949	0.0540838241577	0.052384853363	0.0534331798553	0.0552499294281	0.0686850547791	0.0589079856873	0.0572769641876	0.0522880554199	0.0545120239258	0.053836107254	0.0533878803253	0.0523538589478	0.0551898479462	0.0544970035553	0.0533349514008	0.0550239086151	0.0553410053253	0.0515439510345	0.0560510158539	0.0509669780731	0.0545270442963	0.0565869808197	0.051017999649	0.0531320571899	0.0558021068573	0.0527901649475	0.0597188472748	0.0535559654236	0.0538291931152	0.0521721839905	0.0552489757538	0.0538749694824	0.0531737804413	0.0527758598328	0.0537648200989	0.0528228282928	0.0534381866455	0.0526070594788	0.055643081665	0.0548210144043	0.05522108078	0.0555658340454	0.0529470443726	0.0543899536133	
['./treeMaker/main', '-m', '-a', '2']
0.0381791591644	0.0392239093781	0.0403060913086	0.039745092392	0.0375120639801	0.0427389144897	0.0379841327667	0.0384168624878	0.0390410423279	0.0449340343475	0.0421221256256	0.0374479293823	0.0420391559601	0.0385890007019	0.0387341976166	0.0386109352112	0.0387260913849	0.0390419960022	0.0411720275879	0.0376601219177	0.040510892868	0.0385141372681	0.0383579730988	0.0379040241241	0.0392417907715	0.0372729301453	0.038910150528	0.0436270236969	0.0403060913086	0.0359840393066	0.0376009941101	0.0370008945465	0.0381188392639	0.0364179611206	0.0376348495483	0.0478789806366	0.0410008430481	0.0407481193542	0.0362260341644	0.049546957016	0.040109872818	0.0406248569489	0.0376830101013	0.046669960022	0.0352458953857	0.0366959571838	0.0364220142365	0.0354871749878	0.0374000072479	0.0384709835052	
