25_1000_1.9e-10_1.9e-10_470000000
25
1000
1.9e-10
1.9e-10
470000000

['./treeMaker/main']
0.0863931179047	0.100054979324	0.0987179279327	0.102697849274	0.0835249423981	0.102650880814	0.101428985596	0.101881027222	0.0900719165802	0.092658996582	0.15443778038	0.106562852859	0.117784976959	0.0827310085297	0.0869290828705	0.0913119316101	0.0906589031219	0.093024969101	0.104444026947	0.0937781333923	0.0869450569153	0.0955810546875	0.0955400466919	0.116775989532	0.102400064468	0.0894930362701	0.090390920639	0.0963380336761	0.103631973267	0.0982999801636	0.0718760490417	0.0872838497162	0.0880858898163	0.103763103485	0.0895791053772	0.117002010345	0.100902080536	0.0900309085846	0.100118875504	0.0892589092255	0.0913741588593	0.110296964645	0.130707025528	0.103430986404	0.104301929474	0.0882339477539	0.110895872116	0.0842368602753	0.074373960495	0.136562824249	
['./treeMaker/main', '-b']
0.0959949493408	0.109575033188	0.0886459350586	0.100779056549	0.0835161209106	0.126277208328	0.0871839523315	0.107438087463	0.0914890766144	0.100533008575	0.163220882416	0.116828918457	0.125597000122	0.0942199230194	0.0888211727142	0.0851500034332	0.104840040207	0.100426912308	0.112649917603	0.0885140895844	0.0818009376526	0.102669000626	0.101239919662	0.111618995667	0.111670970917	0.0950078964233	0.0975141525269	0.101258039474	0.0999569892883	0.093111038208	0.0883078575134	0.0921568870544	0.102796077728	0.0983300209045	0.0937030315399	0.127458095551	0.0941569805145	0.097571849823	0.0999360084534	0.114318132401	0.084498167038	0.102723121643	0.130643129349	0.105093002319	0.0974941253662	0.0946049690247	0.115950107574	0.0949869155884	0.0923931598663	0.116874933243	
['./treeMaker/main', '-u']
0.0826578140259	0.0977420806885	0.0865061283112	0.0889499187469	0.0872941017151	0.112658023834	0.0968189239502	0.0826451778412	0.0813980102539	0.0954420566559	0.156622171402	0.104173898697	0.124832868576	0.0866749286652	0.0915079116821	0.10604095459	0.0932428836823	0.0942051410675	0.112854003906	0.0927929878235	0.0907800197601	0.0964651107788	0.0975708961487	0.116738080978	0.103052139282	0.0918970108032	0.105921030045	0.102530002594	0.101876974106	0.0832209587097	0.0934300422668	0.0894370079041	0.0889711380005	0.0960049629211	0.10132598877	0.123865127563	0.0958180427551	0.086049079895	0.0892000198364	0.119395971298	0.0998301506042	0.109580039978	0.121391057968	0.0954821109772	0.101989030838	0.0872101783752	0.106239080429	0.0773589611053	0.0825781822205	0.131193876266	
['./treeMaker/main', '-t', '-r', '1']
0.94598197937	1.13076806068	1.00876092911	1.12703514099	0.923825979233	1.38669395447	1.07208609581	1.15530610085	0.97952413559	1.08302402496	1.92816305161	1.19065785408	1.49329805374	0.92901802063	0.95835018158	1.03855609894	1.08241891861	1.04505300522	1.24223399162	0.9866938591	1.00448393822	0.989158153534	1.11233711243	1.38672995567	1.24088287354	0.936484098434	1.13911604881	1.04905891418	1.12513995171	1.00819301605	0.913973808289	0.936138153076	0.959450960159	1.28309202194	1.06084108353	1.39412093163	1.11746406555	0.99277806282	1.0951359272	1.33535695076	1.17431688309	1.18321704865	1.5950820446	1.289757967	1.05998396873	0.923590183258	1.31871294975	0.94637799263	0.82170009613	1.55678915977	
['./treeMaker/main', '-t', '-r', '2']
1.45904707909	1.82870602608	1.61929297447	1.81742787361	1.40901684761	2.31145787239	1.79040694237	1.83149504662	1.64375185966	1.70178484917	3.65430307388	2.05056095123	2.69614100456	1.42361593246	1.54143309593	1.59158182144	1.69790792465	1.71294903755	1.94061303139	1.58413791656	1.57140207291	1.76106500626	1.82533192635	2.31925082207	2.04742598534	1.57362008095	1.65517497063	1.3663918972	1.5638461113	1.34033703804	1.22249817848	1.23515915871	1.28302001953	1.60032105446	1.38808894157	1.91213488579	1.48483014107	1.33459591866	1.43400502205	1.94583487511	1.67687296867	1.55734395981	2.09970211983	1.71035194397	1.37813019753	1.24217915535	1.86305499077	1.19545888901	1.04169201851	2.14295697212	
['./treeMaker/main', '-t', '-r', '1', '-N']
0.784524917603	0.964215040207	0.79141497612	0.910691976547	0.756888151169	1.16894578934	0.863885879517	0.97546505928	0.780407905579	0.862487792969	1.58511996269	1.00641894341	1.23814797401	0.74680685997	0.797729969025	0.881829023361	0.91050696373	0.856058120728	1.05976700783	0.810586929321	0.795222043991	0.772078037262	0.93838596344	1.20146203041	1.04391789436	0.777192115784	0.972169160843	0.843416929245	0.929854154587	0.830525875092	0.763827085495	0.748074054718	0.841822147369	1.04972481728	0.893690109253	1.17688107491	0.941244125366	0.829123020172	0.908616065979	1.12816500664	0.950545072556	0.962203979492	1.30278682709	1.06904697418	0.87472486496	0.785525083542	1.09595108032	0.786312103271	0.664271116257	1.24840688705	
['./treeMaker/main', '-t', '-r', '2', '-N']
1.22367310524	1.50812315941	1.38971996307	1.49635601044	1.18263292313	1.87337708473	1.42593002319	1.52393198013	1.33959197998	1.4177069664	2.9731760025	1.68845820427	2.23064494133	1.15865302086	1.23625302315	1.31025695801	1.34552812576	1.40857791901	1.60676693916	1.31874012947	1.24432110786	1.42880797386	1.48772311211	1.88228988647	1.67909193039	1.3142991066	1.49973011017	1.3685669899	1.6242620945	1.37641310692	1.22562003136	1.2525138855	1.26877498627	1.57062315941	1.37415480614	1.97468400002	1.49399280548	1.33969497681	1.46801781654	1.87721705437	1.63398313522	1.59933781624	2.11094689369	1.68192219734	1.40226411819	1.26731491089	1.87122797966	1.18243408203	1.05601501465	2.15527796745	
['./treeMaker/main', '-m']
0.0515170097351	0.0571990013123	0.0574581623077	0.0565950870514	0.0521569252014	0.0636568069458	0.0567150115967	0.0571150779724	0.0545151233673	0.0544209480286	0.0785830020905	0.0610978603363	0.0687630176544	0.0518500804901	0.0524399280548	0.0545401573181	0.0577449798584	0.0561721324921	0.0563840866089	0.0529229640961	0.058657169342	0.0609970092773	0.0583529472351	0.0660691261292	0.061842918396	0.0579741001129	0.0568449497223	0.0570890903473	0.0616569519043	0.063973903656	0.0505678653717	0.053866147995	0.0515458583832	0.0608768463135	0.0562310218811	0.0625600814819	0.0578629970551	0.0526449680328	0.0573630332947	0.0608868598938	0.0589768886566	0.0579218864441	0.0668230056763	0.0587899684906	0.0560188293457	0.0522248744965	0.0624690055847	0.0519299507141	0.0500731468201	0.0702309608459	
['./treeMaker/main', '-m', '-b']
0.0546081066132	0.0690889358521	0.0564029216766	0.0598611831665	0.0537660121918	0.065407037735	0.0587069988251	0.0735328197479	0.0579831600189	0.0585219860077	0.0855669975281	0.0633490085602	0.0713450908661	0.0687189102173	0.0504348278046	0.0570018291473	0.0582559108734	0.0593121051788	0.0627961158752	0.0555441379547	0.0553319454193	0.0598709583282	0.0581698417664	0.0669250488281	0.0622119903564	0.0583899021149	0.0588328838348	0.0569021701813	0.0602691173553	0.0538289546967	0.0508978366852	0.0568559169769	0.0569829940796	0.0801689624786	0.0543580055237	0.0636010169983	0.0560169219971	0.0527069568634	0.0560641288757	0.0608420372009	0.0567350387573	0.0564877986908	0.0828821659088	0.0666909217834	0.0596730709076	0.0565428733826	0.0674850940704	0.0541849136353	0.0482759475708	0.0678420066833	
['./treeMaker/main', '-m', '-w', '1']
0.0480570793152	0.0551989078522	0.0537719726562	0.056795835495	0.051638841629	0.0625479221344	0.0544040203094	0.0544810295105	0.0537910461426	0.0517339706421	0.0746560096741	0.0579681396484	0.0652461051941	0.0493819713593	0.0496900081635	0.0517480373383	0.0531120300293	0.0539801120758	0.0560209751129	0.0584650039673	0.0627341270447	0.0581500530243	0.0563628673553	0.061359167099	0.0593039989471	0.0560779571533	0.0561060905457	0.0558979511261	0.059494972229	0.0534729957581	0.0521359443665	0.0523540973663	0.0627551078796	0.0625810623169	0.0536739826202	0.0623230934143	0.0537528991699	0.0509848594666	0.0540060997009	0.0600581169128	0.0547149181366	0.0543940067291	0.0634100437164	0.0567779541016	0.0588629245758	0.0529589653015	0.063215970993	0.052540063858	0.049488067627	0.0687849521637	
['./treeMaker/main', '-m', '-w', '2']
0.0487141609192	0.0549359321594	0.0522799491882	0.0549738407135	0.0491719245911	0.0614130496979	0.0541310310364	0.0540788173676	0.0519750118256	0.0519509315491	0.0745069980621	0.060467004776	0.0686278343201	0.0512819290161	0.0524749755859	0.0546190738678	0.0558660030365	0.0582499504089	0.0592150688171	0.0541689395905	0.0540859699249	0.0585820674896	0.0563640594482	0.0645070075989	0.059788942337	0.0571041107178	0.056636095047	0.0567719936371	0.0577161312103	0.0576980113983	0.0522041320801	0.0534360408783	0.0532171726227	0.0651369094849	0.056401014328	0.0644550323486	0.0707521438599	0.0545010566711	0.0578560829163	0.0595030784607	0.0737800598145	0.0608069896698	0.0732040405273	0.0702710151672	0.0530648231506	0.0507578849792	0.0601007938385	0.0501379966736	0.0489530563354	0.0660741329193	
['./treeMaker/main', '-m', '-c', '1']
0.0485939979553	0.0570318698883	0.0545601844788	0.0567939281464	0.0519239902496	0.0629580020905	0.0688338279724	0.0573570728302	0.0541939735413	0.0521440505981	0.0794820785522	0.0600669384003	0.0674719810486	0.0518748760223	0.0527398586273	0.0544419288635	0.0560610294342	0.0564680099487	0.0590999126434	0.0543220043182	0.0540850162506	0.0581519603729	0.0566740036011	0.0649609565735	0.060026884079	0.0566668510437	0.0578598976135	0.0560598373413	0.0584189891815	0.0556190013885	0.0530068874359	0.0536458492279	0.0522229671478	0.0607600212097	0.0566549301147	0.0652461051941	0.0575211048126	0.0544137954712	0.0575759410858	0.0754528045654	0.060065984726	0.0613858699799	0.0676708221436	0.0634388923645	0.0577549934387	0.0532138347626	0.0630478858948	0.0534429550171	0.0497589111328	0.0685880184174	
['./treeMaker/main', '-m', '-c', '2']
0.0548491477966	0.0678131580353	0.0549337863922	0.0564069747925	0.0512208938599	0.0618119239807	0.0542480945587	0.0579009056091	0.0526459217072	0.0540900230408	0.0752370357513	0.061509847641	0.0672180652618	0.051784992218	0.0533180236816	0.0526089668274	0.0559220314026	0.0543241500854	0.0582599639893	0.0549330711365	0.0516130924225	0.0566890239716	0.0555191040039	0.0635280609131	0.0583338737488	0.0539710521698	0.0583200454712	0.055685043335	0.0584797859192	0.0569341182709	0.0522558689117	0.0527131557465	0.0521259307861	0.060791015625	0.0548348426819	0.0652658939362	0.0563850402832	0.0533730983734	0.0567610263824	0.0612800121307	0.0569469928741	0.0567610263824	0.0667998790741	0.0604269504547	0.0550379753113	0.0524909496307	0.0627610683441	0.0609941482544	0.0510568618774	0.0673129558563	
['./treeMaker/main', '-m', '-a', '1']
0.0787229537964	0.0683209896088	0.0653660297394	0.0638000965118	0.060674905777	0.0706272125244	0.0655179023743	0.0713551044464	0.0836389064789	0.0632228851318	0.0907509326935	0.0723059177399	0.0788750648499	0.0631189346313	0.0632338523865	0.0642528533936	0.066428899765	0.0690948963165	0.0692269802094	0.0646929740906	0.0696339607239	0.0708651542664	0.0651478767395	0.0856549739838	0.0854420661926	0.0650951862335	0.065719127655	0.065948009491	0.0692100524902	0.066398859024	0.0630931854248	0.0645461082458	0.0620801448822	0.0696811676025	0.079705953598	0.070513010025	0.0684461593628	0.0655250549316	0.0703599452972	0.0714628696442	0.0648608207703	0.0703220367432	0.079069852829	0.0858118534088	0.0653409957886	0.0667791366577	0.072459936142	0.0760090351105	0.0602898597717	0.0927460193634	
['./treeMaker/main', '-m', '-a', '2']
0.0482301712036	0.0544910430908	0.0515639781952	0.0535879135132	0.0496029853821	0.0597879886627	0.0540988445282	0.0537919998169	0.0517549514771	0.0516710281372	0.074914932251	0.0584719181061	0.0648508071899	0.0494999885559	0.0500519275665	0.053416967392	0.0529699325562	0.0538859367371	0.0557708740234	0.0519680976868	0.0550379753113	0.057774066925	0.056450843811	0.0640549659729	0.0691659450531	0.0598938465118	0.0572979450226	0.0537309646606	0.0620858669281	0.0559279918671	0.052451133728	0.0534391403198	0.0504238605499	0.064003944397	0.0562679767609	0.0639719963074	0.0583870410919	0.0542430877686	0.0570759773254	0.0718791484833	0.0596330165863	0.0548310279846	0.0646018981934	0.0583860874176	0.0535969734192	0.050785779953	0.0610070228577	0.0503129959106	0.0476489067078	0.06591796875	
