25_1000_4.9e-10_4.9e-10_470000000_cut_0
25
1000
4.9e-10
4.9e-10
470000000
cut_0
['./treeMaker/main']
0.0572719573975	0.087131023407	0.109647989273	0.0612459182739	0.0692119598389	0.0554709434509	0.0697619915009	0.0764179229736	0.0705499649048	0.0647950172424	0.0656299591064	0.0707240104675	0.0693972110748	0.0676889419556	0.0595970153809	0.0544149875641	0.08531498909	0.124106884003	0.0654211044312	0.0577931404114	0.0625061988831	0.0560839176178	0.0756261348724	0.0933299064636	0.089644908905	0.057343006134	0.0784060955048	0.0622899532318	0.0495162010193	0.0538339614868	0.105715990067	0.0777449607849	0.26803612709	0.0792949199677	0.0376770496368	0.0820848941803	0.0654611587524	0.0612828731537	0.0581238269806	0.101438045502	0.068018913269	0.0760769844055	0.206372976303	0.0558950901031	0.0757300853729	0.0590598583221	0.0316159725189	0.0491850376129	0.0513579845428	0.149731874466	
['./treeMaker/main', '-b']
0.0619378089905	0.09161901474	0.0930590629578	0.0634429454803	0.0689442157745	0.0578110218048	0.0709710121155	0.0748569965363	0.0738730430603	0.0671861171722	0.0629608631134	0.0698840618134	0.0699110031128	0.065985918045	0.0623509883881	0.0558748245239	0.0822818279266	0.128380060196	0.0677268505096	0.0612161159515	0.0657849311829	0.0584018230438	0.0868830680847	0.0972969532013	0.0931580066681	0.0704419612885	0.0793380737305	0.0653669834137	0.0497000217438	0.054671049118	0.110604047775	0.0695569515228	0.258321046829	0.0759799480438	0.0402719974518	0.0964198112488	0.0692999362946	0.0638780593872	0.0705070495605	0.106099843979	0.0600261688232	0.0792968273163	0.214585065842	0.0555489063263	0.0793740749359	0.0611040592194	0.0325889587402	0.0639898777008	0.0547800064087	0.154838085175	
['./treeMaker/main', '-u']
0.057559967041	0.0874860286713	0.0936501026154	0.0625870227814	0.0709619522095	0.0562391281128	0.0717301368713	0.0755610466003	0.0713369846344	0.0647509098053	0.0732300281525	0.0680468082428	0.0688879489899	0.0664069652557	0.0602970123291	0.0533990859985	0.0811052322388	0.124456167221	0.0696749687195	0.0583221912384	0.0657019615173	0.0553739070892	0.0753910541534	0.0987899303436	0.0914669036865	0.0702478885651	0.0790810585022	0.0631411075592	0.0478188991547	0.0524520874023	0.105343103409	0.069589138031	0.251461982727	0.0673611164093	0.0382070541382	0.0829019546509	0.0679049491882	0.0605778694153	0.0560410022736	0.100765228271	0.0571150779724	0.0779428482056	0.206059932709	0.0569450855255	0.078125	0.0600299835205	0.0331118106842	0.0497441291809	0.0514640808105	0.1494140625	
['./treeMaker/main', '-t', '-r', '1']
1.04949593544	1.84641814232	1.83905696869	1.20680499077	1.38258695602	1.04221796989	1.48002505302	1.49898099899	1.40027022362	1.32602405548	1.20718407631	1.33974194527	1.35004997253	1.26433992386	1.20172190666	1.0092151165	1.72061896324	2.44513607025	1.18366599083	1.08009409904	1.27560997009	1.05330395699	1.51407504082	2.09699106216	1.86713194847	1.03014492989	1.65939998627	1.26428508759	0.897294998169	1.03325200081	2.39218688011	1.35514688492	5.03405809402	1.34462285042	0.564032077789	1.74949908257	1.28151988983	1.26411795616	1.06638407707	2.11984801292	1.09569716454	1.63323402405	3.93868398666	0.954410791397	1.7386097908	1.10491919518	0.460999965668	0.95419716835	0.932867050171	3.02512812614	
['./treeMaker/main', '-t', '-r', '2']
1.60726118088	2.82376289368	2.97880196571	1.87379193306	2.11295199394	1.60600590706	2.27869391441	2.23532295227	2.29485416412	1.96884608269	1.95208096504	2.1136879921	2.26718211174	1.96270704269	1.77842617035	1.49240899086	2.58816504478	4.13314294815	1.89631104469	1.7218170166	1.88771605492	1.73212909698	2.26750183105	3.04964399338	2.86708688736	1.74986982346	2.45487308502	1.98389005661	1.31067490578	1.54140496254	3.44064593315	2.0660598278	7.05123615265	1.98805689812	0.890374183655	2.68134093285	1.98431491852	1.86806607246	1.60293292999	3.33197212219	1.80275297165	2.61428308487	6.26744914055	1.43778204918	2.56194901466	1.64558601379	0.708173036575	1.41244602203	1.43024611473	4.8977599144	
['./treeMaker/main', '-t', '-r', '1', '-N']
1.05387020111	1.84334111214	1.84569501877	1.18374896049	1.38249111176	1.04574894905	1.48172903061	1.51078796387	1.40404582024	1.32702612877	1.2097659111	1.34647488594	1.37408900261	1.22823596001	1.20618486404	1.01248693466	1.72577404976	2.44455599785	1.20160079002	1.08449888229	1.2713830471	1.0570089817	1.51244497299	2.0810649395	1.87183690071	1.0344247818	1.66680598259	1.26663517952	0.901883125305	0.98857998848	2.30802607536	1.36285305023	4.99327015877	1.34642195702	0.561836004257	1.75339412689	1.28701519966	1.26124310493	1.07025194168	2.12445902824	1.09396314621	1.5866189003	3.9979789257	0.958193778992	1.73288202286	1.10258221626	0.472717046738	0.950975894928	0.935159921646	3.02609014511	
['./treeMaker/main', '-t', '-r', '2', '-N']
1.60519504547	2.83190393448	2.98699378967	1.86657094955	2.09414196014	1.61649513245	2.21998500824	2.23990392685	2.29718804359	1.97503209114	1.95487809181	2.11587619781	2.26917600632	2.02473211288	1.78196406364	1.49337601662	2.59671807289	4.14024090767	1.90134596825	1.72537899017	1.94698405266	1.74236488342	2.24942922592	3.09773898125	2.89609479904	1.75413513184	2.44510698318	1.97995018959	1.32030391693	1.54114079475	3.4541451931	2.058852911	7.07889699936	1.98395681381	0.893410921097	2.71383500099	1.9809679985	1.86695599556	1.60593986511	3.36806797981	1.80101895332	2.62377095222	6.33409619331	1.43278694153	2.56744289398	1.64708614349	0.707065820694	1.41633701324	1.44255495071	4.87859797478	
['./treeMaker/main', '-m']
0.0475158691406	0.0609860420227	0.0641920566559	0.0482029914856	0.0528039932251	0.0444929599762	0.0541250705719	0.0544679164886	0.0554950237274	0.0469799041748	0.0487990379333	0.0507628917694	0.0525040626526	0.0482199192047	0.0462989807129	0.0411748886108	0.0564880371094	0.0787870883942	0.0500571727753	0.045734167099	0.0502362251282	0.0427670478821	0.056853055954	0.0655391216278	0.0629961490631	0.0447571277618	0.0575559139252	0.0484929084778	0.0399520397186	0.0425038337708	0.0707838535309	0.0493159294128	0.116259098053	0.0547871589661	0.0321769714355	0.0624051094055	0.049614906311	0.0479280948639	0.0435099601746	0.0691168308258	0.0480630397797	0.0577011108398	0.106485843658	0.0441408157349	0.0604660511017	0.0462250709534	0.0298619270325	0.0411710739136	0.04549908638	0.0861799716949	
['./treeMaker/main', '-m', '-b']
0.0495989322662	0.0658750534058	0.068855047226	0.0499758720398	0.0550589561462	0.0471448898315	0.0567181110382	0.057284116745	0.0575590133667	0.0515520572662	0.0527548789978	0.0538392066956	0.0549440383911	0.0529470443726	0.0488770008087	0.0472857952118	0.0623400211334	0.0844860076904	0.049840927124	0.0489819049835	0.0530300140381	0.047208070755	0.0590529441833	0.0676608085632	0.066388130188	0.0480670928955	0.0577909946442	0.0513710975647	0.0487749576569	0.0445091724396	0.0764849185944	0.0548770427704	0.126452922821	0.0543739795685	0.0314810276031	0.0643808841705	0.0544528961182	0.0494148731232	0.0469620227814	0.0735509395599	0.047504901886	0.0607089996338	0.113550901413	0.0457007884979	0.0598249435425	0.0461061000824	0.0287890434265	0.0423979759216	0.0431778430939	0.0937139987946	
['./treeMaker/main', '-m', '-w', '1']
0.0458889007568	0.0612120628357	0.0639779567719	0.0460889339447	0.0538940429688	0.0428199768066	0.0511200428009	0.0541307926178	0.0647749900818	0.0497241020203	0.0492470264435	0.0511889457703	0.0526731014252	0.046914100647	0.0463681221008	0.0438179969788	0.056617975235	0.0792181491852	0.0499069690704	0.0460538864136	0.0505518913269	0.0440390110016	0.0564320087433	0.0650758743286	0.0649662017822	0.0435190200806	0.0571990013123	0.0489768981934	0.0394110679626	0.0422310829163	0.069442987442	0.0507919788361	0.117259025574	0.054713010788	0.0315508842468	0.058501958847	0.0505261421204	0.0481860637665	0.0440421104431	0.0691168308258	0.0459940433502	0.0581858158112	0.106429100037	0.0445649623871	0.0560011863708	0.0463948249817	0.0287249088287	0.0387799739838	0.04132604599	0.086131811142	
['./treeMaker/main', '-m', '-w', '2']
0.0454318523407	0.0623021125793	0.0647621154785	0.0467519760132	0.0541820526123	0.0546679496765	0.0519421100616	0.0553338527679	0.0654780864716	0.0479300022125	0.0497298240662	0.0512900352478	0.0521938800812	0.0497159957886	0.0467250347137	0.0436990261078	0.0595541000366	0.0794680118561	0.0648701190948	0.04731798172	0.0505011081696	0.044713973999	0.0543529987335	0.0659048557281	0.0643150806427	0.0430200099945	0.0578558444977	0.0489311218262	0.0512311458588	0.0535411834717	0.0699398517609	0.0550179481506	0.1159760952	0.0513219833374	0.032016992569	0.0600500106812	0.0507979393005	0.0483400821686	0.0436651706696	0.0669729709625	0.0456790924072	0.0582520961761	0.107304811478	0.0515789985657	0.05788397789	0.0463469028473	0.0289368629456	0.0408780574799	0.0426819324493	0.0991399288177	
['./treeMaker/main', '-m', '-c', '1']
0.0457270145416	0.0610430240631	0.0640349388123	0.0485889911652	0.0520939826965	0.0428590774536	0.0529758930206	0.0648598670959	0.0558230876923	0.0593020915985	0.0484380722046	0.0515601634979	0.0518879890442	0.0500500202179	0.0463240146637	0.0432279109955	0.0607709884644	0.0793170928955	0.0492599010468	0.0461640357971	0.0488469600677	0.0434710979462	0.0561780929565	0.0652570724487	0.0643799304962	0.0427870750427	0.0554630756378	0.0488770008087	0.0404670238495	0.0422990322113	0.0705680847168	0.0634968280792	0.121865987778	0.0538120269775	0.0312089920044	0.0597138404846	0.0513889789581	0.0481250286102	0.0444839000702	0.0695588588715	0.0466740131378	0.0577340126038	0.107826948166	0.0438570976257	0.057028055191	0.0455560684204	0.0289771556854	0.0434489250183	0.0434720516205	0.0911130905151	
['./treeMaker/main', '-m', '-c', '2']
0.0453300476074	0.0628249645233	0.0637049674988	0.0486090183258	0.0523948669434	0.0431280136108	0.051155090332	0.0567948818207	0.0554208755493	0.0468580722809	0.0494978427887	0.0511050224304	0.0524871349335	0.0506508350372	0.0463061332703	0.0549299716949	0.0588631629944	0.0801219940186	0.0490250587463	0.0465121269226	0.0499250888824	0.0441970825195	0.0536909103394	0.0652139186859	0.0645091533661	0.043781042099	0.0572550296783	0.0478341579437	0.0396020412445	0.0424718856812	0.0712931156158	0.0507209300995	0.114823102951	0.0506451129913	0.0321679115295	0.0597829818726	0.0680520534515	0.0587930679321	0.0447149276733	0.0669701099396	0.0456349849701	0.0578491687775	0.106851100922	0.0433790683746	0.0552589893341	0.0442910194397	0.0283811092377	0.0408608913422	0.0418860912323	0.0876429080963	
['./treeMaker/main', '-m', '-a', '1']
0.0486640930176	0.065495967865	0.0691599845886	0.0509991645813	0.0555858612061	0.0478708744049	0.0552449226379	0.0585629940033	0.0582158565521	0.0511939525604	0.0530450344086	0.0527820587158	0.0561528205872	0.0530359745026	0.0510878562927	0.0482590198517	0.0636811256409	0.0828008651733	0.0551221370697	0.0506241321564	0.0524120330811	0.0468809604645	0.0593240261078	0.0679080486298	0.0667381286621	0.0477540493011	0.0595390796661	0.0531480312347	0.0446269512177	0.0468940734863	0.0745420455933	0.0560829639435	0.122185945511	0.0666558742523	0.0342688560486	0.0753970146179	0.055027961731	0.0618579387665	0.047641992569	0.0714340209961	0.049525976181	0.0610129833221	0.110598802567	0.0495870113373	0.0606379508972	0.053699016571	0.0309958457947	0.043035030365	0.0462679862976	0.0924708843231	
['./treeMaker/main', '-m', '-a', '2']
0.0451688766479	0.0632829666138	0.0650839805603	0.0482110977173	0.0533699989319	0.0442938804626	0.055507183075	0.0569260120392	0.0545530319214	0.04722905159	0.0512051582336	0.0515420436859	0.0502519607544	0.0475690364838	0.0464770793915	0.0428831577301	0.0605750083923	0.0794770717621	0.0490121841431	0.0457780361176	0.0486149787903	0.0441460609436	0.0551488399506	0.0653901100159	0.0656359195709	0.0452971458435	0.0576379299164	0.0488789081573	0.0402290821075	0.0430479049683	0.0710871219635	0.0511131286621	0.117629051208	0.0520470142365	0.0316379070282	0.0595858097076	0.0503928661346	0.048327922821	0.0437641143799	0.0673980712891	0.0459079742432	0.0551879405975	0.107685089111	0.0467188358307	0.0680179595947	0.0477020740509	0.0289890766144	0.0431070327759	0.0418789386749	0.0908799171448	
