25_100_4.9e-10_4.9e-10_470000000
25
100
4.9e-10
4.9e-10
470000000

['./treeMaker/main']
0.0158989429474	0.0125658512115	0.0164268016815	0.0142619609833	0.0103170871735	0.00921320915222	0.010283946991	0.0159778594971	0.0115759372711	0.0111420154572	0.0174920558929	0.0150048732758	0.0125930309296	0.0110120773315	0.0106451511383	0.0159711837769	0.0160501003265	0.0106890201569	0.0100069046021	0.0209889411926	0.0103039741516	0.0125570297241	0.0113289356232	0.0155370235443	0.0140290260315	0.0179982185364	0.016273021698	0.0171840190887	0.0137720108032	0.0164399147034	0.0152230262756	0.01895403862	0.0114588737488	0.0273110866547	0.0113439559937	0.0148820877075	0.0127398967743	0.0117819309235	0.0264871120453	0.0149190425873	0.0143899917603	0.013995885849	0.0124068260193	0.0218188762665	0.0127849578857	0.0114510059357	0.0145180225372	0.0173180103302	0.0167219638824	0.0243639945984	
['./treeMaker/main', '-b']
0.0193870067596	0.0153720378876	0.0298340320587	0.0138778686523	0.0116100311279	0.0198941230774	0.0230479240417	0.0256130695343	0.0137059688568	0.014358997345	0.0190751552582	0.0202069282532	0.0179660320282	0.0155498981476	0.0145590305328	0.0195250511169	0.0128390789032	0.0131092071533	0.0128729343414	0.0218119621277	0.011078119278	0.0244071483612	0.012286901474	0.0191521644592	0.017993927002	0.0172312259674	0.0196189880371	0.0264599323273	0.0237150192261	0.0166590213776	0.0126330852509	0.0198080539703	0.0117020606995	0.019063949585	0.0136349201202	0.0125231742859	0.0119559764862	0.0126588344574	0.0143868923187	0.0127739906311	0.012836933136	0.0144231319427	0.0135068893433	0.013799905777	0.0168070793152	0.0101010799408	0.0130679607391	0.0123190879822	0.0133609771729	0.0155789852142	
['./treeMaker/main', '-u']
0.0187928676605	0.0147409439087	0.0194749832153	0.0158479213715	0.0108840465546	0.0199401378632	0.0103921890259	0.0186228752136	0.0127768516541	0.012610912323	0.0208871364594	0.0280570983887	0.0133419036865	0.0138008594513	0.0128209590912	0.0188729763031	0.0139379501343	0.012316942215	0.0116059780121	0.0234529972076	0.0109581947327	0.0127959251404	0.0119698047638	0.0275728702545	0.0173318386078	0.017881155014	0.0190451145172	0.0149390697479	0.0121550559998	0.0165731906891	0.0148808956146	0.0191581249237	0.0118060112	0.0192060470581	0.0127828121185	0.0122501850128	0.0132999420166	0.0119690895081	0.0167419910431	0.014986038208	0.0127530097961	0.013946056366	0.0132081508636	0.0113308429718	0.0137040615082	0.0121419429779	0.0122458934784	0.0122029781342	0.0126621723175	0.0135459899902	
['./treeMaker/main', '-t', '-r', '1']
0.267256975174	0.174820899963	0.291204929352	0.208979129791	0.144930124283	0.0985660552979	0.145295858383	0.245647907257	0.176340103149	0.157474994659	0.322427988052	0.262863874435	0.170260906219	0.147988796234	0.159290075302	0.288312911987	0.155161857605	0.127553939819	0.11585187912	0.423670053482	0.134635925293	0.195528030396	0.156278133392	0.279405832291	0.208284854889	0.283960103989	0.314338922501	0.235519170761	0.183184862137	0.243314027786	0.172575950623	0.288292884827	0.153069972992	0.275949954987	0.146235942841	0.147624015808	0.154743909836	0.15527009964	0.225024938583	0.189713001251	0.170068979263	0.221233129501	0.200206041336	0.136641025543	0.192635059357	0.104251146317	0.163396120071	0.158061027527	0.175311088562	0.176470041275	
['./treeMaker/main', '-t', '-r', '2']
0.47936797142	0.311836957932	0.543392181396	0.415724039078	0.217272043228	0.176443815231	0.237761974335	0.451108932495	0.28835606575	0.26918888092	0.583379983902	0.474781036377	0.312201976776	0.261693000793	0.256607055664	0.533582925797	0.248958110809	0.22389292717	0.200613021851	0.699371099472	0.215309858322	0.343977928162	0.30256319046	0.50858092308	0.385267972946	0.490616083145	0.486504077911	0.422122955322	0.298000097275	0.401143074036	0.271065950394	0.534905195236	0.268154144287	0.496024131775	0.250433921814	0.290514945984	0.289592027664	0.259797811508	0.3770840168	0.330775976181	0.300532817841	0.438802957535	0.308355093002	0.224098920822	0.362998008728	0.194009065628	0.291104078293	0.262565851212	0.323070049286	0.356442928314	
['./treeMaker/main', '-t', '-r', '1', '-N']
0.266351938248	0.174767971039	0.304702043533	0.207806110382	0.132318973541	0.0987188816071	0.145458936691	0.246534109116	0.175724983215	0.179622888565	0.327588796616	0.25039100647	0.178439855576	0.166516065598	0.151389837265	0.295785903931	0.149384975433	0.129451990128	0.121995925903	0.397280216217	0.126282930374	0.178470849991	0.149884939194	0.288105964661	0.19914484024	0.29567694664	0.289201021194	0.246819019318	0.198061943054	0.22712802887	0.177528858185	0.273066043854	0.166319847107	0.269496917725	0.146718978882	0.158012866974	0.146701097488	0.148068904877	0.231457948685	0.182767868042	0.178628921509	0.201053142548	0.190382003784	0.123242855072	0.204387903214	0.113324165344	0.174376010895	0.159484863281	0.168500900269	0.186727046967	
['./treeMaker/main', '-t', '-r', '2', '-N']
0.469491004944	0.312965154648	0.559808969498	0.432570934296	0.228869915009	0.170199871063	0.254989862442	0.456802845001	0.278805017471	0.274066925049	0.61225605011	0.508955001831	0.314532995224	0.258115053177	0.27271604538	0.543771028519	0.248936891556	0.225979089737	0.200262069702	0.722577095032	0.212223052979	0.332980871201	0.30059504509	0.487188100815	0.369916915894	0.481400966644	0.535863876343	0.446208000183	0.318932056427	0.388154983521	0.290362119675	0.559710025787	0.27851319313	0.529434919357	0.263800144196	0.291051149368	0.289119005203	0.27494597435	0.379566907883	0.344552993774	0.317135095596	0.438436985016	0.319565057755	0.211972951889	0.358716011047	0.181348085403	0.288243055344	0.276917934418	0.30549621582	0.346863031387	
['./treeMaker/main', '-m']
0.0148849487305	0.01220703125	0.0150098800659	0.0134980678558	0.0106909275055	0.00971698760986	0.0108869075775	0.0146298408508	0.0120830535889	0.0115540027618	0.0158581733704	0.0141530036926	0.0128679275513	0.0114300251007	0.0109870433807	0.0166149139404	0.0144197940826	0.0126931667328	0.0128779411316	0.0201790332794	0.0210897922516	0.0132520198822	0.0121748447418	0.014358997345	0.0142209529877	0.0142879486084	0.0158860683441	0.0134720802307	0.0118780136108	0.0134708881378	0.0123498439789	0.0182938575745	0.0138309001923	0.0171480178833	0.0136461257935	0.0136981010437	0.0114231109619	0.0119569301605	0.0131418704987	0.023344039917	0.0122320652008	0.0131819248199	0.0125629901886	0.020975112915	0.0155811309814	0.0101299285889	0.012020111084	0.012396812439	0.0122060775757	0.0130481719971	
['./treeMaker/main', '-m', '-b']
0.0153851509094	0.0152878761292	0.0177299976349	0.0142769813538	0.0133950710297	0.0124769210815	0.0129868984222	0.0180099010468	0.0232319831848	0.0122239589691	0.0195240974426	0.0175039768219	0.0155689716339	0.0136160850525	0.0130457878113	0.0184900760651	0.0145471096039	0.0132319927216	0.0119450092316	0.021849155426	0.0115461349487	0.0128030776978	0.0125360488892	0.0162110328674	0.0241370201111	0.0175950527191	0.0265560150146	0.0141630172729	0.0143101215363	0.0141179561615	0.0128569602966	0.0180530548096	0.0139019489288	0.0178380012512	0.0142271518707	0.0128769874573	0.012109041214	0.012197971344	0.0137090682983	0.0149381160736	0.012619972229	0.0138869285583	0.0147860050201	0.0115809440613	0.0131471157074	0.0105168819427	0.0124340057373	0.0120270252228	0.0126891136169	0.0124790668488	
['./treeMaker/main', '-m', '-w', '1']
0.0146069526672	0.0131599903107	0.0176019668579	0.0159180164337	0.0124859809875	0.0119249820709	0.011626958847	0.0171930789948	0.014662027359	0.011904001236	0.0186650753021	0.0141260623932	0.0129210948944	0.0117030143738	0.0127601623535	0.0148341655731	0.0127551555634	0.0124750137329	0.0128870010376	0.0200068950653	0.0120460987091	0.0129978656769	0.0129120349884	0.0174081325531	0.0154240131378	0.01726603508	0.0179369449615	0.0136468410492	0.0144810676575	0.0137209892273	0.0125691890717	0.0186400413513	0.0136339664459	0.0146172046661	0.0131061077118	0.0123331546783	0.0114989280701	0.0130951404572	0.0131888389587	0.0147008895874	0.0121641159058	0.0131859779358	0.0125689506531	0.0129270553589	0.0126209259033	0.0106279850006	0.0138130187988	0.0130910873413	0.0122759342194	0.013041973114	
['./treeMaker/main', '-m', '-w', '2']
0.0145330429077	0.0123820304871	0.0155651569366	0.013641834259	0.0131089687347	0.012001991272	0.0122089385986	0.0176401138306	0.0120720863342	0.0125589370728	0.0273380279541	0.0166008472443	0.0131590366364	0.0144159793854	0.0224380493164	0.015056848526	0.014454126358	0.0221791267395	0.0106859207153	0.0194821357727	0.0111639499664	0.0123360157013	0.0129110813141	0.014543056488	0.0135319232941	0.0167860984802	0.0151998996735	0.01384806633	0.0121569633484	0.0137228965759	0.0126459598541	0.0180749893188	0.0142951011658	0.0146489143372	0.0131587982178	0.0128438472748	0.0127968788147	0.0120270252228	0.0134899616241	0.0123100280762	0.012374162674	0.0255041122437	0.0126860141754	0.0123519897461	0.012727022171	0.0121541023254	0.0121619701385	0.0124840736389	0.0122919082642	0.0124480724335	
['./treeMaker/main', '-m', '-c', '1']
0.0142879486084	0.0121359825134	0.0148630142212	0.0134329795837	0.0106580257416	0.0117290019989	0.0117080211639	0.0156497955322	0.011862039566	0.0132389068604	0.0184931755066	0.0141248703003	0.012845993042	0.0121569633484	0.0125639438629	0.0148029327393	0.0132620334625	0.0122838020325	0.0126869678497	0.0196697711945	0.0121998786926	0.0137538909912	0.0127370357513	0.0146589279175	0.0133090019226	0.0167109966278	0.0174901485443	0.0157840251923	0.0116879940033	0.0133829116821	0.0123200416565	0.0180609226227	0.0137100219727	0.0142900943756	0.0118801593781	0.0150060653687	0.0228400230408	0.0128228664398	0.0132682323456	0.0118689537048	0.0123980045319	0.0238130092621	0.0148839950562	0.0124509334564	0.0128691196442	0.0100660324097	0.0120799541473	0.0123341083527	0.0123579502106	0.0123081207275	
['./treeMaker/main', '-m', '-c', '2']
0.0154538154602	0.0131268501282	0.0150499343872	0.0135569572449	0.0112020969391	0.0120189189911	0.0121560096741	0.017303943634	0.0148990154266	0.0124199390411	0.0181670188904	0.0140788555145	0.0128409862518	0.0115082263947	0.0117471218109	0.0174679756165	0.0165188312531	0.0123901367188	0.0119438171387	0.01948595047	0.0115699768066	0.0121190547943	0.0126450061798	0.0141639709473	0.0131621360779	0.0166759490967	0.0174889564514	0.0151209831238	0.0118000507355	0.0133829116821	0.0131039619446	0.0262072086334	0.0124590396881	0.0142741203308	0.0122909545898	0.0122158527374	0.0119600296021	0.0117390155792	0.0130410194397	0.0119140148163	0.0122148990631	0.0131258964539	0.0123541355133	0.0124208927155	0.0124881267548	0.0121550559998	0.0119071006775	0.0119791030884	0.0122990608215	0.0125548839569	
['./treeMaker/main', '-m', '-a', '1']
0.016284942627	0.015841960907	0.0183129310608	0.0151500701904	0.0124049186707	0.0126001834869	0.013594865799	0.018256187439	0.0147919654846	0.0122818946838	0.0193648338318	0.0159471035004	0.0142941474915	0.0122320652008	0.0116589069366	0.0184979438782	0.014543056488	0.012864112854	0.0131628513336	0.0202770233154	0.0117449760437	0.0130860805511	0.0126550197601	0.0152678489685	0.0158920288086	0.0173470973969	0.026985168457	0.0169939994812	0.0125949382782	0.0150830745697	0.0158960819244	0.0190980434418	0.0120489597321	0.0173208713531	0.0142111778259	0.0131149291992	0.0120599269867	0.0125298500061	0.0138068199158	0.0132279396057	0.0128180980682	0.0138909816742	0.0133190155029	0.0114960670471	0.0133531093597	0.0116369724274	0.012640953064	0.0123147964478	0.0130980014801	0.0130319595337	
['./treeMaker/main', '-m', '-a', '2']
0.0277698040009	0.012354850769	0.0161168575287	0.0136299133301	0.0227928161621	0.0107800960541	0.0125370025635	0.0173490047455	0.0147149562836	0.0126829147339	0.0186610221863	0.0142810344696	0.012925863266	0.0116438865662	0.0126609802246	0.017688035965	0.0166790485382	0.01256108284	0.0123229026794	0.0194988250732	0.0112221240997	0.01331782341	0.0134599208832	0.0144000053406	0.0134010314941	0.0157420635223	0.0152230262756	0.013533115387	0.013326883316	0.0135700702667	0.0150640010834	0.0182158946991	0.0114989280701	0.0144910812378	0.014228105545	0.0126531124115	0.0123410224915	0.0119979381561	0.0242340564728	0.0122218132019	0.0124688148499	0.0133349895477	0.0125591754913	0.0125720500946	0.012727022171	0.012188911438	0.0120470523834	0.0120630264282	0.0122199058533	0.012344121933	
