25_1000_0_0_48000000
25
1000
0
0
48000000

['./treeMaker/main']
0.0435810089111	0.0380480289459	0.0353240966797	0.0398359298706	0.0368959903717	0.0377190113068	0.0370450019836	0.0369110107422	0.0369648933411	0.0376720428467	0.0365719795227	0.0366430282593	0.0378291606903	0.0363130569458	0.0361640453339	0.036768913269	0.0363199710846	0.0363941192627	0.0391938686371	0.0368070602417	0.0369808673859	0.0376608371735	0.0382950305939	0.0407061576843	0.0396618843079	0.037416934967	0.0365159511566	0.0382120609283	0.0470299720764	0.0379121303558	0.0505130290985	0.0363900661469	0.0398299694061	0.0389788150787	0.0366640090942	0.0400910377502	0.0383548736572	0.038064956665	0.0369610786438	0.0368499755859	0.0364429950714	0.0363960266113	0.0359790325165	0.0364818572998	0.0372231006622	0.0390849113464	0.0378239154816	0.0373549461365	0.0376510620117	0.0375399589539	
['./treeMaker/main', '-b']
0.0416600704193	0.0375711917877	0.0374920368195	0.038861989975	0.0365719795227	0.0379650592804	0.0497999191284	0.0376071929932	0.0378589630127	0.0359439849854	0.0353438854218	0.0359809398651	0.035019159317	0.0371980667114	0.0405061244965	0.0375390052795	0.0366430282593	0.0413291454315	0.0375390052795	0.0383198261261	0.0369749069214	0.0371091365814	0.0394279956818	0.0368099212646	0.0412259101868	0.0373389720917	0.0373499393463	0.0484220981598	0.0389409065247	0.0370779037476	0.0355908870697	0.0366580486298	0.0354790687561	0.0456399917603	0.0363578796387	0.0365889072418	0.0377309322357	0.0379838943481	0.0376689434052	0.0373899936676	0.0370318889618	0.0377938747406	0.0360879898071	0.0357940196991	0.0379469394684	0.0374448299408	0.0370810031891	0.0503199100494	0.0355849266052	0.0441341400146	
['./treeMaker/main', '-u']
0.0405321121216	0.0372247695923	0.0360980033875	0.0377950668335	0.0365490913391	0.0363390445709	0.0401878356934	0.0475299358368	0.0352048873901	0.0363218784332	0.0366370677948	0.0371639728546	0.0398349761963	0.0368897914886	0.0355949401855	0.0396389961243	0.0372400283813	0.0387179851532	0.0394220352173	0.0402369499207	0.0367050170898	0.0363781452179	0.0361149311066	0.0362591743469	0.0385010242462	0.0364890098572	0.0374479293823	0.0405580997467	0.0364818572998	0.0362288951874	0.0383341312408	0.0362908840179	0.0360810756683	0.0387790203094	0.0365591049194	0.0369069576263	0.0395390987396	0.0447070598602	0.0344541072845	0.0373289585114	0.0371420383453	0.0363938808441	0.0366389751434	0.0390479564667	0.0377380847931	0.0365359783173	0.037052154541	0.0384600162506	0.0445611476898	0.0354220867157	
['./treeMaker/main', '-t', '-r', '1']
0.33599114418	0.356302022934	0.35011100769	0.360476016998	0.337380886078	0.34014415741	0.336852073669	0.334787130356	0.355136156082	0.341176986694	0.353688001633	0.339411973953	0.359471082687	0.37039899826	0.362763881683	0.333986997604	0.355551958084	0.338032960892	0.334722042084	0.355643987656	0.348881006241	0.352184057236	0.35814499855	0.360848903656	0.338107824326	0.357419967651	0.337423086166	0.342267990112	0.34707403183	0.345715999603	0.348265171051	0.351989030838	0.351365089417	0.35898900032	0.354381084442	0.369244098663	0.365247964859	0.357684850693	0.335983037949	0.336875915527	0.336540937424	0.336168050766	0.355073928833	0.336765050888	0.358121156693	0.357717037201	0.3565928936	0.360136985779	0.347033977509	0.360359191895	
['./treeMaker/main', '-t', '-r', '2']
0.390856027603	0.396339893341	0.40709900856	0.401693105698	0.386379003525	0.407129049301	0.399000167847	0.410704851151	0.409730911255	0.395136117935	0.379300832748	0.389409780502	0.40669298172	0.419098854065	0.408010005951	0.396874904633	0.385365962982	0.407515048981	0.422489881516	0.4128510952	0.415187120438	0.396365880966	0.396276950836	0.393406152725	0.384982824326	0.401863098145	0.393477916718	0.42359995842	0.395457983017	0.411252975464	0.387470960617	0.389574050903	0.3851749897	0.387374162674	0.387125968933	0.403210878372	0.407127141953	0.391938209534	0.402011156082	0.413013935089	0.414856910706	0.402348995209	0.396097898483	0.409696102142	0.41383099556	0.422154903412	0.408030986786	0.387283086777	0.396461009979	0.396584033966	
['./treeMaker/main', '-t', '-r', '1', '-N']
0.338918924332	0.349524974823	0.355364084244	0.33705997467	0.347151994705	0.339046955109	0.340372085571	0.335821151733	0.349843025208	0.343334913254	0.364052057266	0.340082168579	0.35856795311	0.359566926956	0.333806991577	0.34974694252	0.333307027817	0.347894906998	0.364043951035	0.340241909027	0.357756853104	0.340860128403	0.346951961517	0.339694023132	0.355654001236	0.355952978134	0.353815078735	0.356745004654	0.3615629673	0.359749078751	0.363893032074	0.342102050781	0.333494901657	0.341890096664	0.347438812256	0.36031794548	0.341467857361	0.33789396286	0.36644077301	0.352380990982	0.361022949219	0.33602809906	0.334824800491	0.338610887527	0.342734098434	0.367278814316	0.373771905899	0.36939406395	0.36726808548	0.342986106873	
['./treeMaker/main', '-t', '-r', '2', '-N']
0.390742063522	0.405368089676	0.377491950989	0.39368891716	0.395196914673	0.407753944397	0.400615930557	0.409829854965	0.405927181244	0.411642074585	0.414292097092	0.397822141647	0.408058166504	0.39740896225	0.398801803589	0.400264024734	0.380934000015	0.429967164993	0.415086984634	0.400202989578	0.42645907402	0.405915975571	0.417767047882	0.395532131195	0.383972883224	0.433626890182	0.397092103958	0.402536869049	0.414361000061	0.441120862961	0.389348983765	0.381711959839	0.40610909462	0.383222103119	0.398147821426	0.400348901749	0.399850845337	0.416175842285	0.425668954849	0.407294034958	0.417082071304	0.402011871338	0.373383045197	0.395551919937	0.418320894241	0.408427000046	0.409859895706	0.387331962585	0.389966011047	0.407129049301	
['./treeMaker/main', '-m']
0.060231924057	0.0336937904358	0.0336351394653	0.0351610183716	0.0341119766235	0.034423828125	0.0340850353241	0.0500571727753	0.0389199256897	0.036759853363	0.0366280078888	0.0372881889343	0.0386250019073	0.0465250015259	0.0365681648254	0.0361618995667	0.0366911888123	0.0477910041809	0.0380098819733	0.0371520519257	0.0366630554199	0.0377831459045	0.0379030704498	0.0381269454956	0.0498559474945	0.0384731292725	0.0487711429596	0.0368440151215	0.0473160743713	0.0353860855103	0.0372381210327	0.04509806633	0.0357248783112	0.0355069637299	0.0385880470276	0.0372409820557	0.0370559692383	0.0372588634491	0.0366220474243	0.0386679172516	0.0369710922241	0.0380420684814	0.0376241207123	0.0377850532532	0.0465588569641	0.0377900600433	0.0372228622437	0.0356719493866	0.0406439304352	0.0381388664246	
['./treeMaker/main', '-m', '-b']
0.0404589176178	0.0355229377747	0.0371241569519	0.0394530296326	0.0407471656799	0.0380418300629	0.0407869815826	0.0354881286621	0.0398509502411	0.0366148948669	0.0388062000275	0.0395121574402	0.0399379730225	0.0375070571899	0.0464069843292	0.0391399860382	0.0374488830566	0.0471348762512	0.0371119976044	0.0369691848755	0.0381469726562	0.0389759540558	0.041491985321	0.0369629859924	0.0401320457458	0.0376927852631	0.0375819206238	0.0382177829742	0.0361158847809	0.0378339290619	0.0420382022858	0.0388841629028	0.03697514534	0.0391871929169	0.0419561862946	0.0355100631714	0.0353338718414	0.0367240905762	0.0367770195007	0.036630153656	0.0368571281433	0.047217130661	0.0389368534088	0.0399451255798	0.0395288467407	0.038624048233	0.036817073822	0.0373659133911	0.038666009903	0.0374820232391	
['./treeMaker/main', '-m', '-w', '1']
0.0354261398315	0.0363290309906	0.0365798473358	0.0398738384247	0.0379161834717	0.0363068580627	0.0366978645325	0.0372869968414	0.0356440544128	0.0383369922638	0.0372071266174	0.0370781421661	0.0366950035095	0.036544084549	0.0364480018616	0.0401339530945	0.0370860099792	0.037495136261	0.0376138687134	0.0382821559906	0.0372309684753	0.0359151363373	0.0366530418396	0.0346949100494	0.0388100147247	0.0381259918213	0.0383501052856	0.0387670993805	0.0379819869995	0.0380218029022	0.0372540950775	0.0370380878448	0.0354959964752	0.0383770465851	0.0360999107361	0.0375289916992	0.0453381538391	0.03746509552	0.0367960929871	0.0363609790802	0.0391409397125	0.0366940498352	0.0361378192902	0.0374591350555	0.0369870662689	0.0373477935791	0.0396490097046	0.0375468730927	0.0368480682373	0.0365080833435	
['./treeMaker/main', '-m', '-w', '2']
0.0391039848328	0.0373160839081	0.0399031639099	0.0410039424896	0.0366749763489	0.0377261638641	0.0410890579224	0.0419940948486	0.040922164917	0.0434918403625	0.0393929481506	0.0380280017853	0.0395529270172	0.0374209880829	0.0371131896973	0.0362191200256	0.0369851589203	0.0357539653778	0.0403180122375	0.0378749370575	0.0379750728607	0.0389580726624	0.037750005722	0.0371220111847	0.0508580207825	0.0380208492279	0.0403490066528	0.0375208854675	0.0376110076904	0.036190032959	0.0372719764709	0.0364780426025	0.0351610183716	0.039323091507	0.0369460582733	0.0396659374237	0.0373630523682	0.0380260944366	0.0376980304718	0.0367348194122	0.0351421833038	0.0367410182953	0.037043094635	0.0384650230408	0.0380358695984	0.0412828922272	0.0368530750275	0.0367891788483	0.037456035614	0.0371649265289	
['./treeMaker/main', '-m', '-c', '1']
0.0384290218353	0.036700963974	0.0383629798889	0.036584854126	0.0365509986877	0.0373840332031	0.0373330116272	0.0382978916168	0.0368559360504	0.0388960838318	0.0384168624878	0.042051076889	0.0361390113831	0.0366818904877	0.0375828742981	0.0399959087372	0.0373451709747	0.0377109050751	0.0367457866669	0.0380117893219	0.0348861217499	0.0366489887238	0.0365331172943	0.0370409488678	0.0376451015472	0.0383059978485	0.036523103714	0.0385179519653	0.0365149974823	0.0365378856659	0.0397551059723	0.037652015686	0.0345978736877	0.0349318981171	0.0434060096741	0.0456559658051	0.0362520217896	0.0366101264954	0.0364508628845	0.0371580123901	0.0361618995667	0.0373029708862	0.0378959178925	0.0372729301453	0.0373520851135	0.0454120635986	0.03826212883	0.0363168716431	0.0368359088898	0.03737616539	
['./treeMaker/main', '-m', '-c', '2']
0.0395300388336	0.036768913269	0.036159992218	0.0400030612946	0.0470311641693	0.0369880199432	0.0367391109467	0.0363869667053	0.0367732048035	0.0390179157257	0.0369119644165	0.0496549606323	0.0387361049652	0.0484631061554	0.0359699726105	0.0397169589996	0.0364630222321	0.035679101944	0.0368831157684	0.0368559360504	0.0370900630951	0.0386590957642	0.0355269908905	0.0360400676727	0.0394239425659	0.0366539955139	0.036474943161	0.0477049350739	0.037474155426	0.040864944458	0.039922952652	0.036740064621	0.0365619659424	0.0372240543365	0.046126127243	0.0356340408325	0.0365951061249	0.048654794693	0.0395131111145	0.0343580245972	0.0364220142365	0.0338821411133	0.0350530147552	0.0365481376648	0.0381841659546	0.037141084671	0.0370390415192	0.0369050502777	0.0362980365753	0.0338788032532	
['./treeMaker/main', '-m', '-a', '1']
0.0517749786377	0.0481569766998	0.048033952713	0.0492041110992	0.0480210781097	0.0467991828918	0.0490329265594	0.0500459671021	0.0524978637695	0.0470600128174	0.0479910373688	0.0501880645752	0.0535488128662	0.0524740219116	0.0497381687164	0.0499000549316	0.0472538471222	0.0521650314331	0.0474259853363	0.050155878067	0.050479888916	0.0493850708008	0.0505509376526	0.0510618686676	0.0504419803619	0.0495400428772	0.0490121841431	0.0479309558868	0.0590090751648	0.0525460243225	0.0490090847015	0.057196855545	0.0504610538483	0.0485079288483	0.052708864212	0.0517740249634	0.04860496521	0.0503399372101	0.047788143158	0.0484910011292	0.0463938713074	0.0505089759827	0.0476050376892	0.0563480854034	0.0551121234894	0.0555460453033	0.0522639751434	0.0513911247253	0.0501680374146	0.0508019924164	
['./treeMaker/main', '-m', '-a', '2']
0.041955947876	0.0502691268921	0.0415210723877	0.0430810451508	0.0401179790497	0.0345180034637	0.0387620925903	0.0348870754242	0.0362241268158	0.0393540859222	0.0359508991241	0.0361070632935	0.0362501144409	0.0373928546906	0.037789106369	0.0383460521698	0.0387480258942	0.0352621078491	0.0366299152374	0.0491809844971	0.0406670570374	0.0464179515839	0.038724899292	0.0475161075592	0.0483989715576	0.0382120609283	0.0372149944305	0.0376179218292	0.0377871990204	0.0383059978485	0.0399568080902	0.0375928878784	0.0367670059204	0.0369920730591	0.0365350246429	0.0369780063629	0.035019159317	0.0450220108032	0.0359420776367	0.0342991352081	0.0361239910126	0.0362520217896	0.0360231399536	0.036612033844	0.0374808311462	0.0365381240845	0.0364050865173	0.0360171794891	0.0369989871979	0.0382339954376	
