25_1000_4.9e-10_4.9e-10_470000000_cut_3
25
1000
4.9e-10
4.9e-10
470000000
cut_3
['./treeMaker/main']
0.0525798797607	0.0808250904083	0.086217880249	0.0591661930084	0.0661828517914	0.0578420162201	0.0665309429169	0.0703270435333	0.0695998668671	0.0600221157074	0.0638039112091	0.0645489692688	0.0645170211792	0.0639169216156	0.0564069747925	0.0501000881195	0.0759110450745	0.12026309967	0.0637021064758	0.0553510189056	0.0616481304169	0.054486989975	0.0700039863586	0.0886340141296	0.0884540081024	0.0541031360626	0.0726590156555	0.0609078407288	0.0486068725586	0.0508649349213	0.106168985367	0.0705900192261	0.249279022217	0.0707859992981	0.0356409549713	0.0785791873932	0.0672991275787	0.069864988327	0.0529100894928	0.0985519886017	0.055408000946	0.0791580677032	0.210122823715	0.0632147789001	0.0746319293976	0.060045003891	0.0305500030518	0.0491461753845	0.0502779483795	0.139007806778	
['./treeMaker/main', '-b']
0.0542280673981	0.0871341228485	0.091010093689	0.0605521202087	0.0700440406799	0.0587770938873	0.0690670013428	0.0739929676056	0.0724999904633	0.0636410713196	0.0693159103394	0.0661101341248	0.0667040348053	0.0680439472198	0.0591139793396	0.0537989139557	0.0810651779175	0.123482942581	0.0660669803619	0.0597760677338	0.0630888938904	0.0560231208801	0.0738320350647	0.0953099727631	0.0915911197662	0.0557000637054	0.0772521495819	0.0635941028595	0.050252199173	0.0531520843506	0.108923912048	0.0727350711823	0.255072116852	0.0695080757141	0.0395829677582	0.0814728736877	0.0701711177826	0.0616810321808	0.0544350147247	0.0982339382172	0.0584690570831	0.0794961452484	0.214359045029	0.0572519302368	0.0765340328217	0.0607271194458	0.0313830375671	0.052375793457	0.0488090515137	0.144425153732	
['./treeMaker/main', '-u']
0.0538139343262	0.0822079181671	0.0860872268677	0.0693161487579	0.0669751167297	0.0698940753937	0.0674641132355	0.0713820457458	0.0699179172516	0.0634570121765	0.0638689994812	0.0656569004059	0.0673630237579	0.0645170211792	0.05939412117	0.0508620738983	0.0757801532745	0.11935377121	0.0657529830933	0.0576310157776	0.0624570846558	0.0546689033508	0.0686621665955	0.0891699790955	0.0920889377594	0.0546410083771	0.0732760429382	0.0618050098419	0.0489871501923	0.0507519245148	0.111485004425	0.0703279972076	0.249065876007	0.0715169906616	0.0378630161285	0.0790710449219	0.0695950984955	0.0697100162506	0.0529589653015	0.0959801673889	0.0547580718994	0.0791220664978	0.21077299118	0.0553050041199	0.0760028362274	0.0606899261475	0.0322508811951	0.0504448413849	0.0498628616333	0.139086961746	
['./treeMaker/main', '-t', '-r', '1']
0.919900894165	1.67788314819	1.67442798615	1.06691002846	1.28876399994	1.06074213982	1.33205699921	1.46274399757	1.31611919403	1.24453902245	1.25380706787	1.22407007217	1.25171709061	1.16267490387	1.21283578873	1.15288186073	1.68149399757	2.29511594772	1.19005608559	0.997572898865	1.19284200668	0.997614860535	1.36431598663	1.88209295273	1.77897691727	0.976659059525	1.56895899773	1.18225717545	0.878343820572	0.905230998993	2.25388789177	1.37073087692	4.77875590324	1.25287914276	0.555243968964	1.65097784996	1.3162279129	1.16950702667	0.979453086853	1.93417406082	0.986578941345	1.54571795464	3.88332986832	0.922749042511	1.67906618118	1.07823014259	0.417440891266	0.957715988159	0.825094938278	2.77973818779	
['./treeMaker/main', '-t', '-r', '2']
1.41216802597	2.60037994385	2.7468931675	1.68034696579	2.01193904877	1.78109407425	2.0920779705	2.1769759655	2.16550087929	1.97183585167	2.11002898216	1.94631481171	2.10303092003	1.89484286308	1.6551129818	1.44733309746	2.40563511848	3.86954712868	1.91736292839	1.60052704811	1.7906229496	1.65507602692	2.04991316795	2.79453802109	2.78418588638	1.64481306076	2.32149100304	1.86116290092	1.31940698624	1.4209151268	3.42639613152	2.09433197975	6.82562088966	1.8844370842	0.898906946182	2.53802704811	2.04636883736	1.75316214561	1.52315807343	3.06163811684	1.626693964	2.70316505432	6.27575302124	1.42805695534	2.45541977882	1.64702105522	0.638659954071	1.43394589424	1.28498411179	4.54711294174	
['./treeMaker/main', '-t', '-r', '1', '-N']
0.921110153198	1.68280005455	1.67610812187	1.06495189667	1.28506588936	1.06059098244	1.33893013	1.46444606781	1.31704711914	1.24858307838	1.255879879	1.22752690315	1.24771380424	1.16162586212	1.10622310638	0.958646059036	1.59075903893	2.28649401665	1.18848395348	0.993590116501	1.20537304878	1.00342106819	1.36660313606	1.89506816864	1.78068804741	0.979381799698	1.56652188301	1.18023490906	0.878351926804	0.907320976257	2.2425558567	1.34644889832	4.80027103424	1.25297212601	0.556366920471	1.65217804909	1.31847786903	1.16794109344	0.981575965881	1.93289804459	0.982002973557	1.54920697212	3.88002085686	0.923377037048	1.65979218483	1.08402204514	0.410753965378	0.93408203125	0.821439981461	2.7819480896	
['./treeMaker/main', '-t', '-r', '2', '-N']
1.4094209671	2.60109090805	2.74012494087	1.68219208717	1.98126101494	1.68396782875	1.96246385574	2.17317700386	2.16724705696	1.86453986168	2.07941794395	1.94424915314	2.11006402969	1.89692997932	1.65177893639	1.43542718887	2.41122198105	3.87727999687	1.91957497597	1.60146808624	1.7897439003	1.65418100357	2.35963487625	2.81587004662	2.83362102509	1.64482116699	2.3590388298	1.86080098152	1.31093096733	1.41589212418	3.42907595634	2.09720802307	6.82391905785	1.89051008224	0.901622056961	2.54241585732	2.05132102966	1.75315284729	1.49420499802	3.05662894249	1.6206111908	2.70346808434	6.27049803734	1.39549279213	2.45813894272	1.65329504013	0.634658098221	1.41154694557	1.277739048	4.55762195587	
['./treeMaker/main', '-m']
0.0421550273895	0.0629639625549	0.073429107666	0.0463409423828	0.0529470443726	0.0445191860199	0.052227973938	0.0549399852753	0.0522558689117	0.0487611293793	0.0491919517517	0.0491101741791	0.0504419803619	0.0506401062012	0.0558137893677	0.0434381961823	0.058806180954	0.0819439888	0.0498101711273	0.0455322265625	0.0491127967834	0.0441539287567	0.0542571544647	0.0615379810333	0.0617201328278	0.0415830612183	0.0554089546204	0.0456569194794	0.0405538082123	0.0415008068085	0.0694379806519	0.0523679256439	0.114842891693	0.0502450466156	0.0317270755768	0.0588541030884	0.0511839389801	0.046480178833	0.0426151752472	0.0668830871582	0.045037984848	0.057676076889	0.105669975281	0.0443329811096	0.0559060573578	0.0464639663696	0.0277910232544	0.0409779548645	0.0405230522156	0.0824711322784	
['./treeMaker/main', '-m', '-b']
0.055908203125	0.0632839202881	0.0652639865875	0.0483090877533	0.0539748668671	0.0513079166412	0.0554311275482	0.0574870109558	0.0563058853149	0.0490481853485	0.051707983017	0.050656080246	0.0536770820618	0.0648329257965	0.0512180328369	0.0445499420166	0.0637638568878	0.085067987442	0.0551490783691	0.0476291179657	0.0529298782349	0.0478301048279	0.0587389469147	0.0692658424377	0.0701079368591	0.0474400520325	0.0613610744476	0.0520780086517	0.0417158603668	0.0446438789368	0.0792379379272	0.0574560165405	0.130045890808	0.0592792034149	0.0333709716797	0.0653638839722	0.0519590377808	0.0503530502319	0.0455591678619	0.071457862854	0.0467450618744	0.0620667934418	0.118043899536	0.0452032089233	0.0569272041321	0.0488669872284	0.0278890132904	0.0423409938812	0.0442152023315	0.0878689289093	
['./treeMaker/main', '-m', '-w', '1']
0.0423700809479	0.0598390102386	0.0717458724976	0.0462889671326	0.0529048442841	0.0453019142151	0.0648319721222	0.0548260211945	0.0538690090179	0.0467731952667	0.0503950119019	0.0480420589447	0.0509560108185	0.0483310222626	0.0464990139008	0.0427219867706	0.0580658912659	0.0782520771027	0.0494408607483	0.0449819564819	0.0492129325867	0.0441861152649	0.0518550872803	0.0604338645935	0.0618181228638	0.0423240661621	0.0540971755981	0.0457150936127	0.0454730987549	0.0415949821472	0.0695769786835	0.0497589111328	0.116057157516	0.0505850315094	0.0318870544434	0.0584769248962	0.0501720905304	0.0469279289246	0.0439510345459	0.064493894577	0.0459480285645	0.0566608905792	0.107501029968	0.0448091030121	0.0549490451813	0.0468850135803	0.0274181365967	0.0415048599243	0.0401458740234	0.0838930606842	
['./treeMaker/main', '-m', '-w', '2']
0.0430910587311	0.0708909034729	0.0616941452026	0.0474441051483	0.0535700321198	0.044891834259	0.0499658584595	0.0534389019012	0.0554089546204	0.0474359989166	0.0497879981995	0.0491089820862	0.049476146698	0.0579760074615	0.0460500717163	0.042906999588	0.0589778423309	0.0783529281616	0.05104804039	0.0457420349121	0.0496790409088	0.0438959598541	0.0545949935913	0.0618510246277	0.0628988742828	0.0443911552429	0.0556111335754	0.0486099720001	0.0402569770813	0.041965007782	0.0809669494629	0.052011013031	0.114027023315	0.0532989501953	0.0318078994751	0.0572679042816	0.0523490905762	0.0477311611176	0.0430388450623	0.067321062088	0.0458488464355	0.0604350566864	0.111330032349	0.043359041214	0.0577039718628	0.0471820831299	0.0278899669647	0.0408549308777	0.0415878295898	0.0977828502655	
['./treeMaker/main', '-m', '-c', '1']
0.0423009395599	0.0687890052795	0.0706059932709	0.0462431907654	0.0513861179352	0.0449240207672	0.0513699054718	0.0543601512909	0.0520460605621	0.0463209152222	0.051411151886	0.0484259128571	0.0507159233093	0.0489671230316	0.0455892086029	0.0423710346222	0.0583961009979	0.0782401561737	0.0491008758545	0.0451898574829	0.048348903656	0.0438468456268	0.0533878803253	0.060485124588	0.0618591308594	0.044095993042	0.0562078952789	0.0480451583862	0.0405840873718	0.0426511764526	0.0700600147247	0.0526669025421	0.117645978928	0.05899310112	0.0322878360748	0.0591990947723	0.0508618354797	0.0472140312195	0.0425310134888	0.0648419857025	0.0454699993134	0.0574660301208	0.106290102005	0.0436301231384	0.0564050674438	0.0464129447937	0.0285820960999	0.040974855423	0.0401589870453	0.0836291313171	
['./treeMaker/main', '-m', '-c', '2']
0.0403079986572	0.0587909221649	0.0617370605469	0.0477859973907	0.0526840686798	0.0457999706268	0.0519738197327	0.0544428825378	0.0538680553436	0.0462830066681	0.0491490364075	0.0504169464111	0.0502150058746	0.0494029521942	0.0456900596619	0.0417079925537	0.0552439689636	0.0778150558472	0.0476820468903	0.0454330444336	0.0491678714752	0.0435228347778	0.052540063858	0.0721638202667	0.0617291927338	0.0415229797363	0.0551970005035	0.0494830608368	0.0402491092682	0.0418419837952	0.071818113327	0.0519168376923	0.114248037338	0.0534570217133	0.0315971374512	0.0588049888611	0.0517318248749	0.0480160713196	0.0428080558777	0.0660448074341	0.0446832180023	0.0574331283569	0.106689929962	0.0464160442352	0.0547230243683	0.0465240478516	0.0275838375092	0.0413010120392	0.0405170917511	0.0836880207062	
['./treeMaker/main', '-m', '-a', '1']
0.0548670291901	0.0631160736084	0.065850019455	0.0498769283295	0.0556828975677	0.0494928359985	0.0552310943604	0.0577981472015	0.0581510066986	0.0516669750214	0.053838968277	0.0529129505157	0.0527949333191	0.0528049468994	0.049103975296	0.0460770130157	0.0605461597443	0.082151889801	0.0533828735352	0.0491409301758	0.0514578819275	0.045469045639	0.058021068573	0.0677139759064	0.0676441192627	0.0467348098755	0.0597469806671	0.0506150722504	0.0423040390015	0.0444259643555	0.0744409561157	0.0547587871552	0.120402812958	0.0534770488739	0.034138917923	0.0761909484863	0.0546278953552	0.0498881340027	0.046012878418	0.0828590393066	0.0529999732971	0.0602278709412	0.111382961273	0.0477600097656	0.0590209960938	0.0492169857025	0.0312471389771	0.0437591075897	0.0535049438477	0.0886070728302	
['./treeMaker/main', '-m', '-a', '2']
0.0434470176697	0.0600950717926	0.0626108646393	0.0496180057526	0.0522129535675	0.0545690059662	0.0493679046631	0.0538392066956	0.0526368618011	0.0485110282898	0.0496850013733	0.053652048111	0.0514688491821	0.0488021373749	0.0496809482574	0.0473010540009	0.0721859931946	0.0800130367279	0.0491399765015	0.0467729568481	0.0492842197418	0.0455460548401	0.0537390708923	0.0606729984283	0.063570022583	0.0426828861237	0.0539979934692	0.0472719669342	0.0401191711426	0.0418910980225	0.0709159374237	0.0500111579895	0.116741895676	0.0532431602478	0.0317161083221	0.0588688850403	0.0621609687805	0.0479688644409	0.0429911613464	0.0673699378967	0.0456240177155	0.0573759078979	0.106365203857	0.0413081645966	0.0543429851532	0.0456931591034	0.0272300243378	0.0408670902252	0.0413949489594	0.0841538906097	
