25_1000_5.2e-11_5.2e-11_470000000
25
1000
5.2e-11
5.2e-11
470000000

['./treeMaker/main']
0.046352148056	0.0449361801147	0.0438778400421	0.0451707839966	0.0495030879974	0.0421710014343	0.0440921783447	0.0441319942474	0.0422270298004	0.0476698875427	0.0447900295258	0.041759967804	0.044844865799	0.0448708534241	0.0477170944214	0.0447728633881	0.0443661212921	0.0448150634766	0.0465829372406	0.0448501110077	0.0469121932983	0.0429170131683	0.0482530593872	0.0435979366302	0.0393469333649	0.0406501293182	0.0428450107574	0.0394289493561	0.0442390441895	0.0419309139252	0.0414669513702	0.0435719490051	0.0496490001678	0.0484459400177	0.047700881958	0.0455451011658	0.0428938865662	0.0442409515381	0.0431940555573	0.0433440208435	0.0495691299438	0.0488641262054	0.0444540977478	0.0584380626678	0.0434098243713	0.0479829311371	0.0420279502869	0.045175075531	0.0448551177979	0.0435478687286	
['./treeMaker/main', '-b']
0.0443439483643	0.0432908535004	0.0426690578461	0.0447080135345	0.0463140010834	0.0431230068207	0.0447170734406	0.0434460639954	0.0409691333771	0.0491378307343	0.0427930355072	0.0410718917847	0.0425319671631	0.0454790592194	0.0486528873444	0.0460939407349	0.0428388118744	0.0434091091156	0.0464429855347	0.0445110797882	0.0480239391327	0.0437860488892	0.0641250610352	0.0486009120941	0.0448379516602	0.045716047287	0.0476129055023	0.0444991588593	0.049821138382	0.0493650436401	0.0456190109253	0.0507011413574	0.0442500114441	0.0533518791199	0.0468859672546	0.0451188087463	0.0447812080383	0.0447700023651	0.0445637702942	0.0441029071808	0.0518851280212	0.0481040477753	0.0458810329437	0.0475001335144	0.0431320667267	0.0444369316101	0.0408430099487	0.0411651134491	0.0451190471649	0.0453999042511	
['./treeMaker/main', '-u']
0.0446469783783	0.0434679985046	0.0444278717041	0.0423669815063	0.0489060878754	0.0423729419708	0.0453600883484	0.0455241203308	0.0433390140533	0.0484261512756	0.0454211235046	0.0410239696503	0.0435559749603	0.0439209938049	0.0476331710815	0.0443949699402	0.0464479923248	0.0435438156128	0.048141002655	0.0444309711456	0.0483939647675	0.0438611507416	0.0516440868378	0.0449419021606	0.0432260036469	0.0413839817047	0.0476031303406	0.0411460399628	0.0475289821625	0.0450620651245	0.0442659854889	0.0464239120483	0.0450990200043	0.0471279621124	0.0444939136505	0.0436489582062	0.0438210964203	0.0431830883026	0.0556650161743	0.0444371700287	0.0480680465698	0.0483748912811	0.0474898815155	0.0462369918823	0.0449688434601	0.0450851917267	0.0440211296082	0.0427300930023	0.0469899177551	0.0430319309235	
['./treeMaker/main', '-t', '-r', '1']
0.488077878952	0.476100921631	0.481848955154	0.493400096893	0.530393123627	0.472412109375	0.497395038605	0.462666988373	0.464635848999	0.576475143433	0.472550153732	0.461580991745	0.49013710022	0.489471912384	0.5676009655	0.506649971008	0.47491979599	0.454480171204	0.537108898163	0.49942111969	0.545970916748	0.458381891251	0.588517904282	0.493376970291	0.462585926056	0.503603935242	0.53466296196	0.455151081085	0.558095932007	0.495934963226	0.478204965591	0.543140172958	0.528222084045	0.565274000168	0.512081861496	0.470608949661	0.478207111359	0.46660900116	0.483146905899	0.442939996719	0.555301189423	0.570961952209	0.472403049469	0.516716003418	0.485414028168	0.499991893768	0.426949977875	0.473510980606	0.506960868835	0.522614955902	
['./treeMaker/main', '-t', '-r', '2']
0.592985868454	0.60501909256	0.614675998688	0.630997180939	0.680214166641	0.586958885193	0.640408992767	0.604676961899	0.58608007431	0.72451210022	0.59766292572	0.571229934692	0.636367082596	0.627701044083	0.702699899673	0.634608030319	0.593983888626	0.569705963135	0.717686891556	0.639337062836	0.699728012085	0.59173989296	0.806973934174	0.600270986557	0.621780872345	0.58723783493	0.661497116089	0.550947904587	0.703355073929	0.618005990982	0.591701984406	0.712440013885	0.611108064651	0.690567016602	0.688167095184	0.57546710968	0.59592294693	0.581676959991	0.608587026596	0.553194999695	0.683748006821	0.730408191681	0.600579977036	0.655236959457	0.579831123352	0.602458953857	0.527878046036	0.591255187988	0.6254799366	0.64528799057	
['./treeMaker/main', '-t', '-r', '1', '-N']
0.502477169037	0.453886032104	0.474359989166	0.466529130936	0.528000116348	0.440923929214	0.516622066498	0.493483781815	0.463554859161	0.580832004547	0.47976398468	0.443877220154	0.497721910477	0.487461805344	0.548760890961	0.483393192291	0.444429159164	0.452436923981	0.558403968811	0.489860057831	0.548429012299	0.461930990219	0.563121080399	0.468580961227	0.444378137589	0.490808963776	0.54855298996	0.465750932693	0.579750061035	0.488893032074	0.465770959854	0.517879962921	0.496362924576	0.566996097565	0.545637130737	0.467448949814	0.477494001389	0.470397949219	0.449359893799	0.452717065811	0.559568881989	0.58487701416	0.461314916611	0.516426086426	0.48906493187	0.516944885254	0.410721063614	0.476756095886	0.500684022903	0.49400305748	
['./treeMaker/main', '-t', '-r', '2', '-N']
0.619440078735	0.589498996735	0.599096059799	0.631975889206	0.686328172684	0.571673870087	0.630172014236	0.622456073761	0.578816890717	0.718219041824	0.60755109787	0.560803890228	0.637498140335	0.584222078323	0.692542076111	0.630483865738	0.592991113663	0.587064981461	0.699450969696	0.598009824753	0.690465211868	0.578483104706	0.749912023544	0.602327823639	0.611001968384	0.630470991135	0.670658111572	0.578492879868	0.739883899689	0.639256954193	0.616450071335	0.670595884323	0.648521184921	0.71905207634	0.68205499649	0.595793962479	0.568173885345	0.55125617981	0.617436885834	0.540852069855	0.703975915909	0.760535955429	0.606495857239	0.684777975082	0.597868919373	0.620323896408	0.500748872757	0.563313961029	0.679697036743	0.660768985748	
['./treeMaker/main', '-m']
0.0421409606934	0.0392758846283	0.0393419265747	0.0400850772858	0.0405468940735	0.0387420654297	0.0407109260559	0.0395998954773	0.0386929512024	0.0595989227295	0.0417020320892	0.0408079624176	0.0442590713501	0.0425770282745	0.0447208881378	0.044774055481	0.0427119731903	0.0417380332947	0.0434219837189	0.0436210632324	0.0458991527557	0.0496990680695	0.0460419654846	0.042289018631	0.0432040691376	0.0409400463104	0.0451819896698	0.0416510105133	0.0430870056152	0.0421540737152	0.043664932251	0.0447099208832	0.0442838668823	0.0486078262329	0.0450839996338	0.0418231487274	0.042228937149	0.041200876236	0.0424158573151	0.0422868728638	0.0443580150604	0.0444209575653	0.0418171882629	0.0449631214142	0.040363073349	0.0440719127655	0.0426480770111	0.0425670146942	0.04430103302	0.0426340103149	
['./treeMaker/main', '-m', '-b']
0.0445330142975	0.0463919639587	0.0416729450226	0.0440380573273	0.0462760925293	0.0436069965363	0.0456531047821	0.0464849472046	0.0433740615845	0.0462720394135	0.0432090759277	0.0469119548798	0.0464210510254	0.04585313797	0.0474791526794	0.0449049472809	0.0443968772888	0.0412130355835	0.0454869270325	0.0437150001526	0.0415749549866	0.0391590595245	0.043212890625	0.0417239665985	0.0410978794098	0.0417950153351	0.0432138442993	0.040944814682	0.0435011386871	0.0412611961365	0.0408120155334	0.0427398681641	0.0420579910278	0.0425560474396	0.0422098636627	0.0401811599731	0.0400478839874	0.0397899150848	0.0403919219971	0.0390179157257	0.0427048206329	0.0428140163422	0.0397288799286	0.0412669181824	0.0402400493622	0.0404040813446	0.0384209156036	0.0399479866028	0.0419747829437	0.0416390895844	
['./treeMaker/main', '-m', '-w', '1']
0.0403609275818	0.0395829677582	0.0396828651428	0.0403568744659	0.0408267974854	0.0386290550232	0.0485532283783	0.04354596138	0.0428719520569	0.0467369556427	0.0533888339996	0.0413811206818	0.044182062149	0.041925907135	0.047847032547	0.044205904007	0.0427849292755	0.0410950183868	0.0453879833221	0.0425601005554	0.0433969497681	0.041944026947	0.0555098056793	0.043839931488	0.0444469451904	0.0433399677277	0.0422441959381	0.0415601730347	0.04430103302	0.042414188385	0.0455460548401	0.0460739135742	0.043753862381	0.0478019714355	0.0445618629456	0.0425159931183	0.0430119037628	0.0424671173096	0.0420360565186	0.0407531261444	0.0442540645599	0.0440781116486	0.0425939559937	0.0457379817963	0.0440280437469	0.0450749397278	0.0412278175354	0.0411698818207	0.0435907840729	0.0446109771729	
['./treeMaker/main', '-m', '-w', '2']
0.043478012085	0.0431778430939	0.0419609546661	0.0424778461456	0.0441660881042	0.0403060913086	0.0440809726715	0.0465250015259	0.0422899723053	0.0461928844452	0.0446109771729	0.0402059555054	0.0440998077393	0.0440511703491	0.0439848899841	0.0446209907532	0.0458428859711	0.042977809906	0.0488171577454	0.0452470779419	0.0452988147736	0.0427598953247	0.0466730594635	0.0429379940033	0.0435581207275	0.046156167984	0.0457510948181	0.0455400943756	0.0471529960632	0.0428760051727	0.042396068573	0.0450351238251	0.0435671806335	0.0450928211212	0.0450668334961	0.0421149730682	0.0416669845581	0.0425319671631	0.0455379486084	0.0448529720306	0.0452330112457	0.0439112186432	0.0428838729858	0.0429711341858	0.0440239906311	0.0438890457153	0.0440330505371	0.0410480499268	0.0458750724792	0.0452790260315	
['./treeMaker/main', '-m', '-c', '1']
0.0432200431824	0.0398859977722	0.0396990776062	0.0402538776398	0.0411260128021	0.0388679504395	0.040717124939	0.0394380092621	0.0388729572296	0.0425620079041	0.0393269062042	0.0391068458557	0.0400860309601	0.0392389297485	0.0430860519409	0.0401990413666	0.0400769710541	0.0389218330383	0.0413250923157	0.0398650169373	0.0408449172974	0.0385148525238	0.0422492027283	0.0391960144043	0.0386919975281	0.0391619205475	0.04030418396	0.0385820865631	0.0568101406097	0.0436611175537	0.044135093689	0.0443720817566	0.0433700084686	0.0485320091248	0.0457060337067	0.0431740283966	0.0445339679718	0.0555970668793	0.0386838912964	0.0389988422394	0.0418379306793	0.0418879985809	0.039703130722	0.0406329631805	0.0392909049988	0.0573799610138	0.0390410423279	0.040256023407	0.0425851345062	0.0421450138092	
['./treeMaker/main', '-m', '-c', '2']
0.0417549610138	0.0408720970154	0.0407190322876	0.0414659976959	0.0422370433807	0.0402619838715	0.0420200824738	0.040962934494	0.0401501655579	0.0433778762817	0.0405230522156	0.0402929782867	0.0414221286774	0.0405859947205	0.0432507991791	0.0416600704193	0.0411040782928	0.0403399467468	0.0424520969391	0.0412991046906	0.0427961349487	0.0401151180267	0.0439620018005	0.0405688285828	0.0402970314026	0.0408542156219	0.0420689582825	0.0401039123535	0.043426990509	0.0412380695343	0.04088306427	0.0426831245422	0.0421361923218	0.0428109169006	0.0424911975861	0.0404348373413	0.0402908325195	0.0400259494781	0.040699005127	0.0395019054413	0.0426890850067	0.0430338382721	0.0401949882507	0.0418529510498	0.0404100418091	0.0409719944	0.0386281013489	0.0407660007477	0.0424680709839	0.0421159267426	
['./treeMaker/main', '-m', '-a', '1']
0.0558021068573	0.0554831027985	0.0551958084106	0.0681309700012	0.0565140247345	0.0546700954437	0.0565960407257	0.0556671619415	0.0541911125183	0.0578310489655	0.0524749755859	0.0523698329926	0.0533220767975	0.0522291660309	0.0710940361023	0.0548839569092	0.0551900863647	0.0556538105011	0.0576741695404	0.0587868690491	0.0559589862823	0.0543489456177	0.0582859516144	0.0544319152832	0.0542531013489	0.0546841621399	0.0556108951569	0.0541338920593	0.0572888851166	0.0552871227264	0.0563039779663	0.0602140426636	0.0551121234894	0.0566091537476	0.057168006897	0.0549960136414	0.0539779663086	0.0544350147247	0.0549311637878	0.0543990135193	0.0561919212341	0.0579149723053	0.0533759593964	0.0551631450653	0.0548670291901	0.0654590129852	0.0556111335754	0.0561399459839	0.0630440711975	0.0578970909119	
['./treeMaker/main', '-m', '-a', '2']
0.0559558868408	0.0444078445435	0.0535280704498	0.0448019504547	0.0531499385834	0.0505681037903	0.0623250007629	0.0414638519287	0.04065990448	0.0541751384735	0.0439119338989	0.0539488792419	0.0430519580841	0.0449287891388	0.0455369949341	0.0437388420105	0.0443050861359	0.0444009304047	0.0466258525848	0.0436878204346	0.0448579788208	0.0431151390076	0.0463311672211	0.0443410873413	0.0415449142456	0.0421249866486	0.0435719490051	0.0426399707794	0.0448489189148	0.0409328937531	0.0425138473511	0.0461058616638	0.0414679050446	0.0432801246643	0.042788028717	0.040962934494	0.0404169559479	0.0404078960419	0.0408689975739	0.0397980213165	0.0430850982666	0.043505191803	0.0404560565948	0.0421760082245	0.0405960083008	0.0412578582764	0.0390079021454	0.0406401157379	0.0426919460297	0.0548009872437	
