25_1000_4.9e-10_4.9e-10_190000000
25
1000
4.9e-10
4.9e-10
190000000

['./treeMaker/main']
0.0	0.0434782608696	0.0	0.0	0.0	0.0434782608696	0.0	0.130434782609	0.0434782608696	0.0434782608696	0.0434782608696	0.0434782608696	0.0	0.173913043478	0.0	0.0869565217391	0.0	0.0	0.0434782608696	0.173913043478	0.0434782608696	0.217391304348	0.0869565217391	0.0434782608696	0.0869565217391	0.0869565217391	0.0	0.130434782609	0.0869565217391	0.0869565217391	0.0869565217391	0.173913043478	0.0434782608696	0.0434782608696	0.217391304348	0.0434782608696	0.173913043478	0.0434782608696	0.0434782608696	0.0434782608696	0.0	0.0869565217391	0.130434782609	0.217391304348	0.0434782608696	0.0434782608696	0.130434782609	0.0	0.130434782609	0.130434782609	
['./treeMaker/main', '-b']
0.0434782608696	0.0434782608696	0.0434782608696	0.0869565217391	0.173913043478	0.0434782608696	0.217391304348	0.130434782609	0.0	0.0869565217391	0.0	0.0	0.0869565217391	0.173913043478	0.217391304348	0.173913043478	0.0869565217391	0.0434782608696	0.0869565217391	0.217391304348	0.173913043478	0.130434782609	0.0869565217391	0.0	0.260869565217	0.0869565217391	0.0	0.260869565217	0.130434782609	0.0869565217391	0.173913043478	0.217391304348	0.0869565217391	0.130434782609	0.217391304348	0.0869565217391	0.130434782609	0.0434782608696	0.0434782608696	0.130434782609	0.0434782608696	0.0434782608696	0.173913043478	0.260869565217	0.0434782608696	0.0	0.260869565217	0.173913043478	0.217391304348	0.130434782609	
['./treeMaker/main', '-u']
0.0	0.0434782608696	0.0	0.0434782608696	0.0	0.0	0.0434782608696	0.130434782609	0.0434782608696	0.0	0.0869565217391	0.0434782608696	0.0	0.217391304348	0.0	0.0869565217391	0.0	0.0	0.0434782608696	0.173913043478	0.0869565217391	0.173913043478	0.0434782608696	0.0434782608696	0.0434782608696	0.0	0.0	0.0	0.130434782609	0.0869565217391	0.130434782609	0.173913043478	0.0434782608696	0.0434782608696	0.130434782609	0.0434782608696	0.0869565217391	0.0	0.0434782608696	0.0434782608696	0.0	0.0434782608696	0.0869565217391	0.130434782609	0.0869565217391	0.0434782608696	0.0869565217391	0.0	0.0434782608696	0.217391304348	
['./treeMaker/main', '-t', '-r', '1']
0.0	0.0434782608696	0.0	0.0434782608696	0.0	0.0434782608696	0.0	0.0434782608696	0.0434782608696	0.0	0.0434782608696	0.0434782608696	0.0	0.130434782609	0.0434782608696	0.0434782608696	0.0	0.0	0.0	0.173913043478	0.0	0.0869565217391	0.0	0.0434782608696	0.0869565217391	0.0434782608696	0.0	0.0	0.173913043478	0.0434782608696	0.0869565217391	0.130434782609	0.0434782608696	0.0434782608696	0.130434782609	0.0434782608696	0.173913043478	0.0	0.0434782608696	0.0434782608696	0.0	0.0434782608696	0.0434782608696	0.0869565217391	0.0434782608696	0.0434782608696	0.130434782609	0.0	0.0434782608696	0.173913043478	
['./treeMaker/main', '-t', '-r', '2']
0.0	0.0434782608696	0.0	0.0434782608696	0.0	0.0434782608696	0.0	0.0434782608696	0.0	0.0	0.0434782608696	0.0434782608696	0.0	0.130434782609	0.0434782608696	0.0434782608696	0.0	0.0	0.0	0.173913043478	0.0434782608696	0.130434782609	0.0	0.0434782608696	0.0434782608696	0.0	0.0	0.0	0.0869565217391	0.0434782608696	0.0869565217391	0.130434782609	0.0434782608696	0.0434782608696	0.130434782609	0.0434782608696	0.173913043478	0.0434782608696	0.0434782608696	0.0434782608696	0.0	0.0434782608696	0.0434782608696	0.0869565217391	0.0869565217391	0.0	0.130434782609	0.0	0.0	0.173913043478	
['./treeMaker/main', '-t', '-r', '1', '-N']
0.0	0.0434782608696	0.0	0.0434782608696	0.0	0.0434782608696	0.0	0.0	0.0869565217391	0.0	0.0	0.0	0.0434782608696	0.130434782609	0.0	0.0434782608696	0.0	0.0	0.0869565217391	0.173913043478	0.0434782608696	0.0869565217391	0.0	0.0869565217391	0.0869565217391	0.0	0.0434782608696	0.0434782608696	0.0869565217391	0.130434782609	0.0869565217391	0.130434782609	0.130434782609	0.0434782608696	0.130434782609	0.0	0.217391304348	0.0434782608696	0.0434782608696	0.0434782608696	0.0	0.0434782608696	0.0434782608696	0.0869565217391	0.0434782608696	0.0434782608696	0.173913043478	0.0	0.0434782608696	0.173913043478	
['./treeMaker/main', '-t', '-r', '2', '-N']
0.0	0.0869565217391	0.0	0.0434782608696	0.0	0.0434782608696	0.0	0.0434782608696	0.0869565217391	0.0	0.0	0.0	0.0434782608696	0.130434782609	0.0434782608696	0.0434782608696	0.0	0.0	0.0869565217391	0.173913043478	0.0869565217391	0.173913043478	0.0	0.0869565217391	0.0434782608696	0.0	0.0434782608696	0.0	0.0869565217391	0.130434782609	0.0869565217391	0.130434782609	0.130434782609	0.0434782608696	0.130434782609	0.0	0.217391304348	0.0434782608696	0.0434782608696	0.0434782608696	0.0	0.0434782608696	0.0434782608696	0.173913043478	0.0434782608696	0.0434782608696	0.130434782609	0.0434782608696	0.0	0.130434782609	
['./treeMaker/main', '-m']
0.0434782608696	0.0869565217391	0.0	0.0434782608696	0.0	0.0	0.0	0.0	0.0434782608696	0.0	0.0	0.0869565217391	0.0	0.173913043478	0.0434782608696	0.0869565217391	0.0	0.0	0.0	0.173913043478	0.0869565217391	0.0434782608696	0.0869565217391	0.0	0.0	0.0434782608696	0.0	0.0	0.130434782609	0.130434782609	0.130434782609	0.130434782609	0.0434782608696	0.0434782608696	0.130434782609	0.0434782608696	0.130434782609	0.0	0.0434782608696	0.0434782608696	0.0	0.0434782608696	0.0434782608696	0.0869565217391	0.0869565217391	0.0434782608696	0.130434782609	0.0	0.0869565217391	0.217391304348	
['./treeMaker/main', '-m', '-b']
0.0	0.0434782608696	0.0	0.0	0.0	0.0869565217391	0.0869565217391	0.0869565217391	0.0	0.0	0.0869565217391	0.0869565217391	0.0869565217391	0.173913043478	0.0869565217391	0.0869565217391	0.0434782608696	0.0	0.0434782608696	0.173913043478	0.0434782608696	0.0434782608696	0.0869565217391	0.0434782608696	0.130434782609	0.0869565217391	0.0	0.0434782608696	0.0869565217391	0.0434782608696	0.130434782609	0.173913043478	0.0434782608696	0.0434782608696	0.0869565217391	0.0869565217391	0.0869565217391	0.0	0.0434782608696	0.0	0.0	0.173913043478	0.130434782609	0.130434782609	0.0869565217391	0.0	0.173913043478	0.0434782608696	0.0434782608696	0.217391304348	
['./treeMaker/main', '-m', '-w', '1']
0.0869565217391	0.0869565217391	0.0	0.0434782608696	0.0	0.0434782608696	0.0	0.0	0.0434782608696	0.0	0.0	0.0869565217391	0.0	0.173913043478	0.0434782608696	0.0869565217391	0.0	0.0	0.0	0.173913043478	0.0434782608696	0.217391304348	0.0434782608696	0.0	0.0	0.0869565217391	0.0	0.0	0.130434782609	0.0869565217391	0.130434782609	0.130434782609	0.0869565217391	0.0434782608696	0.130434782609	0.0434782608696	0.130434782609	0.0	0.0434782608696	0.0434782608696	0.0	0.0434782608696	0.0869565217391	0.0869565217391	0.0869565217391	0.0434782608696	0.173913043478	0.0	0.0869565217391	0.217391304348	
['./treeMaker/main', '-m', '-w', '2']
0.0434782608696	0.0869565217391	0.0	0.0434782608696	0.0	0.0	0.0434782608696	0.0	0.0434782608696	0.0	0.0	0.0869565217391	0.0	0.173913043478	0.0434782608696	0.0869565217391	0.0	0.0	0.0	0.173913043478	0.0869565217391	0.0869565217391	0.0434782608696	0.0	0.0	0.0434782608696	0.0	0.0	0.130434782609	0.0869565217391	0.130434782609	0.130434782609	0.0434782608696	0.0434782608696	0.130434782609	0.0434782608696	0.130434782609	0.0	0.0434782608696	0.0434782608696	0.0	0.0434782608696	0.0434782608696	0.0869565217391	0.0869565217391	0.0434782608696	0.173913043478	0.0	0.0869565217391	0.217391304348	
['./treeMaker/main', '-m', '-c', '1']
0.130434782609	0.130434782609	0.0	0.173913043478	0.130434782609	0.260869565217	0.173913043478	0.217391304348	0.0434782608696	0.217391304348	0.130434782609	0.217391304348	0.0869565217391	0.217391304348	0.0434782608696	0.304347826087	0.217391304348	0.0434782608696	0.304347826087	0.217391304348	0.0434782608696	0.217391304348	0.173913043478	0.0	0.304347826087	0.217391304348	0.0434782608696	0.0869565217391	0.217391304348	0.173913043478	0.0869565217391	0.173913043478	0.391304347826	0.260869565217	0.304347826087	0.260869565217	0.217391304348	0.130434782609	0.173913043478	0.260869565217	0.0434782608696	0.173913043478	0.130434782609	0.260869565217	0.217391304348	0.130434782609	0.347826086957	0.0869565217391	0.217391304348	0.173913043478	
['./treeMaker/main', '-m', '-c', '2']
0.130434782609	0.130434782609	0.0	0.217391304348	0.130434782609	0.260869565217	0.173913043478	0.173913043478	0.0434782608696	0.173913043478	0.130434782609	0.217391304348	0.0869565217391	0.217391304348	0.0434782608696	0.304347826087	0.217391304348	0.0869565217391	0.304347826087	0.217391304348	0.0869565217391	0.217391304348	0.173913043478	0.0	0.304347826087	0.217391304348	0.0869565217391	0.0434782608696	0.130434782609	0.173913043478	0.0869565217391	0.260869565217	0.391304347826	0.260869565217	0.217391304348	0.217391304348	0.217391304348	0.130434782609	0.173913043478	0.260869565217	0.0434782608696	0.130434782609	0.130434782609	0.260869565217	0.217391304348	0.173913043478	0.347826086957	0.0869565217391	0.217391304348	0.173913043478	
['./treeMaker/main', '-m', '-a', '1']
0.0434782608696	0.130434782609	0.0	0.0869565217391	0.0434782608696	0.0869565217391	0.0	0.0434782608696	0.130434782609	0.0434782608696	0.130434782609	0.173913043478	0.0869565217391	0.217391304348	0.0	0.260869565217	0.0	0.0869565217391	0.0434782608696	0.173913043478	0.130434782609	0.130434782609	0.0869565217391	0.0869565217391	0.217391304348	0.173913043478	0.0	0.0	0.304347826087	0.0869565217391	0.173913043478	0.130434782609	0.0434782608696	0.173913043478	0.217391304348	0.0869565217391	0.260869565217	0.0434782608696	0.130434782609	0.0869565217391	0.0434782608696	0.0434782608696	0.0869565217391	0.130434782609	0.130434782609	0.0434782608696	0.217391304348	0.0	0.130434782609	0.0434782608696	
['./treeMaker/main', '-m', '-a', '2']
0.0434782608696	0.217391304348	0.0434782608696	0.0869565217391	0.0434782608696	0.173913043478	0.0869565217391	0.130434782609	0.173913043478	0.0869565217391	0.0869565217391	0.173913043478	0.130434782609	0.434782608696	0.0869565217391	0.0869565217391	0.0869565217391	0.0	0.130434782609	0.217391304348	0.0869565217391	0.347826086957	0.0434782608696	0.0434782608696	0.173913043478	0.130434782609	0.0434782608696	0.130434782609	0.260869565217	0.130434782609	0.173913043478	0.260869565217	0.217391304348	0.130434782609	0.173913043478	0.0434782608696	0.173913043478	0.0434782608696	0.130434782609	0.130434782609	0.0869565217391	0.130434782609	0.0869565217391	0.260869565217	0.173913043478	0.217391304348	0.130434782609	0.217391304348	0.347826086957	0.130434782609	
