25_1000_4.9e-10_4.9e-10_470000000_cut_6
25
1000
4.9e-10
4.9e-10
470000000
cut_6
['./treeMaker/main']
0.0495839118958	0.082859992981	0.0821430683136	0.05757188797	0.064218044281	0.0521168708801	0.0642991065979	0.0696229934692	0.0673360824585	0.0588321685791	0.0600419044495	0.0601398944855	0.0623769760132	0.0588519573212	0.0545601844788	0.0615417957306	0.0734539031982	0.118552923203	0.0639951229095	0.055004119873	0.068550825119	0.0551490783691	0.0713341236115	0.0877339839935	0.0856900215149	0.0527880191803	0.0687959194183	0.0596430301666	0.047593832016	0.0472011566162	0.10134100914	0.0647850036621	0.237323045731	0.0598428249359	0.0319430828094	0.0830919742584	0.0637850761414	0.0561649799347	0.0502910614014	0.0916919708252	0.0539271831512	0.0770831108093	0.198045969009	0.0517630577087	0.0720868110657	0.0569369792938	0.0405261516571	0.0481369495392	0.0477268695831	0.135004997253	
['./treeMaker/main', '-b']
0.0524089336395	0.0877730846405	0.0838980674744	0.0590879917145	0.0670812129974	0.0602140426636	0.0744709968567	0.0731561183929	0.0731148719788	0.0596208572388	0.0641479492188	0.0643298625946	0.0633780956268	0.063276052475	0.059189081192	0.0610620975494	0.0742609500885	0.12680888176	0.0662379264832	0.0567989349365	0.0611250400543	0.0561378002167	0.0745420455933	0.0910949707031	0.0880107879639	0.0520920753479	0.073075056076	0.0625619888306	0.0486030578613	0.0499379634857	0.106402873993	0.0677559375763	0.249629020691	0.0647649765015	0.0349979400635	0.0856940746307	0.0648019313812	0.0581629276276	0.051864862442	0.0950620174408	0.0560729503632	0.0819690227509	0.204921007156	0.0551469326019	0.0734150409698	0.059574842453	0.028902053833	0.051500082016	0.0528440475464	0.137826919556	
['./treeMaker/main', '-u']
0.0508899688721	0.0849211215973	0.083151102066	0.0578360557556	0.0662090778351	0.0527670383453	0.0724778175354	0.0701620578766	0.0680968761444	0.0594630241394	0.0591399669647	0.060672044754	0.0633001327515	0.0587840080261	0.0536978244781	0.050244808197	0.0725870132446	0.124264955521	0.0650019645691	0.0526030063629	0.0647969245911	0.0662491321564	0.0729658603668	0.0879280567169	0.0851991176605	0.0532410144806	0.0692849159241	0.05917096138	0.0477650165558	0.0474700927734	0.103226900101	0.0655720233917	0.237120866776	0.0614168643951	0.0351731777191	0.0835309028625	0.0636930465698	0.0570061206818	0.0502018928528	0.0919241905212	0.0535140037537	0.0777909755707	0.197499990463	0.0536000728607	0.0730559825897	0.0576300621033	0.0291228294373	0.0493590831757	0.0485348701477	0.134682893753	
['./treeMaker/main', '-t', '-r', '1']
0.867526769638	1.69008493423	1.52214813232	1.03882980347	1.21152114868	0.965359926224	1.21906995773	1.35745501518	1.25772976875	1.14247512817	1.09340882301	1.14375090599	1.09704780579	1.06754589081	0.960695028305	0.92994594574	1.42116785049	2.29289793968	1.12472605705	0.90034198761	1.05210900307	0.987305164337	1.35966491699	1.62468504906	1.6244430542	0.919952869415	1.40317893028	1.12579298019	0.836978912354	0.785230875015	2.14326000214	1.23012399673	4.78388500214	1.13553500175	0.464604854584	1.49104690552	1.18675398827	1.0188190937	0.871649026871	1.80732393265	0.943130016327	1.48889899254	3.66774702072	0.924519062042	1.49070000648	1.04936218262	0.366351127625	0.862857103348	0.789829969406	2.41847610474	
['./treeMaker/main', '-t', '-r', '2']
1.41211104393	2.76025891304	2.58918809891	1.71974682808	1.88765907288	1.58276391029	1.83733987808	2.11762094498	2.10195207596	1.74285387993	1.88974714279	1.86699509621	1.93101286888	1.80743217468	1.47367691994	1.44539999962	2.23903799057	3.9666929245	1.94210886955	1.50671195984	1.69041395187	1.70180892944	2.21686291695	2.76090908051	2.66177797318	1.58121490479	2.10751795769	1.89966106415	1.26719093323	1.24298787117	3.41079807281	1.99242091179	6.73421406746	1.80059409142	0.774249792099	2.69600391388	1.93341398239	1.57480096817	1.38122487068	3.01029109955	1.57481312752	2.63119697571	6.04534196854	1.44028711319	2.33285307884	1.64798307419	0.56481385231	1.35757493973	1.3229970932	4.27458405495	
['./treeMaker/main', '-t', '-r', '1', '-N']
0.883425951004	1.68955516815	1.52701997757	1.04102182388	1.21245598793	0.966388940811	1.22236609459	1.36172795296	1.25997686386	1.14802289009	1.08148097992	1.14155006409	1.09829807281	1.067289114	0.961597919464	0.927735090256	1.42386698723	2.28844809532	1.12617278099	0.895311117172	1.05542421341	0.997905015945	1.36275911331	1.63002896309	1.63511300087	0.902730941772	1.40638303757	1.12227606773	0.835087776184	0.811878919601	2.15439891815	1.23984313011	4.56978392601	1.16365504265	0.464518070221	1.49192595482	1.18412613869	1.01806688309	0.871637105942	1.80813598633	0.942584037781	1.49350690842	3.67161107063	0.946721076965	1.49504685402	1.04768610001	0.38916182518	0.866591215134	0.791849851608	2.41555595398	
['./treeMaker/main', '-t', '-r', '2', '-N']
1.40694117546	2.76080989838	2.58298587799	1.71637487411	1.88337898254	1.57687997818	1.82947897911	2.11618590355	2.13739490509	1.74634599686	1.88251686096	1.86944293976	1.92887496948	1.80556702614	1.47546601295	1.45250511169	2.2416009903	3.96964097023	1.94137310982	1.49150896072	1.66094779968	1.72405600548	2.19739103317	2.76925992966	2.66072392464	1.58878493309	2.10910105705	1.89783000946	1.2671251297	1.24171900749	3.40836405754	1.98503994942	6.73108196259	1.80297088623	0.76461482048	2.69967389107	1.93081188202	1.5752518177	1.38332986832	2.9073240757	1.57941889763	2.65431189537	6.04754710197	1.43674898148	2.39510798454	1.64974212646	0.564992904663	1.35208487511	1.32216978073	4.27853798866	
['./treeMaker/main', '-m']
0.0549130439758	0.0641300678253	0.0617151260376	0.0473239421844	0.0493769645691	0.0456309318542	0.0491809844971	0.0538349151611	0.0523090362549	0.0461869239807	0.0471751689911	0.0514781475067	0.0494930744171	0.0477230548859	0.0480499267578	0.0407340526581	0.054566860199	0.0785808563232	0.0485808849335	0.0448110103607	0.0479700565338	0.0446519851685	0.0519409179688	0.0620059967041	0.061742067337	0.0404870510101	0.0547029972076	0.0477809906006	0.0393478870392	0.0418930053711	0.0674757957458	0.048504114151	0.113545894623	0.0484709739685	0.0301101207733	0.0622498989105	0.0493099689484	0.0465741157532	0.0399239063263	0.0647540092468	0.0441160202026	0.057343006134	0.103267908096	0.0440499782562	0.0540928840637	0.0579791069031	0.0267279148102	0.0387811660767	0.0389850139618	0.0822649002075	
['./treeMaker/main', '-m', '-b']
0.0449030399323	0.0618269443512	0.0635271072388	0.0469491481781	0.0539619922638	0.048975944519	0.0528090000153	0.0559089183807	0.0549328327179	0.0493440628052	0.0517008304596	0.0523381233215	0.0522019863129	0.0485811233521	0.0464379787445	0.0441410541534	0.0574460029602	0.0826508998871	0.0528838634491	0.0445718765259	0.0490942001343	0.0460939407349	0.0582160949707	0.0667309761047	0.0658619403839	0.0449841022491	0.0555560588837	0.0485320091248	0.0412077903748	0.0401158332825	0.0740969181061	0.0515599250793	0.120043992996	0.0506451129913	0.0326519012451	0.0646641254425	0.0532920360565	0.04634308815	0.0432720184326	0.0677840709686	0.0454058647156	0.0618970394135	0.113696813583	0.0442020893097	0.0570929050446	0.0479009151459	0.0262548923492	0.0411739349365	0.043429851532	0.0894370079041	
['./treeMaker/main', '-m', '-w', '1']
0.0418269634247	0.0588510036469	0.0614340305328	0.0464019775391	0.0489039421082	0.0463051795959	0.0496821403503	0.0540430545807	0.0532398223877	0.0461659431458	0.0466358661652	0.050717830658	0.0486998558044	0.0473239421844	0.0440549850464	0.0433220863342	0.0545039176941	0.0777130126953	0.0491259098053	0.0449841022491	0.0484619140625	0.0451560020447	0.052906036377	0.0620470046997	0.0630521774292	0.0438129901886	0.0526509284973	0.0475170612335	0.0392680168152	0.0412030220032	0.0701620578766	0.0498609542847	0.11493396759	0.04856300354	0.0299680233002	0.0622889995575	0.0492970943451	0.0465660095215	0.0408320426941	0.064966917038	0.0440359115601	0.0573101043701	0.102616071701	0.0436129570007	0.0536830425262	0.046982049942	0.0361399650574	0.038624048233	0.0400581359863	0.0825731754303	
['./treeMaker/main', '-m', '-w', '2']
0.040561914444	0.0606729984283	0.0601880550385	0.0501999855042	0.0505011081696	0.0449509620667	0.0505518913269	0.0535879135132	0.053925037384	0.0468270778656	0.0493500232697	0.0475099086761	0.048877954483	0.0480020046234	0.0438048839569	0.0416049957275	0.0554211139679	0.0766179561615	0.0486009120941	0.0427730083466	0.0466890335083	0.0449340343475	0.055037021637	0.0637240409851	0.0634598731995	0.043349981308	0.0531210899353	0.0480577945709	0.0381088256836	0.0407419204712	0.0703971385956	0.0518379211426	0.114872932434	0.0475451946259	0.0310029983521	0.0627770423889	0.0494470596313	0.0465130805969	0.0401990413666	0.0633039474487	0.0442099571228	0.057785987854	0.103605985641	0.0422899723053	0.0616679191589	0.0460908412933	0.0268940925598	0.0389289855957	0.0396900177002	0.084951877594	
['./treeMaker/main', '-m', '-c', '1']
0.0422501564026	0.0582370758057	0.0611228942871	0.046257019043	0.0492651462555	0.0477149486542	0.0476250648499	0.0529239177704	0.0523459911346	0.0464551448822	0.0489201545715	0.0497620105743	0.048378944397	0.0470600128174	0.0456070899963	0.0433211326599	0.0556619167328	0.0785210132599	0.0477259159088	0.0539147853851	0.0571990013123	0.0437650680542	0.054603099823	0.060243844986	0.0712721347809	0.043527841568	0.0540151596069	0.0472829341888	0.0377380847931	0.0405790805817	0.0696330070496	0.0500931739807	0.114403009415	0.0493149757385	0.0298550128937	0.0703811645508	0.049299955368	0.0464088916779	0.0394988059998	0.0639781951904	0.0441370010376	0.0571019649506	0.102459907532	0.0440809726715	0.0548751354218	0.0495581626892	0.0271921157837	0.03972697258	0.042909860611	0.0821580886841	
['./treeMaker/main', '-m', '-c', '2']
0.0403368473053	0.0583720207214	0.0593869686127	0.0469608306885	0.0501499176025	0.0448839664459	0.0480501651764	0.0649709701538	0.0525510311127	0.0467448234558	0.0480771064758	0.0489680767059	0.046756029129	0.0472021102905	0.0449500083923	0.042209148407	0.0551629066467	0.0784499645233	0.0492839813232	0.0444519519806	0.0471670627594	0.0447039604187	0.0533468723297	0.0619518756866	0.0633358955383	0.0434820652008	0.0533089637756	0.0474808216095	0.0376489162445	0.0499439239502	0.0699381828308	0.0484869480133	0.113821029663	0.0485000610352	0.0284299850464	0.0621111392975	0.0495090484619	0.0455439090729	0.0416569709778	0.0622818470001	0.0439898967743	0.057245016098	0.101618051529	0.0422759056091	0.0544521808624	0.0465469360352	0.0269610881805	0.0398921966553	0.0390229225159	0.0849537849426	
['./treeMaker/main', '-m', '-a', '1']
0.046324968338	0.0637440681458	0.0650501251221	0.0501229763031	0.0552999973297	0.0495371818542	0.0543239116669	0.0568568706512	0.057492017746	0.049430847168	0.0530769824982	0.0538210868835	0.0534851551056	0.0492179393768	0.0589108467102	0.0445308685303	0.0580818653107	0.0813589096069	0.053395986557	0.048859834671	0.0512878894806	0.0577590465546	0.0583779811859	0.0668249130249	0.0674300193787	0.0473968982697	0.0664927959442	0.0499761104584	0.052206993103	0.0447690486908	0.0723600387573	0.0534379482269	0.117616891861	0.0503089427948	0.0343608856201	0.0652968883514	0.0516831874847	0.049024105072	0.0428049564362	0.0690548419952	0.0465579032898	0.0618240833282	0.122228860855	0.0468549728394	0.0576100349426	0.0490560531616	0.0290338993073	0.0441620349884	0.042632818222	0.0868229866028	
['./treeMaker/main', '-m', '-a', '2']
0.0405008792877	0.0601811408997	0.0714719295502	0.0462899208069	0.048985004425	0.0454461574554	0.0480000972748	0.0531740188599	0.0534901618958	0.0474820137024	0.0489628314972	0.049595117569	0.0491950511932	0.0474438667297	0.0426890850067	0.0522658824921	0.0552339553833	0.0756738185883	0.049026966095	0.0422830581665	0.0464358329773	0.0442080497742	0.0544559955597	0.0634198188782	0.0625841617584	0.0429780483246	0.0536930561066	0.0475618839264	0.0380539894104	0.0401470661163	0.0693328380585	0.0490090847015	0.111566066742	0.0481579303741	0.0314638614655	0.0624868869781	0.0490407943726	0.0466499328613	0.051558971405	0.079176902771	0.0439550876617	0.0582869052887	0.103072881699	0.0436141490936	0.0529990196228	0.0462689399719	0.0273950099945	0.0401799678802	0.0391900539398	0.0856790542603	
