25_10000_4.9e-10_4.9e-10_470000000
25
10000
4.9e-10
4.9e-10
470000000

['./treeMaker/main']
4.79256081581	4.39894795418	4.01598000526	3.34316205978	7.4484000206	4.32746887207	4.95874619484	6.07301282883	7.58302593231	8.15711808205	12.1291520596	5.04692387581	3.99963092804	11.6771872044	3.71811008453	3.60554003716	5.12089776993	4.99238491058	2.89360380173	3.40305995941	17.3261377811	11.3180229664	8.63947916031	4.9922580719	6.27377915382	7.51758909225	4.31208777428	7.45200300217	6.86777710915	5.95889306068	5.60092902184	3.70838594437	3.53906297684	7.7206530571	3.25692605972	4.04312396049	3.14093708992	10.048429966	4.50855398178	6.27940297127	4.88866400719	2.33633708954	2.86669898033	4.39468693733	4.02926707268	7.94027304649	11.7338387966	9.44653296471	7.80816197395	6.06740117073	
['./treeMaker/main', '-b']
4.77398991585	4.41359400749	4.02855491638	3.35675191879	7.43163108826	4.33381390572	4.94859695435	6.09672999382	7.53454208374	8.08768105507	11.9692161083	5.00410890579	3.96787500381	11.5417609215	3.69055986404	3.5853831768	5.07630801201	4.93555498123	2.86966180801	3.36866593361	17.0934100151	11.1908869743	8.54293203354	4.90669989586	6.1833190918	7.43885207176	4.28185892105	7.37652182579	6.80083489418	5.89933395386	5.54405212402	3.76446700096	3.60467505455	7.83918190002	3.32055807114	4.13888788223	3.15268588066	10.1859688759	4.57944703102	6.37216591835	4.96347999573	2.37586808205	2.89285206795	4.47006106377	4.09750795364	8.07681822777	11.9127409458	9.59039711952	7.93010306358	6.16547703743	
['./treeMaker/main', '-u']
4.79602909088	4.42211198807	4.03718805313	3.38191390038	7.45803022385	4.3692278862	4.97129702568	6.1067969799	7.61845397949	8.2078268528	12.1597630978	5.0719769001	4.01529288292	11.7041800022	3.73274493217	3.61996388435	5.13164305687	5.00607609749	2.90703392029	3.42386293411	17.3663389683	11.3513019085	8.65477609634	4.99000501633	6.2088098526	7.46324110031	4.30158400536	7.40835285187	6.82564783096	5.91716098785	5.56459188461	3.71076798439	3.55311489105	7.72160005569	3.2570810318	4.05186891556	3.11919307709	10.0477728844	4.52906608582	6.29022502899	4.90779399872	2.35149812698	2.87102603912	4.40216016769	4.03879618645	7.94451403618	11.7361211777	9.45062994957	7.82503199577	6.07791781425	
['./treeMaker/main', '-t', '-r', '1']
21.3682789803	20.3719110489	19.0953130722	16.7205040455	28.8274550438	19.9784829617	21.6268899441	25.5428590775	28.3047859669	30.5233159065	39.8768119812	22.1879799366	19.1048369408	37.9496870041	18.5735149384	16.9286510944	21.8520820141	22.2167060375	15.4409959316	17.1946251392	50.4712190628	36.9445400238	31.5219230652	21.6169490814	25.1813368797	29.68069911	20.0654659271	27.6556870937	27.6309731007	25.2706820965	23.8035788536	17.999573946	17.8998908997	29.965077877	16.5450119972	19.4153399467	16.5753760338	34.011288166	19.5752990246	26.0470468998	21.7197849751	13.0682039261	15.1853349209	20.2047679424	19.7299520969	29.8317370415	38.6661849022	34.8372042179	27.5267419815	25.3912508488	
['./treeMaker/main', '-t', '-r', '2']
32.5378010273	30.4982361794	29.7913999557	25.1406831741	43.0373940468	29.5098860264	33.4767069817	37.9382710457	44.0271608829	44.738825798	58.5655519962	33.1937248707	28.3503930569	56.7615699768	27.3443739414	29.2103168964	35.2298660278	32.9262721539	23.2955639362	26.662184	70.1949250698	55.5283930302	48.4828560352	34.286673069	38.8311240673	42.1281371117	29.5993189812	44.3089990616	39.5803050995	36.4164559841	35.6461489201	27.4226469994	26.5839240551	43.7337510586	25.53926301	29.1900999546	23.658479929	53.9921600819	32.5461950302	37.9067490101	32.4266819954	19.7890179157	22.4340200424	32.2939431667	29.4105479717	46.0006639957	57.4219408035	48.6925768852	46.4928469658	38.9234099388	
['./treeMaker/main', '-t', '-r', '1', '-N']
21.4098351002	20.4033288956	19.1386260986	16.7958049774	28.8473269939	20.0059688091	21.608577013	25.6715841293	28.2910561562	30.5282270908	39.8955368996	22.8488810062	19.1967339516	37.9684169292	18.4501421452	17.0398340225	21.8668560982	22.2841382027	15.4111351967	17.1168057919	50.5849769115	37.0152611732	31.6447510719	21.7084610462	25.22260499	29.7483761311	20.0994439125	27.7056131363	27.7319340706	25.2725019455	24.1992850304	18.0420441628	17.9283809662	30.0243339539	16.986137867	19.5556311607	16.5337150097	34.0835599899	19.6235909462	26.1270079613	21.7025439739	13.0670099258	15.1982111931	20.2481989861	19.5594661236	29.8636460304	38.5919668674	34.8210659027	27.494284153	25.4744861126	
['./treeMaker/main', '-t', '-r', '2', '-N']
32.4744400978	30.3800709248	29.8513939381	25.2466480732	43.1148850918	29.4887640476	33.4634599686	37.940529108	44.0074410439	44.7616009712	58.7101612091	33.0235700607	28.4589550495	57.1875698566	26.7434091568	28.812458992	35.1693589687	32.8081951141	23.4266550541	26.6802649498	70.4679870605	55.4789628983	48.535763979	34.726072073	39.6830601692	43.3311738968	30.2710280418	45.0955319405	40.3908228874	37.4527831078	36.3882791996	27.8424620628	27.3434209824	44.861330986	26.1336789131	29.7795169353	24.1060349941	55.4439709187	33.5476307869	39.1459610462	33.1518929005	20.2546739578	22.6399788857	33.0427269936	30.0086390972	47.1197891235	59.1238658428	49.9935569763	46.8062171936	39.3546328545	
['./treeMaker/main', '-m']
0.849338769913	0.856950044632	0.865151882172	0.806977987289	1.05242109299	0.839206933975	0.893612861633	0.953117132187	1.07036614418	1.0545899868	1.1715939045	0.930493831635	0.845973014832	1.18711495399	0.772109985352	0.851019144058	0.956394910812	0.889744997025	0.760040998459	0.775476932526	1.39737606049	1.16734099388	1.08788609505	0.897876024246	0.972330093384	1.01339197159	0.811305046082	1.04560017586	1.03082418442	0.941229104996	0.974328041077	0.831372976303	0.84366106987	1.00210595131	0.79248714447	0.854653120041	0.739831924438	1.16081905365	0.929907083511	0.947081804276	0.89629817009	0.720835924149	0.759412050247	0.855503082275	0.854740858078	1.03682994843	1.16366314888	1.07792687416	1.08034515381	0.96244096756	
['./treeMaker/main', '-m', '-b']
0.888743162155	0.914939880371	0.866878032684	0.794601202011	1.07920408249	0.901549100876	0.933234930038	1.02018404007	1.1541030407	1.08541488647	1.24494600296	0.971755027771	0.903120994568	1.29861497879	0.807945966721	0.847836971283	0.992475032806	0.957841873169	0.791559934616	0.852922916412	1.43928909302	1.28674602509	1.14178204536	0.919575929642	1.01219892502	1.08851218224	0.91604590416	1.11380004883	1.01964783669	1.02789497375	1.01219105721	0.880195856094	0.862598180771	1.09616088867	0.84374499321	0.874391078949	0.797677993774	1.20635700226	0.969157934189	0.985373020172	0.942787885666	0.726312160492	0.752706050873	0.923175811768	0.856771945953	1.0857219696	1.23947787285	1.1954908371	1.12234115601	1.02860593796	
['./treeMaker/main', '-m', '-w', '1']
0.893157958984	0.834728956223	0.829484939575	0.80362200737	0.985038995743	0.844880104065	0.876842021942	0.924602031708	1.02886986732	1.10345005989	1.18761897087	0.905794858932	0.816775798798	1.21093082428	0.825275182724	0.860177993774	0.899682044983	0.881096124649	0.775515079498	0.806150913239	1.40640497208	1.1416580677	1.05686712265	0.917658090591	0.956103086472	1.0379781723	0.835041999817	1.03281402588	0.963990926743	0.930981874466	0.896367788315	0.81267285347	0.806794881821	1.01155877113	0.826870918274	0.817193984985	0.735316991806	1.13011908531	0.866511106491	0.971398830414	0.919411897659	0.704440832138	0.728826999664	0.84912109375	0.84766292572	1.08998703957	1.28090405464	1.16205000877	1.1291809082	1.00135612488	
['./treeMaker/main', '-m', '-w', '2']
0.89070391655	0.886660814285	0.825827121735	0.767060995102	1.03793096542	0.854770898819	0.8767619133	0.94128203392	1.05632591248	1.10645508766	1.20987892151	0.877192020416	0.878491163254	1.21367287636	0.830291986465	0.865159988403	0.961818933487	0.940205097198	0.726227045059	0.771087169647	1.40487384796	1.17098784447	1.13393115997	0.883801937103	1.00930190086	1.0283870697	0.82553601265	1.06530809402	1.0385620594	0.973808050156	0.970992088318	0.829167842865	0.862691879272	1.06750392914	0.832588911057	0.843620061874	0.783376932144	1.14424204826	0.878515958786	1.00730895996	0.876437902451	0.706992864609	0.764055013657	0.958726167679	0.873296976089	1.07973790169	1.2371840477	1.14372205734	1.11547899246	0.929363965988	
['./treeMaker/main', '-m', '-c', '1']
0.856927156448	0.854177951813	0.839274168015	0.75690984726	1.03107309341	0.818414926529	0.865393161774	0.938863992691	1.03046798706	1.04301190376	1.22765302658	0.870064020157	0.848567008972	1.17689299583	0.775093793869	0.809659004211	0.892843008041	0.935973882675	0.721851825714	0.775458097458	1.34797096252	1.17029881477	1.04959988594	0.935006856918	0.978026866913	0.979044914246	0.834460020065	1.04316806793	0.988672971725	0.965867042542	0.949025154114	0.828686952591	0.778446912766	1.03701496124	0.769222021103	0.811519861221	0.773947954178	1.16591715813	0.900517940521	0.93806385994	0.862969875336	0.73334813118	0.743942975998	0.85759305954	0.845880031586	1.0647919178	1.19807100296	1.09500002861	1.09536600113	0.939783096313	
['./treeMaker/main', '-m', '-c', '2']
0.841516971588	0.837643146515	0.84964299202	0.81001996994	1.04981803894	0.875061035156	0.923201084137	0.930444955826	1.05162501335	1.09125304222	1.19593286514	0.878976106644	0.817953109741	1.2021291256	0.826056003571	0.863749027252	0.896742105484	0.893497943878	0.758228063583	0.800256967545	1.37591505051	1.1784260273	1.05295085907	0.873140096664	0.941488981247	1.03344321251	0.81299996376	1.05630803108	0.966509103775	0.915637969971	0.95504784584	0.830311775208	0.817873001099	1.04055404663	0.767867088318	0.849344015121	0.759127140045	1.13660287857	0.919615983963	0.985168933868	0.903114080429	0.692939043045	0.747750043869	0.910075902939	0.864739894867	1.04517412186	1.22887396812	1.09798502922	1.11410903931	0.93371295929	
['./treeMaker/main', '-m', '-a', '1']
0.99419593811	0.932363033295	0.929086923599	0.867813825607	1.08744716644	0.901365995407	1.01790785789	1.01750278473	1.11869812012	1.16589808464	1.25081086159	0.950210094452	0.922096967697	1.28691101074	0.893398046494	0.972508907318	1.04083299637	1.02384901047	0.864040851593	0.85794711113	1.45297884941	1.22863698006	1.21490311623	1.02257323265	1.04295802116	1.06015300751	0.912318944931	1.10473704338	1.09689903259	0.995940923691	1.05009293556	0.920017957687	0.869745016098	1.15213322639	0.935390949249	0.951594114304	0.810329198837	1.25960707664	1.00845503807	1.06529021263	0.942503929138	0.839732885361	0.853478908539	0.94024181366	0.931370973587	1.1542069912	1.32818603516	1.15204310417	1.1741399765	1.01935005188	
['./treeMaker/main', '-m', '-a', '2']
0.840698957443	0.856753110886	0.861941099167	0.769237995148	1.02915906906	0.855129003525	0.895342826843	0.935693979263	1.05527687073	1.08475899696	1.16624689102	0.895466089249	0.819348812103	1.18463587761	0.805976867676	0.809580802917	0.925634860992	0.863754987717	0.720003843307	0.791672945023	1.34677314758	1.20952391624	1.06016898155	0.875754833221	0.964908123016	0.97948384285	0.841083049774	1.01382112503	0.994017839432	0.961791992188	0.89886713028	0.811034917831	0.795883893967	1.02260994911	0.786115884781	0.864433050156	0.748476028442	1.18647384644	0.914626121521	0.982511043549	0.885011911392	0.723047018051	0.725997924805	0.906494140625	0.867109060287	1.03948116302	1.19282412529	1.07166910172	1.13959288597	0.938449144363	
