25_1000_4.9e-10_4.9e-10_470000000_cut_2
25
1000
4.9e-10
4.9e-10
470000000
cut_2
['./treeMaker/main']
0.053512096405	0.0878047943115	0.0895240306854	0.0573749542236	0.0684628486633	0.0557610988617	0.0688769817352	0.0718541145325	0.0722460746765	0.0638930797577	0.0682389736176	0.0672690868378	0.0667359828949	0.0651850700378	0.0581879615784	0.0511829853058	0.0830609798431	0.126873970032	0.0649540424347	0.0590679645538	0.0634548664093	0.0584931373596	0.0762560367584	0.100540876389	0.0892360210419	0.0587909221649	0.077672958374	0.0619168281555	0.0489180088043	0.0515780448914	0.113288164139	0.0725588798523	0.257956027985	0.0656840801239	0.0366020202637	0.0797529220581	0.0667028427124	0.0629620552063	0.052460193634	0.0992510318756	0.0577580928802	0.0756559371948	0.212754964828	0.0557050704956	0.0792951583862	0.0603179931641	0.0319700241089	0.0511150360107	0.0506720542908	0.152849912643	
['./treeMaker/main', '-b']
0.0591971874237	0.100545883179	0.0940809249878	0.0615949630737	0.0717730522156	0.0575499534607	0.0716090202332	0.0769019126892	0.0751631259918	0.0663819313049	0.0716259479523	0.0710949897766	0.0685470104218	0.0678098201752	0.059818983078	0.0521440505981	0.0837569236755	0.133679151535	0.0734980106354	0.0602879524231	0.0649411678314	0.0604388713837	0.0749402046204	0.0960781574249	0.0952191352844	0.0587129592896	0.0796730518341	0.0620448589325	0.0498309135437	0.0520141124725	0.118605852127	0.074077129364	0.280015945435	0.0684101581573	0.038290977478	0.083820104599	0.0702738761902	0.073793888092	0.0571360588074	0.104058027267	0.0589480400085	0.0811431407928	0.220098018646	0.056263923645	0.0818440914154	0.0594501495361	0.0309429168701	0.0515880584717	0.0512938499451	0.159215927124	
['./treeMaker/main', '-u']
0.0551052093506	0.086483001709	0.0912652015686	0.0602271556854	0.0704159736633	0.0563170909882	0.0691740512848	0.0724709033966	0.0841341018677	0.0649139881134	0.0681450366974	0.0690598487854	0.0659599304199	0.0664851665497	0.0574758052826	0.0517449378967	0.0820260047913	0.125872850418	0.0654180049896	0.0615088939667	0.0636620521545	0.0589368343353	0.0765390396118	0.0949170589447	0.0908010005951	0.0561680793762	0.0787708759308	0.0616099834442	0.0514869689941	0.052668094635	0.114124059677	0.0701107978821	0.260595083237	0.0672991275787	0.0362310409546	0.081109046936	0.0678420066833	0.0635528564453	0.0549528598785	0.0973181724548	0.0600569248199	0.0761318206787	0.21267914772	0.0580179691315	0.0791099071503	0.0586049556732	0.0325469970703	0.0644149780273	0.053181886673	0.153818845749	
['./treeMaker/main', '-t', '-r', '1']
0.948935985565	1.71190404892	1.61654210091	1.0248529911	1.27828907967	0.943641901016	1.32400393486	1.41109395027	1.28374886513	1.25556707382	1.22994494438	1.23236513138	1.20536994934	1.14637494087	1.0289208889	0.929691791534	1.55705094337	2.25440907478	1.11071705818	0.988254070282	1.17539691925	0.911255121231	1.36890387535	1.62489318848	1.71383500099	0.894435882568	1.53851699829	1.11081194878	0.808393001556	0.89230298996	2.11304688454	1.29066991806	4.59446811676	1.20652985573	0.553761005402	1.58951282501	1.20063209534	1.0687520504	0.947002887726	1.93072199821	1.02839899063	1.42375922203	3.76444101334	0.897249937057	1.55166196823	1.01194310188	0.404681921005	0.894409179688	0.823652982712	2.60564017296	
['./treeMaker/main', '-t', '-r', '2']
1.63285207748	2.98454809189	3.15483093262	1.86531496048	2.17240786552	1.64642906189	2.18323898315	2.37118387222	2.46812582016	2.11067390442	2.48996210098	2.31593894958	2.24813890457	2.26342201233	1.83202695847	1.53472018242	2.70987796783	4.69120693207	2.02647185326	1.8905210495	2.13653898239	1.93805503845	2.41927909851	3.27576398849	3.09169101715	1.84110093117	2.65096211433	2.00588703156	1.42047214508	1.59197688103	4.20167994499	2.34890317917	8.03806710243	2.1090221405	1.01261115074	2.80812001228	2.26888895035	2.00253510475	1.68744301796	3.49838614464	1.87679290771	2.76122403145	7.1355650425	1.54462099075	2.73485898972	1.73695802689	0.702723026276	1.54927992821	1.57624197006	5.66242718697	
['./treeMaker/main', '-t', '-r', '1', '-N']
0.952476024628	1.71730017662	1.61092209816	1.02864694595	1.27724885941	0.94248509407	1.36476421356	1.43654799461	1.30684685707	1.26500296593	1.23062086105	1.24004507065	1.21216702461	1.15558505058	1.03350305557	0.933140993118	1.60377907753	2.25822401047	1.15600299835	0.990958929062	1.18866991997	0.962284088135	1.37178897858	1.63153815269	1.72692894936	0.888832092285	1.54160904884	1.10599994659	0.809415817261	0.896445035934	2.13999199867	1.28889608383	4.60330510139	1.21495509148	0.555172920227	1.59647607803	1.24291300774	1.08006191254	0.994616985321	2.01920199394	1.05705499649	1.42697811127	3.68621993065	0.901515007019	1.56036996841	1.01515197754	0.407040834427	0.89691400528	0.82346701622	2.60490107536	
['./treeMaker/main', '-t', '-r', '2', '-N']
1.63446903229	3.00376582146	3.11121296883	1.89558291435	2.17542099953	1.64817619324	2.18443512917	2.37397789955	2.46843290329	2.16428184509	2.49309802055	2.31892514229	2.35913610458	2.3427169323	1.83414793015	1.53822588921	2.71667695045	4.70505595207	2.02155399323	1.85217785835	2.13790607452	1.94612812996	2.40987586975	3.28295207024	3.09429693222	1.85280585289	2.65292787552	2.01473712921	1.37179899216	1.5929350853	4.21280288696	2.41565489769	8.05405187607	2.07594585419	1.01427412033	2.80954885483	2.25496196747	2.03953504562	1.6935479641	3.49387288094	1.88982796669	2.70660996437	7.85535812378	1.59228110313	2.73545908928	1.74574995041	0.704517841339	1.54658198357	1.54536604881	5.6614511013	
['./treeMaker/main', '-m']
0.0447161197662	0.0602781772614	0.0642549991608	0.0498549938202	0.0527019500732	0.0440790653229	0.0515441894531	0.0670828819275	0.0557458400726	0.0495281219482	0.0531289577484	0.0533268451691	0.0509688854218	0.0511140823364	0.0485508441925	0.044184923172	0.0596120357513	0.0840649604797	0.0503878593445	0.0484700202942	0.0506520271301	0.0459549427032	0.0563769340515	0.0653631687164	0.0669631958008	0.0438430309296	0.0589599609375	0.0488760471344	0.0402410030365	0.0422058105469	0.0761358737946	0.0534479618073	0.125998973846	0.0524590015411	0.0319941043854	0.0644438266754	0.0508618354797	0.0479850769043	0.0456728935242	0.0704538822174	0.0459830760956	0.058228969574	0.113917827606	0.0453598499298	0.0583090782166	0.0474920272827	0.0278239250183	0.0412840843201	0.0410511493683	0.0932559967041	
['./treeMaker/main', '-m', '-b']
0.0572550296783	0.065710067749	0.0684041976929	0.0505938529968	0.0560188293457	0.0475780963898	0.0555880069733	0.0591270923615	0.0598578453064	0.0526361465454	0.0572788715363	0.0573029518127	0.0532019138336	0.0546269416809	0.0506620407104	0.0461139678955	0.0666010379791	0.0891270637512	0.0539548397064	0.0494449138641	0.0532310009003	0.0515279769897	0.0617289543152	0.0740780830383	0.0704469680786	0.0490009784698	0.0623300075531	0.0519061088562	0.0433430671692	0.0461339950562	0.0822310447693	0.0574719905853	0.133519172668	0.0550549030304	0.0354750156403	0.0776109695435	0.0563220977783	0.0550138950348	0.0456340312958	0.0740020275116	0.0497601032257	0.0622310638428	0.121761083603	0.0472309589386	0.061940908432	0.0490770339966	0.0302557945251	0.0546309947968	0.0446782112122	0.103564977646	
['./treeMaker/main', '-m', '-w', '1']
0.0439128875732	0.0635950565338	0.0664010047913	0.0513949394226	0.0537188053131	0.0453159809113	0.0518009662628	0.0570421218872	0.0636370182037	0.049978017807	0.0526688098907	0.0534901618958	0.0517699718475	0.0519540309906	0.0486860275269	0.0435359477997	0.0594968795776	0.0844631195068	0.0519239902496	0.0475540161133	0.0514190196991	0.0476710796356	0.0567910671234	0.0683660507202	0.0674221515656	0.0470499992371	0.05801820755	0.0494618415833	0.0412368774414	0.0414869785309	0.0771570205688	0.0524880886078	0.126306056976	0.0526759624481	0.0327639579773	0.0614609718323	0.0511741638184	0.0497899055481	0.0433320999146	0.0692009925842	0.0462958812714	0.0584421157837	0.11323094368	0.0442831516266	0.0588700771332	0.0469529628754	0.0283432006836	0.0416741371155	0.0407860279083	0.0930049419403	
['./treeMaker/main', '-m', '-w', '2']
0.0432770252228	0.0623631477356	0.0636398792267	0.0483860969543	0.0537469387054	0.0465331077576	0.0527579784393	0.0572879314423	0.0547499656677	0.0505540370941	0.0518610477448	0.0654079914093	0.0520009994507	0.0523521900177	0.0489029884338	0.0419900417328	0.0608811378479	0.0847060680389	0.0496590137482	0.0480399131775	0.0515389442444	0.048898935318	0.0579628944397	0.068412065506	0.0678989887238	0.0470700263977	0.059396982193	0.0504810810089	0.0416519641876	0.0416910648346	0.0773339271545	0.0552158355713	0.125860214233	0.0531470775604	0.0342478752136	0.0609819889069	0.0514249801636	0.0505969524384	0.0464029312134	0.0708019733429	0.0477709770203	0.0634181499481	0.114633083344	0.046403169632	0.0597908496857	0.0483119487762	0.031482219696	0.0419290065765	0.0426480770111	0.0952000617981	
['./treeMaker/main', '-m', '-c', '1']
0.0453040599823	0.0616660118103	0.063915014267	0.0489389896393	0.0536861419678	0.0460789203644	0.0529499053955	0.0678629875183	0.0592811107635	0.0495269298553	0.0530090332031	0.0650918483734	0.0511209964752	0.0595750808716	0.0475471019745	0.0430788993835	0.0594789981842	0.0842940807343	0.0520510673523	0.0477390289307	0.0506889820099	0.0460488796234	0.0560648441315	0.0650990009308	0.0664520263672	0.0454390048981	0.0583851337433	0.048672914505	0.0411691665649	0.0430378913879	0.0758509635925	0.0550320148468	0.125075817108	0.0545291900635	0.0324161052704	0.0616629123688	0.0517919063568	0.0492551326752	0.045401096344	0.0688261985779	0.0465140342712	0.0585770606995	0.112182855606	0.0457279682159	0.0580630302429	0.0472979545593	0.027480840683	0.0416600704193	0.0411190986633	0.0945949554443	
['./treeMaker/main', '-m', '-c', '2']
0.0427160263062	0.0610468387604	0.0629968643188	0.047856092453	0.053601026535	0.0454030036926	0.0537180900574	0.0536270141602	0.057079076767	0.0494401454926	0.0516271591187	0.0531098842621	0.0510959625244	0.0516200065613	0.0475339889526	0.0430920124054	0.0624241828918	0.083976984024	0.0518209934235	0.0478949546814	0.0489461421967	0.0478761196136	0.0564870834351	0.0679111480713	0.0653929710388	0.0462050437927	0.0590839385986	0.0501780509949	0.0530359745026	0.0429570674896	0.0759692192078	0.0551159381866	0.124665975571	0.0518729686737	0.0337648391724	0.0603179931641	0.0521051883698	0.0498678684235	0.0447280406952	0.0698289871216	0.0467720031738	0.058128118515	0.113171100616	0.0454001426697	0.0590620040894	0.0460760593414	0.027853012085	0.0415878295898	0.0408329963684	0.0968191623688	
['./treeMaker/main', '-m', '-a', '1']
0.0499088764191	0.0664269924164	0.0699458122253	0.0498881340027	0.0577018260956	0.0495240688324	0.0548830032349	0.059093952179	0.0600957870483	0.0547559261322	0.0552899837494	0.0567162036896	0.0555019378662	0.0545229911804	0.0509037971497	0.0484089851379	0.0632910728455	0.0880968570709	0.0559689998627	0.0515909194946	0.0534520149231	0.0517089366913	0.0615780353546	0.0722019672394	0.0798771381378	0.05038189888	0.0611510276794	0.0524020195007	0.0420699119568	0.0471498966217	0.0807249546051	0.0581150054932	0.128420114517	0.055743932724	0.0374090671539	0.0645039081573	0.0571160316467	0.0527110099792	0.048278093338	0.0733499526978	0.0503091812134	0.0622699260712	0.119225025177	0.0502619743347	0.0618238449097	0.0506958961487	0.0311660766602	0.0465798377991	0.0462508201599	0.0991909503937	
['./treeMaker/main', '-m', '-a', '2']
0.0459909439087	0.0637941360474	0.067146062851	0.0487160682678	0.0563020706177	0.04660987854	0.0540099143982	0.0571918487549	0.0573000907898	0.0516438484192	0.0521128177643	0.05339884758	0.0525250434875	0.0518798828125	0.0488030910492	0.0424048900604	0.0624589920044	0.0853641033173	0.0500779151917	0.0482449531555	0.051244020462	0.0490250587463	0.0569269657135	0.0718050003052	0.0670168399811	0.0473880767822	0.0687470436096	0.0479190349579	0.0412030220032	0.0421071052551	0.0763919353485	0.0538640022278	0.133739948273	0.0611720085144	0.034943819046	0.0614609718323	0.0529520511627	0.0519251823425	0.0448620319366	0.0712919235229	0.0465970039368	0.0572781562805	0.113254070282	0.0453209877014	0.0589990615845	0.0461659431458	0.0284411907196	0.0416479110718	0.0525708198547	0.0948081016541	
