25_1000_4.9e-10_4.9e-11_470000000
25
1000
4.9e-10
4.9e-11
470000000

['./treeMaker/main']
2.05285382271	7.50871896744	1.19428896904	2.65767002106	14.0286698341	0.80751991272	1.78634905815	0.792582988739	6.44624185562	10.4777700901	5.00803279877	0.475677967072	0.666857004166	4.67315196991	0.705070018768	1.56116604805	7.7203578949	17.7830269337	2.94678807259	0.872668981552	8.02633190155	1.34803986549	2.85049104691	0.766352891922	1.11695694923	0.460687160492	71.7057361603	15.140818119	2.79801297188	17.7817320824	6.27109193802	25.1687319279	5.5618159771	0.449397802353	5.0427968502	3.82516288757	5.41588592529	1.56446909904	2.25251603127	0.959300994873	0.535669088364	1.31356287003	2.18521308899	10.4827098846	0.660572052002	3.00076603889	2.32871294022	3.50202393532	0.404624938965	0.747814893723	
['./treeMaker/main', '-b']
2.40677404404	6.8055460453	1.34965395927	2.55129694939	15.8204808235	0.726883888245	1.73231887817	0.9549908638	6.45952391624	10.8517019749	4.92169809341	0.437133073807	0.728419780731	4.00444293022	0.61202788353	1.79948592186	7.44207406044	17.1024348736	3.18715286255	0.86168384552	7.68800401688	1.38145208359	2.78377485275	0.799492120743	1.09595894814	0.469182014465	67.5252828598	14.7651820183	2.38631391525	16.1896560192	6.40513014793	25.0762889385	5.06770586967	0.405896902084	5.13524198532	4.24546098709	6.08521389961	1.53904604912	2.30449104309	0.918501138687	0.545483112335	1.33060312271	1.9834280014	10.7803790569	0.673831939697	3.23359513283	2.38881993294	3.63150501251	0.422114133835	0.755079984665	
['./treeMaker/main', '-u']
2.22464108467	6.91200089455	1.38306999207	2.48679494858	14.2822780609	0.714335918427	1.75996303558	0.796664953232	6.18289899826	10.2263450623	4.53726911545	0.469357013702	0.632451057434	4.67064619064	0.607524871826	1.58688902855	7.70044612885	16.0461499691	3.06487584114	0.741971969604	7.43406009674	1.3589091301	2.70473098755	0.680951833725	1.08695292473	0.453747034073	66.8473870754	14.6772229671	2.65546607971	16.1059808731	6.19640016556	23.9718289375	4.79893708229	0.427237987518	4.53104996681	4.07503509521	6.36327290535	1.50213503838	2.13736581802	0.86022400856	0.523102045059	1.45553612709	2.0562889576	11.1938178539	0.588004827499	2.85996389389	2.20424699783	3.77068591118	0.409992218018	0.772794961929	
['./treeMaker/main', '-t', '-r', '1']
22.3980340958	47.6544411182	15.3470239639	24.8089148998	75.4018318653	10.128937006	18.4840619564	11.5526719093	46.7799170017	56.3430671692	33.9639379978	6.3479039669	8.50267982483	34.3884701729	9.05196094513	18.6611919403	48.092646122	79.4573409557	26.7409939766	11.307049036	51.1415770054	13.9000689983	24.3849718571	9.89380884171	13.5531690121	6.10710310936	196.350552082	79.0756149292	24.1959960461	77.329351902	45.331278801	80.2316060066	36.2503240108	5.89055991173	35.7271358967	30.9060308933	37.4870429039	16.9068820477	21.7377269268	11.1003718376	7.09746098518	16.9482760429	21.116230011	62.8107659817	8.84644699097	28.8054931164	24.1151680946	31.823472023	6.25160980225	9.39173293114	
['./treeMaker/main', '-t', '-r', '2']
33.9501671791	74.0489459038	24.1069190502	37.1602580547	123.856543064	16.1303298473	29.2872550488	17.4507000446	69.8654429913	85.6916279793	49.8915858269	8.6292309761	11.1773269176	45.0157289505	11.3420541286	24.3959128857	63.8768548965	105.566533804	35.7923419476	13.9021410942	69.0592260361	24.1375300884	35.9941039085	12.5723068714	17.1091091633	8.26448702812	272.688509941	100.852228165	31.5208771229	110.526627064	58.0837259293	151.958920002	50.1806042194	7.78987193108	48.9197978973	43.0711209774	56.664124012	23.0642008781	28.6222372055	15.472673893	9.25744700432	21.1137480736	25.5825080872	81.5635819435	11.1853199005	35.1613111496	30.8137860298	40.6114199162	8.5624229908	11.9492049217	
['./treeMaker/main', '-t', '-r', '1', '-N']
19.0591189861	40.6947169304	13.0927500725	21.0738859177	64.5575361252	8.54965996742	15.5898790359	10.1315150261	40.2876601219	48.0263109207	28.653072834	5.29895687103	7.16780805588	28.5924990177	7.64618206024	15.6759221554	40.6473090649	67.1717588902	22.5274450779	9.4484360218	43.623041153	11.8551108837	20.8042330742	8.40237307549	11.3672721386	5.13702106476	164.730530977	65.959815979	20.4260289669	64.8137710094	38.2308621407	68.6486198902	31.8024859428	5.00734591484	30.917288065	26.1704370975	31.7897918224	14.2674770355	18.2674109936	9.4577050209	6.09879803658	14.0436010361	17.276417017	52.8873260021	7.2770409584	23.8551220894	20.1324419975	26.9279251099	5.19388794899	7.87144303322	
['./treeMaker/main', '-t', '-r', '2', '-N']
28.6344599724	62.5213479996	20.1025750637	31.096143961	104.972713947	13.4201610088	24.2754790783	14.9129610062	58.9090590477	86.0221951008	50.1592547894	8.65599298477	11.2880349159	45.0538420677	11.2897491455	23.8977999687	63.8873939514	105.562661886	36.1155400276	13.8860881329	68.5577099323	23.9143929482	35.9019649029	12.6607031822	17.0575768948	8.23087906837	275.982789993	102.427881002	31.0441658497	111.229178905	57.5479691029	151.34031105	50.4682509899	7.81106615067	48.7570209503	42.5098130703	56.8174500465	22.9166839123	28.0344879627	15.5000710487	9.00607681274	21.0708920956	26.5826461315	82.3105039597	11.2002229691	35.4835350513	31.1330850124	41.3633029461	8.49998903275	11.8905189037	
['./treeMaker/main', '-m']
0.382646799088	0.662845134735	0.308948040009	0.410598993301	1.02729296684	0.239953994751	0.334557056427	0.235172986984	0.670138120651	0.844893932343	0.574592113495	0.167232990265	0.223206043243	0.567852020264	0.213962078094	0.349341154099	0.715774059296	1.05978393555	0.453278064728	0.224013090134	0.737941026688	0.332834005356	0.434427976608	0.228203058243	0.267213106155	0.163306951523	2.11614704132	0.964011907578	0.406493902206	1.05169987679	0.661237001419	1.34525489807	0.58420586586	0.172013044357	0.594378948212	0.537229061127	0.635329008102	0.323423147202	0.37594294548	0.250271081924	0.184283018112	0.304406881332	0.364380836487	0.844865083694	0.198369026184	0.479253053665	0.429604053497	0.515940904617	0.171922922134	0.238589048386	
['./treeMaker/main', '-m', '-b']
0.455629110336	0.762053012848	0.32283782959	0.452310085297	1.14556598663	0.252576112747	0.364634990692	0.25343298912	0.702114105225	0.945358037949	0.644587039948	0.199638843536	0.213310003281	0.611794948578	0.229651927948	0.362086057663	0.783046960831	1.15917420387	0.505503892899	0.245044946671	0.826900959015	0.378710985184	0.507824897766	0.24363899231	0.296258926392	0.180147886276	2.38491892815	1.10080289841	0.462293148041	1.17091798782	0.721909999847	1.47366309166	0.630393028259	0.165295124054	0.61207318306	0.557839155197	0.728869915009	0.368160009384	0.42526102066	0.29347205162	0.202192783356	0.349143981934	0.412840127945	0.962312936783	0.240188837051	0.487802028656	0.431109905243	0.556298971176	0.173984050751	0.243501186371	
['./treeMaker/main', '-m', '-w', '1']
0.399444103241	0.696465015411	0.299195051193	0.416405916214	0.987818956375	0.23525094986	0.343945026398	0.256953001022	0.663110971451	0.883682966232	0.605048179626	0.181981801987	0.206445932388	0.553791046143	0.206810951233	0.338356018066	0.706815958023	1.07752990723	0.462493181229	0.245119094849	0.711117982864	0.334362030029	0.436686038971	0.221844911575	0.282689094543	0.177864074707	2.13299107552	1.01015496254	0.421404838562	1.09442400932	0.655966997147	1.38238692284	0.611401796341	0.17418885231	0.57973408699	0.539386987686	0.647089004517	0.322233915329	0.370739936829	0.26850104332	0.17920088768	0.331336975098	0.368768930435	0.893071174622	0.19739484787	0.46053814888	0.409931898117	0.50285410881	0.184276819229	0.224534034729	
['./treeMaker/main', '-m', '-w', '2']
0.39794421196	0.71285200119	0.317268848419	0.405120849609	1.00175285339	0.239617109299	0.358097791672	0.246417999268	0.677597045898	0.875077962875	0.615218877792	0.169703006744	0.206627845764	0.573898077011	0.204248905182	0.351719856262	0.720640897751	1.09964108467	0.47979593277	0.249848842621	0.748352050781	0.367141008377	0.456524848938	0.22074007988	0.288162946701	0.164755821228	2.1591899395	1.02144098282	0.421610116959	1.10351514816	0.656451940536	1.31664800644	0.577959060669	0.180237054825	0.594702005386	0.544840097427	0.662791013718	0.31960606575	0.391265869141	0.270797967911	0.17765212059	0.319765806198	0.359493017197	0.871711015701	0.209284067154	0.446424007416	0.409404993057	0.513192176819	0.163816213608	0.224849939346	
['./treeMaker/main', '-m', '-c', '1']
0.39702296257	0.70188999176	0.315095186234	0.418006896973	1.03141379356	0.24366402626	0.364186048508	0.237611055374	0.678874015808	0.859831809998	0.595194101334	0.179816007614	0.210453987122	0.552055120468	0.208528995514	0.359390974045	0.728160142899	1.0912129879	0.462024927139	0.247935056686	0.740594863892	0.354590892792	0.446366071701	0.219063997269	0.279485940933	0.188716888428	2.12073206902	1.01608610153	0.423758029938	1.06066799164	0.679674863815	1.35640001297	0.615884780884	0.155808925629	0.606667041779	0.515758991241	0.658138036728	0.330817937851	0.40080499649	0.262035131454	0.195418834686	0.32297205925	0.373023033142	0.869164943695	0.213791131973	0.458432912827	0.416719913483	0.520442008972	0.174322128296	0.227104902267	
['./treeMaker/main', '-m', '-c', '2']
0.41220998764	0.677698850632	0.311880111694	0.421426057816	0.998517036438	0.242964029312	0.35307598114	0.251742839813	0.672035217285	0.883219003677	0.619920969009	0.183168888092	0.215648174286	0.576545953751	0.211893081665	0.365864038467	0.720232963562	1.08157610893	0.463943958282	0.222875118256	0.749000072479	0.348223924637	0.433028936386	0.2282538414	0.267987012863	0.16975903511	2.14509987831	1.02333903313	0.429183959961	1.11678099632	0.661689996719	1.3428208828	0.587330102921	0.1605489254	0.588760137558	0.537347078323	0.66048002243	0.332589149475	0.387742042542	0.250272035599	0.187230110168	0.332348108292	0.387279033661	0.885380029678	0.200659990311	0.465035915375	0.41051697731	0.534497976303	0.171195983887	0.230411052704	
['./treeMaker/main', '-m', '-a', '1']
0.418257951736	0.70860004425	0.327764034271	0.432008981705	1.04306387901	0.241273880005	0.369266986847	0.253711938858	0.661145925522	0.870146036148	0.628528118134	0.197115898132	0.228667974472	0.563814878464	0.215288877487	0.35133600235	0.695136070251	1.05162286758	0.493885993958	0.234889984131	0.719530105591	0.377870082855	0.442662000656	0.252257823944	0.29335808754	0.196328878403	2.12915587425	0.97733092308	0.434095144272	1.10623002052	0.679963827133	1.36943006516	0.622210979462	0.173443078995	0.574990034103	0.538880825043	0.670351028442	0.347721815109	0.385411024094	0.263771057129	0.18807387352	0.321105003357	0.385123968124	0.879760980606	0.229850053787	0.462121009827	0.428150892258	0.516000986099	0.196698188782	0.247470140457	
['./treeMaker/main', '-m', '-a', '2']
0.408223867416	0.668845891953	0.298268795013	0.431889057159	0.995428085327	0.233968019485	0.352705001831	0.250870943069	0.663955926895	0.842117071152	0.577399969101	0.170135974884	0.207887887955	0.568419933319	0.207447052002	0.337573051453	0.698613882065	1.07550501823	0.47514295578	0.240508079529	0.709650993347	0.334034919739	0.436386823654	0.229903936386	0.290720939636	0.183796167374	2.23884296417	0.982973814011	0.40468120575	1.10070085526	0.670429944992	1.31970906258	0.57729101181	0.175040006638	0.562085151672	0.514227867126	0.619841814041	0.31209397316	0.391000032425	0.252628087997	0.189428091049	0.323669910431	0.379406929016	0.837212085724	0.199975013733	0.461430072784	0.426923036575	0.48991894722	0.165967941284	0.231091976166	
