25_1000_0_0_190000000
25
1000
0
0
190000000

['./treeMaker/main']
0.0367541313171	0.0362830162048	0.0361130237579	0.0358757972717	0.035893201828	0.0362751483917	0.0363929271698	0.0367231369019	0.0366129875183	0.0361390113831	0.03737616539	0.0349318981171	0.0407929420471	0.0370240211487	0.0369799137115	0.0366258621216	0.0426111221313	0.0356330871582	0.0356118679047	0.0371470451355	0.0360538959503	0.0357570648193	0.033753156662	0.0448551177979	0.0413341522217	0.0407900810242	0.0369930267334	0.0383489131927	0.0369679927826	0.0381639003754	0.0373601913452	0.0469970703125	0.0360059738159	0.039715051651	0.0376570224762	0.03830909729	0.0372941493988	0.0479230880737	0.0370419025421	0.0360400676727	0.041209936142	0.0343079566956	0.036021232605	0.0388751029968	0.0367958545685	0.036511182785	0.047226190567	0.0475718975067	0.0441589355469	0.0503809452057	
['./treeMaker/main', '-b']
0.0455820560455	0.0362348556519	0.0370800495148	0.0364460945129	0.034423828125	0.0368030071259	0.0498158931732	0.035875082016	0.0399179458618	0.0362920761108	0.0421998500824	0.0385808944702	0.0374479293823	0.0381920337677	0.0413510799408	0.0381910800934	0.0367600917816	0.0367867946625	0.033998966217	0.0364620685577	0.0341050624847	0.0349969863892	0.0370140075684	0.0361268520355	0.0395419597626	0.0386481285095	0.0500771999359	0.0371468067169	0.0399169921875	0.0367910861969	0.0360679626465	0.0395238399506	0.0366780757904	0.0405089855194	0.0389759540558	0.0366599559784	0.0385510921478	0.0410170555115	0.0377061367035	0.0511648654938	0.040009021759	0.0383579730988	0.0384879112244	0.0410158634186	0.0374228954315	0.0437529087067	0.0412900447845	0.0369710922241	0.0356760025024	0.0360219478607	
['./treeMaker/main', '-u']
0.0349631309509	0.0354611873627	0.0337171554565	0.0537481307983	0.0370109081268	0.0363299846649	0.0373239517212	0.0367579460144	0.0390198230743	0.0393569469452	0.0365619659424	0.0391800403595	0.0371189117432	0.0365319252014	0.0363481044769	0.0367488861084	0.0368549823761	0.0349488258362	0.0361969470978	0.0367550849915	0.0392160415649	0.0406081676483	0.0366668701172	0.0384469032288	0.0361151695251	0.0450699329376	0.0363080501556	0.0339350700378	0.0361688137054	0.0357520580292	0.0356168746948	0.0364351272583	0.0441119670868	0.0371179580688	0.0363290309906	0.0391249656677	0.0364339351654	0.0391790866852	0.0377600193024	0.0352680683136	0.0382750034332	0.0417170524597	0.0385069847107	0.0369851589203	0.0405719280243	0.0359389781952	0.0359959602356	0.0391371250153	0.036082983017	0.0375640392303	
['./treeMaker/main', '-t', '-r', '1']
0.333293914795	0.332089185715	0.33025097847	0.333956956863	0.338021039963	0.335825204849	0.333517074585	0.355552911758	0.347426176071	0.351543903351	0.34502196312	0.340065002441	0.357881069183	0.355635166168	0.32877612114	0.33987903595	0.349132061005	0.339273929596	0.357019901276	0.34752702713	0.326803922653	0.327194213867	0.329468011856	0.349356889725	0.330225944519	0.329167127609	0.347004175186	0.333681106567	0.339313983917	0.339823007584	0.359897851944	0.3302090168	0.340620994568	0.338574886322	0.328454017639	0.332714080811	0.331467151642	0.356386899948	0.340552091599	0.356464862823	0.330142021179	0.341475009918	0.356491088867	0.330186128616	0.346830129623	0.35675907135	0.35333108902	0.355509996414	0.355272054672	0.345978975296	
['./treeMaker/main', '-t', '-r', '2']
0.404247999191	0.410224914551	0.391962051392	0.377489089966	0.380965948105	0.410645008087	0.407579898834	0.402043819427	0.404860973358	0.401987075806	0.403224229813	0.409436941147	0.387830972672	0.410286188126	0.389757871628	0.384172916412	0.380290985107	0.390885829926	0.409260034561	0.4110891819	0.401259899139	0.394400119781	0.373535871506	0.391345024109	0.422629117966	0.429221153259	0.403274059296	0.387640953064	0.417028188705	0.41743683815	0.395107030869	0.397081851959	0.3770840168	0.392817974091	0.424930095673	0.438368082047	0.39498591423	0.403733968735	0.395457983017	0.419241905212	0.386337995529	0.404181957245	0.383975982666	0.430402040482	0.399564981461	0.409807920456	0.41178393364	0.390575885773	0.413822174072	0.394911050797	
['./treeMaker/main', '-t', '-r', '1', '-N']
0.341148138046	0.354084014893	0.348207950592	0.349841117859	0.350615978241	0.345841884613	0.350409030914	0.327805995941	0.356503009796	0.332710981369	0.332921981812	0.326659917831	0.351793050766	0.326627016068	0.349125146866	0.355928897858	0.35066485405	0.351918935776	0.353544950485	0.362080097198	0.351093053818	0.353013038635	0.346858024597	0.342358112335	0.359546899796	0.349774837494	0.357386112213	0.346623897552	0.350999116898	0.357372999191	0.352514982224	0.347174167633	0.326745986938	0.342082977295	0.330615997314	0.341777086258	0.332990884781	0.352962017059	0.364566087723	0.339839935303	0.34125995636	0.330910921097	0.326763868332	0.330971002579	0.35578584671	0.331012964249	0.33346414566	0.337466955185	0.351451873779	0.340342998505	
['./treeMaker/main', '-t', '-r', '2', '-N']
0.396313905716	0.402488946915	0.416239976883	0.408392906189	0.402414083481	0.435557842255	0.409912109375	0.396956920624	0.393570899963	0.382853031158	0.406997919083	0.399612188339	0.394758939743	0.394353151321	0.40313410759	0.389191865921	0.391111135483	0.417688846588	0.418709039688	0.392107009888	0.379095077515	0.391680955887	0.374476909637	0.411153078079	0.400181055069	0.411662101746	0.382858037949	0.38215303421	0.423480033875	0.433096885681	0.393209934235	0.390233039856	0.37960100174	0.410682916641	0.414890050888	0.410950183868	0.407269001007	0.411068201065	0.405086994171	0.388122081757	0.404172897339	0.429105997086	0.399876117706	0.395863056183	0.40331697464	0.40390086174	0.399521112442	0.386904001236	0.41135597229	0.387963056564	
['./treeMaker/main', '-m']
0.0426831245422	0.0452809333801	0.0401151180267	0.0413880348206	0.0494999885559	0.0437710285187	0.043851852417	0.0432682037354	0.0433959960938	0.0431740283966	0.0439779758453	0.047924041748	0.0412230491638	0.0406959056854	0.0412211418152	0.0394849777222	0.0429861545563	0.0399961471558	0.038519859314	0.04860496521	0.0381519794464	0.0407838821411	0.0478270053864	0.043121099472	0.0398530960083	0.0433480739594	0.0435898303986	0.0421659946442	0.0430648326874	0.0427660942078	0.0406529903412	0.0401549339294	0.0406348705292	0.0448548793793	0.0451579093933	0.0448250770569	0.0399470329285	0.049772977829	0.0384321212769	0.0406711101532	0.043848991394	0.0435531139374	0.0501141548157	0.0436029434204	0.0444669723511	0.0445849895477	0.047504901886	0.0445399284363	0.0401968955994	0.0436789989471	
['./treeMaker/main', '-m', '-b']
0.0400559902191	0.0392260551453	0.0397379398346	0.0402801036835	0.0440599918365	0.0393300056458	0.041277885437	0.0406789779663	0.040981054306	0.0426189899445	0.0400810241699	0.0396749973297	0.0404300689697	0.0479938983917	0.0427830219269	0.042004108429	0.0399827957153	0.0403718948364	0.0392360687256	0.0389578342438	0.0479199886322	0.0410211086273	0.0407900810242	0.0415141582489	0.0405900478363	0.0401759147644	0.0397899150848	0.039871931076	0.0441360473633	0.0473248958588	0.0406320095062	0.048700094223	0.0388000011444	0.0375640392303	0.0389609336853	0.0402920246124	0.0409560203552	0.039263010025	0.0395939350128	0.0397889614105	0.0375580787659	0.0403199195862	0.0423638820648	0.0399329662323	0.0408279895782	0.0400350093842	0.042788028717	0.0444180965424	0.0480668544769	0.0407700538635	
['./treeMaker/main', '-m', '-w', '1']
0.0398659706116	0.0407149791718	0.0404028892517	0.0401260852814	0.0484659671783	0.0457861423492	0.0391528606415	0.0371360778809	0.0392069816589	0.0392060279846	0.0396330356598	0.0397591590881	0.0487010478973	0.0398051738739	0.0409438610077	0.0392038822174	0.0451059341431	0.0384879112244	0.0399339199066	0.0403797626495	0.0392670631409	0.0405020713806	0.0398290157318	0.0388069152832	0.040148973465	0.0420219898224	0.0392289161682	0.0380630493164	0.042464017868	0.0402410030365	0.0408699512482	0.0396459102631	0.039391040802	0.0478298664093	0.0574960708618	0.0443079471588	0.0457110404968	0.0433881282806	0.0406758785248	0.040195941925	0.0401599407196	0.0401329994202	0.0406970977783	0.0430688858032	0.0433099269867	0.041515827179	0.043319940567	0.0412678718567	0.0398349761963	0.0403962135315	
['./treeMaker/main', '-m', '-w', '2']
0.0432841777802	0.0401630401611	0.0392789840698	0.041482925415	0.0406069755554	0.0409159660339	0.0412621498108	0.0398490428925	0.040235042572	0.0403301715851	0.0413129329681	0.0413269996643	0.0406639575958	0.0437369346619	0.0388531684875	0.0398399829865	0.0403568744659	0.040776014328	0.0449059009552	0.0405359268188	0.038957118988	0.0406289100647	0.0526630878448	0.0459680557251	0.046294927597	0.0398001670837	0.0395939350128	0.0394680500031	0.0398290157318	0.0439660549164	0.0401818752289	0.040274143219	0.0405161380768	0.0408260822296	0.0395879745483	0.0420958995819	0.0412821769714	0.045154094696	0.0395569801331	0.0394179821014	0.0388789176941	0.0396881103516	0.0374121665955	0.0381848812103	0.0412027835846	0.0383820533752	0.0398268699646	0.0409989356995	0.0397229194641	0.0444760322571	
['./treeMaker/main', '-m', '-c', '1']
0.0458290576935	0.0452787876129	0.0455760955811	0.0380470752716	0.0401859283447	0.0399401187897	0.0398240089417	0.0403261184692	0.038477897644	0.0413370132446	0.0413720607758	0.0415151119232	0.0443289279938	0.0404279232025	0.0401101112366	0.0406188964844	0.0430879592896	0.0399279594421	0.0420188903809	0.0447142124176	0.0435810089111	0.0430629253387	0.0439941883087	0.0469100475311	0.0386610031128	0.0423579216003	0.041895866394	0.0398750305176	0.0430760383606	0.041531085968	0.0432159900665	0.0474908351898	0.0416839122772	0.0434510707855	0.0427939891815	0.041393995285	0.039922952652	0.0424900054932	0.0398681163788	0.0385391712189	0.0425260066986	0.0432500839233	0.0493710041046	0.0430870056152	0.0376260280609	0.0369110107422	0.0376400947571	0.0373291969299	0.0377771854401	0.0417969226837	
['./treeMaker/main', '-m', '-c', '2']
0.0385110378265	0.0395131111145	0.0429148674011	0.0418019294739	0.0484709739685	0.037211894989	0.0377190113068	0.037358045578	0.037398815155	0.0375440120697	0.037764787674	0.037849187851	0.0370299816132	0.037623167038	0.0374529361725	0.0372891426086	0.0373449325562	0.0477690696716	0.0375590324402	0.0377421379089	0.0370190143585	0.0372819900513	0.0371930599213	0.0373420715332	0.0374829769135	0.0375277996063	0.0368778705597	0.0371248722076	0.0371680259705	0.0374970436096	0.037346124649	0.0372729301453	0.037143945694	0.0374519824982	0.0439269542694	0.0419709682465	0.0424110889435	0.0397570133209	0.0387418270111	0.0393500328064	0.0399398803711	0.0397748947144	0.0392260551453	0.041041135788	0.0404329299927	0.037899017334	0.0416820049286	0.0392770767212	0.040206193924	0.0377929210663	
['./treeMaker/main', '-m', '-a', '1']
0.0530569553375	0.0531249046326	0.0643079280853	0.0545229911804	0.0530781745911	0.0553920269012	0.0573089122772	0.0545990467072	0.0559630393982	0.055958032608	0.0572018623352	0.054692029953	0.0558068752289	0.0544219017029	0.0593008995056	0.0531070232391	0.0578880310059	0.0573909282684	0.0556490421295	0.0657651424408	0.0561668872833	0.0549230575562	0.0572879314423	0.0558869838715	0.0561020374298	0.0748550891876	0.0517609119415	0.0527441501617	0.0524110794067	0.0534529685974	0.0533630847931	0.0529589653015	0.0526058673859	0.0544128417969	0.0534751415253	0.0544190406799	0.0539810657501	0.0581858158112	0.060821056366	0.0599081516266	0.0615499019623	0.0573360919952	0.0554630756378	0.0574080944061	0.0561008453369	0.0537700653076	0.0585610866547	0.0554840564728	0.0577099323273	0.0561900138855	
['./treeMaker/main', '-m', '-a', '2']
0.039892911911	0.0430481433868	0.0428600311279	0.0394058227539	0.0388650894165	0.0407829284668	0.0404479503632	0.0410408973694	0.0540730953217	0.0462961196899	0.0410630702972	0.0396749973297	0.038293838501	0.0410511493683	0.0424308776855	0.0396621227264	0.0401861667633	0.0495429039001	0.0392370223999	0.0400671958923	0.0356349945068	0.0383810997009	0.0376670360565	0.0459270477295	0.0486531257629	0.0385670661926	0.0381779670715	0.0379710197449	0.0387358665466	0.037947177887	0.0383329391479	0.0407609939575	0.0407979488373	0.040904045105	0.0376319885254	0.0385429859161	0.0389158725739	0.0383679866791	0.0415959358215	0.050369977951	0.041876077652	0.0391929149628	0.0401179790497	0.0407729148865	0.0408959388733	0.0467720031738	0.0378639698029	0.040295124054	0.0370659828186	0.038192987442	
