25_1000_4.9e-10_2.45e-10_470000000
25
1000
4.9e-10
2.45e-10
470000000

['./treeMaker/main']
0.477851867676	0.592846870422	0.436001062393	0.783319950104	0.430937051773	0.25005197525	0.443848848343	0.560431003571	0.779772043228	0.390028953552	0.401984930038	0.465400934219	0.655171871185	0.455034017563	0.165720939636	2.19446492195	0.653802156448	0.955956935883	0.357403993607	0.807899951935	0.701427936554	0.49577498436	0.728333950043	1.65994501114	0.479367017746	1.17328596115	0.206102132797	0.527899980545	0.622935056686	0.853991031647	0.327163934708	0.336777925491	0.688714027405	0.956201076508	0.553229093552	1.83532905579	0.178904056549	0.973128080368	0.431972026825	0.244425058365	0.179141044617	0.79598903656	0.295768976212	0.431309938431	0.304580926895	0.16566491127	0.395387172699	2.2908949852	3.29194998741	0.38494515419	
['./treeMaker/main', '-b']
0.487982034683	0.607671022415	0.451245069504	0.820722103119	0.432791948318	0.260159015656	0.463044881821	0.572983026505	0.795120954514	0.404871940613	0.427663087845	0.480072975159	0.672487020493	0.466804981232	0.171489953995	2.23253798485	0.666763067245	0.974949121475	0.373733043671	0.826344966888	0.717715978622	0.511344909668	0.74730014801	1.69259285927	0.49315404892	1.20338702202	0.215966939926	0.595303058624	0.636847019196	0.863748073578	0.340205907822	0.348804950714	0.716290950775	0.981866836548	0.570744991302	1.88667201996	0.188910961151	0.995446920395	0.444108009338	0.25248003006	0.187695980072	0.812180042267	0.302695989609	0.443167924881	0.316513061523	0.170283079147	0.404187917709	2.33231091499	3.343708992	0.396699905396	
['./treeMaker/main', '-u']
0.481768131256	0.596056938171	0.438364982605	0.781048059464	0.424107074738	0.254142045975	0.449156045914	0.560420036316	0.781646966934	0.392482995987	0.412921905518	0.473435163498	0.65762591362	0.459142923355	0.168283224106	2.19591498375	0.655092000961	0.956954956055	0.356998920441	0.812909126282	0.702676057816	0.499028205872	0.731324195862	1.67854118347	0.482313871384	1.18097090721	0.208185911179	0.53161907196	0.626784086227	0.845873117447	0.33109998703	0.339287042618	0.690343141556	0.960938930511	0.551687955856	1.84418606758	0.180413007736	0.973774909973	0.433761835098	0.253479003906	0.179502010345	0.794873952866	0.296733856201	0.434467077255	0.307462930679	0.167711019516	0.39928984642	2.28834700584	3.29459214211	0.387535810471	
['./treeMaker/main', '-t', '-r', '1']
6.98834204674	8.50796580315	6.70805287361	10.2117609978	6.3899679184	4.00709104538	6.57592105865	7.47037601471	10.1838901043	5.95076704025	6.06959104538	6.73257112503	8.97384190559	6.87487196922	2.68754291534	19.179117918	9.24275588989	12.1300721169	5.36995601654	10.9110968113	9.92901492119	6.77059602737	10.0618228912	18.3877060413	7.19398999214	12.5659968853	3.48411989212	7.61895084381	8.08432412148	11.0041120052	5.11933898926	5.3664598465	9.60876202583	12.2359499931	7.52452111244	18.1489400864	2.89740300179	12.2125799656	6.78877902031	3.96808409691	2.99774098396	10.2934191227	4.92581796646	6.84662914276	4.94005203247	2.64827299118	6.22111797333	20.0515470505	29.4360120296	5.43806695938	
['./treeMaker/main', '-t', '-r', '2']
10.8829760551	12.9615621567	9.71770119667	16.1214139462	9.8998169899	6.40560412407	10.5600018501	12.8590810299	15.7016310692	9.30979800224	9.79634189606	10.9506258965	13.9009931087	10.60759902	4.66412496567	33.2865159512	13.9941899776	18.0045170784	8.76375484467	15.8598840237	14.4404211044	11.5527079105	14.9316389561	27.598664999	10.5777230263	22.3796379566	5.22239494324	11.4601809978	13.7266228199	16.5011370182	8.43337893486	8.05397510529	14.0296528339	17.9191191196	13.0247688293	30.2503581047	4.98717689514	19.6968050003	10.2753229141	6.20288109779	4.70179486275	15.7355899811	7.42065191269	10.1295440197	7.62124490738	4.56318187714	9.51137900352	37.5751099586	43.6130049229	9.28835701942	
['./treeMaker/main', '-t', '-r', '1', '-N']
6.99168205261	8.50334501266	6.72947311401	10.2158470154	6.3970489502	4.02199602127	6.57855200768	7.52598595619	10.232434988	5.95639705658	6.07966589928	6.75720500946	9.0100569725	6.84694719315	2.69119811058	19.0980300903	9.30233597755	12.1281249523	5.52431106567	10.9254748821	9.90777301788	6.80949997902	10.060739994	18.4136760235	7.24931311607	12.5678949356	3.47872710228	7.61432099342	8.11429214478	10.9707081318	5.16474604607	5.37020897865	9.61210608482	12.2294971943	7.6059191227	18.2020111084	2.89902091026	12.2050099373	6.7872159481	3.95463609695	2.97836399078	10.2848148346	4.92460203171	6.85097312927	4.94459009171	2.65061092377	6.26905822754	19.9530360699	29.0029478073	5.46588492393	
['./treeMaker/main', '-t', '-r', '2', '-N']
10.8867788315	12.9756369591	9.74807906151	16.134649992	9.91165590286	6.4164390564	10.5663900375	12.9467220306	15.69404006	9.31095814705	9.78744888306	11.0307819843	13.8962030411	10.5978958607	4.6682779789	33.0968089104	14.0105149746	18.0408229828	8.78197288513	15.8786940575	14.4527959824	11.693944931	14.9422569275	27.5729830265	10.5795788765	22.3944439888	5.30142092705	11.4453799725	13.7289869785	16.5428340435	8.44842410088	8.06875419617	14.0826590061	17.9530940056	13.0379412174	30.3370130062	5.003054142	20.0418150425	10.234210968	6.20884203911	4.6580529213	15.7897479534	7.43124580383	10.2365810871	7.65524101257	4.58542108536	9.52295804024	37.9571938515	43.6380829811	9.24422812462	
['./treeMaker/main', '-m']
0.18319606781	0.22887802124	0.176067113876	0.242363929749	0.170148849487	0.132678031921	0.179206848145	0.204778909683	0.238432168961	0.167037963867	0.171373844147	0.187201976776	0.219846963882	0.177629947662	0.121094942093	0.394299030304	0.216269016266	0.262169122696	0.155809879303	0.240829944611	0.22092795372	0.193217992783	0.227290868759	0.347440958023	0.183526992798	0.299887895584	0.119843959808	0.193503856659	0.214787960052	0.249170064926	0.154097080231	0.15611410141	0.221242904663	0.259397029877	0.20006608963	0.368072986603	0.118566989899	0.268148899078	0.174520015717	0.129642963409	0.110527038574	0.239034175873	0.141869068146	0.173548936844	0.147747993469	0.106174945831	0.164849996567	0.430773973465	0.493311882019	0.170022010803	
['./treeMaker/main', '-m', '-b']
0.195604801178	0.222093105316	0.187638998032	0.262174844742	0.183672904968	0.13944196701	0.192185878754	0.220766067505	0.255458831787	0.175827980042	0.184244155884	0.198565006256	0.236841917038	0.190702915192	0.112596035004	0.430782079697	0.233355045319	0.284325838089	0.170027971268	0.25828909874	0.238372802734	0.20605802536	0.246518850327	0.377594947815	0.197915077209	0.329511880875	0.12521314621	0.211745023727	0.230590105057	0.266011953354	0.162823200226	0.166214942932	0.240635871887	0.294481992722	0.216810941696	0.402685165405	0.116967916489	0.290533065796	0.188573122025	0.136048078537	0.117528915405	0.259003162384	0.150896072388	0.184593915939	0.15615105629	0.112894058228	0.175988912582	0.472646951675	0.531651973724	0.188857793808	
['./treeMaker/main', '-m', '-w', '1']
0.182667016983	0.207587957382	0.174419879913	0.242197990417	0.171351909637	0.135140895844	0.180948019028	0.204472064972	0.240744829178	0.165292978287	0.168145179749	0.186292886734	0.220468044281	0.178658008575	0.107913017273	0.39316701889	0.214793205261	0.263812065125	0.16011095047	0.242518901825	0.233380794525	0.193649053574	0.226585149765	0.346312999725	0.181906938553	0.300875902176	0.119150161743	0.194253921509	0.214341878891	0.247793912888	0.152726173401	0.154549121857	0.220688819885	0.260200977325	0.197991132736	0.366700172424	0.110817193985	0.265851974487	0.174654960632	0.129107952118	0.111470937729	0.238775014877	0.143301010132	0.173022985458	0.147029876709	0.107160806656	0.164658069611	0.429583072662	0.481006860733	0.170313835144	
['./treeMaker/main', '-m', '-w', '2']
0.185142040253	0.207142114639	0.175967931747	0.241586923599	0.173179864883	0.136240005493	0.185922861099	0.218621015549	0.23965382576	0.1692237854	0.171049833298	0.184829950333	0.231226205826	0.185072898865	0.106513977051	0.395732164383	0.215166091919	0.263206005096	0.160455942154	0.240977048874	0.225211143494	0.195024013519	0.231299161911	0.352453947067	0.185606002808	0.305807113647	0.119286775589	0.19668507576	0.216974973679	0.24601984024	0.155769824982	0.157318115234	0.224076986313	0.264601945877	0.201292991638	0.367863893509	0.110587835312	0.269461154938	0.176594018936	0.131712198257	0.111405134201	0.243845939636	0.145030021667	0.178987979889	0.146914958954	0.108113050461	0.16626906395	0.430377960205	0.486564159393	0.174602031708	
['./treeMaker/main', '-m', '-c', '1']
0.182392835617	0.207391023636	0.174907922745	0.240211009979	0.169555902481	0.132560968399	0.179339885712	0.204463005066	0.237464904785	0.166405916214	0.173680067062	0.187794923782	0.219278097153	0.178091049194	0.108831167221	0.397528171539	0.219330072403	0.264288902283	0.156565189362	0.24195098877	0.221244096756	0.192613124847	0.229053974152	0.347347974777	0.183547973633	0.303495168686	0.118551015854	0.194300889969	0.214339017868	0.250394105911	0.166186094284	0.166968107224	0.221988916397	0.260545015335	0.199454784393	0.36808013916	0.112067937851	0.26807808876	0.174237966537	0.129585981369	0.111151218414	0.241782188416	0.141402006149	0.173002958298	0.146297931671	0.117285966873	0.165742874146	0.428767204285	0.483552932739	0.170912981033	
['./treeMaker/main', '-m', '-c', '2']
0.192720174789	0.206305980682	0.175896167755	0.244353055954	0.175889968872	0.135691165924	0.183432817459	0.209642887115	0.244071006775	0.179612874985	0.183094978333	0.196584939957	0.219518899918	0.179162979126	0.107135057449	0.391648054123	0.216732025146	0.264792919159	0.170346975327	0.244634151459	0.222608089447	0.19376206398	0.229325056076	0.34680891037	0.184737920761	0.303375005722	0.119919061661	0.195947170258	0.215977907181	0.246592998505	0.154824018478	0.154472112656	0.217492103577	0.261531114578	0.198266029358	0.369436979294	0.110248088837	0.268409013748	0.173995018005	0.13082909584	0.111548900604	0.241543769836	0.142076015472	0.173280954361	0.146548032761	0.106575012207	0.163109064102	0.428586959839	0.484230995178	0.180474042892	
['./treeMaker/main', '-m', '-a', '1']
0.195376157761	0.217835903168	0.189229011536	0.261718988419	0.183851003647	0.146214008331	0.192843914032	0.212419033051	0.248055934906	0.177469015121	0.180339097977	0.196884870529	0.227666139603	0.18746805191	0.119415998459	0.403521060944	0.227628946304	0.275172948837	0.170341014862	0.254142045975	0.233982086182	0.201620101929	0.238651037216	0.358427047729	0.193285942078	0.314894914627	0.128674983978	0.219861984253	0.224694013596	0.258725881577	0.164797782898	0.165992975235	0.23090004921	0.269877910614	0.210395812988	0.375874042511	0.123731851578	0.277051925659	0.198307037354	0.143806934357	0.122821807861	0.252206087112	0.151411056519	0.183072090149	0.157526016235	0.118730068207	0.174680948257	0.437765836716	0.491219043732	0.180340051651	
['./treeMaker/main', '-m', '-a', '2']
0.185096979141	0.207617998123	0.1754758358	0.251169919968	0.172839164734	0.130390882492	0.180219888687	0.203921079636	0.236256837845	0.186117172241	0.170610904694	0.186490058899	0.220821142197	0.192147016525	0.108641147614	0.400067090988	0.21632194519	0.26121711731	0.155920982361	0.239462852478	0.222645998001	0.194283008575	0.227236032486	0.358183860779	0.186305046082	0.305480003357	0.119624137878	0.198264122009	0.21494603157	0.24556183815	0.155282974243	0.156441926956	0.219105005264	0.264437198639	0.200396060944	0.36740398407	0.113025188446	0.267232894897	0.175940036774	0.130661964417	0.110949039459	0.239871025085	0.142251968384	0.174664020538	0.146552801132	0.106209993362	0.165544986725	0.429900169373	0.483314990997	0.171402215958	
