25_1000_1.9e-10_1.9e-10_48000000
25
1000
1.9e-10
1.9e-10
48000000

['./treeMaker/main']
0.0570681095123	0.053190946579	0.0618481636047	0.0647609233856	0.0582489967346	0.0668549537659	0.0572490692139	0.0779249668121	0.0680329799652	0.0719439983368	0.0642008781433	0.0648438930511	0.0580811500549	0.0601761341095	0.058051109314	0.0685660839081	0.0657041072845	0.0785958766937	0.0575997829437	0.0834228992462	0.0578351020813	0.060152053833	0.056617975235	0.0534980297089	0.0668289661407	0.0568749904633	0.0595049858093	0.0568571090698	0.0563580989838	0.0660529136658	0.0503327846527	0.0459890365601	0.0624370574951	0.0726001262665	0.0788199901581	0.0513510704041	0.0548181533813	0.0645389556885	0.0609200000763	0.0514190196991	0.0557570457458	0.0595781803131	0.0530800819397	0.0726039409637	0.0643010139465	0.0600550174713	0.0646460056305	0.0658760070801	0.0616018772125	0.0619978904724	
['./treeMaker/main', '-b']
0.0566358566284	0.0519549846649	0.0554168224335	0.0703828334808	0.0722250938416	0.0657141208649	0.055408000946	0.0807139873505	0.0698940753937	0.0877969264984	0.0811460018158	0.0673370361328	0.0604848861694	0.0615451335907	0.0616810321808	0.0602400302887	0.0584318637848	0.0744187831879	0.0606389045715	0.0697929859161	0.0559630393982	0.0597059726715	0.0533890724182	0.0514039993286	0.0707800388336	0.0627658367157	0.0616261959076	0.0579249858856	0.0638349056244	0.084489107132	0.0504138469696	0.0499379634857	0.0678799152374	0.0843169689178	0.0848739147186	0.0580930709839	0.0617301464081	0.072851896286	0.0707678794861	0.0567350387573	0.0606977939606	0.0632021427155	0.0606760978699	0.0705909729004	0.0621130466461	0.0557110309601	0.0567750930786	0.0544629096985	0.0707411766052	0.0571110248566	
['./treeMaker/main', '-u']
0.0589389801025	0.0637190341949	0.0601799488068	0.0669410228729	0.0610890388489	0.0657639503479	0.0559089183807	0.0939741134644	0.072291135788	0.0747940540314	0.0647938251495	0.0668168067932	0.0598058700562	0.0617549419403	0.0608558654785	0.0631968975067	0.0591349601746	0.0859010219574	0.0563490390778	0.0691349506378	0.0742919445038	0.0660529136658	0.0618860721588	0.0576820373535	0.0856201648712	0.056960105896	0.0623300075531	0.0584380626678	0.0596539974213	0.0683870315552	0.0585961341858	0.049812078476	0.0648221969604	0.0768737792969	0.0971269607544	0.0526089668274	0.0560760498047	0.0659871101379	0.0609500408173	0.0521178245544	0.057284116745	0.0604391098022	0.0738830566406	0.0692701339722	0.0615170001984	0.0568392276764	0.0579998493195	0.0553319454193	0.0598669052124	0.0576391220093	
['./treeMaker/main', '-t', '-r', '1']
0.827938079834	0.716243982315	0.820628881454	0.955948114395	0.845047950745	1.04887604713	0.824210882187	1.2837331295	1.11011099815	1.14538288116	0.925740003586	0.927815198898	0.885177850723	0.890022993088	0.83533000946	0.849108934402	0.810286998749	1.15772390366	0.783511161804	1.05720901489	0.805613040924	0.781667947769	0.777575016022	0.732452869415	1.03120684624	0.760007858276	0.948256015778	0.875116825104	0.842002153397	1.11911988258	0.704348087311	0.637068033218	0.931156873703	1.19593095779	1.22915792465	0.73778796196	0.847510099411	1.04707980156	0.917655944824	0.7206158638	0.850486040115	0.945420026779	0.772881031036	1.02126097679	0.885862112045	0.773484945297	0.804194927216	0.736202001572	0.864957094193	0.780090808868	
['./treeMaker/main', '-t', '-r', '2']
1.14257788658	0.958359956741	1.10059809685	1.43722391129	1.17692804337	1.48149991035	1.11885213852	1.97284913063	1.5367808342	1.69632387161	1.39351820946	1.41053986549	1.17454600334	1.23336410522	1.23743200302	1.18967294693	1.11596798897	1.6446249485	1.07701992989	1.4428319931	1.09511494637	1.28255605698	1.022315979	1.00628685951	1.45469379425	1.10040593147	1.29072093964	1.17479491234	1.20858716965	1.58655500412	0.977133989334	0.836970090866	1.34093904495	1.74464583397	1.83243703842	0.985809087753	1.20601010323	1.50543498993	1.24955797195	1.00706791878	1.16538906097	1.29021692276	1.13907599449	1.51477217674	1.2411980629	1.03813099861	1.15481090546	1.00131797791	1.22877407074	1.11557102203	
['./treeMaker/main', '-t', '-r', '1', '-N']
0.849365949631	0.714038133621	0.803326845169	1.00930809975	0.844712018967	1.06611800194	0.785547971725	1.30089616776	1.12922501564	1.16499590874	0.957401990891	0.990470170975	0.846638202667	0.85037612915	0.811623096466	0.86079788208	0.798612117767	1.12234592438	0.812165975571	1.0642991066	0.825117111206	0.781565904617	0.804483175278	0.725399017334	1.05707716942	0.762053012848	0.942810058594	0.898611068726	0.881630897522	1.10691189766	0.71866106987	0.647990942001	0.971080064774	1.17910408974	1.23744606972	0.731138944626	0.860466957092	1.04642796516	0.927916049957	0.702040195465	0.804006099701	0.91376709938	0.764229774475	1.03134894371	0.8585460186	0.736450910568	0.78969502449	0.712421894073	0.848326921463	0.744956970215	
['./treeMaker/main', '-t', '-r', '2', '-N']
1.09843587875	0.959411144257	1.09985494614	1.43447804451	1.16161894798	1.44267010689	1.08088302612	1.9351401329	1.54179501534	1.6671230793	1.40769314766	1.42016005516	1.20041894913	1.17833399773	1.19349193573	1.15510702133	1.09806609154	1.59490299225	1.02166485786	1.44028496742	1.11384105682	1.21984314919	0.996452093124	0.956669807434	1.49115300179	1.10134291649	1.31709003448	1.23201298714	1.1694881916	1.54589104652	0.998334169388	0.828384160995	1.30512809753	1.75939917564	1.83667087555	0.985653877258	1.14238715172	1.46282887459	1.26146006584	0.956723213196	1.11900496483	1.26469182968	1.10791683197	1.50200414658	1.22745513916	0.988933801651	1.13091897964	0.969494819641	1.2188949585	1.07419586182	
['./treeMaker/main', '-m']
0.0490171909332	0.046511888504	0.0482409000397	0.0610609054565	0.0587232112885	0.0576319694519	0.0650751590729	0.0672490596771	0.061448097229	0.0642399787903	0.0586049556732	0.0589020252228	0.0556540489197	0.0561079978943	0.0686509609222	0.0480258464813	0.0473690032959	0.0558998584747	0.046728849411	0.0532968044281	0.0495791435242	0.0511479377747	0.0472831726074	0.0456018447876	0.0528299808502	0.0601210594177	0.0678639411926	0.0536141395569	0.0529329776764	0.0582590103149	0.0461230278015	0.0448949337006	0.0554170608521	0.0623121261597	0.0619828701019	0.046587228775	0.0512280464172	0.057667016983	0.0550050735474	0.0508670806885	0.0498330593109	0.0537450313568	0.0519559383392	0.0561890602112	0.0530211925507	0.0471708774567	0.048849105835	0.0525560379028	0.0556790828705	0.0534009933472	
['./treeMaker/main', '-m', '-b']
0.0558221340179	0.0535380840302	0.0557339191437	0.0616788864136	0.0575299263	0.0633029937744	0.0563378334045	0.0701239109039	0.063588142395	0.0628170967102	0.0536479949951	0.0543429851532	0.0506598949432	0.0513870716095	0.0515630245209	0.0506579875946	0.0505239963531	0.0584349632263	0.0482981204987	0.0554170608521	0.0509450435638	0.0519409179688	0.048681974411	0.0467350482941	0.0548629760742	0.0513660907745	0.055547952652	0.0530059337616	0.0519170761108	0.0563268661499	0.0457048416138	0.0434679985046	0.053279876709	0.0601110458374	0.0635769367218	0.0463619232178	0.0490520000458	0.061341047287	0.0540750026703	0.0466408729553	0.0507390499115	0.05779504776	0.0551519393921	0.0627229213715	0.061901807785	0.0512959957123	0.056961774826	0.0503189563751	0.0542359352112	0.0509009361267	
['./treeMaker/main', '-m', '-w', '1']
0.0566000938416	0.0546250343323	0.0555379390717	0.0615930557251	0.0583610534668	0.062548160553	0.0517101287842	0.0668709278107	0.0559480190277	0.0586090087891	0.0540001392365	0.0686769485474	0.0567581653595	0.0568850040436	0.0572149753571	0.0556931495667	0.0550630092621	0.0632951259613	0.05446600914	0.0617020130157	0.0600500106812	0.0588219165802	0.0525829792023	0.0506720542908	0.0684440135956	0.0536918640137	0.0556280612946	0.0547149181366	0.0537490844727	0.0594599246979	0.0487208366394	0.0463588237762	0.0565960407257	0.062952041626	0.0641810894012	0.0626120567322	0.0539448261261	0.0587329864502	0.0554201602936	0.0479209423065	0.050763130188	0.0527329444885	0.0494730472565	0.0672190189362	0.051784992218	0.0486731529236	0.0497629642487	0.0479798316956	0.0516481399536	0.0486280918121	
['./treeMaker/main', '-m', '-w', '2']
0.0499761104584	0.0480949878693	0.0498611927032	0.0549330711365	0.0515050888062	0.0565240383148	0.0503480434418	0.0620110034943	0.0565299987793	0.0588409900665	0.0709290504456	0.0616500377655	0.0557351112366	0.0586831569672	0.0582239627838	0.0526869297028	0.0561718940735	0.0630271434784	0.0539989471436	0.0603868961334	0.0557150840759	0.057018995285	0.0542249679565	0.052295923233	0.0596001148224	0.0543999671936	0.066074848175	0.054652929306	0.0571370124817	0.0579550266266	0.0494160652161	0.048896074295	0.0697660446167	0.0627272129059	0.0810630321503	0.0509829521179	0.0523459911346	0.0730969905853	0.0577719211578	0.050281047821	0.0537109375	0.0591340065002	0.0557041168213	0.0626881122589	0.0612859725952	0.0546369552612	0.0622577667236	0.0505919456482	0.054652929306	0.0520401000977	
['./treeMaker/main', '-m', '-c', '1']
0.0551750659943	0.0562989711761	0.0520780086517	0.0546951293945	0.0642988681793	0.0594668388367	0.0538458824158	0.0692598819733	0.0587811470032	0.0612349510193	0.0560989379883	0.0646598339081	0.0513730049133	0.0512840747833	0.050852060318	0.0512480735779	0.0501971244812	0.0573167800903	0.0490109920502	0.0555219650269	0.0499420166016	0.0527288913727	0.0487489700317	0.0516078472137	0.0574591159821	0.0509328842163	0.0588178634644	0.0562188625336	0.0567700862885	0.0619580745697	0.0513908863068	0.049131155014	0.0592792034149	0.0639460086823	0.0648710727692	0.0490639209747	0.0514340400696	0.0567631721497	0.054584980011	0.0483720302582	0.0519189834595	0.0536980628967	0.0509860515594	0.0580108165741	0.0532469749451	0.0496611595154	0.0505840778351	0.04865193367	0.052078962326	0.0498368740082	
['./treeMaker/main', '-m', '-c', '2']
0.0507731437683	0.0487790107727	0.0524270534515	0.0557360649109	0.0520238876343	0.0576739311218	0.0513529777527	0.0634729862213	0.067981004715	0.0598130226135	0.055587053299	0.0574290752411	0.0518598556519	0.0646312236786	0.053631067276	0.0530600547791	0.0541200637817	0.061527967453	0.0492122173309	0.0572609901428	0.0521202087402	0.0539510250092	0.0508160591125	0.0488851070404	0.0565159320831	0.0515871047974	0.0550520420074	0.0525059700012	0.064465045929	0.0602638721466	0.0496010780334	0.0497508049011	0.0576300621033	0.0622141361237	0.0772359371185	0.0529479980469	0.0533399581909	0.0630338191986	0.0541839599609	0.0481548309326	0.0517888069153	0.0532538890839	0.0507009029388	0.0581200122833	0.0533308982849	0.0496490001678	0.0508940219879	0.049252986908	0.051922082901	0.0501079559326	
['./treeMaker/main', '-m', '-a', '1']
0.0608229637146	0.0623757839203	0.0608870983124	0.0674560070038	0.0665311813354	0.0716111660004	0.061497926712	0.0725660324097	0.0705959796906	0.0712950229645	0.0647609233856	0.0794010162354	0.0625491142273	0.0642380714417	0.0651478767395	0.0616099834442	0.061662197113	0.0704829692841	0.066899061203	0.086198091507	0.0620510578156	0.0652091503143	0.0607240200043	0.059513092041	0.0667560100555	0.0650720596313	0.0657780170441	0.0641400814056	0.0654699802399	0.0708730220795	0.0622930526733	0.0594899654388	0.0689649581909	0.0805969238281	0.0729911327362	0.0597670078278	0.062059879303	0.0687251091003	0.0688400268555	0.0622589588165	0.0651569366455	0.0724618434906	0.0637400150299	0.071995973587	0.0767300128937	0.0621519088745	0.0639851093292	0.0628111362457	0.0667319297791	0.0676598548889	
['./treeMaker/main', '-m', '-a', '2']
0.0559511184692	0.0562210083008	0.0552589893341	0.0580899715424	0.0553510189056	0.060467004776	0.0538740158081	0.0638358592987	0.0610449314117	0.0662968158722	0.071366071701	0.0576608181	0.0544059276581	0.0536999702454	0.0563108921051	0.0561878681183	0.0578050613403	0.0622038841248	0.0526959896088	0.0600430965424	0.0549838542938	0.0568749904633	0.0536348819733	0.0512518882751	0.0551218986511	0.0508770942688	0.0548720359802	0.0521929264069	0.0524179935455	0.0577580928802	0.0479099750519	0.0460338592529	0.0553469657898	0.0747170448303	0.0663371086121	0.0509850978851	0.052983045578	0.0595459938049	0.0550701618195	0.0485100746155	0.0531220436096	0.0671858787537	0.0531380176544	0.0607650279999	0.056168794632	0.052237033844	0.0532269477844	0.050882101059	0.0546960830688	0.0529181957245	
