25_1000_1.9e-10_0.0_470000000
25
1000
1.9e-10
0.0
470000000

['./treeMaker/main']
0.118405103683	0.0954430103302	0.171854019165	0.109398126602	0.12039399147	0.154438972473	0.104612112045	0.146127939224	0.0947248935699	0.072781085968	0.174373865128	0.138178825378	0.191261053085	0.123162984848	0.191486120224	0.376074790955	0.15247297287	0.113310098648	0.0806720256805	0.234532117844	0.209516048431	0.082661151886	0.138592004776	0.15361905098	0.435486078262	0.093355178833	0.100764036179	0.230242967606	0.110973119736	0.139446973801	0.173807144165	0.149372816086	0.135450124741	0.0872859954834	0.0951998233795	0.131953954697	0.188067913055	0.0980460643768	0.100825071335	0.20495390892	0.175976037979	0.115057945251	0.131550073624	0.157670021057	0.103747844696	0.366431951523	0.105046987534	0.203028917313	0.158436059952	0.202905893326	
['./treeMaker/main', '-b']
0.125550031662	0.100830078125	0.181329965591	0.12052488327	0.127670049667	0.171202898026	0.114519119263	0.162653923035	0.0920851230621	0.0747010707855	0.165325164795	0.146023988724	0.193130016327	0.118867874146	0.18293094635	0.3455119133	0.161478042603	0.118011951447	0.0838649272919	0.223923921585	0.194324016571	0.0870761871338	0.133671998978	0.160099029541	0.458146095276	0.0981359481812	0.105758905411	0.240540027618	0.1112408638	0.146338939667	0.181907892227	0.158710002899	0.138514995575	0.0909461975098	0.0987589359283	0.130043029785	0.17867398262	0.103579998016	0.104619979858	0.213170051575	0.16702413559	0.119022130966	0.134201049805	0.160218000412	0.104910135269	0.363618135452	0.106372117996	0.227998971939	0.171905994415	0.209894895554	
['./treeMaker/main', '-u']
0.118421077728	0.0988700389862	0.174795866013	0.122565984726	0.123643159866	0.156899929047	0.107199907303	0.153341770172	0.089910030365	0.0714640617371	0.159644842148	0.147811889648	0.18820309639	0.122744083405	0.185039997101	0.37216091156	0.157584905624	0.120461940765	0.0855009555817	0.248313903809	0.201836824417	0.0870079994202	0.137199878693	0.15832400322	0.491427183151	0.099643945694	0.103047847748	0.240830183029	0.102963209152	0.146190166473	0.198099851608	0.144015073776	0.149352073669	0.104871988297	0.0935461521149	0.116902112961	0.163599014282	0.0997550487518	0.102015972137	0.204117059708	0.159983873367	0.131109952927	0.126403093338	0.160079956055	0.120250940323	0.354249954224	0.106043815613	0.207447767258	0.164704799652	0.228589773178	
['./treeMaker/main', '-t', '-r', '1']
1.90604305267	1.40405702591	2.81302690506	1.73570013046	1.85289001465	2.58608412743	1.56121206284	2.39345383644	1.34082913399	1.05095410347	2.57947492599	2.2743678093	2.99339318275	1.83496284485	2.8080239296	5.05215191841	2.48262906075	1.79944205284	1.18681287766	3.61924815178	3.12371206284	1.27154612541	2.04093194008	2.63906884193	5.77138113976	1.45487213135	1.64579701424	3.75974202156	1.55158185959	2.28171515465	2.7949590683	2.3162779808	2.13120698929	1.21392798424	1.46326994896	1.68678593636	2.83084106445	1.62839508057	1.56821799278	3.55981492996	2.61957097054	1.7168469429	1.98415613174	2.61335802078	1.53028392792	5.36699700356	1.59360408783	3.16490888596	2.46051001549	3.04666304588	
['./treeMaker/main', '-t', '-r', '2']
3.05049395561	2.33820295334	4.7552189827	2.66653203964	3.20912098885	4.25189614296	2.66904616356	3.9204750061	2.06038999557	1.59159803391	4.47772908211	3.71792292595	5.46343016624	2.84526109695	4.88252186775	8.31605386734	4.11793780327	2.97391104698	1.88301992416	5.45339798927	5.2459897995	1.98813486099	3.4703848362	4.22230195999	11.2108359337	2.33956599236	2.60051202774	6.09663200378	2.50932788849	3.8441631794	4.66856789589	3.96493792534	3.48201704025	2.0318338871	2.35698008537	3.15636515617	4.3694729805	2.48207998276	2.51824188232	5.30343914032	4.15812206268	3.03055405617	3.22161388397	3.95959401131	2.76177191734	8.6089720726	2.56893801689	5.72739481926	4.340955019	5.89217805862	
['./treeMaker/main', '-t', '-r', '1', '-N']
1.85939288139	1.41217303276	2.79033994675	1.75913882256	1.88519001007	2.6301381588	1.61808109283	2.35741496086	1.38016796112	1.06476402283	2.64215898514	2.20662808418	2.92882013321	1.85005807877	2.82676100731	5.0227689743	2.50206613541	1.83479094505	1.18077111244	3.56933093071	3.22046899796	1.3032169342	1.98550701141	2.53281712532	5.73030805588	1.42502689362	1.6753821373	3.9278960228	1.58800983429	2.29604101181	2.82647514343	2.3272960186	2.20127391815	1.22429394722	1.41538715363	1.6582839489	2.87014389038	1.64354801178	1.5493979454	3.43391990662	2.66716003418	1.76594305038	1.97668409348	2.63188886642	1.6060359478	5.39092898369	1.578977108	3.13121390343	2.5083501339	3.06871604919	
['./treeMaker/main', '-t', '-r', '2', '-N']
3.12649798393	2.35171890259	4.6410369873	2.74221205711	3.15103006363	4.25126099586	2.61055493355	3.84673213959	2.04530096054	1.53374218941	4.4503390789	3.71363902092	5.43270397186	2.81868004799	4.94001102448	8.41299986839	4.08258605003	2.98739600182	1.90038180351	5.52265000343	5.2532389164	1.95965790749	3.53954100609	4.30764484406	11.4791200161	2.42113900185	2.68371486664	6.13403916359	2.43055415154	3.73266005516	4.61474514008	3.9710829258	3.43867993355	1.99906516075	2.40212988853	3.14986801147	4.49525284767	2.48678088188	2.61157011986	5.29900383949	4.10125589371	3.02415800095	3.28252792358	3.94042110443	2.66195082664	8.45556497574	2.52677488327	5.6921441555	4.32092499733	5.89567112923	
['./treeMaker/main', '-m']
0.0921800136566	0.0944631099701	0.110893011093	0.0877850055695	0.0928471088409	0.108163833618	0.0827300548553	0.103976964951	0.0747380256653	0.0782117843628	0.124552965164	0.103332996368	0.128385066986	0.0943260192871	0.124046087265	0.174510002136	0.110380887985	0.0963988304138	0.0731329917908	0.12918806076	0.126292943954	0.0862469673157	0.158495187759	0.117181777954	0.195481061935	0.0785310268402	0.0924260616302	0.133049964905	0.0790059566498	0.103666067123	0.122554063797	0.106675863266	0.0967991352081	0.0765650272369	0.0972819328308	0.0974481105804	0.110847949982	0.0834279060364	0.0860719680786	0.121432065964	0.112953901291	0.0938549041748	0.0910918712616	0.101999998093	0.0804510116577	0.171514034271	0.0830819606781	0.215167999268	0.117385864258	0.134669065475	
['./treeMaker/main', '-m', '-b']
0.101500034332	0.0840990543365	0.117676973343	0.0885758399963	0.0934278964996	0.110058069229	0.0843799114227	0.106213092804	0.0755860805511	0.0650877952576	0.115134000778	0.103189945221	0.137008905411	0.0958859920502	0.127196788788	0.184673786163	0.112534046173	0.0929489135742	0.0722291469574	0.134454011917	0.143551111221	0.0803711414337	0.105741024017	0.121485948563	0.221740007401	0.0840158462524	0.091001033783	0.150585174561	0.080039024353	0.102053880692	0.123710870743	0.105857849121	0.10432600975	0.0796759128571	0.0853440761566	0.0945219993591	0.113095998764	0.0795469284058	0.0815870761871	0.127155065536	0.109863996506	0.0992109775543	0.106539011002	0.115113973618	0.0933539867401	0.177800893784	0.0889871120453	0.139891862869	0.111696958542	0.144205093384	
['./treeMaker/main', '-m', '-w', '1']
0.0884261131287	0.0751118659973	0.11133813858	0.0891540050507	0.0965762138367	0.11945104599	0.0879700183868	0.099357843399	0.0784959793091	0.0677831172943	0.116167068481	0.101604938507	0.119946956635	0.0938098430634	0.12198805809	0.165721893311	0.101938962936	0.0844609737396	0.0726189613342	0.137286901474	0.122016906738	0.0692100524902	0.0929441452026	0.102830171585	0.200347185135	0.0924220085144	0.0864229202271	0.130830049515	0.0775799751282	0.0965340137482	0.112853050232	0.101459980011	0.0938229560852	0.0717661380768	0.0831940174103	0.11122584343	0.10943198204	0.0784068107605	0.0961689949036	0.137251138687	0.110960006714	0.0954139232635	0.102079153061	0.113018989563	0.0819270610809	0.182837963104	0.0974681377411	0.12846493721	0.110756158829	0.129853963852	
['./treeMaker/main', '-m', '-w', '2']
0.0878829956055	0.0756440162659	0.129281044006	0.0864629745483	0.096999168396	0.112478971481	0.0857598781586	0.104892015457	0.0748310089111	0.0666229724884	0.107945919037	0.099625825882	0.126125097275	0.0909240245819	0.12122797966	0.172860860825	0.103389978409	0.0854959487915	0.0669319629669	0.127837896347	0.118688106537	0.0698211193085	0.0940680503845	0.103937149048	0.216003894806	0.0748488903046	0.0954930782318	0.147086858749	0.0874710083008	0.10183596611	0.11515212059	0.103204011917	0.0974791049957	0.0731558799744	0.0831668376923	0.101436138153	0.115187883377	0.082081079483	0.0831959247589	0.129024028778	0.114062070847	0.0936441421509	0.0921249389648	0.122560977936	0.0864360332489	0.175706148148	0.0969989299774	0.138860940933	0.11012005806	0.136713981628	
['./treeMaker/main', '-m', '-c', '1']
0.0921311378479	0.0740959644318	0.118535995483	0.0882730484009	0.0943508148193	0.108826875687	0.0803799629211	0.109652042389	0.0767350196838	0.0673489570618	0.114103078842	0.106630802155	0.126899957657	0.0930459499359	0.120419979095	0.186502933502	0.10959815979	0.0914881229401	0.0725548267365	0.137442111969	0.120458841324	0.0690250396729	0.0931639671326	0.10294008255	0.202990055084	0.0896530151367	0.0791220664978	0.140740871429	0.0764000415802	0.0964820384979	0.130107879639	0.105838060379	0.0969800949097	0.074404001236	0.0791578292847	0.0949401855469	0.107043981552	0.0796649456024	0.0825719833374	0.126675844193	0.104686975479	0.10099196434	0.0941410064697	0.109657049179	0.0867249965668	0.171712875366	0.0824511051178	0.123961925507	0.10591006279	0.127189159393	
['./treeMaker/main', '-m', '-c', '2']
0.0906009674072	0.0783860683441	0.115694999695	0.084312915802	0.0932350158691	0.124346971512	0.0929601192474	0.104445934296	0.075474023819	0.0684480667114	0.117797136307	0.101583957672	0.125028133392	0.0855350494385	0.113776922226	0.174631118774	0.107050180435	0.0893309116364	0.0695579051971	0.126546144485	0.120896816254	0.0706858634949	0.108304977417	0.108167171478	0.205760002136	0.0793449878693	0.0857870578766	0.137056827545	0.0802261829376	0.101665973663	0.119199037552	0.106467962265	0.0975289344788	0.0867908000946	0.0817019939423	0.0951118469238	0.109978199005	0.0797169208527	0.0944700241089	0.125313043594	0.125571012497	0.0919420719147	0.0968179702759	0.103780984879	0.0849628448486	0.178823947906	0.0989620685577	0.140408039093	0.105114936829	0.136387825012	
['./treeMaker/main', '-m', '-a', '1']
0.102897882462	0.0938320159912	0.133672952652	0.102582931519	0.123805999756	0.13510799408	0.0973200798035	0.117813825607	0.0898280143738	0.0826749801636	0.131911993027	0.118249177933	0.14346408844	0.106585025787	0.135877132416	0.195526123047	0.131150007248	0.116600036621	0.0830988883972	0.15274310112	0.140166044235	0.0991840362549	0.119176149368	0.127477884293	0.221071958542	0.0943849086761	0.0998179912567	0.15395617485	0.0990378856659	0.120065927505	0.139690876007	0.128366947174	0.126659870148	0.092306137085	0.0989241600037	0.124151945114	0.128839015961	0.0965020656586	0.0989007949829	0.142838001251	0.131037950516	0.114636182785	0.110466003418	0.122605085373	0.100064992905	0.187762022018	0.100102901459	0.146345853806	0.144683122635	0.161424875259	
['./treeMaker/main', '-m', '-a', '2']
0.0881328582764	0.076201915741	0.120832920074	0.086189031601	0.0936210155487	0.108778953552	0.0828001499176	0.105589151382	0.0749778747559	0.0785369873047	0.112009048462	0.097226858139	0.127351999283	0.0995240211487	0.112811803818	0.17360496521	0.109705924988	0.091696023941	0.0721290111542	0.132426977158	0.12340593338	0.0747509002686	0.100567102432	0.109874010086	0.200294017792	0.0856759548187	0.0814862251282	0.149801969528	0.0820760726929	0.10364317894	0.118249893188	0.103569984436	0.0989651679993	0.0737838745117	0.0948090553284	0.09024310112	0.114041090012	0.0771589279175	0.0787909030914	0.121531963348	0.110205173492	0.0874629020691	0.0904059410095	0.108302116394	0.0937948226929	0.16406083107	0.100254058838	0.12845993042	0.111102819443	0.132878065109	
