25_1000_1.9e-10_1.9e-10_470000000
25
1000
1.9e-10
1.9e-10
470000000

['./treeMaker/main']
0.0878849029541	0.0997660160065	0.0882408618927	0.0966050624847	0.0821139812469	0.0907299518585	0.104055166245	0.102730989456	0.0957798957825	0.0947909355164	0.150603055954	0.104998111725	0.122684001923	0.091500043869	0.0846011638641	0.091835975647	0.0914850234985	0.0875110626221	0.102555036545	0.0882568359375	0.0886898040771	0.0998830795288	0.0917110443115	0.120397090912	0.100914955139	0.0876429080963	0.080696105957	0.10036611557	0.100252151489	0.0934240818024	0.0802450180054	0.0940411090851	0.0867559909821	0.104962110519	0.0905809402466	0.0939109325409	0.097090959549	0.0919871330261	0.10289311409	0.0914289951324	0.0887889862061	0.092129945755	0.127019882202	0.109229803085	0.0927968025208	0.0829319953918	0.108805894852	0.0861849784851	0.0715360641479	0.127840042114	
['./treeMaker/main', '-b']
0.0875959396362	0.108323812485	0.0861988067627	0.0974678993225	0.0892779827118	0.111073970795	0.0911390781403	0.107640028	0.0937809944153	0.0959260463715	0.151635885239	0.104096889496	0.120834827423	0.0988800525665	0.0891559123993	0.0906200408936	0.096734046936	0.106653213501	0.10021686554	0.0827541351318	0.08775806427	0.0990869998932	0.099228143692	0.119470119476	0.103054046631	0.0879309177399	0.0952010154724	0.0907399654388	0.100528001785	0.0861029624939	0.0865869522095	0.0973620414734	0.08123087883	0.0941259860992	0.0938489437103	0.124913930893	0.102905035019	0.0929460525513	0.0979771614075	0.116234064102	0.0937299728394	0.107216835022	0.129523992538	0.10585808754	0.105727910995	0.0935850143433	0.112862110138	0.101270914078	0.0832920074463	0.113727092743	
['./treeMaker/main', '-u']
0.0843780040741	0.0985069274902	0.0889768600464	0.0840690135956	0.0799639225006	0.111222028732	0.0948460102081	0.0910081863403	0.083240032196	0.100517034531	0.154253005981	0.10670208931	0.123110055923	0.0891959667206	0.0926058292389	0.0891468524933	0.0869650840759	0.0925099849701	0.110738992691	0.102338075638	0.0837709903717	0.0935840606689	0.0983400344849	0.115463972092	0.105722904205	0.0881040096283	0.0965268611908	0.100183010101	0.10231590271	0.0762929916382	0.0937559604645	0.0889830589294	0.0899829864502	0.104696989059	0.0963408946991	0.116656064987	0.109610080719	0.0867040157318	0.0827529430389	0.116227865219	0.107163906097	0.107805013657	0.1189930439	0.0964479446411	0.103132009506	0.0895180702209	0.110131025314	0.0784330368042	0.0884740352631	0.12955904007	
['./treeMaker/main', '-t', '-r', '1']
0.992976903915	1.18682909012	1.04439306259	1.21001386642	0.950179815292	1.44608902931	1.09572720528	1.2248249054	1.02967405319	1.14032506943	2.08559584618	1.2779750824	1.5611178875	0.963114976883	0.977463960648	1.07505917549	1.1481628418	1.08513593674	1.29810905457	1.01626992226	1.01318407059	1.07404017448	1.15637993813	1.48260807991	1.28538513184	1.04049110413	1.23327207565	1.09857201576	1.21203494072	1.04630422592	1.00045895576	0.975373029709	1.02253198624	1.29491186142	1.09189200401	1.45826792717	1.1509912014	1.06781005859	1.1795258522	1.37729120255	1.23002910614	1.22956299782	1.64533996582	1.32586598396	1.12290406227	0.992202997208	1.37485599518	0.97349190712	0.873264074326	1.65365195274	
['./treeMaker/main', '-t', '-r', '2']
1.3866109848	1.70267510414	1.49950909615	1.61716008186	1.31572604179	2.04912209511	1.57761192322	1.67358112335	1.48736190796	1.57036995888	3.04460811615	1.84229016304	2.402739048	1.35108804703	1.48131203651	1.51072406769	1.57309699059	1.6228351593	1.79916381836	1.4847869873	1.46175217628	1.63195204735	1.65949416161	2.16706109047	1.92676901817	1.46984887123	1.63029289246	1.26567482948	1.38647389412	1.21451091766	1.14158797264	1.16234302521	1.16684293747	1.47703099251	1.29919910431	1.66324591637	1.36108994484	1.2453930378	1.33087491989	1.76617217064	1.49977993965	1.50545907021	1.87326097488	1.57848596573	1.29199004173	1.11459708214	1.6756029129	1.12732195854	1.02388596535	1.90093684196	
['./treeMaker/main', '-t', '-r', '1', '-N']
0.807017087936	0.977305173874	0.824465990067	1.02065682411	0.806218862534	1.17260098457	0.913805961609	0.981462955475	0.833931922913	0.936198949814	1.6822271347	1.09359908104	1.31331110001	0.786432027817	0.811051130295	0.924080848694	0.937117099762	0.908879041672	1.12305402756	0.865259885788	0.802867174149	0.886377811432	0.955783843994	1.24390697479	1.05681705475	0.888277053833	1.01411414146	0.923439979553	1.01263713837	0.888451099396	0.817225933075	0.797384023666	0.82509303093	1.08985710144	0.906939029694	1.23758983612	1.00043392181	0.887064933777	0.963213920593	1.15576696396	1.02465105057	1.01194000244	1.35282611847	1.17789292336	0.930528879166	0.825503110886	1.16501498222	0.796588897705	0.672332048416	1.37097096443	
['./treeMaker/main', '-t', '-r', '2', '-N']
1.11403989792	1.42238402367	1.27042007446	1.39404606819	1.05357885361	1.66711497307	1.31372308731	1.43415999413	1.23353600502	1.28568291664	2.48592996597	1.57466983795	1.97476196289	1.10098791122	1.19797587395	1.22069597244	1.30645895004	1.36663603783	1.50050401688	1.21133708954	1.16696095467	1.32688784599	1.34928107262	1.7631919384	1.56152391434	1.23140311241	1.36908698082	1.26362586021	1.39784789085	1.23321986198	1.15197300911	1.19055294991	1.17957401276	1.473965168	1.29602503777	1.71259307861	1.35197687149	1.23777008057	1.36731314659	1.70929002762	1.4353017807	1.51322197914	1.88330292702	1.55654907227	1.30792498589	1.12265086174	1.62839388847	1.12537312508	1.01446795464	1.88609695435	
['./treeMaker/main', '-m']
0.0543370246887	0.0564200878143	0.0561790466309	0.0555920600891	0.0507788658142	0.0619308948517	0.0553531646729	0.0563571453094	0.0530300140381	0.0532550811768	0.0757780075073	0.059063911438	0.0656950473785	0.0512750148773	0.0519030094147	0.0640227794647	0.0572209358215	0.0569207668304	0.0583231449127	0.0523669719696	0.0647418498993	0.057058095932	0.0605900287628	0.0649070739746	0.060348033905	0.0547349452972	0.0581419467926	0.0580170154572	0.0592520236969	0.0644178390503	0.0515780448914	0.0521328449249	0.0517649650574	0.0577309131622	0.0551159381866	0.0600469112396	0.0542480945587	0.0528910160065	0.0562529563904	0.0593960285187	0.0541179180145	0.0560228824615	0.064649105072	0.0573501586914	0.05508685112	0.0508360862732	0.0594019889832	0.0512120723724	0.048760175705	0.0677490234375	
['./treeMaker/main', '-m', '-b']
0.0547249317169	0.0621180534363	0.0550398826599	0.0582211017609	0.0531821250916	0.0623700618744	0.057354927063	0.0577101707458	0.058091878891	0.0593111515045	0.0934591293335	0.0606369972229	0.0683269500732	0.0633490085602	0.0501379966736	0.0646271705627	0.0645699501038	0.0582120418549	0.0753929615021	0.0539929866791	0.0543789863586	0.0572869777679	0.0563259124756	0.0657598972321	0.0648310184479	0.0554869174957	0.057541847229	0.0561370849609	0.0582649707794	0.0551280975342	0.0500590801239	0.0673410892487	0.0561759471893	0.0635731220245	0.0535871982574	0.0607869625092	0.0544290542603	0.0514430999756	0.0549111366272	0.0596191883087	0.0550198554993	0.0553109645844	0.0639419555664	0.0730130672455	0.0587708950043	0.0585110187531	0.0653779506683	0.0684070587158	0.0478069782257	0.0647761821747	
['./treeMaker/main', '-m', '-w', '1']
0.0475211143494	0.0534150600433	0.0543100833893	0.0548269748688	0.051628112793	0.0676159858704	0.0522871017456	0.0535590648651	0.0515849590302	0.0507159233093	0.070219039917	0.0565800666809	0.0623700618744	0.048681974411	0.0495150089264	0.0507299900055	0.0519688129425	0.0536160469055	0.0554831027985	0.0659189224243	0.061840057373	0.0529778003693	0.0541090965271	0.0629560947418	0.0584871768951	0.0543839931488	0.0558240413666	0.0541410446167	0.0564119815826	0.0532329082489	0.0507290363312	0.0519380569458	0.0647587776184	0.0606620311737	0.0688860416412	0.063668012619	0.0524590015411	0.049535036087	0.0528318881989	0.0566210746765	0.0530691146851	0.0535020828247	0.0613708496094	0.0553979873657	0.0696799755096	0.0511958599091	0.0606269836426	0.0518338680267	0.0491712093353	0.0661418437958	
['./treeMaker/main', '-m', '-w', '2']
0.0504469871521	0.0549349784851	0.050950050354	0.0534739494324	0.0482358932495	0.0579299926758	0.0526120662689	0.0534520149231	0.0506219863892	0.0519599914551	0.0707800388336	0.0618419647217	0.0660080909729	0.0508780479431	0.051990032196	0.0540010929108	0.0547201633453	0.0565330982208	0.0589921474457	0.0531420707703	0.0535578727722	0.0560030937195	0.0553560256958	0.0631258487701	0.0600821971893	0.0531830787659	0.055722951889	0.0558061599731	0.0686128139496	0.054603099823	0.0519700050354	0.052582025528	0.0527839660645	0.0614581108093	0.0548050403595	0.0624191761017	0.070808172226	0.052670955658	0.0567920207977	0.0622451305389	0.0546741485596	0.0579469203949	0.0677919387817	0.0607600212097	0.0521700382233	0.0491721630096	0.0579481124878	0.0491609573364	0.0585350990295	0.0636727809906	
['./treeMaker/main', '-m', '-c', '1']
0.0477330684662	0.0582458972931	0.0534009933472	0.0556170940399	0.0508580207825	0.0623288154602	0.0668370723724	0.0544490814209	0.0539071559906	0.0525431632996	0.073441028595	0.0558428764343	0.0643358230591	0.0570380687714	0.0521368980408	0.0530378818512	0.0549149513245	0.0564091205597	0.0582718849182	0.0533199310303	0.0533809661865	0.0558490753174	0.0555689334869	0.0634150505066	0.0589070320129	0.0538461208344	0.0569899082184	0.0548839569092	0.0567770004272	0.0552999973297	0.0515658855438	0.0528538227081	0.0519320964813	0.0632119178772	0.0681471824646	0.061940908432	0.0565419197083	0.0533618927002	0.0563650131226	0.0601279735565	0.0581619739532	0.0764789581299	0.0651087760925	0.0732281208038	0.0570330619812	0.0527431964874	0.0596399307251	0.0520169734955	0.0501320362091	0.0654878616333	
['./treeMaker/main', '-m', '-c', '2']
0.0698459148407	0.0588591098785	0.0527009963989	0.0557119846344	0.0501749515533	0.0603950023651	0.0569670200348	0.0545120239258	0.0528500080109	0.0557141304016	0.0708320140839	0.0579481124878	0.0657429695129	0.0515089035034	0.0505220890045	0.0545239448547	0.0552849769592	0.0593390464783	0.0580940246582	0.0549380779266	0.0515820980072	0.0578057765961	0.0551810264587	0.0618212223053	0.0608830451965	0.0526471138	0.0539269447327	0.0546028614044	0.0537400245667	0.0533170700073	0.0531480312347	0.0524492263794	0.0525269508362	0.0595169067383	0.0566840171814	0.0605759620667	0.0586929321289	0.0520379543304	0.055526971817	0.0600440502167	0.0556509494781	0.0557651519775	0.0644268989563	0.0605590343475	0.0549871921539	0.0508630275726	0.0601451396942	0.0620269775391	0.0488770008087	0.0662200450897	
['./treeMaker/main', '-m', '-a', '1']
0.0607440471649	0.0663890838623	0.0761818885803	0.0632591247559	0.0647130012512	0.0675301551819	0.064966917038	0.0784451961517	0.0669810771942	0.0606031417847	0.093672990799	0.0693531036377	0.0750248432159	0.0629370212555	0.0621027946472	0.0628321170807	0.0641939640045	0.0688450336456	0.0677349567413	0.0631439685822	0.0787920951843	0.0686581134796	0.0622689723969	0.085688829422	0.0715460777283	0.061408996582	0.0679709911346	0.0638370513916	0.0666019916534	0.0648670196533	0.062185049057	0.063530921936	0.0616719722748	0.0680658817291	0.0648810863495	0.0679099559784	0.0772619247437	0.0700252056122	0.0688118934631	0.0853140354156	0.0632650852203	0.0772161483765	0.078528881073	0.0719599723816	0.0621411800385	0.073075056076	0.0867280960083	0.0594069957733	0.0594880580902	0.0765109062195	
['./treeMaker/main', '-m', '-a', '2']
0.0483620166779	0.054477930069	0.0503969192505	0.0525088310242	0.0479679107666	0.0584840774536	0.0532910823822	0.0539491176605	0.0511939525604	0.0505380630493	0.0717821121216	0.0569360256195	0.062294960022	0.0487549304962	0.0493929386139	0.0510590076447	0.0518848896027	0.0530109405518	0.0550379753113	0.0498070716858	0.0643808841705	0.0553090572357	0.0551018714905	0.0626950263977	0.0686600208282	0.0563721656799	0.0542640686035	0.0588381290436	0.0579068660736	0.0556769371033	0.0525598526001	0.0507569313049	0.0529618263245	0.0608270168304	0.0547070503235	0.0620658397675	0.0564332008362	0.0536539554596	0.0555639266968	0.0727009773254	0.056489944458	0.0568699836731	0.0622498989105	0.0575881004333	0.0537419319153	0.0495321750641	0.0580270290375	0.0492689609528	0.04727602005	0.0633058547974	
