25_1000_5.2e-11_5.2e-11_470000000
25
1000
5.2e-11
5.2e-11
470000000

['./treeMaker/main']
0.0473420619965	0.0427720546722	0.0449650287628	0.0432529449463	0.0449109077454	0.0444328784943	0.0463988780975	0.045049905777	0.0418441295624	0.0483989715576	0.0444250106812	0.0417659282684	0.0455338954926	0.0425879955292	0.0473780632019	0.0455799102783	0.0480401515961	0.0430128574371	0.0462820529938	0.0457389354706	0.0471701622009	0.0444040298462	0.0508368015289	0.0598878860474	0.0395770072937	0.0407679080963	0.0431978702545	0.0393657684326	0.0447361469269	0.0405840873718	0.0397610664368	0.055743932724	0.0577449798584	0.0492420196533	0.0497000217438	0.0460510253906	0.0449681282043	0.0475468635559	0.0451591014862	0.0440130233765	0.0491669178009	0.048889875412	0.0441570281982	0.0462200641632	0.0435659885406	0.0438499450684	0.043662071228	0.0434129238129	0.0453190803528	0.0456340312958	
['./treeMaker/main', '-b']
0.045058965683	0.0443170070648	0.0439319610596	0.0473539829254	0.0449960231781	0.0436770915985	0.0443289279938	0.0423259735107	0.0407700538635	0.0510048866272	0.0414869785309	0.0437479019165	0.0455229282379	0.0448801517487	0.0492970943451	0.0474729537964	0.0444791316986	0.04261302948	0.0489609241486	0.0449078083038	0.0473990440369	0.042366027832	0.0609419345856	0.0473449230194	0.0429530143738	0.0460648536682	0.0476539134979	0.0435860157013	0.0504879951477	0.0445599555969	0.0451529026031	0.0469810962677	0.0458190441132	0.0527989864349	0.0476651191711	0.0463531017303	0.0451610088348	0.0439779758453	0.0455219745636	0.0414299964905	0.049232006073	0.0489838123322	0.0436370372772	0.045116186142	0.0421690940857	0.0445549488068	0.03919506073	0.0416960716248	0.0468850135803	0.0432789325714	
['./treeMaker/main', '-u']
0.0438230037689	0.043065071106	0.0475540161133	0.0433831214905	0.0437889099121	0.0440299510956	0.0447151660919	0.0423769950867	0.0442550182343	0.0451991558075	0.0430290699005	0.043251991272	0.0445499420166	0.0438899993896	0.047199010849	0.0424239635468	0.0486359596252	0.0425658226013	0.0599870681763	0.0473809242249	0.0589981079102	0.0443909168243	0.0503149032593	0.0551710128784	0.041934967041	0.0443840026855	0.0462248325348	0.0432651042938	0.0500349998474	0.0447158813477	0.0441861152649	0.0484330654144	0.0436899662018	0.0472030639648	0.0448789596558	0.0431730747223	0.0448880195618	0.0430579185486	0.0549068450928	0.0431561470032	0.0514450073242	0.0488350391388	0.0440821647644	0.0496141910553	0.0454678535461	0.0456020832062	0.0425868034363	0.045291185379	0.0556797981262	0.0459170341492	
['./treeMaker/main', '-t', '-r', '1']
0.485759973526	0.453956842422	0.457102775574	0.480494976044	0.485436201096	0.440012216568	0.50897693634	0.476537942886	0.4728910923	0.526975154877	0.456382036209	0.457062005997	0.491699934006	0.464307069778	0.540229082108	0.462828874588	0.44237780571	0.452389955521	0.535583019257	0.461661815643	0.507058858871	0.447582006454	0.546018838882	0.448006153107	0.434828042984	0.47714304924	0.605010032654	0.450941085815	0.560976982117	0.483433008194	0.448619842529	0.53809094429	0.508244037628	0.51956319809	0.519149065018	0.455313920975	0.443057060242	0.430025100708	0.454163789749	0.428992986679	0.517878055573	0.54846906662	0.441154956818	0.508437156677	0.468062877655	0.470997095108	0.40142583847	0.453211069107	0.505112886429	0.462527990341	
['./treeMaker/main', '-t', '-r', '2']
0.653109073639	0.619292020798	0.629140853882	0.677202939987	0.732989788055	0.60554599762	0.684377908707	0.63676404953	0.620890855789	0.787606954575	0.609709978104	0.604492902756	0.684359073639	0.733283996582	0.738379955292	0.662748098373	0.600631952286	0.604994058609	0.750265836716	0.679780006409	0.723680973053	0.615276098251	0.824844837189	0.623691082001	0.59639787674	0.610490083694	0.697869062424	0.570079088211	0.76117515564	0.611485004425	0.611081838608	0.755951166153	0.626499176025	0.753127098083	0.685614824295	0.603581905365	0.587083101273	0.597800970078	0.596992969513	0.580448865891	0.75331902504	0.78155207634	0.601438999176	0.658514022827	0.613219022751	0.657496929169	0.54172205925	0.619508981705	0.672650814056	0.667088985443	
['./treeMaker/main', '-t', '-r', '1', '-N']
0.460429906845	0.438551902771	0.462963104248	0.45520401001	0.504628896713	0.444344043732	0.495888948441	0.469923973083	0.43502497673	0.523603916168	0.446677923203	0.450878143311	0.474582910538	0.470853805542	0.53999209404	0.483608007431	0.433257102966	0.453089952469	0.517796039581	0.468523979187	0.524380922318	0.446931838989	0.561551094055	0.447319984436	0.431482076645	0.482358932495	0.530323028564	0.459127187729	0.536000013351	0.468647003174	0.448033094406	0.521582841873	0.496646881104	0.528344154358	0.518122911453	0.429437875748	0.450320005417	0.472749948502	0.429758071899	0.420048952103	0.543136119843	0.552815198898	0.446202039719	0.516112089157	0.479608058929	0.460795164108	0.401387929916	0.46742606163	0.505853176117	0.497047901154	
['./treeMaker/main', '-t', '-r', '2', '-N']
0.674403190613	0.638315916061	0.628082036972	0.668977975845	0.700075864792	0.623863935471	0.660838127136	0.672564983368	0.639137029648	0.768419981003	0.604793071747	0.608770132065	0.635615110397	0.617863178253	0.752024888992	0.644886016846	0.584432125092	0.597203969955	0.728847980499	0.635419130325	0.737498998642	0.571543931961	0.786406993866	0.609105110168	0.611092090607	0.668714046478	0.712260007858	0.625818014145	0.763084888458	0.661758899689	0.602265119553	0.722030162811	0.673984050751	0.797358036041	0.700968980789	0.627152204514	0.582536935806	0.56542801857	0.596174001694	0.555396080017	0.776510000229	0.75227022171	0.608513116837	0.642978906631	0.611845016479	0.668627977371	0.5219810009	0.620501995087	0.735897064209	0.700091123581	
['./treeMaker/main', '-m']
0.0396859645844	0.0408840179443	0.0393569469452	0.0402131080627	0.0409331321716	0.0387251377106	0.041179895401	0.0398471355438	0.0386259555817	0.055587053299	0.0439820289612	0.0416560173035	0.0430870056152	0.0426828861237	0.0466787815094	0.0437638759613	0.0415160655975	0.043309211731	0.0456349849701	0.04514503479	0.0436029434204	0.0423669815063	0.0452461242676	0.0424139499664	0.04132604599	0.0421180725098	0.0429677963257	0.0422790050507	0.0461308956146	0.0443739891052	0.0420851707458	0.0451850891113	0.0437610149384	0.0435118675232	0.044557094574	0.0424120426178	0.0418720245361	0.0410468578339	0.0420520305634	0.041944026947	0.0456879138947	0.0457811355591	0.0411949157715	0.043496131897	0.0409350395203	0.043466091156	0.042732000351	0.0400700569153	0.045508146286	0.0460999011993	
['./treeMaker/main', '-m', '-b']
0.0429968833923	0.0443239212036	0.0418879985809	0.0451700687408	0.044576883316	0.0427918434143	0.0459849834442	0.0471928119659	0.0431208610535	0.0495758056641	0.0447359085083	0.0437979698181	0.0455410480499	0.0442659854889	0.0446999073029	0.0446639060974	0.0494019985199	0.0414741039276	0.0460839271545	0.0408568382263	0.0420739650726	0.0395529270172	0.043741941452	0.0403170585632	0.041158914566	0.0425369739532	0.0439360141754	0.0410280227661	0.0443649291992	0.0410032272339	0.0407040119171	0.0433549880981	0.0413990020752	0.0433080196381	0.0429940223694	0.041738986969	0.0399961471558	0.0403599739075	0.040237903595	0.0392599105835	0.0437159538269	0.0438950061798	0.0398731231689	0.0419499874115	0.0400700569153	0.0408718585968	0.0387489795685	0.0402269363403	0.0425281524658	0.042918920517	
['./treeMaker/main', '-m', '-w', '1']
0.0403389930725	0.0400941371918	0.0397710800171	0.0416679382324	0.0410671234131	0.038685798645	0.0464210510254	0.0442378520966	0.0423638820648	0.0460131168365	0.0438070297241	0.0442109107971	0.0453479290009	0.0439810752869	0.0451138019562	0.0426659584045	0.0413110256195	0.0409760475159	0.0447311401367	0.0455350875854	0.0461227893829	0.0413579940796	0.0522329807281	0.0420379638672	0.0413341522217	0.0430290699005	0.0451898574829	0.0435659885406	0.0474660396576	0.0437250137329	0.0423250198364	0.0454721450806	0.042976140976	0.0443379878998	0.0441620349884	0.0422940254211	0.0417549610138	0.0422580242157	0.040580034256	0.0407900810242	0.0450010299683	0.0462141036987	0.0419361591339	0.0466279983521	0.0424280166626	0.0427861213684	0.0394990444183	0.0415828227997	0.0449180603027	0.0436501502991	
['./treeMaker/main', '-m', '-w', '2']
0.0435738563538	0.0427498817444	0.041524887085	0.04150390625	0.0438871383667	0.0445280075073	0.043044090271	0.0439779758453	0.0427038669586	0.043271780014	0.0435919761658	0.0417218208313	0.0447549819946	0.042976140976	0.046355009079	0.0448770523071	0.0478599071503	0.0437071323395	0.0441119670868	0.0473380088806	0.0462880134583	0.04225897789	0.0510349273682	0.0413630008698	0.0437288284302	0.043928861618	0.0463190078735	0.0440680980682	0.0488209724426	0.0437431335449	0.0421130657196	0.0479300022125	0.0426778793335	0.0462551116943	0.0452229976654	0.0435700416565	0.0436358451843	0.0439019203186	0.0421099662781	0.0414271354675	0.0458052158356	0.0453650951385	0.0446040630341	0.0452699661255	0.0561461448669	0.0442190170288	0.0418679714203	0.0438210964203	0.0464918613434	0.0460910797119	
['./treeMaker/main', '-m', '-c', '1']
0.0554728507996	0.0402331352234	0.0396058559418	0.0407621860504	0.0413720607758	0.0391449928284	0.0409710407257	0.039381980896	0.0393459796906	0.0422239303589	0.0395228862762	0.0393869876862	0.0404260158539	0.0397210121155	0.042475938797	0.0406720638275	0.0397348403931	0.0389449596405	0.0411450862885	0.0400910377502	0.0410599708557	0.0385570526123	0.0426638126373	0.0390980243683	0.0386788845062	0.0392918586731	0.0409739017487	0.0385048389435	0.0586071014404	0.0446770191193	0.0437381267548	0.0454051494598	0.0416250228882	0.0455889701843	0.0449769496918	0.0456690788269	0.0422022342682	0.0404009819031	0.0395429134369	0.0385670661926	0.0422949790955	0.042858839035	0.0394239425659	0.0408608913422	0.0396289825439	0.0432829856873	0.0388569831848	0.0407428741455	0.0429611206055	0.0427448749542	
['./treeMaker/main', '-m', '-c', '2']
0.0419340133667	0.0409848690033	0.0407981872559	0.0415399074554	0.0427458286285	0.0402600765228	0.0425298213959	0.0408911705017	0.0403299331665	0.0436720848083	0.0410611629486	0.0405309200287	0.0417768955231	0.0409710407257	0.0433099269867	0.0419929027557	0.0417218208313	0.0401480197906	0.0430519580841	0.0421569347382	0.0427420139313	0.0401148796082	0.0445070266724	0.0404510498047	0.0402729511261	0.0411069393158	0.0426239967346	0.0399918556213	0.0440390110016	0.0413630008698	0.0407700538635	0.0435090065002	0.041353225708	0.0433218479156	0.0427849292755	0.0416111946106	0.0404951572418	0.0404570102692	0.0409970283508	0.0397109985352	0.0435009002686	0.0439898967743	0.04021692276	0.0422511100769	0.0406351089478	0.041347026825	0.0388240814209	0.0405189990997	0.0428950786591	0.0429809093475	
['./treeMaker/main', '-m', '-a', '1']
0.0569338798523	0.0564498901367	0.055636882782	0.060408115387	0.057422876358	0.0554261207581	0.0577528476715	0.0563590526581	0.054808139801	0.0586969852448	0.0537528991699	0.053050994873	0.0542950630188	0.0531148910522	0.0614058971405	0.0561459064484	0.0561990737915	0.0563859939575	0.0570440292358	0.07319688797	0.0565941333771	0.0549218654633	0.0593328475952	0.0554201602936	0.0550191402435	0.0557661056519	0.056948184967	0.0546159744263	0.0582089424133	0.0673789978027	0.0570440292358	0.0601971149445	0.0698928833008	0.0571460723877	0.0577490329742	0.0571100711823	0.0547621250153	0.0547289848328	0.0553979873657	0.0539541244507	0.0579831600189	0.0558068752289	0.0640110969543	0.0557589530945	0.0550038814545	0.0610530376434	0.0555939674377	0.0563430786133	0.0595400333405	0.0590131282806	
['./treeMaker/main', '-m', '-a', '2']
0.0543549060822	0.0475089550018	0.0530350208282	0.0537660121918	0.0519118309021	0.0430500507355	0.0455689430237	0.0416991710663	0.0406010150909	0.0463829040527	0.043487071991	0.0435540676117	0.0443358421326	0.0439801216125	0.0463998317719	0.0448200702667	0.0485439300537	0.0433299541473	0.0453641414642	0.0455901622772	0.0459008216858	0.0444691181183	0.0479431152344	0.0453169345856	0.0414459705353	0.0439059734344	0.0445709228516	0.0424301624298	0.0469419956207	0.0409619808197	0.0427670478821	0.0615429878235	0.0414788722992	0.0437080860138	0.0432460308075	0.0421259403229	0.0406827926636	0.0406010150909	0.0408549308777	0.0399179458618	0.0440950393677	0.0442750453949	0.0404579639435	0.04252409935	0.0406718254089	0.0416679382324	0.0392029285431	0.0408799648285	0.0432162284851	0.0526080131531	
