25_1000_4.9e-10_4.9e-10_470000000_cut_5
25
1000
4.9e-10
4.9e-10
470000000
cut_5
['./treeMaker/main']
0.0536661148071	0.0814430713654	0.0846199989319	0.0592720508575	0.0644919872284	0.0556778907776	0.0650610923767	0.0692100524902	0.0694098472595	0.0639820098877	0.0646669864655	0.0663318634033	0.0655810832977	0.0621972084045	0.0571839809418	0.0518660545349	0.0743999481201	0.117230892181	0.0641181468964	0.0556130409241	0.0598211288452	0.0539829730988	0.070426940918	0.0845999717712	0.0857908725739	0.0542101860046	0.0705997943878	0.0612051486969	0.0488991737366	0.0494048595428	0.105468034744	0.0699157714844	0.242961883545	0.0668771266937	0.0461120605469	0.0796949863434	0.0664079189301	0.0577759742737	0.0512268543243	0.0929479598999	0.0536921024323	0.0755860805511	0.206794977188	0.0552091598511	0.0739188194275	0.0588510036469	0.029834985733	0.0477111339569	0.0503289699554	0.135998010635	
['./treeMaker/main', '-b']
0.0556118488312	0.0841391086578	0.0845999717712	0.0593888759613	0.0696430206299	0.057895898819	0.0679140090942	0.0730919837952	0.0714571475983	0.0624480247498	0.0665349960327	0.0651450157166	0.0656709671021	0.0643520355225	0.0559978485107	0.0519371032715	0.0770919322968	0.120563030243	0.0669159889221	0.0586879253387	0.0623400211334	0.0554430484772	0.0719480514526	0.0867388248444	0.0935468673706	0.0578289031982	0.0743839740753	0.0622889995575	0.0505709648132	0.0488700866699	0.107923030853	0.0713288784027	0.250535964966	0.067312002182	0.034786939621	0.0840938091278	0.067804813385	0.0608379840851	0.0549318790436	0.0962581634521	0.0561950206757	0.0901398658752	0.202441930771	0.0580170154572	0.0863769054413	0.0598630905151	0.0329880714417	0.0502882003784	0.050320148468	0.141294956207	
['./treeMaker/main', '-u']
0.064285993576	0.0784528255463	0.0828790664673	0.0572180747986	0.0641448497772	0.0550570487976	0.065526008606	0.0709879398346	0.0692961215973	0.0605320930481	0.0631890296936	0.0647709369659	0.0637710094452	0.0612919330597	0.0556089878082	0.0496120452881	0.074444770813	0.115640878677	0.067421913147	0.058718919754	0.0619010925293	0.0576848983765	0.0726549625397	0.0884521007538	0.0865788459778	0.0548288822174	0.0707838535309	0.0616819858551	0.0494818687439	0.049763917923	0.107717990875	0.0689220428467	0.240407943726	0.067314863205	0.0358879566193	0.0794498920441	0.0678281784058	0.0595290660858	0.0516250133514	0.0932381153107	0.0563981533051	0.077565908432	0.196151018143	0.056391954422	0.0728688240051	0.0592379570007	0.03005194664	0.0486359596252	0.0508210659027	0.134649991989	
['./treeMaker/main', '-t', '-r', '1']
0.899837970734	1.58652901649	1.57088398933	1.02583885193	1.21169900894	1.00189590454	1.31232404709	1.44717597961	1.34067797661	1.18330287933	1.17741703987	1.20809102058	1.13722610474	1.13208198547	1.01273584366	0.913547039032	1.52574205399	2.23012208939	1.18976593018	0.945266962051	1.11471104622	1.02138710022	1.36071801186	1.75269293785	1.72037601471	0.940407037735	1.4590780735	1.19991087914	0.876211166382	0.846196174622	2.23877096176	1.28933310509	4.7020111084	1.17969322205	0.502901792526	1.65879607201	1.27617311478	1.08877801895	0.929194927216	1.8552980423	0.94765996933	1.53554701805	3.71253204346	0.931368112564	1.61038303375	1.05655312538	0.381469011307	0.870416879654	0.842233896255	2.66471600533	
['./treeMaker/main', '-t', '-r', '2']
1.39847302437	2.48165178299	2.58480000496	1.62680888176	1.86758303642	1.59647893906	1.86954212189	2.14390087128	2.1447160244	1.77347207069	1.97115397453	1.91924095154	1.93492293358	1.86169099808	1.52253913879	1.40279722214	2.32788586617	3.88318896294	1.90263915062	1.52181196213	1.67673015594	1.74568605423	2.04473304749	2.62006211281	2.72468400002	1.6199119091	2.16069102287	1.84908294678	1.32985091209	1.382573843	3.42106389999	2.0308380127	6.74819803238	1.86395978928	0.81817984581	2.60685110092	2.03643393517	1.65347504616	1.43453502655	2.93665790558	1.58985304832	2.58940196037	5.97872185707	1.42151904106	2.39871501923	1.61559009552	0.591295957565	1.32810878754	1.31925106049	4.41204595566	
['./treeMaker/main', '-t', '-r', '1', '-N']
0.902048110962	1.64195990562	1.57802009583	1.06613397598	1.23394989967	0.99998998642	1.25739622116	1.44465398788	1.30055189133	1.18050789833	1.17769479752	1.20907783508	1.14706492424	1.13810300827	1.01072406769	0.912004947662	1.52303695679	2.22902798653	1.15425801277	0.94523692131	1.10627007484	1.02199220657	1.3569920063	1.75142502785	1.72918701172	0.942636013031	1.46082806587	1.16126394272	0.87742805481	0.848331928253	2.24591708183	1.29839920998	4.71083521843	1.17651796341	0.505059957504	1.66291189194	1.27686905861	1.09243416786	0.933589935303	1.86222505569	0.948129177094	1.48700499535	3.70883107185	0.933909893036	1.61729884148	1.05946087837	0.383565187454	0.874531030655	0.84276509285	2.66099500656	
['./treeMaker/main', '-t', '-r', '2', '-N']
1.39805197716	2.4890999794	2.5890789032	1.62896680832	1.87594294548	1.60231804848	1.86865496635	2.15215492249	2.13263392448	1.7833108902	1.967222929	1.9227039814	1.94009709358	1.86785793304	1.52103686333	1.38063097	2.32617783546	3.79485297203	1.90355610847	1.5292840004	1.7396531105	1.74743008614	2.05293512344	2.62429690361	2.73162388802	1.61914801598	2.1617500782	1.85321307182	1.33516287804	1.33630895615	3.43200016022	2.09683513641	6.73798298836	1.78558397293	0.815474033356	2.62262511253	1.98491191864	1.65234494209	1.43447303772	2.94606089592	1.56829881668	2.59098696709	5.97558021545	1.42203593254	2.40065693855	1.61502504349	0.591822862625	1.32888817787	1.32085704803	4.40647888184	
['./treeMaker/main', '-m']
0.0432620048523	0.0614519119263	0.0599708557129	0.0456161499023	0.0494980812073	0.0443410873413	0.0503900051117	0.0535280704498	0.0544261932373	0.0470640659332	0.0580410957336	0.0499219894409	0.0489780902863	0.0502860546112	0.0463018417358	0.0434420108795	0.0557398796082	0.0776290893555	0.0500650405884	0.044527053833	0.0470471382141	0.0445020198822	0.0611791610718	0.061420917511	0.0627470016479	0.0428891181946	0.0528090000153	0.046569108963	0.0404500961304	0.0396168231964	0.0696849822998	0.0516111850739	0.113760948181	0.0499079227448	0.0311980247498	0.0664069652557	0.0507709980011	0.0461249351501	0.0424718856812	0.0663969516754	0.044732093811	0.0554220676422	0.104048967361	0.0419428348541	0.0540220737457	0.0460419654846	0.0252530574799	0.0405910015106	0.0404779911041	0.082859992981	
['./treeMaker/main', '-m', '-b']
0.0430760383606	0.0618181228638	0.0633890628815	0.0462939739227	0.0526638031006	0.0471918582916	0.0528411865234	0.0558459758759	0.0560340881348	0.0505979061127	0.0509309768677	0.0521740913391	0.0511040687561	0.0623540878296	0.0475161075592	0.0536818504333	0.0573279857635	0.0821750164032	0.0526278018951	0.0460078716278	0.0490589141846	0.0468201637268	0.0561380386353	0.0630331039429	0.0672438144684	0.0467331409454	0.0573701858521	0.0497748851776	0.0421359539032	0.0410549640656	0.074630022049	0.0549900531769	0.12083697319	0.0547621250153	0.0319259166718	0.0637860298157	0.0527920722961	0.0483801364899	0.0442171096802	0.0703070163727	0.045469045639	0.0584809780121	0.112385034561	0.0448489189148	0.0580408573151	0.0477521419525	0.0276439189911	0.0414071083069	0.0428411960602	0.0889542102814	
['./treeMaker/main', '-m', '-w', '1']
0.0451300144196	0.061429977417	0.060879945755	0.0491127967834	0.0528321266174	0.0477559566498	0.0506958961487	0.0569190979004	0.057058095932	0.0476121902466	0.0522949695587	0.0498259067535	0.0534029006958	0.053642988205	0.0480439662933	0.0453400611877	0.0599429607391	0.0810530185699	0.0518021583557	0.0485610961914	0.0506198406219	0.0490319728851	0.0551660060883	0.0656101703644	0.073881149292	0.0436789989471	0.0587239265442	0.0531098842621	0.0414550304413	0.043594121933	0.0703399181366	0.0544579029083	0.124827861786	0.0523569583893	0.0314631462097	0.0595409870148	0.0529429912567	0.0475850105286	0.0434141159058	0.0690469741821	0.0461249351501	0.0602099895477	0.108665943146	0.0469360351562	0.0557029247284	0.045432806015	0.0283660888672	0.0412340164185	0.040629863739	0.0831289291382	
['./treeMaker/main', '-m', '-w', '2']
0.042191028595	0.0584530830383	0.0605390071869	0.0509181022644	0.0513019561768	0.0441069602966	0.0518600940704	0.0526769161224	0.0519289970398	0.0462160110474	0.0510921478271	0.0506100654602	0.0510201454163	0.048898935318	0.0457048416138	0.0407989025116	0.0548031330109	0.0781750679016	0.0505409240723	0.0450839996338	0.0483109951019	0.0430510044098	0.0541479587555	0.0599050521851	0.0624220371246	0.0420618057251	0.0650701522827	0.0486679077148	0.0411632061005	0.0411939620972	0.0715758800507	0.0515291690826	0.114562034607	0.0522720813751	0.0318031311035	0.0613629817963	0.0510051250458	0.0453631877899	0.0428168773651	0.069099187851	0.0439069271088	0.0571641921997	0.113813877106	0.0421869754791	0.0564532279968	0.0468571186066	0.0280969142914	0.0411541461945	0.041442155838	0.0819158554077	
['./treeMaker/main', '-m', '-c', '1']
0.0412549972534	0.0592048168182	0.0601868629456	0.0466721057892	0.0513210296631	0.0439701080322	0.0499889850616	0.0540680885315	0.0517840385437	0.0480511188507	0.0482110977173	0.0498299598694	0.0489370822906	0.0490880012512	0.0446140766144	0.0431089401245	0.0570960044861	0.0777590274811	0.0504348278046	0.0444760322571	0.0451810359955	0.0445010662079	0.0538899898529	0.0602550506592	0.0626888275146	0.0432188510895	0.0553419589996	0.0458261966705	0.0404388904572	0.0408577919006	0.0698070526123	0.0514099597931	0.114638090134	0.0470929145813	0.0312490463257	0.0575160980225	0.0500540733337	0.0467281341553	0.041965007782	0.0634829998016	0.0434539318085	0.0551900863647	0.103902816772	0.0421948432922	0.0556199550629	0.0445220470428	0.0265929698944	0.0468249320984	0.040687084198	0.0830569267273	
['./treeMaker/main', '-m', '-c', '2']
0.0428791046143	0.0573220252991	0.060231924057	0.0440261363983	0.0513911247253	0.0440340042114	0.0515360832214	0.0523819923401	0.0533628463745	0.0506160259247	0.048397064209	0.0493528842926	0.0474419593811	0.0488080978394	0.0453941822052	0.0417439937592	0.0550148487091	0.0774140357971	0.0483078956604	0.0567488670349	0.0479900836945	0.044665813446	0.0560140609741	0.0610311031342	0.0633909702301	0.0432560443878	0.0525639057159	0.0479030609131	0.0403881072998	0.0409259796143	0.0681591033936	0.0522289276123	0.123899936676	0.0505130290985	0.0309538841248	0.0586578845978	0.0505709648132	0.0468101501465	0.0421078205109	0.0720160007477	0.0429439544678	0.0555980205536	0.103718042374	0.0525090694427	0.0535111427307	0.0468158721924	0.027163028717	0.0408380031586	0.0406270027161	0.0826370716095	
['./treeMaker/main', '-m', '-a', '1']
0.044618844986	0.0631949901581	0.0648839473724	0.047700881958	0.0545837879181	0.0456409454346	0.0540900230408	0.0588572025299	0.0559020042419	0.0505039691925	0.0526781082153	0.0534269809723	0.0513129234314	0.0577621459961	0.0590879917145	0.0452809333801	0.0637290477753	0.0812759399414	0.0536761283875	0.0479619503021	0.0512681007385	0.0482511520386	0.0577580928802	0.0658540725708	0.0667610168457	0.0467519760132	0.057079076767	0.05073595047	0.0433759689331	0.0426180362701	0.0717670917511	0.0528409481049	0.116930007935	0.0527391433716	0.0347371101379	0.0613639354706	0.0549960136414	0.0497980117798	0.0452690124512	0.0694971084595	0.0483798980713	0.0613059997559	0.108258008957	0.0470299720764	0.0587508678436	0.0492041110992	0.0298080444336	0.0430631637573	0.0437607765198	0.0875589847565	
['./treeMaker/main', '-m', '-a', '2']
0.0428330898285	0.0594761371613	0.0605020523071	0.0459530353546	0.0504088401794	0.044764995575	0.0503120422363	0.0546720027924	0.0537769794464	0.045608997345	0.0488860607147	0.0494492053986	0.0482330322266	0.047945022583	0.0447828769684	0.041925907135	0.0551719665527	0.0773401260376	0.0496201515198	0.0444428920746	0.0481979846954	0.0447769165039	0.0539350509644	0.0601232051849	0.0622448921204	0.0429871082306	0.0553891658783	0.0477230548859	0.038743019104	0.0410010814667	0.0708060264587	0.0604650974274	0.114175081253	0.0514540672302	0.0327820777893	0.0595109462738	0.0510730743408	0.0467040538788	0.0422489643097	0.0679340362549	0.0441029071808	0.0578420162201	0.104587078094	0.041937828064	0.0537090301514	0.0492851734161	0.0276248455048	0.0402200222015	0.0413889884949	0.0826210975647	
