25_1000_1.9e-10_0.0_470000000
25
1000
1.9e-10
0.0
470000000

['./treeMaker/main']
0.11652302742	0.0927019119263	0.170717000961	0.108057022095	0.11315703392	0.1514980793	0.101897001266	0.174901008606	0.0908517837524	0.0694029331207	0.163677215576	0.136072158813	0.20609498024	0.121917963028	0.177522182465	0.330770969391	0.148093938828	0.110569000244	0.079038143158	0.22349190712	0.180484056473	0.0810399055481	0.125459909439	0.149437189102	0.428606987	0.0908570289612	0.0992407798767	0.224411964417	0.105850934982	0.137305021286	0.192962169647	0.146306037903	0.133611917496	0.082573890686	0.0943148136139	0.1255838871	0.175241947174	0.109000921249	0.102443933487	0.205192089081	0.161585092545	0.113259077072	0.120700120926	0.154355049133	0.102339029312	0.343520879745	0.107496976852	0.204018831253	0.152726173401	0.20087313652	
['./treeMaker/main', '-b']
0.122560024261	0.100457906723	0.177874088287	0.114593029022	0.122241020203	0.169857978821	0.113736152649	0.152020931244	0.0907828807831	0.0740780830383	0.158961057663	0.142370939255	0.197576999664	0.116059064865	0.176783800125	0.339925050735	0.15199303627	0.11810708046	0.0831849575043	0.220441818237	0.190207004547	0.0849320888519	0.131033182144	0.156929016113	0.43835401535	0.0964639186859	0.104729890823	0.234149932861	0.0981051921844	0.144376993179	0.175702810287	0.144201040268	0.132301092148	0.0860021114349	0.09485912323	0.120090007782	0.165746927261	0.101389884949	0.104047060013	0.206419944763	0.16726899147	0.116618871689	0.123000144958	0.155303001404	0.103675842285	0.350020885468	0.103846788406	0.217154979706	0.165559053421	0.199593067169	
['./treeMaker/main', '-u']
0.122703075409	0.0916428565979	0.171730995178	0.114956855774	0.119079113007	0.15201997757	0.10537981987	0.148400068283	0.0864379405975	0.0707261562347	0.154509067535	0.158421993256	0.183122873306	0.116942167282	0.202327013016	0.341371059418	0.155478954315	0.116312980652	0.0837540626526	0.239666938782	0.189772844315	0.0844461917877	0.130108833313	0.151570081711	0.445318222046	0.108798980713	0.117568969727	0.235909938812	0.101572036743	0.143029928207	0.171631813049	0.140221834183	0.136886119843	0.0860362052917	0.0942778587341	0.115334033966	0.161847114563	0.0990478992462	0.100409030914	0.200026035309	0.159301042557	0.117379903793	0.122548103333	0.155695915222	0.101711034775	0.382389068604	0.104829072952	0.23396396637	0.160676002502	0.203531980515	
['./treeMaker/main', '-t', '-r', '1']
1.95139408112	1.45621490479	2.85192704201	1.72997093201	1.88472104073	2.68173193932	1.62331104279	2.42688894272	1.38259196281	1.07214808464	2.70996284485	2.24028611183	3.11510491371	1.89423084259	2.93271923065	5.13709211349	2.56805086136	1.88334107399	1.23528313637	3.65114998817	3.15889692307	1.31189608574	2.16048502922	2.70260095596	6.101323843	1.54607009888	1.63474488258	3.89904999733	1.54083895683	2.37603616714	3.00162196159	2.39870500565	2.2264149189	1.29749512672	1.43665981293	1.73314213753	2.90125083923	1.68328094482	1.59599900246	3.43694090843	2.63089799881	1.88339209557	1.94992804527	2.58196902275	1.66645598412	5.546200037	1.63952279091	3.24227619171	2.57404088974	3.32103896141	
['./treeMaker/main', '-t', '-r', '2']
2.77815079689	2.1704750061	4.19946908951	2.53893303871	2.86642384529	3.81065487862	2.48204708099	3.6517291069	1.9515478611	1.52249789238	4.10421204567	3.429240942	4.82585906982	2.75583100319	4.61726212502	7.69937109947	3.73275709152	2.69458508492	1.81444597244	5.0392870903	4.58983397484	1.87605404854	3.07797503471	3.94728899002	9.22850489616	2.05818295479	2.4896800518	5.44845199585	2.31894207001	3.58116197586	4.25459218025	3.64011502266	3.23221206665	1.88181900978	2.30075502396	2.81967806816	4.07946705818	2.39964485168	2.38572692871	4.90051603317	3.85927391052	2.70408582687	2.89961600304	3.6231470108	2.41215181351	7.74140501022	2.40751814842	4.97026610374	3.76286697388	5.29905104637	
['./treeMaker/main', '-t', '-r', '1', '-N']
1.91741394997	1.46463799477	2.97224879265	1.83748292923	1.94094395638	2.69694590569	1.62390303612	2.49116587639	1.37034392357	1.08491897583	2.70997190475	2.32782101631	3.08954620361	1.87108206749	2.95643091202	5.17391490936	2.5871348381	1.8538351059	1.24063801765	3.68806815147	3.28334784508	1.3447728157	2.11637783051	2.69682884216	5.97053909302	1.50630402565	1.67198395729	3.86716294289	1.61491107941	2.29220485687	2.95954799652	2.34119009972	2.25899100304	1.28471589088	1.48029494286	1.78904795647	2.90229392052	1.61773490906	1.57893300056	3.57652211189	2.77899909019	1.84626102448	2.06980419159	2.66835403442	1.75878214836	5.57354903221	1.62699007988	3.25265407562	2.49200701714	3.266726017	
['./treeMaker/main', '-t', '-r', '2', '-N']
2.76578903198	2.18460988998	4.12963080406	2.59174013138	2.87737989426	3.87390899658	2.49883818626	3.66674113274	1.93249607086	1.54165387154	3.85353207588	3.49778008461	4.86934804916	2.66874504089	4.59567117691	7.60671305656	3.70863485336	2.68675208092	1.81769299507	5.04723286629	4.58884596825	1.89824104309	3.06485509872	3.91019201279	9.33540987968	2.19680213928	2.51139903069	5.4676668644	2.28247189522	3.47348999977	4.31323289871	3.65263795853	3.24130702019	1.86270689964	2.30992507935	2.81348800659	4.09390902519	2.38403987885	2.4896709919	4.89044284821	3.84275007248	2.67842078209	2.91957592964	3.66530585289	2.46873903275	7.69745492935	2.42612409592	5.02392292023	3.86999416351	5.1497759819	
['./treeMaker/main', '-m']
0.0884349346161	0.0773420333862	0.109556913376	0.0836770534515	0.0892961025238	0.116932868958	0.0807318687439	0.10054397583	0.073588848114	0.0656862258911	0.109112024307	0.100878000259	0.123292922974	0.0950970649719	0.118844032288	0.167007923126	0.107763051987	0.0905070304871	0.0709187984467	0.121313095093	0.118994951248	0.0699288845062	0.0948870182037	0.109683990479	0.17955994606	0.078015089035	0.0811681747437	0.12576508522	0.0771050453186	0.101214170456	0.114861011505	0.102365016937	0.0916910171509	0.0710527896881	0.0799970626831	0.0910670757294	0.116699934006	0.07994389534	0.0832540988922	0.116114854813	0.11104798317	0.0893800258636	0.084144115448	0.101833105087	0.0801229476929	0.162477016449	0.0945498943329	0.126103162766	0.105515956879	0.125710010529	
['./treeMaker/main', '-m', '-b']
0.104197978973	0.0953998565674	0.113075017929	0.0846009254456	0.0891849994659	0.105226993561	0.0821280479431	0.10302400589	0.0784831047058	0.063866853714	0.10860991478	0.0999779701233	0.130970001221	0.0930061340332	0.123026847839	0.185533046722	0.108453035355	0.08997797966	0.0710618495941	0.128937959671	0.136996030807	0.0777740478516	0.102785825729	0.110966920853	0.201035022736	0.0815668106079	0.0904750823975	0.153393983841	0.0788741111755	0.0985240936279	0.118390083313	0.115206003189	0.101551055908	0.0775051116943	0.0998249053955	0.0875129699707	0.108185052872	0.0778450965881	0.0791220664978	0.121767044067	0.107809066772	0.096773147583	0.0993278026581	0.112617015839	0.0889921188354	0.16428399086	0.087150812149	0.146665096283	0.104161977768	0.14506316185	
['./treeMaker/main', '-m', '-w', '1']
0.0861849784851	0.0722761154175	0.107339143753	0.0874071121216	0.0927290916443	0.103739976883	0.0829129219055	0.0979120731354	0.0756311416626	0.0664420127869	0.110848903656	0.0976328849792	0.113947868347	0.0905859470367	0.117600917816	0.155087947845	0.0982630252838	0.0972118377686	0.0720119476318	0.132613897324	0.111027002335	0.067211151123	0.0883901119232	0.0979959964752	0.185034990311	0.0783650875092	0.0953328609467	0.125065803528	0.0788760185242	0.0933260917664	0.108465909958	0.0963091850281	0.0909028053284	0.0696060657501	0.0814950466156	0.0906569957733	0.104926109314	0.0767018795013	0.0968120098114	0.124220132828	0.12056517601	0.0892159938812	0.0918979644775	0.101316928864	0.0791358947754	0.167119026184	0.0843319892883	0.121947050095	0.104539871216	0.119741201401	
['./treeMaker/main', '-m', '-w', '2']
0.0849578380585	0.0728409290314	0.113945007324	0.0812888145447	0.0915141105652	0.104792118073	0.0816478729248	0.100767850876	0.0737879276276	0.0606710910797	0.103101015091	0.107578992844	0.120183229446	0.0883769989014	0.116410970688	0.177340984344	0.0992028713226	0.0827918052673	0.0658240318298	0.123127937317	0.111704111099	0.067507982254	0.0908710956573	0.0990259647369	0.209258079529	0.0728878974915	0.0927209854126	0.133220911026	0.0788900852203	0.0955629348755	0.111442089081	0.0989239215851	0.0919790267944	0.0706357955933	0.0812041759491	0.0894300937653	0.112077951431	0.0771939754486	0.0810551643372	0.125527858734	0.112688064575	0.089485168457	0.0847990512848	0.105856895447	0.084892988205	0.165733098984	0.0795960426331	0.122919797897	0.100508928299	0.124860048294	
['./treeMaker/main', '-m', '-c', '1']
0.0840380191803	0.0894961357117	0.112549066544	0.0853159427643	0.0930371284485	0.119179964066	0.0777928829193	0.101055145264	0.0779337882996	0.0656349658966	0.10950088501	0.100661039352	0.121166944504	0.0896439552307	0.116631031036	0.167834997177	0.104511022568	0.0897679328918	0.0708289146423	0.13051700592	0.111319065094	0.0671949386597	0.0887689590454	0.113610029221	0.188743114471	0.0742309093475	0.095468044281	0.145180940628	0.0741658210754	0.0933361053467	0.117954015732	0.10040307045	0.0954978466034	0.0717620849609	0.0786409378052	0.103183984756	0.117957830429	0.078027009964	0.0807189941406	0.13374710083	0.101739883423	0.0902440547943	0.0900709629059	0.102714061737	0.0808517932892	0.172039031982	0.0953249931335	0.117100954056	0.101529836655	0.134930849075	
['./treeMaker/main', '-m', '-c', '2']
0.0881221294403	0.0874140262604	0.108814001083	0.0832798480988	0.0880870819092	0.106696128845	0.088231086731	0.0980188846588	0.0799000263214	0.0656480789185	0.12015414238	0.0983519554138	0.131808996201	0.0863180160522	0.109420061111	0.16281580925	0.103539943695	0.0864109992981	0.0807898044586	0.122187137604	0.11194896698	0.0674970149994	0.0938301086426	0.103055953979	0.183778047562	0.0755949020386	0.0814530849457	0.131175994873	0.0800709724426	0.109097003937	0.114825963974	0.098149061203	0.0975141525269	0.0762400627136	0.0777130126953	0.0882251262665	0.106577157974	0.0815629959106	0.0852680206299	0.122680902481	0.109451055527	0.0878739356995	0.099445104599	0.101015090942	0.0813691616058	0.16387796402	0.0835709571838	0.119559049606	0.099191904068	0.138551950455	
['./treeMaker/main', '-m', '-a', '1']
0.0996088981628	0.0909440517426	0.127440929413	0.0992879867554	0.11022901535	0.126797914505	0.0962760448456	0.112681865692	0.0908660888672	0.081139087677	0.137465000153	0.114308834076	0.136466026306	0.104007959366	0.130623817444	0.17576789856	0.121869802475	0.100363969803	0.0816810131073	0.143441915512	0.133280992508	0.0873920917511	0.114467144012	0.124589204788	0.211775064468	0.0910518169403	0.098112821579	0.164179086685	0.110363006592	0.120205879211	0.132709026337	0.120343923569	0.122290849686	0.087336063385	0.0938670635223	0.106863021851	0.13987493515	0.0938119888306	0.0963609218597	0.13799905777	0.122809886932	0.105628013611	0.105730772018	0.11887216568	0.111791849136	0.179486036301	0.0983600616455	0.139272212982	0.125018835068	0.140898942947	
['./treeMaker/main', '-m', '-a', '2']
0.0858330726624	0.0738189220428	0.111153841019	0.0835869312286	0.0896899700165	0.103543996811	0.0811369419098	0.101007938385	0.0733549594879	0.0776751041412	0.109721899033	0.0943131446838	0.124567985535	0.084969997406	0.109633922577	0.165289163589	0.110131025314	0.0900058746338	0.0693979263306	0.123106002808	0.131294965744	0.0729329586029	0.0992639064789	0.105075120926	0.18700504303	0.0751910209656	0.0800850391388	0.136411905289	0.0821349620819	0.107614040375	0.110318899155	0.0994391441345	0.0993540287018	0.0738999843597	0.077300786972	0.0839018821716	0.121053934097	0.0754239559174	0.0767741203308	0.133524894714	0.1181640625	0.0838041305542	0.0858080387115	0.103470802307	0.0795202255249	0.15810084343	0.083379983902	0.122161149979	0.10550904274	0.124181032181	
