25_1000_1.9e-10_9.5e-11_470000000
25
1000
1.9e-10
9.5e-11
470000000

['./treeMaker/main']
0.0838470458984	0.102635145187	0.119651079178	0.0810852050781	0.340345144272	0.239994049072	0.209589004517	0.210756063461	0.129899978638	0.0863080024719	0.0787417888641	0.0647859573364	0.0922241210938	0.0837249755859	0.112807035446	0.0781800746918	0.109622955322	0.236003875732	0.212936878204	0.224159002304	0.167857885361	0.143569946289	0.0993518829346	0.0881669521332	0.0904979705811	0.145037889481	0.0876679420471	0.179589033127	0.358717918396	0.13156914711	0.186995983124	0.114807128906	0.0840837955475	0.120640039444	0.117381095886	0.12317109108	0.0929789543152	0.121438980103	0.187923908234	0.21830201149	0.178173065186	0.140228033066	0.158266067505	0.114029169083	0.158186912537	0.0959918498993	0.0979909896851	0.158205986023	0.200704097748	0.0882799625397	
['./treeMaker/main', '-b']
0.0949690341949	0.264699935913	0.257474899292	0.0943830013275	0.135993003845	0.108888864517	0.0888519287109	0.0838930606842	0.319844961166	0.164942979813	0.116662025452	0.101939201355	0.153431892395	0.103547096252	0.112014055252	0.1057908535	0.102540016174	0.179229021072	0.144222974777	0.177124977112	0.172127962112	0.134346961975	0.188980102539	0.0999140739441	0.0907368659973	0.149222135544	0.237542867661	0.113754987717	0.373646974564	0.140043020248	0.0914418697357	0.214255094528	0.0858130455017	0.113212108612	0.115995168686	0.227542877197	0.105650901794	0.119232177734	0.197371006012	0.14811706543	0.0771338939667	0.0783591270447	0.207854032516	0.138278007507	0.166181087494	0.0964338779449	0.09539103508	0.211071968079	0.100768089294	0.088033914566	
['./treeMaker/main', '-u']
0.207744836807	0.112973928452	0.11344909668	0.19090294838	0.15478515625	0.112679958344	0.0949590206146	0.0925321578979	0.103992938995	0.177354097366	0.148873090744	0.0802850723267	0.16858291626	0.180859088898	0.108625173569	0.242725133896	0.138206005096	0.0994961261749	0.110352039337	0.114471912384	0.103709936142	0.312245130539	0.142528057098	0.0850110054016	0.0922980308533	0.316586971283	0.183507919312	0.104115009308	0.144725084305	0.0781619548798	0.176156997681	0.0905890464783	0.0839469432831	0.111814022064	0.234457969666	0.173338890076	0.196993112564	0.123892068863	0.110666036606	0.0983719825745	0.0749011039734	0.0723450183868	0.0746579170227	0.0868818759918	0.136858940125	0.0820000171661	0.242442846298	0.388654947281	0.220580101013	0.178876876831	
['./treeMaker/main', '-t', '-r', '1']
2.09224319458	3.79429984093	2.22630906105	1.36603713036	1.91242694855	2.51925897598	2.84975790977	2.01023602486	2.19594979286	0.980670928955	1.40999698639	1.09627199173	2.17224502563	1.52612304688	2.02062797546	1.41174721718	2.0547888279	1.58982586861	2.89575409889	2.5828640461	2.33552193642	3.22882699966	1.90079593658	1.56496715546	1.88909387589	3.52639198303	1.49875187874	2.0297961235	3.63553404808	0.858779907227	1.62021207809	1.31193590164	1.49326205254	2.59812116623	2.78087902069	2.45892906189	1.37894415855	2.3732111454	2.25595998764	1.75478386879	1.80039310455	1.31139492989	1.05383205414	1.33041286469	3.35706710815	1.31708717346	1.40087294579	3.00460910797	2.44550585747	1.09983301163	
['./treeMaker/main', '-t', '-r', '2']
2.47778105736	3.38742899895	3.17476820946	1.93471193314	3.64425516129	3.0499818325	2.69386291504	2.35665988922	3.36200094223	1.8164730072	1.57274413109	1.225481987	2.46439695358	1.79936695099	2.88266086578	2.06336903572	2.5825650692	2.06045603752	3.26185011864	3.17418694496	3.38695502281	3.56533885002	2.77191305161	1.90089297295	2.33209395409	4.68731594086	2.34529709816	3.0573348999	4.90939807892	1.70859313011	2.40056586266	1.81146907806	1.78263187408	3.3001229763	2.79395103455	3.56359004974	2.52287983894	3.11345291138	2.94460105896	2.59020996094	1.94956898689	1.73232388496	2.16255712509	2.66106390953	4.766051054	2.6701438427	2.82042098045	4.62603592873	3.12011814117	1.85064101219	
['./treeMaker/main', '-t', '-r', '1', '-N']
1.14802503586	2.40045881271	2.17232394218	1.39131188393	2.91349601746	2.21736097336	2.13061499596	1.92202782631	2.82600402832	1.62230801582	1.35709691048	1.40188217163	1.59221291542	1.22824406624	1.5743598938	1.1530380249	1.68369603157	1.33524513245	2.50948500633	2.214854002	2.35300397873	3.31020212173	1.8444890976	1.41519713402	1.95396184921	3.46136212349	1.97270607948	1.98066282272	3.69585418701	1.20876908302	1.62621808052	1.77253699303	1.48609685898	2.32119703293	2.42379188538	2.70839905739	1.63594889641	2.00894212723	2.12256097794	1.33712601662	1.44587278366	1.19379782677	1.17461800575	1.78317403793	3.57856082916	1.8512840271	2.03455305099	3.59225606918	2.01695513725	1.36903882027	
['./treeMaker/main', '-t', '-r', '2', '-N']
2.10107398033	3.09220600128	3.28385210037	1.61874103546	3.65930485725	3.24022006989	2.35943889618	2.5146920681	3.51974606514	1.82431697845	1.54308986664	1.51749706268	2.25040507317	1.74811196327	2.53581809998	2.38757205009	2.52294588089	2.1343588829	3.31861996651	3.23462986946	3.20500802994	3.67256402969	2.51544499397	2.09106492996	2.46389198303	5.19519495964	2.30079102516	3.04990887642	5.02296209335	1.77991700172	2.31543803215	1.89391493797	1.86871910095	3.35776209831	3.17297577858	3.42731809616	2.50831007957	2.93460893631	3.00779700279	2.34886288643	1.72851204872	1.60289907455	1.96108412743	2.8086669445	4.89409208298	2.2899928093	2.64302015305	4.79167699814	3.07674479485	1.89194822311	
['./treeMaker/main', '-m']
0.0691859722137	0.103691101074	0.182052850723	0.0856809616089	0.13035607338	0.174247026443	0.0835320949554	0.0731809139252	0.132431983948	0.0711030960083	0.0686900615692	0.0666768550873	0.113439083099	0.199244022369	0.0797991752625	0.0776860713959	0.201812982559	0.0823612213135	0.0855340957642	0.0999879837036	0.133461952209	0.0990769863129	0.0758788585663	0.0705471038818	0.0814099311829	0.227274179459	0.0889780521393	0.084853887558	0.12051486969	0.100601196289	0.108289957047	0.0668609142303	0.0609021186829	0.188635826111	0.166089057922	0.102678060532	0.0824520587921	0.0820369720459	0.0805518627167	0.0749068260193	0.142935037613	0.0619289875031	0.0710899829865	0.176002979279	0.17738699913	0.0857648849487	0.0780389308929	0.234627008438	0.156428098679	0.0808980464935	
['./treeMaker/main', '-m', '-b']
0.0815241336823	0.0942380428314	0.0824329853058	0.070986032486	0.10369515419	0.194266080856	0.0839409828186	0.0868988037109	0.091423034668	0.135384082794	0.145915031433	0.115269184113	0.12093091011	0.0755610466003	0.0957992076874	0.104391098022	0.0838568210602	0.0760400295258	0.171118974686	0.105475902557	0.0902819633484	0.100795030594	0.0807259082794	0.13486289978	0.148594141006	0.153785943985	0.0872921943665	0.0897359848022	0.114185810089	0.0713438987732	0.0738039016724	0.0725600719452	0.166407108307	0.188256025314	0.0980739593506	0.0960381031036	0.181594848633	0.234741926193	0.0966010093689	0.077488899231	0.0784828662872	0.0711119174957	0.0776479244232	0.0787599086761	0.122786045074	0.175343036652	0.0867788791656	0.114953994751	0.0883491039276	0.161769151688	
['./treeMaker/main', '-m', '-w', '1']
0.136091947556	0.182520866394	0.0980129241943	0.0732588768005	0.0997240543365	0.0921981334686	0.0664050579071	0.166745185852	0.110678911209	0.0859799385071	0.0635380744934	0.0666100978851	0.170670032501	0.149600028992	0.0791938304901	0.135444164276	0.0895400047302	0.0777988433838	0.0853629112244	0.0820860862732	0.0965540409088	0.0903990268707	0.166085004807	0.0795798301697	0.0839459896088	0.14263010025	0.169403076172	0.179031133652	0.135817050934	0.0773260593414	0.0747709274292	0.071759223938	0.0749771595001	0.0846519470215	0.10351896286	0.176080942154	0.0758619308472	0.0881109237671	0.0894310474396	0.143659114838	0.159603118896	0.136281013489	0.106532096863	0.0843210220337	0.107200145721	0.0830700397491	0.0858199596405	0.236024141312	0.0842471122742	0.0765759944916	
['./treeMaker/main', '-m', '-w', '2']
0.0703809261322	0.0877909660339	0.128361940384	0.16161108017	0.209777832031	0.0902309417725	0.0810461044312	0.143691778183	0.187471866608	0.0762569904327	0.0728600025177	0.0691251754761	0.15784406662	0.12651181221	0.0796179771423	0.0783679485321	0.0827250480652	0.0751121044159	0.0960259437561	0.123193025589	0.0897610187531	0.0968358516693	0.0753099918365	0.0610959529877	0.169166088104	0.125318050385	0.0817949771881	0.08358502388	0.120742082596	0.0654170513153	0.0817000865936	0.0775079727173	0.150761127472	0.101583957672	0.0939750671387	0.122257947922	0.143872976303	0.0843031406403	0.0844030380249	0.0775401592255	0.0901620388031	0.121057987213	0.0759718418121	0.0790400505066	0.232365131378	0.172351837158	0.0852150917053	0.108858108521	0.180774927139	0.212301015854	
['./treeMaker/main', '-m', '-c', '1']
0.0745251178741	0.0788109302521	0.0927147865295	0.0750091075897	0.163783788681	0.0849409103394	0.164009809494	0.170876979828	0.0873029232025	0.0667281150818	0.0708260536194	0.160529851913	0.0759918689728	0.0692539215088	0.0962200164795	0.114058971405	0.082396030426	0.0800399780273	0.149386882782	0.0933721065521	0.0899732112885	0.0949420928955	0.146911859512	0.138694047928	0.0783798694611	0.114458084106	0.144349098206	0.0884928703308	0.111294031143	0.0655360221863	0.0724489688873	0.133363008499	0.0998449325562	0.0905759334564	0.0838530063629	0.162358045578	0.154484987259	0.0824589729309	0.080803155899	0.0740919113159	0.14599609375	0.112437963486	0.0710031986237	0.0889811515808	0.11291217804	0.178381919861	0.0816509723663	0.107818126678	0.0840830802917	0.156223058701	
['./treeMaker/main', '-m', '-c', '2']
0.139620065689	0.0856699943542	0.0863981246948	0.066027879715	0.0931820869446	0.181813001633	0.165766000748	0.0843470096588	0.0911948680878	0.0668301582336	0.118970870972	0.0720641613007	0.141006946564	0.153904914856	0.132675886154	0.0797851085663	0.0853278636932	0.0732979774475	0.086366891861	0.0813601016998	0.150019884109	0.0980467796326	0.0801470279694	0.0653629302979	0.0704548358917	0.229974031448	0.0969669818878	0.144402980804	0.223473072052	0.0737979412079	0.0755970478058	0.0777459144592	0.0719790458679	0.080274105072	0.0913660526276	0.0881500244141	0.147469043732	0.0886859893799	0.137756824493	0.167010068893	0.101982831955	0.143634080887	0.139583826065	0.156448125839	0.120538949966	0.0745708942413	0.0794138908386	0.111413955688	0.076672077179	0.0630879402161	
['./treeMaker/main', '-m', '-a', '1']
0.0909900665283	0.0965979099274	0.106043100357	0.195302009583	0.237851858139	0.119794845581	0.175973892212	0.192929029465	0.100816965103	0.0813608169556	0.0718050003052	0.0725898742676	0.0796539783478	0.0869770050049	0.0918569564819	0.0929789543152	0.224807024002	0.200063943863	0.22317814827	0.144989967346	0.112520933151	0.109181880951	0.0976700782776	0.0778651237488	0.0840389728546	0.250107049942	0.103801012039	0.101094961166	0.119860887527	0.186168909073	0.185425043106	0.0951261520386	0.0809199810028	0.108086109161	0.0922529697418	0.107643127441	0.189569950104	0.111948013306	0.119343042374	0.0878159999847	0.0759708881378	0.191593885422	0.132461071014	0.132157087326	0.124448060989	0.0860748291016	0.0897679328918	0.166624069214	0.166565179825	0.106303930283	
['./treeMaker/main', '-m', '-a', '2']
0.0723218917847	0.0830509662628	0.118793010712	0.155052185059	0.0904290676117	0.116904973984	0.138173103333	0.085786819458	0.099916934967	0.0676598548889	0.0711619853973	0.0705869197845	0.081356048584	0.0755219459534	0.0849850177765	0.168494939804	0.0851099491119	0.0725178718567	0.191461086273	0.154437065125	0.156177043915	0.215086936951	0.0841860771179	0.0848958492279	0.0789029598236	0.109493017197	0.0848679542542	0.0769090652466	0.124713897705	0.141555070877	0.0825290679932	0.0709960460663	0.11909198761	0.149255990982	0.0860300064087	0.10030412674	0.082338809967	0.0844850540161	0.0812010765076	0.0740489959717	0.0601971149445	0.0569341182709	0.0768268108368	0.173115968704	0.134303092957	0.0790109634399	0.0979578495026	0.164206027985	0.136916160583	0.136476039886	
