25_1000_1.9e-10_1.9e-11_470000000
25
1000
1.9e-10
1.9e-11
470000000

['./treeMaker/main']
0.104637861252	0.0827879905701	0.140741825104	0.0973699092865	0.147817850113	0.190438985825	0.105674028397	0.0970759391785	0.121808052063	0.0856809616089	0.122833967209	0.231266975403	0.0904901027679	0.142983913422	0.0966110229492	0.265769004822	0.0885400772095	0.142498970032	0.114498138428	0.394321918488	0.222337007523	0.146615982056	0.104575157166	0.128705978394	0.172205924988	0.13432097435	0.138993024826	0.0987010002136	0.159587144852	0.258812904358	0.114972829819	0.0900738239288	0.132467985153	0.132055997849	0.140777826309	0.115761041641	0.138038873672	0.0915839672089	0.110328912735	0.104303121567	0.123653888702	0.119828939438	0.0814621448517	0.214576005936	0.135182857513	0.139448881149	0.0900859832764	0.289247989655	0.114134073257	0.123038053513	
['./treeMaker/main', '-b']
0.110615968704	0.0821628570557	0.13304400444	0.100219964981	0.143419027328	0.21471786499	0.105976104736	0.118697881699	0.108886003494	0.0906119346619	0.139492988586	0.21661400795	0.0944819450378	0.137270927429	0.0951409339905	0.259472131729	0.0968210697174	0.156689882278	0.115823030472	0.434469938278	0.220170021057	0.146619081497	0.105869054794	0.13140296936	0.174830913544	0.133035182953	0.128880023956	0.100338935852	0.170711040497	0.258424043655	0.124596834183	0.100110054016	0.144472122192	0.124815940857	0.138621091843	0.138875007629	0.129976987839	0.10272192955	0.12468791008	0.11120390892	0.129999876022	0.113857030869	0.0867598056793	0.195166826248	0.133280992508	0.130836963654	0.0975248813629	0.280386924744	0.11360502243	0.115268945694	
['./treeMaker/main', '-u']
0.0979180335999	0.0798230171204	0.141573905945	0.0961661338806	0.157330989838	0.197162151337	0.106020927429	0.111747026443	0.10289978981	0.0904710292816	0.126958847046	0.22336602211	0.088681936264	0.115486860275	0.090717792511	0.239006996155	0.103578090668	0.161822080612	0.11093878746	0.402712106705	0.207242012024	0.139790058136	0.104431867599	0.131196022034	0.177820920944	0.125399827957	0.153114080429	0.100069999695	0.156174898148	0.233186006546	0.116823196411	0.082545042038	0.120750904083	0.121812105179	0.13071680069	0.124521017075	0.130116939545	0.0846400260925	0.110394954681	0.107996940613	0.107248067856	0.102349042892	0.0814590454102	0.195595979691	0.136442184448	0.132039785385	0.0873811244965	0.271183013916	0.10749912262	0.115925073624	
['./treeMaker/main', '-t', '-r', '1']
1.42584490776	1.10927987099	1.91348099709	1.29385900497	2.08186292648	2.82050085068	1.60169219971	1.41709208488	1.39349794388	1.12414312363	1.79260706902	3.41488003731	1.22898006439	1.79220914841	1.33729100227	3.59611105919	1.22461605072	2.13118290901	1.55782103539	5.71626114845	3.30812311172	2.09769487381	1.46937894821	1.97590208054	2.72801208496	1.95431900024	2.02816104889	1.52065491676	2.51323699951	3.59569811821	1.76133990288	1.17344594002	1.84609818459	1.93215894699	2.06028199196	1.51573204994	2.11586809158	1.2011051178	1.69138789177	1.58930778503	1.60392618179	1.51664805412	1.07051801682	2.85212612152	1.98429584503	2.09326410294	1.27476811409	4.11297297478	1.50278401375	1.64655995369	
['./treeMaker/main', '-t', '-r', '2']
2.48431801796	1.74836301804	3.37748599052	2.0601978302	3.96439003944	5.2530810833	2.44184207916	2.27184486389	2.2882900238	1.69607400894	3.15028810501	5.59557008743	1.96940302849	2.82735586166	2.06196808815	6.16980099678	2.03633308411	3.71987700462	2.61749196053	10.136425972	5.4270029068	3.45791697502	2.49848198891	3.39255785942	4.56119799614	3.17001605034	3.10577988625	2.34920191765	3.88659405708	6.00187087059	2.85727119446	1.80440211296	3.1277680397	3.08419489861	3.08658695221	2.85094690323	3.11081910133	1.85671401024	2.6225669384	2.53570795059	2.43926501274	2.50071001053	1.63226318359	5.12029886246	3.21711492538	3.15097594261	1.90492010117	7.10575008392	2.45877981186	2.76321387291	
['./treeMaker/main', '-t', '-r', '1', '-N']
1.414675951	1.04573392868	1.89036893845	1.27115702629	2.06710195541	2.75810599327	1.50821399689	1.36141300201	1.34636998177	1.08255600929	1.77819395065	3.33255982399	1.16417789459	1.82634711266	1.30240321159	3.48123598099	1.21823716164	2.11134004593	1.55084085464	5.65822792053	3.23830604553	2.01210188866	1.45881009102	1.90549707413	2.65167307854	1.93808197975	1.9667339325	1.43712711334	2.48595619202	3.57570385933	1.7350051403	1.17144489288	1.82472395897	1.85961103439	1.95169305801	1.51485395432	2.02228999138	1.13049817085	1.62866592407	1.508040905	1.55622196198	1.4020550251	1.06819820404	2.78857803345	1.92538809776	1.98165488243	1.19137001038	4.04766392708	1.4614238739	1.5561311245	
['./treeMaker/main', '-t', '-r', '2', '-N']
2.29739904404	1.73132896423	3.35188007355	2.02694392204	3.86224985123	5.13256311417	2.46575403214	2.28316283226	2.27988696098	1.74407196045	3.17377305031	5.58264303207	1.9296131134	2.78864097595	2.03862404823	6.04124116898	2.25059008598	3.77907800674	2.55853915215	10.0250730515	5.49696278572	3.50172185898	2.52581977844	3.59102010727	4.67104816437	3.29232096672	3.21546983719	2.39013195038	3.94301009178	7.28391718864	3.43323898315	1.86764001846	3.23850488663	3.73058605194	3.73694586754	3.03869104385	4.32125997543	2.18545007706	3.62247490883	4.23298001289	3.24401211739	2.96253085136	2.5184700489	7.16288304329	4.41262483597	4.38986086845	2.87861609459	9.55919504166	3.79138016701	3.8238799572	
['./treeMaker/main', '-m']
0.190499067307	0.136188983917	0.103266954422	0.085422039032	0.237916946411	0.15031504631	0.0948250293732	0.0913949012756	0.0906519889832	0.184460878372	0.168216943741	0.166859149933	0.079528093338	0.099415063858	0.183531045914	0.225655078888	0.146204948425	0.208503007889	0.0999450683594	0.322973966599	0.159640073776	0.10574889183	0.11045217514	0.229814052582	0.208930015564	0.112359046936	0.104449987411	0.0918200016022	0.223731040955	0.152689933777	0.175617933273	0.14758515358	0.103104114532	0.1031498909	0.177453994751	0.201057910919	0.121143102646	0.0888268947601	0.0995638370514	0.0977580547333	0.212951898575	0.166126966476	0.0850338935852	0.13791012764	0.115037918091	0.139569997787	0.0907211303711	0.2932741642	0.098240852356	0.106704950333	
['./treeMaker/main', '-m', '-b']
0.0905170440674	0.175783872604	0.157688140869	0.0971229076385	0.124310016632	0.13352394104	0.20237493515	0.0928099155426	0.113975048065	0.0882270336151	0.229104995728	0.159566164017	0.0897121429443	0.222651958466	0.0990879535675	0.160604953766	0.114393949509	0.256490945816	0.104741096497	0.22934794426	0.25760102272	0.10870218277	0.0906929969788	0.239372968674	0.147209882736	0.10847401619	0.113940954208	0.200714111328	0.133558988571	0.153090953827	0.101714134216	0.20192694664	0.113994121552	0.126194000244	0.230114936829	0.185975074768	0.108942985535	0.0992279052734	0.206656932831	0.10099196434	0.0945639610291	0.111471891403	0.17603302002	0.15721487999	0.117259025574	0.207875013351	0.183267831802	0.170279979706	0.0991380214691	0.225975990295	
['./treeMaker/main', '-m', '-w', '1']
0.171234846115	0.0791218280792	0.107074975967	0.10320687294	0.126101970673	0.401047945023	0.0942900180817	0.0999579429626	0.161128997803	0.080983877182	0.111689090729	0.310028076172	0.132562160492	0.108522891998	0.092533826828	0.148623943329	0.0844709873199	0.221879005432	0.113479137421	0.211713075638	0.286723136902	0.112570047379	0.0916111469269	0.111809015274	0.260643959045	0.100316047668	0.153444051743	0.175116062164	0.15252995491	0.154959201813	0.202321052551	0.0837240219116	0.110108852386	0.124559164047	0.10534286499	0.122858047485	0.198059082031	0.162714004517	0.0985720157623	0.154486894608	0.101688861847	0.175271034241	0.165339946747	0.134327173233	0.120620965958	0.135166168213	0.190148115158	0.169232845306	0.0984101295471	0.137827157974	
['./treeMaker/main', '-m', '-w', '2']
0.127058029175	0.0845110416412	0.241990804672	0.16410279274	0.119441986084	0.142106056213	0.0960218906403	0.193114995956	0.195812940598	0.0884208679199	0.101824045181	0.174509048462	0.18393611908	0.1840031147	0.0969529151917	0.158854961395	0.0918500423431	0.256119012833	0.141952991486	0.20433306694	0.203590154648	0.193358898163	0.0994989871979	0.19948720932	0.128100156784	0.109794855118	0.0984981060028	0.194092035294	0.179255008698	0.164907932281	0.0998840332031	0.151962041855	0.202973842621	0.108180046082	0.103805065155	0.116117954254	0.102715969086	0.0800459384918	0.174335002899	0.176229953766	0.0999729633331	0.0934331417084	0.0887141227722	0.283758878708	0.111181020737	0.10542011261	0.076868057251	0.283858060837	0.094407081604	0.124620914459	
['./treeMaker/main', '-m', '-c', '1']
0.170053005219	0.0856621265411	0.121806144714	0.090439081192	0.182152986526	0.170251846313	0.113210201263	0.0857319831848	0.089742898941	0.169783830643	0.11571598053	0.143594026566	0.154920816422	0.118770837784	0.0792860984802	0.154002904892	0.181026935577	0.117995023727	0.0924820899963	0.224842071533	0.307014942169	0.12134885788	0.099643945694	0.229564905167	0.127828836441	0.0990018844604	0.203229904175	0.134495019913	0.123409032822	0.16526389122	0.214286088943	0.132405996323	0.115211009979	0.109133958817	0.147501945496	0.213485002518	0.108760118484	0.0829989910126	0.135063886642	0.1918861866	0.0986881256104	0.0917639732361	0.155697107315	0.160041093826	0.109199047089	0.130379915237	0.205960988998	0.198697805405	0.0973188877106	0.100852966309	
['./treeMaker/main', '-m', '-c', '2']
0.0949668884277	0.168328046799	0.119265079498	0.0864369869232	0.182119131088	0.148120880127	0.0991671085358	0.101194143295	0.191680908203	0.142966032028	0.114713907242	0.153409004211	0.0881080627441	0.21426320076	0.155004024506	0.167167901993	0.159512042999	0.113489866257	0.0929069519043	0.235306024551	0.21630191803	0.106122016907	0.10209608078	0.240561008453	0.155656814575	0.103171110153	0.223761081696	0.138049125671	0.128239870071	0.150616884232	0.13613319397	0.0800909996033	0.101802825928	0.118592977524	0.109745979309	0.105800151825	0.180011034012	0.0786640644073	0.109474182129	0.0914359092712	0.0999810695648	0.118571996689	0.0818371772766	0.144572019577	0.158085107803	0.106091976166	0.0802359580994	0.342196941376	0.0919117927551	0.147765159607	
['./treeMaker/main', '-m', '-a', '1']
0.132168769836	0.127559900284	0.121818065643	0.215871095657	0.132192850113	0.152140855789	0.186396121979	0.155593156815	0.155578136444	0.117250204086	0.129194974899	0.202814102173	0.161329984665	0.202786922455	0.10070514679	0.213705062866	0.101157903671	0.192342996597	0.192575931549	0.228191137314	0.248783111572	0.13451218605	0.114992856979	0.25895690918	0.149442195892	0.120473861694	0.253801107407	0.106151103973	0.144006967545	0.354629993439	0.131234884262	0.097599029541	0.115489959717	0.209024906158	0.183965206146	0.129252195358	0.260010004044	0.0984990596771	0.109884977341	0.240464925766	0.149209022522	0.129698991776	0.096892118454	0.156405210495	0.128203868866	0.234038114548	0.0975239276886	0.337363958359	0.101306915283	0.180672168732	
['./treeMaker/main', '-m', '-a', '2']
0.275734901428	0.085312128067	0.106354951859	0.0854601860046	0.117864131927	0.128013134003	0.0976860523224	0.197491884232	0.137406110764	0.177737951279	0.159507989883	0.441004037857	0.0874199867249	0.108180046082	0.0819051265717	0.15110707283	0.0918719768524	0.114585161209	0.09202003479	0.333219051361	0.158669948578	0.241857051849	0.152962207794	0.150208950043	0.124255895615	0.102318048477	0.104269981384	0.0925269126892	0.129935026169	0.31000494957	0.096843957901	0.187073945999	0.229937076569	0.181517124176	0.122762918472	0.105813980103	0.106179952621	0.0883841514587	0.101833105087	0.194939851761	0.0937690734863	0.0911798477173	0.0788049697876	0.251662015915	0.225116014481	0.211432933807	0.0987000465393	0.165014028549	0.0920381546021	0.101827144623	
