25_1000_5.2e-11_0.0_470000000
25
1000
5.2e-11
0.0
470000000

['./treeMaker/main']
0.0498878955841	0.0492599010468	0.0514938831329	0.0486941337585	0.049782037735	0.0607960224152	0.0553431510925	0.0527329444885	0.0488510131836	0.0508370399475	0.0538659095764	0.0557789802551	0.0519361495972	0.0585908889771	0.0507328510284	0.0530781745911	0.0563521385193	0.0596060752869	0.0576529502869	0.0544219017029	0.0570061206818	0.0570950508118	0.0572199821472	0.0511939525604	0.05268907547	0.0527968406677	0.0521960258484	0.0586428642273	0.0485780239105	0.0475618839264	0.0472929477692	0.051864862442	0.0583720207214	0.0508899688721	0.0522739887238	0.0522980690002	0.0496339797974	0.0489161014557	0.0499529838562	0.0500249862671	0.0480070114136	0.0493149757385	0.0491669178009	0.0563840866089	0.048357963562	0.0503280162811	0.0498888492584	0.0482738018036	0.0521659851074	0.0470089912415	
['./treeMaker/main', '-b']
0.047061920166	0.0490698814392	0.0522677898407	0.049134016037	0.0503430366516	0.0458180904388	0.0505549907684	0.0510129928589	0.0503590106964	0.0539889335632	0.0587840080261	0.0525279045105	0.0472710132599	0.0533978939056	0.0484249591827	0.0490050315857	0.0507891178131	0.0577461719513	0.0521919727325	0.0525441169739	0.0534918308258	0.055055141449	0.0661489963531	0.0507459640503	0.0569670200348	0.0537769794464	0.0528020858765	0.0597188472748	0.0510170459747	0.0502631664276	0.0622489452362	0.0548260211945	0.0576951503754	0.0566639900208	0.0542979240417	0.0540211200714	0.0478599071503	0.0479969978333	0.0485100746155	0.0487461090088	0.0488698482513	0.0486989021301	0.0485141277313	0.0554959774017	0.0499091148376	0.0550079345703	0.0543990135193	0.0523889064789	0.0567078590393	0.0513319969177	
['./treeMaker/main', '-u']
0.0514190196991	0.0525040626526	0.0553297996521	0.0511868000031	0.0562348365784	0.0481247901917	0.052206993103	0.0478239059448	0.0467112064362	0.048663854599	0.0518469810486	0.0531029701233	0.0499498844147	0.0561900138855	0.0483288764954	0.0485451221466	0.0541520118713	0.0576109886169	0.0535049438477	0.0516588687897	0.0544080734253	0.0548720359802	0.0551288127899	0.0489509105682	0.0528512001038	0.0509939193726	0.0492830276489	0.0567038059235	0.0556628704071	0.0468640327454	0.0492870807648	0.057060956955	0.0576088428497	0.0523369312286	0.0546040534973	0.0536260604858	0.0483100414276	0.0479829311371	0.0482149124146	0.0487260818481	0.048024892807	0.043762922287	0.0449359416962	0.0566608905792	0.0497419834137	0.0513470172882	0.0501551628113	0.0489830970764	0.0529451370239	0.0474829673767	
['./treeMaker/main', '-t', '-r', '1']
0.543866872787	0.580067873001	0.645811080933	0.571676969528	0.594506978989	0.510509967804	0.574034929276	0.494087934494	0.504706859589	0.564282894135	0.5343708992	0.629344940186	0.557677030563	0.668723106384	0.531713008881	0.536429166794	0.581120967865	0.690515995026	0.573947191238	0.572605133057	0.590106010437	0.618907213211	0.661718130112	0.496882915497	0.582351207733	0.562749147415	0.585798978806	0.697507143021	0.532239198685	0.501405000687	0.556694030762	0.597347974777	0.701214075089	0.575461864471	0.62459397316	0.610301971436	0.49568605423	0.519539833069	0.471931934357	0.49954199791	0.520573139191	0.496628046036	0.51517701149	0.631709814072	0.550179958344	0.634670972824	0.608941078186	0.595376968384	0.660655021667	0.536773920059	
['./treeMaker/main', '-t', '-r', '2']
0.695936918259	0.749688863754	0.817709922791	0.721517086029	0.779838085175	0.651623010635	0.783114910126	0.674348831177	0.649272918701	0.700142145157	0.691095113754	0.760650157928	0.696204185486	0.838150978088	0.68418598175	0.691381931305	0.702060937881	0.899991035461	0.740357160568	0.726203918457	0.805027008057	0.794620990753	0.811762094498	0.673940181732	0.797193050385	0.687371969223	0.720705986023	0.886878013611	0.677334070206	0.592854976654	0.715094089508	0.760511159897	0.940930128098	0.70773601532	0.798699140549	0.773953914642	0.59657907486	0.659650802612	0.603971004486	0.659144878387	0.642906188965	0.616683959961	0.660619020462	0.827767133713	0.65575003624	0.796290874481	0.744517087936	0.763775110245	0.822973012924	0.6844830513	
['./treeMaker/main', '-t', '-r', '1', '-N']
0.562855958939	0.568320035934	0.655627012253	0.584192991257	0.588520050049	0.552945137024	0.615711927414	0.52716422081	0.487570047379	0.563350915909	0.549436092377	0.617063999176	0.537016868591	0.628908872604	0.539288043976	0.525778055191	0.572890996933	0.707299947739	0.61914896965	0.571462154388	0.62305688858	0.636878013611	0.631210803986	0.535108804703	0.611126184464	0.560405015945	0.571714878082	0.677443027496	0.505557060242	0.488247871399	0.552317857742	0.593780040741	0.688658952713	0.547506093979	0.601120948792	0.611102104187	0.487123012543	0.511282920837	0.490288972855	0.536282062531	0.497134923935	0.525353193283	0.522711038589	0.640980958939	0.526903152466	0.622957229614	0.613043069839	0.558817148209	0.651687145233	0.535655975342	
['./treeMaker/main', '-t', '-r', '2', '-N']
0.663051128387	0.749008893967	0.823406934738	0.704459190369	0.778604030609	0.652709960938	0.772829055786	0.665436983109	0.670651912689	0.70898604393	0.697901010513	0.79255604744	0.698930978775	0.837138175964	0.67532992363	0.674491882324	0.700469017029	0.934333086014	0.750113964081	0.763691186905	0.812172889709	0.842626094818	0.839071989059	0.668213129044	0.776724100113	0.734460115433	0.703038930893	0.856328010559	0.671014070511	0.606812953949	0.711621046066	0.796029806137	0.933768033981	0.722362995148	0.806088924408	0.786858081818	0.639888048172	0.663867950439	0.637008190155	0.664245128632	0.59873008728	0.625441074371	0.652354001999	0.831594944	0.696533918381	0.774996995926	0.766979932785	0.755187988281	0.866497993469	0.723246097565	
['./treeMaker/main', '-m']
0.0458121299744	0.0458908081055	0.0477440357208	0.0453779697418	0.0464949607849	0.0438959598541	0.0474398136139	0.0429980754852	0.0459380149841	0.0446329116821	0.0438630580902	0.0462100505829	0.0437111854553	0.049036026001	0.045264005661	0.0459599494934	0.058473110199	0.0533499717712	0.0489599704742	0.0495219230652	0.0491042137146	0.0497560501099	0.0526859760284	0.0429379940033	0.0460779666901	0.0443871021271	0.0442428588867	0.0509560108185	0.0456039905548	0.0433781147003	0.0458600521088	0.0628490447998	0.0520560741425	0.0584228038788	0.0578169822693	0.0485489368439	0.0464181900024	0.0451760292053	0.0443980693817	0.0462169647217	0.045343875885	0.0458281040192	0.0467700958252	0.0515289306641	0.0477828979492	0.0518839359283	0.0511698722839	0.0471909046173	0.0549049377441	0.0490620136261	
['./treeMaker/main', '-m', '-b']
0.0478010177612	0.0514979362488	0.0504961013794	0.0484540462494	0.0498900413513	0.0472400188446	0.0501420497894	0.0493550300598	0.0474982261658	0.0484530925751	0.0497398376465	0.0508260726929	0.0472002029419	0.0532350540161	0.0464918613434	0.048024892807	0.0505790710449	0.0532019138336	0.0500240325928	0.0491948127747	0.0508780479431	0.0509629249573	0.0519020557404	0.0492761135101	0.0499348640442	0.0475130081177	0.0511181354523	0.0550210475922	0.0466420650482	0.045637845993	0.0463581085205	0.0496940612793	0.0531048774719	0.0486390590668	0.0603799819946	0.049674987793	0.0448830127716	0.0453150272369	0.0461659431458	0.045774936676	0.0462000370026	0.0458090305328	0.0464358329773	0.0511729717255	0.0483829975128	0.0500700473785	0.0518670082092	0.0482079982758	0.0517258644104	0.0491218566895	
['./treeMaker/main', '-m', '-w', '1']
0.0474548339844	0.0491151809692	0.0502672195435	0.0481929779053	0.0485079288483	0.0458998680115	0.0493869781494	0.0445530414581	0.0460300445557	0.0476779937744	0.0463778972626	0.04816198349	0.0475850105286	0.049241065979	0.0459520816803	0.0465948581696	0.0475618839264	0.0542659759521	0.0486569404602	0.0481290817261	0.0524408817291	0.0623068809509	0.0530190467834	0.0485360622406	0.0497200489044	0.0486009120941	0.0485520362854	0.0507850646973	0.0472650527954	0.0454058647156	0.0470170974731	0.0499370098114	0.0520341396332	0.0515460968018	0.0486278533936	0.0492000579834	0.0443029403687	0.0455229282379	0.0419471263885	0.0438687801361	0.0426700115204	0.0429871082306	0.0435109138489	0.0478978157043	0.044273853302	0.0470068454742	0.045951128006	0.059201002121	0.0486087799072	0.0463228225708	
['./treeMaker/main', '-m', '-w', '2']
0.0461239814758	0.0477569103241	0.0495591163635	0.0467829704285	0.0483009815216	0.0469830036163	0.0465068817139	0.0438859462738	0.043664932251	0.0455679893494	0.0456428527832	0.0480310916901	0.0445258617401	0.0480539798737	0.0446691513062	0.0448160171509	0.0466148853302	0.0507380962372	0.0477678775787	0.0474791526794	0.0482120513916	0.0486922264099	0.0488498210907	0.0442597866058	0.0475058555603	0.045786857605	0.0452830791473	0.0499761104584	0.0448617935181	0.0429859161377	0.0450079441071	0.0474498271942	0.0653100013733	0.0476698875427	0.0476968288422	0.0491540431976	0.0451650619507	0.0457980632782	0.0488278865814	0.0464990139008	0.0449500083923	0.0547609329224	0.0445740222931	0.0503051280975	0.0467960834503	0.0497560501099	0.0489130020142	0.048504114151	0.0546228885651	0.0472729206085	
['./treeMaker/main', '-m', '-c', '1']
0.047572851181	0.0491199493408	0.0493371486664	0.0459740161896	0.048663854599	0.0447599887848	0.0486459732056	0.0449631214142	0.0458960533142	0.0480170249939	0.0472278594971	0.0498020648956	0.0478439331055	0.0502090454102	0.0455040931702	0.0471081733704	0.0470139980316	0.0501179695129	0.0482678413391	0.0488049983978	0.0587208271027	0.0601558685303	0.0502359867096	0.0463881492615	0.0515019893646	0.046560049057	0.0478160381317	0.0525500774384	0.0457510948181	0.0424699783325	0.0449731349945	0.0468578338623	0.0498390197754	0.0464279651642	0.0469470024109	0.0464558601379	0.0428581237793	0.0426290035248	0.0553112030029	0.0479440689087	0.045117855072	0.046462059021	0.0492918491364	0.0500020980835	0.0466198921204	0.0494010448456	0.0490388870239	0.0476341247559	0.0540089607239	0.0475499629974	
['./treeMaker/main', '-m', '-c', '2']
0.0471930503845	0.0495669841766	0.0495150089264	0.047189950943	0.0499432086945	0.0470201969147	0.0516521930695	0.0431020259857	0.0430769920349	0.0449891090393	0.044792175293	0.0470490455627	0.0442399978638	0.0475289821625	0.0437898635864	0.0459320545197	0.046226978302	0.0505130290985	0.047385931015	0.0466258525848	0.0485379695892	0.0479371547699	0.0481431484222	0.0437378883362	0.0465738773346	0.0449910163879	0.0447311401367	0.0492510795593	0.0443239212036	0.0416829586029	0.0447371006012	0.0472900867462	0.0514948368073	0.0470199584961	0.0484879016876	0.0479621887207	0.0439639091492	0.0452260971069	0.0457620620728	0.0453279018402	0.0457849502563	0.0450780391693	0.054897069931	0.0507919788361	0.0466449260712	0.049124956131	0.0503158569336	0.049222946167	0.0504229068756	0.0469629764557	
['./treeMaker/main', '-m', '-a', '1']
0.0608110427856	0.0634038448334	0.0669260025024	0.0633869171143	0.0654640197754	0.0595819950104	0.0626530647278	0.0592758655548	0.05992603302	0.0610520839691	0.0607478618622	0.0627851486206	0.0603179931641	0.0636570453644	0.0595190525055	0.0605540275574	0.0615150928497	0.0662000179291	0.0646920204163	0.063549041748	0.0659520626068	0.0713889598846	0.0644841194153	0.0599510669708	0.0651268959045	0.0607600212097	0.0606501102448	0.0657501220703	0.0728740692139	0.05757188797	0.0608770847321	0.0638341903687	0.0661318302155	0.062891960144	0.0634021759033	0.0652720928192	0.0613620281219	0.0601119995117	0.0600121021271	0.0609681606293	0.0640790462494	0.0635709762573	0.0623188018799	0.0615859031677	0.0586540699005	0.063934803009	0.0625078678131	0.0617389678955	0.0647559165955	0.0604441165924	
['./treeMaker/main', '-m', '-a', '2']
0.045058965683	0.0462419986725	0.0481760501862	0.0437138080597	0.0452802181244	0.0421578884125	0.0474910736084	0.0435810089111	0.043753862381	0.0455341339111	0.0450148582458	0.0474941730499	0.0447020530701	0.0484900474548	0.0441370010376	0.0447781085968	0.0456929206848	0.049901008606	0.047217130661	0.046618938446	0.047523021698	0.0483708381653	0.0484991073608	0.0440630912781	0.0474460124969	0.0451910495758	0.0451529026031	0.0497658252716	0.0444359779358	0.0455009937286	0.0447301864624	0.045608997345	0.0481560230255	0.0439548492432	0.0455169677734	0.0444750785828	0.0427279472351	0.0413048267365	0.0453519821167	0.0467948913574	0.0447208881378	0.0454869270325	0.0461189746857	0.05087018013	0.0450718402863	0.0476791858673	0.0494539737701	0.0471742153168	0.0514171123505	0.0471730232239	
