25_1000_2.7e-10_0.0_470000000
25
1000
2.7e-10
0.0
470000000

['./treeMaker/main']
0.26984500885	0.196202039719	0.489448070526	0.406188011169	0.26987195015	0.331434965134	0.152354955673	0.314396858215	0.147400856018	0.669117927551	0.570028066635	1.07252502441	0.38861989975	0.561694860458	0.263871192932	0.231003046036	0.20690202713	0.773924827576	1.04965496063	0.822691202164	0.192163944244	0.405757188797	0.191918134689	0.349041938782	0.490321159363	0.81945514679	0.175513029099	0.230942964554	0.484233140945	0.554542064667	0.19230389595	0.185732841492	0.295222043991	1.52620911598	0.486144065857	0.306664943695	1.33562803268	0.344754934311	0.147482872009	0.464013814926	0.275403022766	1.09184503555	0.329553842545	0.435205936432	0.553495883942	0.772426843643	1.0701110363	0.600106954575	0.513350009918	0.254415988922	
['./treeMaker/main', '-b']
0.320101976395	0.194092988968	0.506277799606	0.660204172134	0.196806907654	0.529400110245	0.137008190155	0.352382898331	0.15375494957	0.844610929489	0.685407161713	0.802294969559	0.302193880081	0.343764066696	0.200706005096	0.397958040237	0.122601032257	0.735137939453	0.856058835983	0.921992063522	0.400902986526	0.512870073318	0.328252077103	0.346701860428	0.388553142548	0.487607955933	0.373656988144	0.182981967926	0.400636196136	0.343761920929	0.396520853043	0.170101165771	0.623888969421	1.31918311119	0.49461388588	0.321425914764	2.00029802322	0.380503892899	0.166800022125	0.219111919403	0.656970977783	1.5263569355	0.539541006088	0.633610010147	0.824245929718	0.475750923157	0.950701951981	0.391649007797	0.670722007751	0.283957004547	
['./treeMaker/main', '-u']
0.467154026031	0.197136878967	0.286893129349	0.353328943253	0.214315891266	0.469559907913	0.147655963898	0.150470972061	0.217123031616	0.520278930664	0.561980009079	0.738834142685	0.228526830673	0.551002025604	0.133749961853	0.486181974411	0.115358114243	0.509344100952	0.596991062164	1.01664280891	0.191821098328	0.380890130997	0.399112939835	0.334440946579	0.434055089951	0.515169143677	0.172080993652	0.176317930222	0.436928033829	0.395664215088	0.416213989258	0.187722206116	0.281666040421	1.53465509415	0.447488069534	0.37477684021	1.6328561306	0.226952075958	0.217288970947	0.292607069016	0.514114141464	1.29204297066	0.419279098511	0.362993955612	0.724354982376	0.833009004593	0.620625019073	0.412326812744	0.665901184082	0.354434967041	
['./treeMaker/main', '-t', '-r', '1']
5.3365149498	4.35845279694	6.63807916641	6.11631894112	4.06868100166	6.36154198647	3.23517513275	2.45178699493	2.87446689606	8.82661104202	7.35512804985	13.1515731812	4.70596408844	7.38460421562	2.63533902168	5.1991519928	2.03960514069	9.36463809013	12.1775119305	12.9853980541	4.27371191978	6.47115898132	3.64012289047	7.1617269516	7.63950490952	9.10382986069	3.77696704865	4.0078959465	7.37290716171	7.01239109039	4.19876003265	2.98247814178	5.5847890377	17.4354410172	8.56376290321	2.50895595551	16.9818110466	4.80733895302	2.76850318909	4.44275689125	5.72403120995	15.037391901	5.13431882858	7.44949412346	9.96580505371	8.58352613449	11.3366179466	7.39286088943	6.77134490013	5.13672304153	
['./treeMaker/main', '-t', '-r', '2']
8.59801006317	6.21402096748	8.70459079742	10.3991909027	5.92069387436	10.5133390427	3.96365618706	4.55265498161	3.87543797493	13.8454170227	12.6895799637	19.5729808807	8.25651812553	10.5650250912	3.88145112991	7.54073905945	3.42929792404	14.8657939434	16.9089279175	19.0269579887	6.4137878418	9.88715696335	5.73285698891	10.438450098	10.8712739944	13.9285409451	5.59738993645	5.71961116791	11.1917750835	10.7397577763	5.97610092163	5.12157797813	8.78026390076	26.0728189945	13.7881100178	4.93820691109	25.4585571289	7.37189602852	4.70661997795	7.09438896179	8.57095003128	26.8644518852	6.91092610359	11.0897679329	14.7566678524	12.4513559341	19.3467810154	11.9142129421	10.0769150257	9.36776185036	
['./treeMaker/main', '-t', '-r', '1', '-N']
5.60855197906	4.14241313934	5.90108799934	5.76747107506	4.19220113754	6.05678796768	2.535572052	3.22504591942	2.53770494461	8.62905097008	7.36222314835	12.990377903	4.6257121563	7.53444695473	2.84903693199	5.26074504852	2.10260295868	9.10317206383	11.9038829803	11.9649348259	4.10032105446	5.9646730423	3.54875898361	7.44139504433	6.92838120461	8.69637513161	4.07824802399	4.10719394684	7.62192082405	6.561617136	4.06189203262	3.43027019501	5.93037009239	16.4395229816	8.96568703651	2.48046088219	16.3707339764	4.74150204659	3.58787298203	4.91375684738	5.91562604904	10.4199829102	3.04949402809	4.82342410088	6.46398711205	5.58200883865	7.45099306107	4.97197794914	4.39330005646	3.39302802086	
['./treeMaker/main', '-t', '-r', '2', '-N']
6.33021092415	4.61888504028	6.42664504051	7.50703501701	4.51635599136	7.73516798019	2.77597498894	3.32817316055	2.94437098503	9.99345111847	9.34035396576	14.082447052	5.90409183502	7.71524500847	2.93209290504	5.43202018738	2.36656403542	10.80301404	12.5039710999	13.8203508854	4.62498211861	7.19342684746	4.0786511898	7.69430398941	8.05517601967	9.94005799294	3.98530507088	4.09339189529	8.5136179924	7.81705403328	4.4100959301	3.55858588219	6.50093483925	19.4115209579	10.0339348316	3.46538901329	18.4406020641	5.23395013809	3.33202695847	5.10261893272	6.16001701355	19.8696968555	4.92076706886	8.23084592819	10.6916937828	9.03759503365	14.0442509651	8.57604789734	7.47770094872	6.62621307373	
['./treeMaker/main', '-m']
0.153625965118	0.120666980743	0.158015012741	0.161556959152	0.118375778198	0.175053119659	0.0905849933624	0.102126836777	0.093080997467	0.19068312645	0.181375026703	0.232168912888	0.132134914398	0.157418012619	0.089751958847	0.125188827515	0.0826239585876	0.190779924393	0.215241909027	0.236885070801	0.114735841751	0.150870084763	0.105647087097	0.164560079575	0.157930135727	0.181950092316	0.106631994247	0.106669902802	0.16894698143	0.155471801758	0.111613035202	0.0967199802399	0.140552997589	0.289552927017	0.184252023697	0.098375082016	0.277724981308	0.124681949615	0.097424030304	0.123204946518	0.136053800583	0.300780057907	0.118297100067	0.164306163788	0.21591091156	0.174300909042	0.226099014282	0.165904045105	0.151806116104	0.144690036774	
['./treeMaker/main', '-m', '-b']
0.14189696312	0.122182846069	0.150284051895	0.163978099823	0.117743968964	0.16530418396	0.0913980007172	0.0986449718475	0.0920948982239	0.19886302948	0.188586950302	0.252418041229	0.139464139938	0.16525888443	0.093533039093	0.138633966446	0.082179069519	0.204044103622	0.230781078339	0.256688833237	0.121571063995	0.159900903702	0.110826969147	0.164685964584	0.169309854507	0.197558879852	0.109107017517	0.112910985947	0.184550046921	0.165549993515	0.114696025848	0.101769208908	0.148337841034	0.317384958267	0.196374893188	0.103188991547	0.302558898926	0.132710933685	0.0996680259705	0.128842830658	0.15373301506	0.32546710968	0.126498937607	0.176087856293	0.215234041214	0.185158967972	0.245111942291	0.182765007019	0.160607099533	0.153389930725	
['./treeMaker/main', '-m', '-w', '1']
0.136575222015	0.11768913269	0.138024091721	0.150995969772	0.113873004913	0.156657934189	0.0866920948029	0.0943789482117	0.0887780189514	0.188292980194	0.178479909897	0.232035160065	0.130104780197	0.155968904495	0.0878620147705	0.126260995865	0.0798890590668	0.188839197159	0.215624809265	0.237059116364	0.115008831024	0.149785995483	0.105919837952	0.156268119812	0.159446001053	0.192317962646	0.105717897415	0.104923009872	0.170249938965	0.158560037613	0.11191701889	0.0978350639343	0.140645980835	0.288275003433	0.184589862823	0.0976128578186	0.28119301796	0.123136997223	0.0929839611053	0.123852968216	0.137326955795	0.298820018768	0.117491006851	0.163362979889	0.191842079163	0.173928976059	0.224182128906	0.167392015457	0.149580955505	0.143638134003	
['./treeMaker/main', '-m', '-w', '2']
0.135699987411	0.115005970001	0.140050172806	0.151569128036	0.112365007401	0.156233072281	0.0879080295563	0.0960249900818	0.0889987945557	0.187916040421	0.176030874252	0.233592987061	0.131927013397	0.155759096146	0.090765953064	0.127207994461	0.0791811943054	0.191455841064	0.219136953354	0.23784995079	0.12873506546	0.149442195892	0.104763031006	0.157747983932	0.160498857498	0.186738967896	0.107215881348	0.109142065048	0.172182798386	0.156727075577	0.11052107811	0.0986030101776	0.142048835754	0.293338060379	0.184818983078	0.0988178253174	0.28310585022	0.125551939011	0.0938510894775	0.133295059204	0.138857126236	0.300658226013	0.121347904205	0.165066003799	0.193053007126	0.175647974014	0.227048873901	0.178821086884	0.15362405777	0.145620107651	
['./treeMaker/main', '-m', '-c', '1']
0.134804010391	0.115168094635	0.14021396637	0.150588989258	0.114073991776	0.155081987381	0.0860111713409	0.0965628623962	0.0889101028442	0.184153795242	0.179383993149	0.232875108719	0.13023018837	0.155508995056	0.0874438285828	0.125542163849	0.0801529884338	0.190107822418	0.213387966156	0.247895002365	0.11500287056	0.149262905121	0.105159044266	0.155461072922	0.157768964767	0.184376001358	0.105713129044	0.106309890747	0.182968139648	0.154438018799	0.112335920334	0.0979790687561	0.140507936478	0.288482904434	0.182981967926	0.101802825928	0.275857925415	0.126311063766	0.0936439037323	0.122676134109	0.136471033096	0.307287931442	0.117944002151	0.1648042202	0.191165924072	0.174184799194	0.226400852203	0.16922211647	0.149024963379	0.147727012634	
['./treeMaker/main', '-m', '-c', '2']
0.136250019073	0.112267017365	0.137395858765	0.151423931122	0.111639022827	0.155105113983	0.0899031162262	0.0993218421936	0.0921490192413	0.193412065506	0.180116176605	0.253756999969	0.137179851532	0.15699505806	0.0901560783386	0.127382993698	0.0789651870728	0.190729141235	0.217932224274	0.244506835938	0.114831924438	0.149396896362	0.106721878052	0.156388044357	0.160416126251	0.184824228287	0.105383872986	0.107546806335	0.170256853104	0.156808853149	0.11140203476	0.0970041751862	0.14330291748	0.314082860947	0.18536901474	0.0977580547333	0.280147790909	0.12454199791	0.096559047699	0.122404098511	0.136976003647	0.300053834915	0.120774030685	0.163230895996	0.191542863846	0.177021026611	0.228877067566	0.170839071274	0.151774168015	0.146114110947	
['./treeMaker/main', '-m', '-a', '1']
0.151548147202	0.130207061768	0.153209209442	0.165009975433	0.129666090012	0.171234130859	0.102287054062	0.112462997437	0.103837013245	0.204412937164	0.193682909012	0.259442090988	0.146517038345	0.171522855759	0.103687047958	0.142369031906	0.0944900512695	0.206329107285	0.230464935303	0.250044107437	0.130831956863	0.162952899933	0.122831106186	0.170465946198	0.17360496521	0.19730591774	0.121925830841	0.122468948364	0.187475919724	0.169014930725	0.125864028931	0.113044977188	0.156753063202	0.305027008057	0.199591875076	0.116412878036	0.294085025787	0.140516996384	0.111210107803	0.139826059341	0.151296138763	0.313982963562	0.133383989334	0.179346084595	0.207663059235	0.188038110733	0.242449045181	0.181545972824	0.166128873825	0.158487081528	
['./treeMaker/main', '-m', '-a', '2']
0.137904882431	0.114224910736	0.13797211647	0.150810003281	0.124358892441	0.155839920044	0.0981590747833	0.0937030315399	0.0869989395142	0.199120044708	0.177448034286	0.231465101242	0.130453109741	0.155333042145	0.0898969173431	0.124264001846	0.0786378383636	0.190051078796	0.215719938278	0.236979961395	0.114076137543	0.147021055222	0.105386972427	0.155328989029	0.158986091614	0.194308996201	0.114302158356	0.107259988785	0.170668840408	0.155362129211	0.112556934357	0.0973529815674	0.140959024429	0.292521953583	0.182857990265	0.0984008312225	0.282124996185	0.125009059906	0.0941760540009	0.122390985489	0.13653087616	0.29976606369	0.118798017502	0.164396047592	0.191941976547	0.184967041016	0.228569984436	0.16784286499	0.155263900757	0.144402980804	
