25_1000_2.7e-10_0.0_470000000
25
1000
2.7e-10
0.0
470000000

['./treeMaker/main']
0.259249925613	0.18830704689	0.324459075928	0.667890071869	0.391374826431	0.318251848221	0.182650089264	0.201763868332	0.380161046982	0.477359056473	0.747122049332	0.829444885254	0.242527008057	0.356099128723	0.331037044525	0.265522003174	0.202388048172	0.635409116745	0.727377176285	1.08116793633	0.242103099823	0.305805206299	0.334378004074	0.332060813904	0.34011387825	0.524183988571	0.443686008453	0.191857099533	0.737255096436	0.588807106018	0.191196918488	0.369120836258	0.285789012909	1.22822403908	0.570029973984	0.172653913498	1.51095795631	0.225273132324	0.140721082687	0.432085990906	0.272827863693	1.54429984093	0.217455148697	0.707916975021	0.777073144913	0.496522903442	0.702835083008	0.653043031693	0.511985063553	0.488847017288	
['./treeMaker/main', '-b']
0.270565986633	0.195185899734	0.289917945862	0.348903894424	0.185523033142	0.327968835831	0.128840208054	0.343113899231	0.139533996582	0.627161979675	0.425280094147	1.17123699188	0.531883955002	0.58895277977	0.143351078033	0.481013059616	0.123322963715	0.664866924286	0.888360977173	0.872096061707	0.197089910507	0.327837944031	0.339277982712	0.590732097626	0.380754947662	0.458386898041	0.208511829376	0.331398963928	0.537934064865	0.343456983566	0.300207853317	0.161442041397	0.290959119797	1.52811098099	0.504359960556	0.318234920502	1.36142611504	0.252694129944	0.158861875534	0.211542129517	0.34162402153	1.01214885712	0.261467933655	0.589578151703	0.504060983658	0.813037872314	1.04968976974	0.37588596344	0.562924146652	0.287865877151	
['./treeMaker/main', '-u']
0.477798938751	0.195813894272	0.568746089935	0.302406072617	0.391795158386	0.588600158691	0.130037069321	0.14821600914	0.27488899231	0.474853992462	0.743926048279	1.11405611038	0.231853961945	0.455410957336	0.131273984909	0.357797861099	0.191090106964	0.614137887955	1.15606307983	1.15262889862	0.346899032593	0.326014041901	0.279400110245	0.538196086884	0.628117084503	0.948265075684	0.17258810997	0.214535951614	0.558971166611	0.341486215591	0.32942700386	0.15754199028	0.276909828186	1.77627921104	0.436381101608	0.225980997086	1.13170194626	0.403409004211	0.217254161835	0.459463119507	0.366176128387	1.68884396553	0.267403125763	0.351609945297	0.795978069305	0.840153932571	0.601500034332	0.524491071701	0.613269090652	0.28550696373	
['./treeMaker/main', '-t', '-r', '1']
5.87399983406	3.94868087769	6.38133001328	6.4047100544	3.81807613373	7.42360591888	2.20868897438	3.92164707184	2.83756494522	8.60480594635	9.33091688156	14.620445013	5.25115394592	7.79593205452	2.82349395752	4.96716403961	2.13211297989	9.74224710464	12.9915239811	13.7549650669	4.55453896523	6.2300889492	3.39724588394	6.98820996284	7.42102909088	9.20885396004	3.91605591774	4.33849000931	8.80758595467	6.97344112396	4.3356180191	3.9965171814	6.10469007492	17.6876850128	8.30157113075	3.05118608475	17.0903940201	5.167293787	3.51344203949	5.02131485939	6.15663409233	17.0485599041	4.97521710396	7.68849492073	9.67367100716	9.18581295013	12.6595799923	8.08533406258	7.11260485649	5.82382392883	
['./treeMaker/main', '-t', '-r', '2']
7.5687110424	5.44028496742	8.0897269249	9.11870288849	5.5860710144	9.25680994987	3.23963189125	4.43511199951	3.78480315208	12.3709139824	11.6920330524	17.6447470188	6.56691503525	9.47705817223	3.72446322441	7.18235993385	3.05122590065	13.3451929092	15.4480569363	16.8116328716	5.78792095184	8.27150392532	5.25503492355	9.59403300285	9.95686793327	12.3832859993	5.2848110199	5.13874697685	10.3119959831	9.99654889107	5.51454114914	4.47212290764	8.40726709366	23.7348480225	11.9707500935	4.2501180172	23.9962050915	6.37805891037	4.44529700279	6.28707289696	7.23216891289	22.7618188858	6.28346204758	10.1298651695	13.4740068913	11.0241351128	16.5611851215	10.6382799149	8.98799300194	7.94274091721	
['./treeMaker/main', '-t', '-r', '1', '-N']
5.60726284981	4.73861098289	5.98767495155	6.50613188744	4.75066113472	6.39440202713	2.93879795074	3.25328087807	2.44001889229	9.35286593437	8.08685016632	13.970539093	5.25904011726	7.71415901184	2.44134807587	5.21015501022	2.24123883247	9.95686197281	12.9655070305	13.3384809494	4.25921106339	7.13682794571	3.60021805763	7.72309207916	7.76195216179	9.17332601547	4.08247089386	3.94684195518	7.93672394753	7.21800804138	4.41118788719	3.53206682205	6.11688399315	17.8929829597	8.44070386887	3.03610301018	17.5622708797	5.27796292305	3.05341291428	4.45207500458	5.09150600433	11.5574429035	3.17769908905	5.02795100212	6.88952803612	5.86529612541	8.13060903549	5.36408209801	4.66394710541	3.63730192184	
['./treeMaker/main', '-t', '-r', '2', '-N']
5.6122879982	4.15096402168	5.95155787468	6.58465600014	4.18994903564	6.81643199921	2.54953694344	3.08904099464	2.7433719635	8.88179898262	8.36376309395	12.791795969	4.92350006104	7.00657820702	2.78938603401	5.12504601479	2.22215485573	9.77088999748	11.5903520584	12.3241081238	4.27057290077	6.17948102951	3.65357899666	6.99174690247	7.37156891823	9.09898495674	3.69956278801	3.77203392982	7.61297392845	7.22375011444	4.01153087616	3.36888504028	5.85942196846	17.4785959721	9.02482700348	3.18229699135	17.6760089397	4.7632188797	3.11682391167	4.76799106598	5.53040194511	16.7989149094	4.60174202919	7.44908189774	9.68862700462	8.38450598717	11.8311579227	7.68489599228	6.71416187286	6.07354903221	
['./treeMaker/main', '-m']
0.14387011528	0.128279924393	0.145843029022	0.149834156036	0.120580196381	0.155471801758	0.0871448516846	0.0950548648834	0.0880699157715	0.175582885742	0.164944887161	0.218926906586	0.11848115921	0.147583007812	0.0871798992157	0.123203039169	0.0815939903259	0.189835071564	0.206585884094	0.224719047546	0.110749006271	0.137124061584	0.101489782333	0.158205986023	0.150363922119	0.176503896713	0.102993965149	0.103544950485	0.164088964462	0.150798082352	0.106090068817	0.0957028865814	0.133368968964	0.268915176392	0.174143791199	0.0923731327057	0.270773172379	0.120012998581	0.0931389331818	0.116053104401	0.130056858063	0.268435001373	0.114292144775	0.15967798233	0.193534135818	0.16771197319	0.207813978195	0.159275054932	0.143434047699	0.134501934052	
['./treeMaker/main', '-m', '-b']
0.13508605957	0.113394021988	0.141991138458	0.152240991592	0.112425088882	0.155457019806	0.0868010520935	0.097375869751	0.0887799263	0.190361976624	0.17672085762	0.234395980835	0.127465009689	0.156319856644	0.0894141197205	0.129167795181	0.0804328918457	0.192669153214	0.220309019089	0.240546941757	0.115354061127	0.149065971375	0.104737043381	0.157593011856	0.160887956619	0.186940193176	0.107095956802	0.108299016953	0.172769069672	0.161173820496	0.112607955933	0.0971150398254	0.141129016876	0.290891170502	0.186414957047	0.0983769893646	0.29234790802	0.126039028168	0.0962760448456	0.122885942459	0.146219015121	0.292158126831	0.120148897171	0.165849924088	0.194571971893	0.177661895752	0.221112012863	0.169516086578	0.151740074158	0.140025138855	
['./treeMaker/main', '-m', '-w', '1']
0.129016160965	0.109686136246	0.135689973831	0.140957832336	0.107524871826	0.145975828171	0.0843329429626	0.0931210517883	0.0866830348969	0.175636053085	0.166208982468	0.219238996506	0.120270967484	0.148332118988	0.0898931026459	0.121345996857	0.080491065979	0.183339834213	0.206008911133	0.225676059723	0.111363887787	0.137536048889	0.10159611702	0.148262023926	0.150774002075	0.178633928299	0.103139162064	0.104703903198	0.162492990494	0.150375127792	0.106598854065	0.0942599773407	0.133358001709	0.26966881752	0.177350997925	0.0932860374451	0.273482084274	0.119891881943	0.0905940532684	0.115702152252	0.131092071533	0.269505977631	0.114333868027	0.156897068024	0.181025981903	0.16507601738	0.207803964615	0.158465147018	0.143196821213	0.133379936218	
['./treeMaker/main', '-m', '-w', '2']
0.130944013596	0.111661911011	0.136453151703	0.141982078552	0.110040187836	0.149559020996	0.0834920406342	0.0907471179962	0.0857791900635	0.176944971085	0.167990922928	0.219643115997	0.121099948883	0.149321079254	0.0880098342896	0.12374997139	0.0757877826691	0.182888031006	0.209470033646	0.22335100174	0.12047290802	0.139662027359	0.103059053421	0.149235010147	0.152499914169	0.176467895508	0.103780984879	0.104348897934	0.163130998611	0.152525901794	0.107018947601	0.0934100151062	0.138303041458	0.268649101257	0.176000833511	0.0931990146637	0.270391941071	0.120159864426	0.108061075211	0.116961956024	0.131369113922	0.271435022354	0.114249229431	0.156230926514	0.184669017792	0.165724992752	0.22371006012	0.160112857819	0.145345926285	0.135503053665	
['./treeMaker/main', '-m', '-c', '1']
0.129695177078	0.109750986099	0.134782791138	0.141298055649	0.10808801651	0.146739959717	0.084242105484	0.0916838645935	0.0863139629364	0.17609000206	0.166338205338	0.219163894653	0.119896888733	0.147897958755	0.0869710445404	0.122056007385	0.0798399448395	0.181478023529	0.203565835953	0.224244832993	0.113234996796	0.138573169708	0.101220846176	0.147220134735	0.150240182877	0.175668001175	0.103912115097	0.103526830673	0.175314903259	0.151371002197	0.108426094055	0.0957770347595	0.132034063339	0.269654035568	0.175671815872	0.0921590328217	0.271296977997	0.118867874146	0.0932250022888	0.116772890091	0.130441904068	0.280291795731	0.11442399025	0.157793998718	0.182631015778	0.165858030319	0.207552909851	0.158469200134	0.14365696907	0.137262821198	
['./treeMaker/main', '-m', '-c', '2']
0.127502918243	0.108063936234	0.135028839111	0.141784906387	0.106703996658	0.147806882858	0.0863389968872	0.100029945374	0.0892238616943	0.185705900192	0.178439855576	0.241693019867	0.127441883087	0.14985203743	0.0877358913422	0.121505975723	0.0774590969086	0.182606935501	0.211137056351	0.220988035202	0.111519813538	0.139052152634	0.103639125824	0.148833990097	0.151005029678	0.177245140076	0.103952884674	0.10454916954	0.162929058075	0.151541948318	0.107440948486	0.0941879749298	0.154056072235	0.28463602066	0.17499089241	0.092334985733	0.271198987961	0.118146896362	0.0928571224213	0.114459991455	0.128585100174	0.268314123154	0.113012075424	0.155474185944	0.183126926422	0.167316198349	0.20826792717	0.157233953476	0.141782999039	0.133857965469	
['./treeMaker/main', '-m', '-a', '1']
0.144216060638	0.124781131744	0.148861169815	0.159157991409	0.123295068741	0.161758899689	0.0972201824188	0.105621099472	0.100265026093	0.192146062851	0.179938793182	0.234246969223	0.136296987534	0.161275863647	0.103574037552	0.13623714447	0.0959579944611	0.198168992996	0.219767093658	0.237133026123	0.126534223557	0.152200937271	0.120052814484	0.162509202957	0.167340040207	0.191587924957	0.117161989212	0.117441892624	0.177768945694	0.165571928024	0.123349905014	0.110463857651	0.14986205101	0.285001039505	0.191689014435	0.108030080795	0.285416126251	0.135540008545	0.108617067337	0.132294893265	0.145622014999	0.285106897354	0.128723144531	0.173741102219	0.195729017258	0.179480075836	0.224282979965	0.173709154129	0.159296035767	0.152324199677	
['./treeMaker/main', '-m', '-a', '2']
0.129117012024	0.109699964523	0.135264873505	0.142054796219	0.118688106537	0.14718079567	0.0932779312134	0.0929999351501	0.0860760211945	0.183897972107	0.166599988937	0.219529867172	0.124302864075	0.149004936218	0.0879898071289	0.123456954956	0.0771009922028	0.181883096695	0.207038879395	0.222776174545	0.110649108887	0.138283967972	0.101446866989	0.148694992065	0.15049290657	0.185791015625	0.102340936661	0.105631113052	0.16131901741	0.151853084564	0.108180999756	0.094544172287	0.134311914444	0.267959833145	0.176290035248	0.0927710533142	0.269524812698	0.120008945465	0.0938010215759	0.115118026733	0.128942966461	0.26859998703	0.114341974258	0.155742168427	0.182372093201	0.175208091736	0.206774950027	0.159863948822	0.144326925278	0.131770849228	
