25_1000_4.9e-10_4.9e-10_470000000
25
1000
4.9e-10
4.9e-10
470000000

['./treeMaker/main']
0.111810922623	0.188243150711	0.194444894791	0.130057096481	0.135900020599	0.120167016983	0.140853881836	0.160217046738	0.148163795471	0.133635997772	0.142405033112	0.148099899292	0.133589029312	0.132112979889	0.122180938721	0.117521047592	0.162230968475	0.268320083618	0.153316020966	0.12306189537	0.13666510582	0.133572101593	0.158353090286	0.195744991302	0.196807146072	0.12552189827	0.167545080185	0.131718873978	0.106797933578	0.107823848724	0.228823900223	0.141054153442	0.472713947296	0.129209041595	0.0853109359741	0.180689811707	0.14586019516	0.125139951706	0.109319925308	0.198085069656	0.120334863663	0.174535989761	0.43075299263	0.121081113815	0.159572124481	0.126086950302	0.0743708610535	0.108718156815	0.108360052109	0.303667068481	
['./treeMaker/main', '-b']
0.114578962326	0.191565036774	0.202852964401	0.135813951492	0.141866922379	0.124272823334	0.147140979767	0.174046993256	0.1528840065	0.139425992966	0.149928092957	0.161114931107	0.141064882278	0.138927221298	0.126796007156	0.120287895203	0.178350925446	0.287791967392	0.154250144958	0.128429174423	0.141517877579	0.139068126678	0.172742843628	0.203874111176	0.199222803116	0.130681037903	0.171944856644	0.135200977325	0.113431930542	0.112333774567	0.236255168915	0.149683952332	0.495805978775	0.134416103363	0.0874600410461	0.199577093124	0.148955106735	0.130743980408	0.113787889481	0.203366041183	0.12867307663	0.180475950241	0.443492889404	0.128691196442	0.164124965668	0.129055023193	0.0784509181976	0.111884117126	0.109780788422	0.320111036301	
['./treeMaker/main', '-u']
0.121914863586	0.186157941818	0.193597078323	0.131796121597	0.136780023575	0.123245954514	0.142704963684	0.159330844879	0.150223016739	0.135968923569	0.143924951553	0.147158145905	0.135900020599	0.135384082794	0.12341594696	0.118433952332	0.16645693779	0.272923946381	0.15052819252	0.123339891434	0.138391971588	0.135640859604	0.159572839737	0.204056024551	0.195137023926	0.125070095062	0.167589902878	0.130852937698	0.108254909515	0.108245134354	0.228734970093	0.142991065979	0.47341799736	0.133135080338	0.0865559577942	0.183807134628	0.144104003906	0.124316930771	0.10939002037	0.197300195694	0.121048212051	0.176608085632	0.429406881332	0.123870134354	0.162093162537	0.125772953033	0.0752768516541	0.110810041428	0.107936143875	0.304963111877	
['./treeMaker/main', '-t', '-r', '1']
1.87261104584	3.19361996651	3.08464598656	2.17324614525	2.34187793732	2.07936096191	2.44925189018	2.81257200241	2.44151496887	2.40508389473	2.29674196243	2.40096998215	2.2648639679	2.18113589287	2.09822583199	2.04061293602	2.82139611244	4.09255290031	2.44832897186	1.91503810883	2.3501739502	1.99684309959	2.70194005966	2.87279295921	3.12913584709	1.87118792534	2.89662313461	2.22933387756	1.83969283104	1.81496191025	3.65610909462	2.42315816879	6.92628312111	2.27419519424	1.27372312546	3.17355203629	2.42211818695	2.04655694962	1.81310200691	3.29716515541	1.99877715111	2.8495259285	6.01117396355	2.00371289253	2.84117293358	2.10239005089	1.06082201004	1.84174108505	1.70081090927	4.27212405205	
['./treeMaker/main', '-t', '-r', '2']
3.17744207382	5.52256202698	5.81317019463	3.99664402008	3.94059991837	3.6594209671	4.02461600304	4.67409920692	4.57555913925	3.97282886505	4.66158103943	4.50431609154	4.1931540966	4.03498005867	3.67946505547	3.39299106598	5.02977204323	8.14235496521	4.47062277794	3.61252403259	4.1372961998	4.3076441288	4.67496991158	5.76631999016	5.56160712242	3.91876196861	5.0009469986	3.99442696571	3.07148599625	3.21625804901	7.21724104881	4.30113983154	12.008728981	3.85547184944	2.29490494728	5.58648300171	4.44809293747	3.73591303825	3.28624415398	5.94375514984	3.66195297241	5.40716910362	11.6611151695	3.51783299446	4.89530205727	3.65537595749	1.80457305908	3.24056792259	3.13071703911	9.33356308937	
['./treeMaker/main', '-t', '-r', '1', '-N']
1.87977409363	3.1970911026	3.09347605705	2.17699098587	2.34271001816	2.08474707603	2.46158003807	2.82098913193	2.44579792023	2.41220402718	2.30102419853	2.39628005028	2.26998305321	2.2431178093	2.10069489479	2.0410630703	2.819272995	4.09709906578	2.44561982155	1.91722416878	2.3399169445	2.0020160675	2.70655798912	2.88018083572	3.1216840744	1.87197685242	2.92170596123	2.23740315437	1.86141109467	1.82012104988	3.67659401894	2.4818789959	6.89322400093	2.27777600288	1.27676296234	3.18531394005	2.42745995522	2.04774308205	1.81397485733	3.30551505089	1.99402189255	2.85172486305	6.01663708687	2.00852203369	2.83800697327	2.10148501396	1.06310415268	1.84025382996	1.70590209961	4.27717494965	
['./treeMaker/main', '-t', '-r', '2', '-N']
3.18848896027	5.52543115616	5.82578110695	3.95958185196	3.93130517006	3.66418004036	4.02026700974	4.71011805534	4.58103585243	3.97153782845	4.67016100883	4.50982308388	4.19605493546	4.03089094162	3.68593811989	3.46985602379	4.94520401955	8.15333795547	4.46897506714	3.62261009216	4.18903493881	4.31317210197	4.67536306381	5.7877240181	5.55691695213	3.91354990005	5.03285884857	3.99444103241	3.06143903732	3.22628998756	7.20071387291	4.30170798302	12.0152220726	3.8563079834	2.29646992683	5.61325407028	4.43225312233	3.73600292206	3.23592305183	5.9542350769	3.69002580643	5.40715789795	11.648542881	3.50616908073	4.90636706352	3.65374803543	1.80889582634	3.2197830677	3.1320669651	9.31637191772	
['./treeMaker/main', '-m']
0.0806081295013	0.109048128128	0.113608837128	0.0908298492432	0.0897448062897	0.0834720134735	0.0921487808228	0.101258993149	0.0985209941864	0.0915260314941	0.0971529483795	0.0966610908508	0.0915999412537	0.101967096329	0.0896861553192	0.0834991931915	0.106517076492	0.135987043381	0.0948328971863	0.0884850025177	0.0918991565704	0.0940971374512	0.100118160248	0.114197969437	0.113150835037	0.0907838344574	0.104193925858	0.0905668735504	0.0803651809692	0.0828380584717	0.129167079926	0.0952491760254	0.187225103378	0.0887038707733	0.0698418617249	0.111027002335	0.0960700511932	0.0898249149323	0.088495016098	0.113833904266	0.0872089862823	0.104593992233	0.175024986267	0.086578130722	0.106588125229	0.088721036911	0.0630090236664	0.0804572105408	0.0802619457245	0.155585050583	
['./treeMaker/main', '-m', '-b']
0.0832321643829	0.115388154984	0.12265586853	0.0953340530396	0.0971050262451	0.0900051593781	0.0961730480194	0.108032941818	0.103427171707	0.096529006958	0.103140115738	0.101661920547	0.0980739593506	0.0981860160828	0.0924608707428	0.0885281562805	0.110033035278	0.149063110352	0.10249209404	0.091933965683	0.0959939956665	0.0995979309082	0.105226993561	0.122299909592	0.12219285965	0.100120067596	0.117038011551	0.100346088409	0.0875840187073	0.0835168361664	0.134658098221	0.0986380577087	0.19700217247	0.0954229831696	0.0712118148804	0.115415096283	0.100533008575	0.0930449962616	0.0846700668335	0.122298002243	0.0891211032867	0.113429069519	0.192993879318	0.0914218425751	0.106148958206	0.0919687747955	0.0627150535583	0.0837359428406	0.0846228599548	0.165494918823	
['./treeMaker/main', '-m', '-w', '1']
0.0948879718781	0.109773874283	0.113312959671	0.0914859771729	0.0899119377136	0.0855221748352	0.0929400920868	0.110663890839	0.0984261035919	0.0899620056152	0.0954148769379	0.100624799728	0.0923380851746	0.0902290344238	0.0881559848785	0.0832500457764	0.107434034348	0.137949943542	0.0947158336639	0.0866191387177	0.0919668674469	0.0944938659668	0.115062952042	0.112123012543	0.131170988083	0.0902268886566	0.104127168655	0.0987269878387	0.0784289836884	0.0813899040222	0.126940011978	0.0971109867096	0.185271024704	0.0879490375519	0.0691418647766	0.110858917236	0.0963649749756	0.0888171195984	0.0776488780975	0.113466978073	0.0888528823853	0.104650974274	0.175446033478	0.0857529640198	0.101330041885	0.0863280296326	0.0633809566498	0.0787930488586	0.0811741352081	0.152712106705	
['./treeMaker/main', '-m', '-w', '2']
0.0849249362946	0.109676837921	0.112147808075	0.0933930873871	0.0915269851685	0.0840518474579	0.100350856781	0.101528167725	0.102713823318	0.0896248817444	0.0993909835815	0.097069978714	0.104664087296	0.0923309326172	0.0885529518127	0.084939956665	0.108111858368	0.146325111389	0.0981049537659	0.0861999988556	0.0935370922089	0.0963699817657	0.100753068924	0.11470413208	0.114762067795	0.0908219814301	0.105706930161	0.106765985489	0.0833959579468	0.0842700004578	0.131477832794	0.0941159725189	0.184588909149	0.0886199474335	0.0700221061707	0.111169099808	0.0972080230713	0.0912051200867	0.0804569721222	0.117099046707	0.0874500274658	0.105581998825	0.17899107933	0.0845439434052	0.101440906525	0.0885331630707	0.0621180534363	0.0813391208649	0.0798261165619	0.154476165771	
['./treeMaker/main', '-m', '-c', '1']
0.0812149047852	0.108448982239	0.113470077515	0.0913908481598	0.0912868976593	0.0834269523621	0.0924980640411	0.0989289283752	0.0970661640167	0.0898599624634	0.0972650051117	0.10209608078	0.0915310382843	0.0912070274353	0.0872268676758	0.0833749771118	0.106610059738	0.137145042419	0.096803188324	0.089674949646	0.0918669700623	0.094722032547	0.0992748737335	0.112534999847	0.112617015839	0.0901257991791	0.10326385498	0.090213060379	0.0806121826172	0.0793979167938	0.127019882202	0.0953450202942	0.184533834457	0.0897691249847	0.0683219432831	0.109861135483	0.0957670211792	0.0906498432159	0.0796298980713	0.113639116287	0.0875728130341	0.121630907059	0.176126003265	0.0866320133209	0.100649118423	0.087208032608	0.0629720687866	0.079097032547	0.078115940094	0.153837919235	
['./treeMaker/main', '-m', '-c', '2']
0.0785369873047	0.109139204025	0.112802028656	0.0916140079498	0.0909550189972	0.085746049881	0.0926759243011	0.10977101326	0.107614994049	0.0898489952087	0.0964870452881	0.096039056778	0.092120885849	0.0919108390808	0.0882759094238	0.0856490135193	0.106312990189	0.142233848572	0.097207069397	0.0861220359802	0.0926640033722	0.092826128006	0.100256919861	0.115035057068	0.130875110626	0.0892450809479	0.103176832199	0.0897920131683	0.0782568454742	0.0803909301758	0.127566099167	0.0942568778992	0.182604074478	0.0900800228119	0.0694890022278	0.119289875031	0.0950410366058	0.087482213974	0.0788900852203	0.11522102356	0.0872230529785	0.104460954666	0.177059173584	0.0862278938293	0.101496219635	0.0876979827881	0.0615980625153	0.0806050300598	0.0794188976288	0.151081085205	
['./treeMaker/main', '-m', '-a', '1']
0.0891711711884	0.117187976837	0.120707988739	0.0976510047913	0.0987179279327	0.0904948711395	0.100567102432	0.108227014542	0.105369091034	0.0950019359589	0.103101968765	0.104454994202	0.0984220504761	0.0999350547791	0.0995590686798	0.0911848545074	0.114862918854	0.145812988281	0.112486124039	0.0998539924622	0.106190919876	0.107646942139	0.116204977036	0.121218919754	0.122764110565	0.100589990616	0.111534118652	0.097295999527	0.0875380039215	0.0886099338531	0.133583068848	0.100227832794	0.191082954407	0.10759806633	0.0752091407776	0.11650800705	0.103155136108	0.0974109172821	0.0872850418091	0.120710849762	0.106184959412	0.11554312706	0.183557033539	0.0976328849792	0.108971118927	0.0953099727631	0.0726931095123	0.0868408679962	0.0883939266205	0.161267995834	
['./treeMaker/main', '-m', '-a', '2']
0.092120885849	0.109097003937	0.113838911057	0.0908348560333	0.0906460285187	0.0849809646606	0.0946018695831	0.109839200974	0.0999999046326	0.0905909538269	0.0994031429291	0.0971319675446	0.0917239189148	0.0920720100403	0.0879549980164	0.0810010433197	0.103631973267	0.138632059097	0.096962928772	0.086021900177	0.0916321277618	0.0954790115356	0.100515842438	0.113523960114	0.116167068481	0.0891811847687	0.10166311264	0.0903811454773	0.0784230232239	0.080561876297	0.125630140305	0.0948140621185	0.184546947479	0.0905120372772	0.0667319297791	0.109445095062	0.0983550548553	0.0862538814545	0.0813090801239	0.113743066788	0.0857338905334	0.104615926743	0.177616119385	0.0836079120636	0.101350069046	0.0850460529327	0.0616221427917	0.083692073822	0.0805249214172	0.152448892593	
