25_1000_4.9e-10_4.9e-10_470000000_cut_2
25
1000
4.9e-10
4.9e-10
470000000
cut_2
['./treeMaker/main']
0.0532128810883	0.0825459957123	0.0889549255371	0.0570678710938	0.0668909549713	0.0540959835052	0.0664319992065	0.0705318450928	0.0700688362122	0.0628600120544	0.0651829242706	0.0659511089325	0.0635139942169	0.0634231567383	0.0559780597687	0.0490708351135	0.078330039978	0.120663881302	0.0628719329834	0.0564498901367	0.0594191551208	0.0531668663025	0.0723700523376	0.0913400650024	0.0886919498444	0.051255941391	0.0755801200867	0.0591080188751	0.0474309921265	0.0501191616058	0.107197999954	0.0673801898956	0.250201940536	0.0646131038666	0.0367438793182	0.0777719020844	0.0649950504303	0.0572080612183	0.0512897968292	0.0967650413513	0.0557379722595	0.0749139785767	0.204464912415	0.0529339313507	0.0793211460114	0.0600759983063	0.0300641059875	0.0491459369659	0.0490159988403	0.14813709259	
['./treeMaker/main', '-b']
0.0706930160522	0.0884118080139	0.0930449962616	0.0604040622711	0.0705041885376	0.0558640956879	0.0685260295868	0.0750279426575	0.0738999843597	0.0653688907623	0.0678291320801	0.0715651512146	0.0668549537659	0.0647649765015	0.0599789619446	0.0514490604401	0.0810489654541	0.128057956696	0.0658729076385	0.0579779148102	0.06360912323	0.0565118789673	0.0749979019165	0.0948269367218	0.0913710594177	0.0550990104675	0.0817041397095	0.062304019928	0.0484111309052	0.0536570549011	0.111329078674	0.0860190391541	0.258928060532	0.0662269592285	0.0372269153595	0.0799210071564	0.0661559104919	0.0705368518829	0.0534570217133	0.100661993027	0.0566380023956	0.0766658782959	0.212964057922	0.0552849769592	0.0885128974915	0.0566740036011	0.0293798446655	0.0496919155121	0.0495629310608	0.151061058044	
['./treeMaker/main', '-u']
0.0527000427246	0.0854761600494	0.0889120101929	0.0580530166626	0.0660240650177	0.0543019771576	0.0670499801636	0.0877640247345	0.0713431835175	0.0627379417419	0.0658919811249	0.0667109489441	0.0654759407043	0.0636260509491	0.0579290390015	0.0505681037903	0.0812821388245	0.121829986572	0.0633821487427	0.0551421642303	0.0608470439911	0.0560369491577	0.0723881721497	0.0919389724731	0.0886600017548	0.0546388626099	0.0763211250305	0.0586500167847	0.0461030006409	0.0499711036682	0.107572078705	0.067104101181	0.25342297554	0.0644681453705	0.0371191501617	0.0780520439148	0.0656778812408	0.0604770183563	0.0526449680328	0.0972440242767	0.0538518428802	0.0758230686188	0.205701112747	0.0528290271759	0.0757699012756	0.0573229789734	0.030944108963	0.0564110279083	0.0526180267334	0.148947954178	
['./treeMaker/main', '-t', '-r', '1']
0.965490818024	1.74545907974	1.6910340786	1.06359291077	1.31439709663	0.950117111206	1.36998820305	1.43503189087	1.31574988365	1.28732895851	1.24657797813	1.28814005852	1.21370077133	1.15582680702	1.09508705139	0.945652008057	1.59023785591	2.33456110954	1.12270998955	0.994059085846	1.21331000328	0.9488260746	1.40689611435	1.7717487812	1.79345178604	0.934273958206	1.57045412064	1.13388681412	0.835592031479	0.921851158142	2.25126481056	1.3251748085	4.74655389786	1.23623394966	0.561599969864	1.63959002495	1.23312497139	1.13972496986	0.979233026505	1.94769287109	1.01865410805	1.44767308235	3.82948708534	0.925650119781	1.6031191349	1.02961206436	0.415099859238	0.923387050629	0.849838018417	2.72619104385	
['./treeMaker/main', '-t', '-r', '2']
1.50279903412	2.75978899002	2.77592897415	1.68053007126	2.04876685143	1.52143096924	2.01727890968	2.1992149353	2.24649405479	1.93296790123	2.13445186615	2.07348489761	2.09132122993	1.93445110321	1.6411459446	1.43914008141	2.46457409859	4.04395389557	1.85783195496	1.64355397224	1.87620186806	1.74688410759	2.17927002907	2.98121595383	2.829007864	1.65109610558	2.42672896385	1.8556599617	1.28563499451	1.48090696335	3.56332206726	2.06918597221	7.0081319809	1.90602302551	0.922508001328	2.52677416801	1.99390292168	1.81639289856	1.56359505653	3.20021104813	1.70863604546	2.55636811256	6.27599096298	1.41669511795	2.48654699326	1.58701300621	0.640518903732	1.42331886292	1.36751317978	4.72555494308	
['./treeMaker/main', '-t', '-r', '1', '-N']
0.968963861465	1.74345898628	1.69003200531	1.06382513046	1.32074999809	0.953901052475	1.37332510948	1.4692940712	1.378054142	1.28782987595	1.2520160675	1.29100608826	1.22153091431	1.15621399879	1.10456204414	0.948040962219	1.59417200089	2.35575509071	1.12375879288	0.998884916306	1.25666284561	0.964439868927	1.40443110466	1.77664208412	1.7909579277	0.928477048874	1.61941480637	1.13612508774	0.838338136673	0.92563700676	2.26793599129	1.32805991173	4.74301600456	1.23520112038	0.564919948578	1.69787120819	1.25609087944	1.16018486023	1.04753303528	1.96579194069	1.07239890099	1.45115709305	3.79172706604	0.924533128738	1.61077594757	1.03404402733	0.414760112762	0.927865028381	0.850085020065	2.73700284958	
['./treeMaker/main', '-t', '-r', '2', '-N']
1.5015130043	2.78753185272	2.77613306046	1.68243503571	2.04591417313	1.52529001236	2.03144407272	2.20575094223	2.24517703056	1.94358992577	2.14369893074	2.07494401932	2.10564994812	1.92899894714	1.63542509079	1.43991184235	2.47181510925	4.03745698929	1.87009692192	1.64593601227	1.88311100006	1.71127796173	2.16365218163	2.96669912338	2.83024311066	1.65678405762	2.45341897011	1.86332297325	1.27785801888	1.47558188438	3.5633790493	2.13107395172	7.02150893211	1.90138101578	0.923702001572	2.53274607658	1.99155807495	1.82054805756	1.52985286713	3.19969511032	1.70717787743	2.52670383453	6.37252521515	1.42561984062	2.48294711113	1.58635187149	0.641569137573	1.41045403481	1.37167811394	4.72405600548	
['./treeMaker/main', '-m']
0.0444009304047	0.0597448348999	0.0627210140228	0.0456500053406	0.0497219562531	0.0432372093201	0.0496678352356	0.0632719993591	0.0630929470062	0.0479700565338	0.0481269359589	0.0516681671143	0.0499541759491	0.0476560592651	0.0461521148682	0.0425350666046	0.0573501586914	0.0799541473389	0.0491840839386	0.0457751750946	0.0486309528351	0.0443398952484	0.0545489788055	0.0638010501862	0.0640020370483	0.0447099208832	0.0562379360199	0.0479288101196	0.039314031601	0.0431230068207	0.0712249279022	0.0498199462891	0.118008136749	0.0496270656586	0.0436789989471	0.0598800182343	0.0512120723724	0.0470280647278	0.0430378913879	0.0645020008087	0.0447759628296	0.0555820465088	0.106112003326	0.0435140132904	0.0559899806976	0.0459141731262	0.0275890827179	0.0390410423279	0.0392751693726	0.0971648693085	
['./treeMaker/main', '-m', '-b']
0.0447549819946	0.0647830963135	0.0664458274841	0.0484290122986	0.0552651882172	0.0461142063141	0.0544347763062	0.0567338466644	0.0567500591278	0.049663066864	0.0527930259705	0.0551497936249	0.0541949272156	0.052127122879	0.0467178821564	0.0442869663239	0.0588200092316	0.0852420330048	0.0509178638458	0.0473539829254	0.0493409633636	0.0467209815979	0.0551700592041	0.0683441162109	0.0669660568237	0.045844078064	0.05748295784	0.0505609512329	0.0406379699707	0.0428578853607	0.0735421180725	0.0536959171295	0.124679088593	0.0554039478302	0.0344581604004	0.0719499588013	0.0540471076965	0.0504910945892	0.0461728572845	0.0703670978546	0.0483701229095	0.0577838420868	0.112169981003	0.045224905014	0.0591280460358	0.0480101108551	0.0402729511261	0.0427930355072	0.0443079471588	0.0966160297394	
['./treeMaker/main', '-m', '-w', '1']
0.0442008972168	0.060338973999	0.0652749538422	0.0475549697876	0.0527992248535	0.0445499420166	0.0500481128693	0.0661239624023	0.0547468662262	0.0485191345215	0.0482699871063	0.052227973938	0.0493271350861	0.0487370491028	0.0450720787048	0.0406301021576	0.0579679012299	0.0795829296112	0.0486710071564	0.0451819896698	0.0484220981598	0.0447359085083	0.0532929897308	0.0631561279297	0.0649209022522	0.043998003006	0.0576598644257	0.046844959259	0.039901971817	0.0426290035248	0.0708501338959	0.0495510101318	0.118932008743	0.0506100654602	0.0299909114838	0.0585739612579	0.0491349697113	0.0468389987946	0.0529999732971	0.0661208629608	0.0447859764099	0.0555369853973	0.105114936829	0.0437521934509	0.0536839962006	0.0449759960175	0.0270540714264	0.0384809970856	0.0409550666809	0.0867619514465	
['./treeMaker/main', '-m', '-w', '2']
0.0446770191193	0.0586709976196	0.0638129711151	0.0463349819183	0.0535612106323	0.0454978942871	0.0522661209106	0.0534298419952	0.0538859367371	0.0485990047455	0.0487830638885	0.0630321502686	0.0505359172821	0.0486340522766	0.0439150333405	0.0410618782043	0.0587301254272	0.0794701576233	0.0493319034576	0.0525050163269	0.0466718673706	0.0458090305328	0.0548779964447	0.0738949775696	0.0623080730438	0.0420730113983	0.0566580295563	0.0458099842072	0.0379309654236	0.0404920578003	0.0715701580048	0.0519409179688	0.117649078369	0.0501260757446	0.0321309566498	0.0582060813904	0.0488338470459	0.0469629764557	0.0418939590454	0.0649511814117	0.0602259635925	0.0609731674194	0.104840993881	0.0420608520508	0.0559978485107	0.0455842018127	0.0281839370728	0.038999080658	0.0395541191101	0.0896029472351	
['./treeMaker/main', '-m', '-c', '1']
0.0412080287933	0.0580949783325	0.0629708766937	0.0463900566101	0.0512509346008	0.0447721481323	0.0490529537201	0.0628600120544	0.0515279769897	0.0479719638824	0.060909986496	0.050637960434	0.0494921207428	0.051717042923	0.0472049713135	0.0407228469849	0.0574178695679	0.0793850421906	0.0472140312195	0.045077085495	0.0503370761871	0.0445358753204	0.0534729957581	0.0634818077087	0.063285112381	0.0445468425751	0.0572290420532	0.0469360351562	0.0373950004578	0.0428111553192	0.0709869861603	0.050577878952	0.117388010025	0.0520741939545	0.0304889678955	0.0568699836731	0.0516128540039	0.0466330051422	0.0429129600525	0.0667209625244	0.044469833374	0.0555949211121	0.104304075241	0.0427160263062	0.0556120872498	0.0459229946136	0.0268759727478	0.0383439064026	0.0400500297546	0.0860998630524	
['./treeMaker/main', '-m', '-c', '2']
0.0438249111176	0.0590178966522	0.0628480911255	0.0458500385284	0.0522859096527	0.0445849895477	0.0507910251617	0.0551640987396	0.0514419078827	0.0478990077972	0.0509688854218	0.0488798618317	0.0497059822083	0.0483870506287	0.0449659824371	0.04035115242	0.0569980144501	0.0885350704193	0.0491011142731	0.0454540252686	0.0480439662933	0.0439357757568	0.0544781684875	0.0649499893188	0.0638978481293	0.0437400341034	0.0555441379547	0.0485279560089	0.0487370491028	0.0402028560638	0.0714151859283	0.0505051612854	0.115952014923	0.0499110221863	0.0325729846954	0.0577819347382	0.0481259822845	0.0462520122528	0.0438599586487	0.0659520626068	0.0463318824768	0.055349111557	0.106462955475	0.0428340435028	0.0557420253754	0.0450830459595	0.0370709896088	0.0393090248108	0.0396580696106	0.0892269611359	
['./treeMaker/main', '-m', '-a', '1']
0.0465550422668	0.0647439956665	0.0776650905609	0.0492532253265	0.0533068180084	0.0477211475372	0.0549128055573	0.0573790073395	0.0590679645538	0.0522000789642	0.053915977478	0.0541059970856	0.0549399852753	0.0533411502838	0.050745010376	0.046993970871	0.0596580505371	0.0840039253235	0.0542731285095	0.049134016037	0.0532040596008	0.0479071140289	0.0591340065002	0.0719408988953	0.0688269138336	0.0452680587769	0.0595319271088	0.0493929386139	0.0437319278717	0.0487840175629	0.0720191001892	0.0525341033936	0.121047973633	0.0547640323639	0.0364120006561	0.0624170303345	0.0553648471832	0.0500509738922	0.0478930473328	0.0710461139679	0.0480771064758	0.0588481426239	0.109917163849	0.0481669902802	0.0579090118408	0.0492959022522	0.0304160118103	0.0446908473969	0.0453500747681	0.0911920070648	
['./treeMaker/main', '-m', '-a', '2']
0.0438690185547	0.0602011680603	0.0654721260071	0.0482800006866	0.0533740520477	0.043289899826	0.0499861240387	0.0531129837036	0.052677154541	0.0487380027771	0.0489718914032	0.0518839359283	0.0516159534454	0.0480160713196	0.0466859340668	0.0435891151428	0.0575590133667	0.0801770687103	0.0479400157928	0.0455350875854	0.0491290092468	0.0437088012695	0.0543048381805	0.062362909317	0.0629270076752	0.0444009304047	0.0543930530548	0.0476999282837	0.0379700660706	0.0408282279968	0.0714700222015	0.0520508289337	0.12916302681	0.0514640808105	0.0322458744049	0.0584940910339	0.0497870445251	0.045893907547	0.0444450378418	0.0668859481812	0.0451021194458	0.0564410686493	0.106582164764	0.0439569950104	0.055410861969	0.0449590682983	0.0272889137268	0.0390520095825	0.0392711162567	0.0885150432587	
