25_1000_4.9e-10_4.9e-10_470000000_cut_9
25
1000
4.9e-10
4.9e-10
470000000
cut_9
['./treeMaker/main']
0.0505471229553	0.0798251628876	0.083288192749	0.058333158493	0.0612590312958	0.0541861057281	0.059965133667	0.0686681270599	0.0791051387787	0.0597338676453	0.0596840381622	0.0606188774109	0.0607738494873	0.0566020011902	0.0532548427582	0.0524320602417	0.0707640647888	0.126282930374	0.0750200748444	0.0509941577911	0.0580499172211	0.0519821643829	0.0704069137573	0.0866651535034	0.0827119350433	0.0526931285858	0.0702078342438	0.0612170696259	0.0471479892731	0.0480098724365	0.0992610454559	0.0651488304138	0.226930856705	0.0690591335297	0.0344979763031	0.0771729946136	0.0646588802338	0.0564091205597	0.0491111278534	0.0923798084259	0.0523099899292	0.0774099826813	0.197551012039	0.0572049617767	0.0714461803436	0.0570139884949	0.0286059379578	0.0468940734863	0.0476608276367	0.118275880814	
['./treeMaker/main', '-b']
0.0509788990021	0.0847280025482	0.0868101119995	0.0604438781738	0.0677762031555	0.0557091236115	0.0646049976349	0.0783231258392	0.0702879428864	0.0611569881439	0.0640230178833	0.0621628761292	0.0616199970245	0.0617229938507	0.0628318786621	0.0599410533905	0.0730230808258	0.129377126694	0.0686371326447	0.0541818141937	0.0615549087524	0.0542140007019	0.0729839801788	0.0847599506378	0.0842349529266	0.0540840625763	0.0724759101868	0.064013004303	0.0465829372406	0.0500349998474	0.102788925171	0.0661020278931	0.23243021965	0.0644738674164	0.0354650020599	0.0803558826447	0.0640759468079	0.0566139221191	0.0506210327148	0.0944080352783	0.0526311397552	0.0790729522705	0.203310012817	0.060026884079	0.0755360126495	0.0579459667206	0.0289559364319	0.0486760139465	0.0509688854218	0.122815132141	
['./treeMaker/main', '-u']
0.0552499294281	0.0799150466919	0.0841410160065	0.0579741001129	0.0618100166321	0.0541567802429	0.0624811649323	0.0692279338837	0.06964802742	0.0586240291595	0.060674905777	0.0602519512177	0.0610339641571	0.0572800636292	0.0526731014252	0.0527181625366	0.0709891319275	0.12494301796	0.0654990673065	0.0543150901794	0.0585858821869	0.0525000095367	0.0704259872437	0.0822491645813	0.0829429626465	0.0524878501892	0.0688910484314	0.0630090236664	0.0482151508331	0.0480480194092	0.100550889969	0.0659198760986	0.226420879364	0.0690112113953	0.0352809429169	0.0795910358429	0.0662231445312	0.0554521083832	0.0501618385315	0.0935750007629	0.0530869960785	0.0762069225311	0.197782993317	0.0575540065765	0.0715188980103	0.0577130317688	0.0297820568085	0.0475609302521	0.0505449771881	0.119001150131	
['./treeMaker/main', '-t', '-r', '1']
0.836092948914	1.59225010872	1.78720402718	1.03058099747	1.1162519455	0.952743053436	1.15693187714	1.43522906303	1.24066400528	1.09841108322	1.08326292038	1.08706188202	1.06647205353	0.96308016777	0.900046110153	0.930021047592	1.35434699059	2.4208688736	1.18126916885	0.850355148315	1.11652183533	0.959254026413	1.37097406387	1.61842703819	1.55158996582	0.90238404274	1.39684081078	1.19223093987	0.783049106598	0.79395699501	2.08356595039	1.19062685966	4.4257440567	1.0968940258	0.466733932495	1.61207485199	1.19227600098	0.989320993423	0.81347990036	1.80739212036	0.86931014061	1.50990200043	3.73584604263	0.980526208878	1.51465296745	0.967890977859	0.340048074722	0.818187952042	0.75578212738	2.2606818676	
['./treeMaker/main', '-t', '-r', '2']
1.3250169754	2.51690196991	2.59131789207	1.68086981773	1.74910283089	1.53276705742	1.73635411263	2.06612181664	2.04772496223	1.66404604912	1.81876397133	1.74004292488	1.82520508766	1.59277415276	1.36513113976	1.43864417076	2.10697412491	4.22847890854	2.00534796715	1.39283299446	1.72983002663	1.66315412521	2.0618288517	2.50277996063	2.49114608765	1.55454897881	2.10444188118	1.91161584854	1.20603394508	1.26535606384	3.2277879715	1.89062786102	6.4221098423	1.68234181404	0.759696006775	2.51262593269	1.88973712921	1.4772131443	1.2647922039	2.89758300781	1.43840503693	2.63415288925	6.02543711662	1.51203513145	2.27199912071	1.50238585472	0.529094219208	1.26220297813	1.24946594238	3.75434398651	
['./treeMaker/main', '-t', '-r', '1', '-N']
0.838999032974	1.60475802422	1.57681703568	1.03668498993	1.11657500267	0.951341152191	1.15587592125	1.37003993988	1.23142004013	1.08734512329	1.08802604675	1.08831596375	1.06593108177	0.96657705307	0.902095079422	0.932466030121	1.35775494576	2.42786097527	1.20098400116	0.852705001831	1.14126491547	0.98649597168	1.38141393661	1.68508601189	1.61504387856	0.905570983887	1.40104722977	1.19994783401	0.782875061035	0.814960002899	2.10300993919	1.21647596359	4.4739279747	1.11739611626	0.480413913727	1.63607883453	1.21668100357	0.983951091766	0.825628042221	1.8239300251	0.869621038437	1.53140187263	3.8082010746	0.9923350811	1.54481291771	0.990479946136	0.352491140366	0.839303970337	0.801779985428	2.31249904633	
['./treeMaker/main', '-t', '-r', '2', '-N']
1.33154511452	2.60455203056	2.63990116119	1.71172499657	1.79316711426	1.55641198158	1.77243185043	2.12819981575	2.08892393112	1.69582486153	1.89175486565	1.7851498127	1.86565613747	1.6186671257	1.40843892097	1.50328397751	2.19152784348	4.30328416824	2.04452705383	1.44464612007	1.79421496391	1.71134901047	2.12366485596	2.49234390259	2.53844809532	1.5630569458	2.12079620361	1.91635203362	1.21604800224	1.28198003769	3.33754920959	1.9076859951	6.75982093811	1.72166705132	0.758616924286	2.57866597176	1.90504288673	1.51532793045	1.29256105423	2.92450881004	1.49824118614	2.67122006416	6.20804095268	1.53351593018	2.35776782036	1.54816007614	0.545120000839	1.31184697151	1.22862386703	3.85627985001	
['./treeMaker/main', '-m']
0.0426070690155	0.0577030181885	0.0594890117645	0.0447351932526	0.0480380058289	0.0424880981445	0.0481729507446	0.0519168376923	0.0513892173767	0.0450229644775	0.0586898326874	0.048033952713	0.0484018325806	0.0458297729492	0.0434381961823	0.0421659946442	0.0551729202271	0.0814929008484	0.0505340099335	0.0564699172974	0.044713973999	0.0417189598083	0.0534119606018	0.0606050491333	0.0620610713959	0.0426688194275	0.0541379451752	0.0625109672546	0.0410101413727	0.0418689250946	0.0720121860504	0.0524990558624	0.117516040802	0.0514500141144	0.0322151184082	0.062117099762	0.0524969100952	0.0469100475311	0.0417330265045	0.0819900035858	0.0407629013062	0.0571320056915	0.104031085968	0.0426249504089	0.0536727905273	0.0436058044434	0.0244669914246	0.0449540615082	0.0414669513702	0.0804560184479	
['./treeMaker/main', '-m', '-b']
0.0455870628357	0.0695209503174	0.0644030570984	0.0571880340576	0.0548419952393	0.0479710102081	0.0537588596344	0.0547208786011	0.0561230182648	0.0598990917206	0.0508959293365	0.0591371059418	0.0518591403961	0.0485479831696	0.049596786499	0.0440218448639	0.0608830451965	0.0868229866028	0.0559270381927	0.0485260486603	0.050989151001	0.0515649318695	0.0583009719849	0.0661058425903	0.0667080879211	0.044842004776	0.0566341876984	0.0513918399811	0.0412368774414	0.0435349941254	0.0729520320892	0.0529429912567	0.128060102463	0.0542089939117	0.032466173172	0.0672619342804	0.0543630123138	0.0476341247559	0.0431799888611	0.0709002017975	0.0439591407776	0.0609149932861	0.114956855774	0.0610818862915	0.0634291172028	0.0479099750519	0.0262489318848	0.042181968689	0.0445690155029	0.0829081535339	
['./treeMaker/main', '-m', '-w', '1']
0.0420370101929	0.0623099803925	0.0634410381317	0.0506119728088	0.0539579391479	0.0462210178375	0.0539789199829	0.0544879436493	0.0534927845001	0.0476810932159	0.0509340763092	0.0498061180115	0.0495159626007	0.0491850376129	0.044303894043	0.0444581508636	0.0569500923157	0.0835320949554	0.0525779724121	0.0425100326538	0.0488610267639	0.0475919246674	0.0566320419312	0.060250043869	0.0620200634003	0.0425860881805	0.0537948608398	0.0483241081238	0.0386979579926	0.0408229827881	0.0696229934692	0.0502650737762	0.11351108551	0.0507838726044	0.0380311012268	0.0589718818665	0.0648231506348	0.0448169708252	0.0402419567108	0.0667090415955	0.0423359870911	0.0578901767731	0.117027997971	0.0465641021729	0.0576620101929	0.0471789836884	0.0278451442719	0.0397078990936	0.0395479202271	0.07896900177	
['./treeMaker/main', '-m', '-w', '2']
0.0420939922333	0.0604000091553	0.0628581047058	0.0477499961853	0.0521330833435	0.0477349758148	0.0519971847534	0.0532639026642	0.0703799724579	0.0464398860931	0.0573370456696	0.0495610237122	0.0492179393768	0.0512089729309	0.0487298965454	0.047572851181	0.0615601539612	0.0855889320374	0.0507018566132	0.0446629524231	0.0466151237488	0.0453569889069	0.0557079315186	0.0616290569305	0.0607960224152	0.0450360774994	0.0667200088501	0.0475430488586	0.0398509502411	0.0423860549927	0.0696029663086	0.0507519245148	0.114043951035	0.0536839962006	0.0323419570923	0.0617198944092	0.0523409843445	0.0482420921326	0.0438208580017	0.0691609382629	0.0430729389191	0.0607569217682	0.110867023468	0.0465989112854	0.0560281276703	0.0467050075531	0.0275740623474	0.0414779186249	0.0434648990631	0.0796611309052	
['./treeMaker/main', '-m', '-c', '1']
0.0445628166199	0.0570240020752	0.06094789505	0.0464789867401	0.053032875061	0.0426170825958	0.049064874649	0.0542380809784	0.052295923233	0.0505321025848	0.0499701499939	0.0513548851013	0.0502619743347	0.0486471652985	0.045373916626	0.0441539287567	0.0582699775696	0.0830900669098	0.0610840320587	0.0428309440613	0.0464990139008	0.0444707870483	0.0553789138794	0.0706617832184	0.0630750656128	0.0442409515381	0.0643708705902	0.0483849048615	0.0404899120331	0.0438010692596	0.0711898803711	0.0528450012207	0.117381811142	0.0528090000153	0.0356590747833	0.0612061023712	0.0525190830231	0.047828912735	0.0514619350433	0.0663828849792	0.043231010437	0.0563991069794	0.106868028641	0.0457980632782	0.0562388896942	0.0430238246918	0.0265669822693	0.040295124054	0.0531430244446	0.0826768875122	
['./treeMaker/main', '-m', '-c', '2']
0.0426118373871	0.0622611045837	0.0660610198975	0.0461759567261	0.0616309642792	0.0455901622772	0.0524349212646	0.0557470321655	0.0550661087036	0.0487749576569	0.0533931255341	0.0520780086517	0.0512480735779	0.0486440658569	0.0473408699036	0.0430600643158	0.0563039779663	0.0806889533997	0.0509440898895	0.044753074646	0.04936003685	0.0468599796295	0.0547611713409	0.0622551441193	0.063661813736	0.0591208934784	0.0511231422424	0.0464329719543	0.0371108055115	0.0382559299469	0.0677819252014	0.0626060962677	0.115557193756	0.0583310127258	0.028697013855	0.0571858882904	0.0480170249939	0.0432579517365	0.0383670330048	0.0668270587921	0.0407559871674	0.055636882782	0.102386951447	0.0426409244537	0.0528528690338	0.0434379577637	0.024160861969	0.0390717983246	0.0396640300751	0.0762591362	
['./treeMaker/main', '-m', '-a', '1']
0.0452601909637	0.065376996994	0.0778748989105	0.0513679981232	0.0581960678101	0.0481739044189	0.0538210868835	0.060656785965	0.058089017868	0.0524117946625	0.0513181686401	0.0520379543304	0.0522389411926	0.0496850013733	0.0477287769318	0.0484070777893	0.0607101917267	0.0925941467285	0.0526559352875	0.0556480884552	0.0514061450958	0.0467538833618	0.0587749481201	0.0637419223785	0.0641191005707	0.0447409152985	0.0582940578461	0.0518550872803	0.043340921402	0.0450749397278	0.0738790035248	0.0552668571472	0.117999076843	0.0522871017456	0.0337460041046	0.062148809433	0.0621819496155	0.0485990047455	0.0474441051483	0.0696821212769	0.0451638698578	0.0682098865509	0.114028930664	0.0614881515503	0.0590488910675	0.0611259937286	0.0299248695374	0.0430619716644	0.0440950393677	0.0836000442505	
['./treeMaker/main', '-m', '-a', '2']
0.047030210495	0.0608479976654	0.0623891353607	0.0470640659332	0.0535409450531	0.04505610466	0.0502300262451	0.0572431087494	0.0535690784454	0.0458281040192	0.0502870082855	0.0519058704376	0.0506520271301	0.047247171402	0.0443699359894	0.0440728664398	0.0541958808899	0.0818710327148	0.0521810054779	0.0505430698395	0.0552899837494	0.0460739135742	0.0660150051117	0.0703639984131	0.0607280731201	0.0437259674072	0.0569860935211	0.0518279075623	0.049498796463	0.0498349666595	0.0705268383026	0.0526030063629	0.11487197876	0.049339056015	0.0381560325623	0.06112408638	0.0515871047974	0.0476989746094	0.0400919914246	0.0717740058899	0.0559010505676	0.0605630874634	0.105941057205	0.0468549728394	0.0563700199127	0.048789024353	0.0288889408112	0.0523810386658	0.0494930744171	0.0850150585175	
