25_1000_2.7e-10_1.35e-10_470000000
25
1000
2.7e-10
1.35e-10
470000000

['./treeMaker/main']
0.117797851562	0.206161022186	0.324505805969	0.0928378105164	0.0985682010651	0.156389951706	0.0874309539795	0.17261505127	0.1361951828	0.170087099075	0.0828211307526	0.104468107224	0.10132598877	0.71811413765	0.0858781337738	0.0889649391174	0.144433021545	0.216238975525	0.137490987778	0.117446899414	0.120463132858	0.160171985626	0.149564981461	0.130995035172	0.139367103577	0.272597789764	0.0916879177094	0.130101203918	0.148023843765	0.183215856552	0.127664089203	0.104835033417	0.0824871063232	0.133347034454	0.0873720645905	0.15726184845	0.12692284584	0.174530029297	0.175831079483	0.12554192543	0.113770961761	0.180603027344	0.113052129745	0.102267980576	0.137206077576	0.109050989151	0.104298114777	0.172755002975	0.102420806885	0.0824060440063	
['./treeMaker/main', '-b']
0.121047019958	0.215850830078	0.333517074585	0.0903789997101	0.10123705864	0.15621304512	0.0913879871368	0.178671121597	0.140581846237	0.164933919907	0.0905389785767	0.109932899475	0.106096982956	0.735256910324	0.089467048645	0.0919909477234	0.147686958313	0.226389884949	0.141779899597	0.121422052383	0.122970819473	0.167317867279	0.154010057449	0.135661840439	0.143980979919	0.284387111664	0.0959560871124	0.134552001953	0.152821063995	0.190171003342	0.13526892662	0.109197854996	0.0869300365448	0.141655921936	0.100991010666	0.163519859314	0.130778074265	0.179305076599	0.183318138123	0.132042169571	0.125567913055	0.185323953629	0.118640184402	0.10550403595	0.144703865051	0.113708972931	0.107213973999	0.177486896515	0.105763912201	0.0873508453369	
['./treeMaker/main', '-u']
0.12362408638	0.208204984665	0.322167158127	0.0951659679413	0.104943990707	0.161221027374	0.0911831855774	0.180346012115	0.138110876083	0.162129163742	0.0869059562683	0.108372926712	0.103646993637	0.721629858017	0.0891878604889	0.0907740592957	0.146142959595	0.22170996666	0.137228965759	0.118750095367	0.120865106583	0.161190986633	0.148614168167	0.1351749897	0.139758825302	0.273157119751	0.0918660163879	0.133249044418	0.148376941681	0.184788942337	0.13130402565	0.106359958649	0.0857601165771	0.134213924408	0.0867240428925	0.158435821533	0.129471063614	0.181955814362	0.177181005478	0.129072904587	0.120048046112	0.181143045425	0.114784002304	0.105206012726	0.140221118927	0.108099937439	0.121089935303	0.172030210495	0.101842880249	0.0872089862823	
['./treeMaker/main', '-t', '-r', '1']
1.89816498756	3.27188491821	4.64501690865	1.33025813103	1.59307980537	2.53692698479	1.28499484062	2.87207794189	2.17083096504	2.61243605614	1.16062903404	1.59597802162	1.66774892807	9.3947429657	1.31542992592	1.37156200409	2.3862490654	3.43867182732	2.27793288231	1.7267370224	2.00646996498	2.28591513634	2.46904301643	2.07068300247	2.37030816078	3.9141330719	1.3718957901	2.08200716972	2.48057985306	2.96004796028	1.99311590195	1.64624404907	1.26586580276	2.2095451355	1.28287005424	2.52598118782	2.00040102005	2.69205594063	2.94223189354	1.93902397156	1.80030608177	3.00753593445	1.86028599739	1.60295987129	2.25438404083	1.84988903999	1.89297389984	3.31418013573	1.7599670887	1.37650895119	
['./treeMaker/main', '-t', '-r', '2']
3.79642415047	6.9246878624	10.4734930992	2.73293113708	2.99954509735	4.98549008369	2.48539710045	5.67694401741	4.30190587044	5.23870491982	2.27131104469	3.30887794495	3.07608294487	19.2544031143	2.61579394341	2.54946494102	4.67382693291	6.69998979568	4.3705470562	3.84907507896	3.98747301102	5.61853599548	4.9035820961	4.1751909256	4.50351309776	9.28837704659	2.79127001762	3.99437904358	4.91922211647	6.14693498611	4.19041013718	3.5292930603	2.35293292999	4.4704709053	2.49174594879	5.22668099403	4.12388300896	5.64429211617	5.99420499802	3.92143011093	3.51066613197	5.76320290565	3.54347395897	2.98419594765	4.46294808388	3.29553604126	3.21442985535	5.76094794273	3.05210590363	2.36770296097	
['./treeMaker/main', '-t', '-r', '1', '-N']
2.1992430687	3.74951982498	5.43271517754	1.56429815292	1.85927605629	3.00325512886	1.50969791412	3.3486559391	2.49052810669	3.04502606392	1.39356279373	1.86267089844	1.93754315376	11.2065761089	1.53254508972	1.61886906624	2.80757498741	4.02601885796	2.67507719994	2.10628199577	1.9809949398	2.28826189041	2.48488306999	2.07964706421	2.37430596352	3.92226314545	1.37441802025	2.08710408211	2.48084998131	2.98392605782	2.0000629425	1.64539289474	1.265666008	2.20690584183	1.28343009949	2.52320599556	2.00069499016	2.69007778168	2.95085406303	1.94070291519	1.77611899376	3.01269984245	1.86858701706	1.59758496284	2.25773596764	1.63629198074	1.62908411026	2.8495900631	1.4789121151	1.15802907944	
['./treeMaker/main', '-t', '-r', '2', '-N']
3.10026907921	5.81792187691	8.78609108925	2.3073079586	2.49963712692	4.30388903618	2.12133598328	4.82047390938	3.68370485306	4.47196698189	1.91933608055	2.82290482521	2.63098597527	16.4773180485	2.24095702171	2.18823480606	3.98952507973	5.76381897926	3.74415016174	3.32261490822	3.40716695786	4.81150197983	4.17976021767	3.55389499664	3.83187890053	7.94296693802	2.35665297508	3.38417196274	4.21733093262	5.23188900948	3.56275391579	3.03483390808	1.99154615402	3.78881788254	2.1162378788	4.53793692589	3.54198408127	4.88335704803	5.26404905319	3.40062189102	3.68209505081	5.90943908691	3.65247988701	3.23865485191	4.7311527729	3.45189189911	3.5926759243	5.75556516647	3.06912899017	2.37572288513	
['./treeMaker/main', '-m']
0.107098817825	0.158173084259	0.189368963242	0.0927670001984	0.0971009731293	0.129321813583	0.100790977478	0.135545015335	0.121167898178	0.136681079865	0.0862579345703	0.101795196533	0.0974271297455	0.292052030563	0.0899000167847	0.0941841602325	0.121587991714	0.152992963791	0.118572950363	0.112753868103	0.109750986099	0.135576963425	0.126775026321	0.115853071213	0.136081933975	0.184568166733	0.101774930954	0.117058038712	0.126787900925	0.144231081009	0.131139993668	0.105144023895	0.0891270637512	0.123049974442	0.0933139324188	0.134654045105	0.115237951279	0.140276908875	0.151252985001	0.121324062347	0.113278150558	0.145461082458	0.114871025085	0.0940580368042	0.127055883408	0.104787826538	0.0995140075684	0.134327888489	0.102693080902	0.0899829864502	
['./treeMaker/main', '-m', '-b']
0.122278213501	0.166059017181	0.203800916672	0.0998618602753	0.106074094772	0.137011051178	0.10610294342	0.145223855972	0.125948905945	0.132550954819	0.0903499126434	0.108246088028	0.105195045471	0.312631130219	0.0945601463318	0.0969660282135	0.128701925278	0.164966106415	0.12376499176	0.118293046951	0.118804216385	0.144195079803	0.14698600769	0.12317609787	0.129844903946	0.196657180786	0.100505113602	0.120959997177	0.134006023407	0.155004024506	0.124113082886	0.108303070068	0.0927329063416	0.1275370121	0.104999065399	0.137605905533	0.11946606636	0.155410766602	0.160115003586	0.122540950775	0.112957954407	0.146171092987	0.114300012589	0.115428924561	0.125789165497	0.109934091568	0.109476089478	0.143433094025	0.107732057571	0.0990118980408	
['./treeMaker/main', '-m', '-w', '1']
0.111947059631	0.147770166397	0.189209938049	0.0940270423889	0.101069927216	0.125933885574	0.091402053833	0.136892080307	0.120515108109	0.131579875946	0.0878050327301	0.102938890457	0.112013101578	0.29531288147	0.0885560512543	0.0946490764618	0.122966051102	0.154551029205	0.114578962326	0.112596035004	0.110924005508	0.137037038803	0.127062082291	0.117006063461	0.125647068024	0.185134887695	0.0923819541931	0.117517948151	0.128635883331	0.146203041077	0.124151945114	0.103920936584	0.0873811244965	0.123383998871	0.0905089378357	0.131691932678	0.11501789093	0.141592025757	0.140547990799	0.117506027222	0.108777999878	0.14021897316	0.109909057617	0.105912923813	0.12668299675	0.106276035309	0.103932857513	0.136929035187	0.103968858719	0.0915200710297	
['./treeMaker/main', '-m', '-w', '2']
0.107492923737	0.150033950806	0.193759202957	0.0953979492188	0.100717782974	0.129858016968	0.0943989753723	0.138296127319	0.118108987808	0.133821964264	0.0901391506195	0.107837200165	0.102617025375	0.293698072433	0.0903670787811	0.0947017669678	0.122564077377	0.158169984818	0.118858098984	0.11325097084	0.110183000565	0.135968923569	0.129691123962	0.11650800705	0.12369799614	0.186021089554	0.0985701084137	0.118026018143	0.128297805786	0.146780014038	0.116687059402	0.106340885162	0.0888788700104	0.120348930359	0.0929870605469	0.130864143372	0.117532968521	0.139407873154	0.141942024231	0.118429899216	0.108635902405	0.141317129135	0.10928106308	0.102928876877	0.122442007065	0.104114055634	0.100633144379	0.139292955399	0.103072166443	0.0921449661255	
['./treeMaker/main', '-m', '-c', '1']
0.111397981644	0.168627977371	0.192264080048	0.0949621200562	0.100442171097	0.126439094543	0.0930058956146	0.137889862061	0.119266986847	0.132209062576	0.0951678752899	0.104176044464	0.101202964783	0.300454139709	0.0927121639252	0.0955331325531	0.12319111824	0.156162023544	0.119210958481	0.11510181427	0.111275911331	0.1377389431	0.129419088364	0.120546102524	0.132488965988	0.191918849945	0.0985069274902	0.117960929871	0.127540111542	0.143847942352	0.118307113647	0.105715036392	0.0895729064941	0.124805212021	0.0897841453552	0.130283117294	0.114923000336	0.140666007996	0.140587091446	0.118733882904	0.109070777893	0.139055013657	0.106245994568	0.100234031677	0.123620033264	0.104182958603	0.101855993271	0.135008811951	0.100589990616	0.0900871753693	
['./treeMaker/main', '-m', '-c', '2']
0.110422849655	0.157058000565	0.198478937149	0.0916700363159	0.0980658531189	0.12285399437	0.0887079238892	0.135759115219	0.118010044098	0.125648975372	0.0828320980072	0.0955967903137	0.0929479598999	0.280455112457	0.0931451320648	0.0879249572754	0.11803817749	0.153048038483	0.118496894836	0.113674879074	0.111492872238	0.134378910065	0.120084047318	0.115047931671	0.118665933609	0.182790994644	0.0947999954224	0.117791175842	0.128002882004	0.156084060669	0.116097927094	0.102184057236	0.0883297920227	0.121977806091	0.0868301391602	0.131174087524	0.117189884186	0.13964509964	0.135808944702	0.122848987579	0.111423969269	0.143692016602	0.104892015457	0.101731061935	0.123090982437	0.107903003693	0.103771924973	0.136377096176	0.102972984314	0.0912320613861	
['./treeMaker/main', '-m', '-a', '1']
0.127470970154	0.164260864258	0.214512109756	0.109961032867	0.109194040298	0.140465021133	0.106484174728	0.150434017181	0.129721879959	0.144007921219	0.113570928574	0.120321989059	0.116338968277	0.314795970917	0.105541944504	0.108544826508	0.130569934845	0.166854858398	0.129992008209	0.12538599968	0.124572992325	0.155205965042	0.141952991486	0.135172843933	0.154154062271	0.19732093811	0.109776973724	0.132539987564	0.147860050201	0.155652999878	0.132167100906	0.122786045074	0.106002092361	0.137187957764	0.104917049408	0.14518404007	0.124670982361	0.153013944626	0.152228832245	0.133838891983	0.119711875916	0.153025150299	0.123571157455	0.117183923721	0.134869813919	0.118395090103	0.116642951965	0.159512996674	0.122488021851	0.131896972656	
['./treeMaker/main', '-m', '-a', '2']
0.10963511467	0.152070999146	0.192914009094	0.0967319011688	0.0996561050415	0.133968114853	0.0919229984283	0.139225959778	0.122047185898	0.134459972382	0.0878369808197	0.105484008789	0.102662086487	0.288105010986	0.0924301147461	0.0935850143433	0.125441074371	0.152548074722	0.120065927505	0.110128164291	0.122392892838	0.135864019394	0.128104925156	0.116873025894	0.123937129974	0.186334848404	0.0974910259247	0.1170399189	0.122875213623	0.14279294014	0.118601083755	0.102697134018	0.0909190177917	0.119011878967	0.0982048511505	0.129631996155	0.113487005234	0.13779091835	0.142701864243	0.119160890579	0.106469154358	0.140506982803	0.10952091217	0.103536128998	0.122259140015	0.103625059128	0.0992889404297	0.144467830658	0.100303888321	0.0928988456726	
