25_1000_5.2e-11_2.6e-11_470000000
25
1000
5.2e-11
2.6e-11
470000000

['./treeMaker/main']
0.0452878475189	0.0505709648132	0.0465450286865	0.0486059188843	0.0463509559631	0.0481729507446	0.0482761859894	0.0477418899536	0.0453360080719	0.0464460849762	0.0450279712677	0.0570249557495	0.0451610088348	0.0446820259094	0.0541338920593	0.0520248413086	0.0488920211792	0.0535418987274	0.0446758270264	0.0505981445312	0.0493199825287	0.0552351474762	0.0533540248871	0.0486500263214	0.0487079620361	0.0420231819153	0.0500588417053	0.0464811325073	0.0438251495361	0.0490288734436	0.047844171524	0.0440628528595	0.0453119277954	0.0426549911499	0.048675775528	0.0518801212311	0.0630028247833	0.0615730285645	0.0462799072266	0.059849023819	0.0547878742218	0.0529260635376	0.0534391403198	0.0470819473267	0.055732011795	0.064651966095	0.0479788780212	0.0470819473267	0.0602419376373	0.0448081493378	
['./treeMaker/main', '-b']
0.0485119819641	0.0594220161438	0.0436639785767	0.0481169223785	0.0478980541229	0.0444660186768	0.0456750392914	0.0558679103851	0.0468368530273	0.0464339256287	0.0474050045013	0.0492568016052	0.0534770488739	0.0429580211639	0.0514061450958	0.0479669570923	0.0464200973511	0.0502350330353	0.058112859726	0.0594370365143	0.0594849586487	0.0447809696198	0.0493960380554	0.0439009666443	0.0449960231781	0.040796995163	0.0451929569244	0.0480949878693	0.0540051460266	0.0651841163635	0.047375202179	0.0540311336517	0.043673992157	0.0425460338593	0.0458970069885	0.0525360107422	0.0478749275208	0.0456922054291	0.0487229824066	0.0443980693817	0.0440962314606	0.049684047699	0.0433690547943	0.0454950332642	0.0444390773773	0.053524017334	0.044909954071	0.0435199737549	0.0499680042267	0.0487568378448	
['./treeMaker/main', '-u']
0.0451579093933	0.0471768379211	0.0456960201263	0.0469219684601	0.0467998981476	0.0468490123749	0.0480949878693	0.0446200370789	0.044203042984	0.0446999073029	0.0459208488464	0.0527009963989	0.0436041355133	0.0433571338654	0.0504150390625	0.0468001365662	0.0450329780579	0.0503640174866	0.0447108745575	0.0476050376892	0.0453560352325	0.0445718765259	0.049488067627	0.05326795578	0.0483241081238	0.0426478385925	0.0455780029297	0.0461959838867	0.0439140796661	0.0507960319519	0.0484690666199	0.0452718734741	0.0571711063385	0.0443999767303	0.0469360351562	0.0427398681641	0.0515921115875	0.0474469661713	0.0501689910889	0.0463049411774	0.0463879108429	0.0489490032196	0.0456931591034	0.0502259731293	0.0502200126648	0.0511920452118	0.0468621253967	0.0424790382385	0.0519299507141	0.0458900928497	
['./treeMaker/main', '-t', '-r', '1']
0.515137910843	0.509344816208	0.509220123291	0.552804946899	0.519752979279	0.495537042618	0.509252071381	0.480782985687	0.464128017426	0.521046876907	0.521958112717	0.643555879593	0.475354909897	0.484313964844	0.630261898041	0.561408042908	0.52233505249	0.628196954727	0.48677110672	0.543745040894	0.533390045166	0.506870985031	0.59250998497	0.479017972946	0.509837865829	0.411478042603	0.514461040497	0.52770614624	0.46834397316	0.558294057846	0.569205999374	0.513729095459	0.469253063202	0.460639953613	0.527396917343	0.45507478714	0.586845159531	0.524941921234	0.544680833817	0.498309135437	0.463822126389	0.555289983749	0.48540687561	0.512454032898	0.501424074173	0.639496803284	0.489071130753	0.428539991379	0.594789028168	0.4955701828	
['./treeMaker/main', '-t', '-r', '2']
0.615661859512	0.717746019363	0.612432956696	0.716999053955	0.721699953079	0.606287002563	0.688003063202	0.663365125656	0.587152957916	0.642733097076	0.679234027863	0.873300075531	0.6119120121	0.625257015228	0.835896015167	0.701995849609	0.67226600647	0.843097925186	0.670068025589	0.726824045181	0.686743974686	0.701333999634	0.791028022766	0.648363828659	0.627116203308	0.524407863617	0.653024196625	0.709940910339	0.615216970444	0.757759094238	0.72848200798	0.660126924515	0.650177001953	0.618844985962	0.662421941757	0.551819086075	0.768346071243	0.730392932892	0.765492916107	0.640638113022	0.604629039764	0.736608982086	0.620239019394	0.639415025711	0.658670902252	0.829051017761	0.666196107864	0.588485956192	0.763565063477	0.621730089188	
['./treeMaker/main', '-t', '-r', '1', '-N']
0.502415180206	0.509013175964	0.480103969574	0.52747797966	0.500967025757	0.485606193542	0.534032821655	0.494780063629	0.464379787445	0.511901140213	0.492696046829	0.671407938004	0.494194984436	0.507235050201	0.603364944458	0.544929027557	0.525818109512	0.595437049866	0.502328872681	0.556312084198	0.519815921783	0.486398935318	0.610216856003	0.464398860931	0.496209144592	0.411777973175	0.512281179428	0.496387958527	0.453850984573	0.546547174454	0.569072961807	0.517607212067	0.485276937485	0.502705097198	0.533388137817	0.451923131943	0.571382045746	0.524724960327	0.560497999191	0.507776021957	0.473367929459	0.541512966156	0.477982997894	0.524164915085	0.478846073151	0.615830898285	0.513408899307	0.440355062485	0.584732055664	0.500525951385	
['./treeMaker/main', '-t', '-r', '2', '-N']
0.658168077469	0.714825153351	0.62872505188	0.706077098846	0.702785015106	0.614614963531	0.672289133072	0.68311214447	0.599662065506	0.654771089554	0.674555063248	0.868706941605	0.595493078232	0.615828037262	0.801490783691	0.734709024429	0.668050050735	0.797049045563	0.639654874802	0.715468883514	0.674954175949	0.707793951035	0.831773042679	0.623706102371	0.675029993057	0.515310049057	0.646349191666	0.684016942978	0.577581167221	0.758805036545	0.759527921677	0.661113977432	0.653850078583	0.668252944946	0.699032783508	0.583216905594	0.76223897934	0.75137090683	0.758933067322	0.641709089279	0.605164051056	0.740000963211	0.594124078751	0.657704114914	0.632987976074	0.809954166412	0.640508890152	0.593005895615	0.796314954758	0.669142007828	
['./treeMaker/main', '-m']
0.0469698905945	0.0531167984009	0.044979095459	0.047150850296	0.0472919940948	0.0428900718689	0.047397851944	0.0514380931854	0.0443980693817	0.0462520122528	0.0471470355988	0.0513920783997	0.0457639694214	0.058452129364	0.0574209690094	0.0585341453552	0.0604119300842	0.0556988716125	0.0454590320587	0.0457148551941	0.0488080978394	0.0453300476074	0.057343006134	0.044086933136	0.0459749698639	0.0477159023285	0.04474401474	0.0453917980194	0.054790019989	0.0454471111298	0.0471210479736	0.0447468757629	0.0446660518646	0.0442380905151	0.0452761650085	0.0413339138031	0.0470361709595	0.0447020530701	0.0473229885101	0.0414998531342	0.0432910919189	0.0466740131378	0.0439269542694	0.0419270992279	0.0439479351044	0.0477118492126	0.0439450740814	0.0423200130463	0.0471658706665	0.0472400188446	
['./treeMaker/main', '-m', '-b']
0.045991897583	0.0475208759308	0.0537672042847	0.0569889545441	0.0469150543213	0.043851852417	0.0431900024414	0.0540351867676	0.0451221466064	0.0439269542694	0.0442440509796	0.0491888523102	0.0441160202026	0.0441741943359	0.0489680767059	0.0454761981964	0.0454208850861	0.0508229732513	0.0461020469666	0.0460271835327	0.0481820106506	0.0462288856506	0.0481839179993	0.0467791557312	0.0455610752106	0.0437090396881	0.0487720966339	0.0483310222626	0.0424649715424	0.0561101436615	0.047947883606	0.0443720817566	0.0451860427856	0.0444090366364	0.044960975647	0.0431618690491	0.0456070899963	0.0456809997559	0.0459840297699	0.0435438156128	0.0523400306702	0.0483708381653	0.0447180271149	0.0455839633942	0.0448169708252	0.0492639541626	0.0478858947754	0.0437591075897	0.0492730140686	0.0438070297241	
['./treeMaker/main', '-m', '-w', '1']
0.045520067215	0.0455961227417	0.0450360774994	0.055538892746	0.0449168682098	0.0543630123138	0.0434949398041	0.0459411144257	0.0440199375153	0.0441811084747	0.0449090003967	0.0479872226715	0.0425860881805	0.0449159145355	0.0496459007263	0.0462608337402	0.0453350543976	0.0483720302582	0.0458700656891	0.0471549034119	0.0452790260315	0.0458991527557	0.0486061573029	0.0437710285187	0.0449070930481	0.041708946228	0.0443959236145	0.0464630126953	0.0435879230499	0.0469191074371	0.0487220287323	0.0445001125336	0.0460641384125	0.0459578037262	0.045294046402	0.0436511039734	0.0488610267639	0.0467269420624	0.0466208457947	0.0446519851685	0.0427339076996	0.0560760498047	0.0450189113617	0.0450329780579	0.0438420772552	0.046952009201	0.0433368682861	0.0408787727356	0.0475468635559	0.0502560138702	
['./treeMaker/main', '-m', '-w', '2']
0.0437760353088	0.0467820167542	0.0432589054108	0.0444478988647	0.0448250770569	0.0434880256653	0.0446760654449	0.0443589687347	0.0431518554688	0.0441319942474	0.045480966568	0.0483109951019	0.0437321662903	0.0431501865387	0.0489189624786	0.0436470508575	0.045077085495	0.0473690032959	0.0436100959778	0.0450792312622	0.0441160202026	0.0434880256653	0.0465590953827	0.0427529811859	0.0432720184326	0.0392689704895	0.0433309078217	0.0445630550385	0.0404560565948	0.056421995163	0.0476589202881	0.0458810329437	0.0457429885864	0.0447630882263	0.0449068546295	0.0427570343018	0.0484788417816	0.0484659671783	0.0469398498535	0.0455150604248	0.0432198047638	0.0502059459686	0.0447130203247	0.0452408790588	0.0468678474426	0.049341917038	0.0449788570404	0.0415799617767	0.0480401515961	0.0445659160614	
['./treeMaker/main', '-m', '-c', '1']
0.0453941822052	0.0481338500977	0.0424869060516	0.045951128006	0.046294927597	0.0443830490112	0.0458528995514	0.0442478656769	0.0429530143738	0.0539479255676	0.04234790802	0.0496861934662	0.0424602031708	0.043762922287	0.0480577945709	0.046382188797	0.0449268817902	0.0484261512756	0.0438351631165	0.0473849773407	0.0466380119324	0.048611164093	0.0487020015717	0.0430581569672	0.0448091030121	0.0417449474335	0.0447359085083	0.0477299690247	0.0428559780121	0.0463449954987	0.0478389263153	0.0453240871429	0.0441930294037	0.0449249744415	0.0438270568848	0.0418031215668	0.0493030548096	0.0458250045776	0.047219991684	0.0429689884186	0.043065071106	0.0461950302124	0.0457921028137	0.045135974884	0.0444579124451	0.0490019321442	0.0463140010834	0.042503118515	0.0479781627655	0.0493140220642	
['./treeMaker/main', '-m', '-c', '2']
0.0457918643951	0.0467870235443	0.0451331138611	0.0441288948059	0.0462520122528	0.045243024826	0.044862985611	0.0449731349945	0.0450088977814	0.0449938774109	0.0459690093994	0.0491120815277	0.0432639122009	0.0442678928375	0.050999879837	0.0469181537628	0.0459570884705	0.0522570610046	0.0457940101624	0.0490341186523	0.0463719367981	0.0456650257111	0.0491180419922	0.044988155365	0.044949054718	0.0405380725861	0.0424509048462	0.0411670207977	0.0388870239258	0.0423398017883	0.0428748130798	0.0404589176178	0.0405290126801	0.0434381961823	0.0455539226532	0.0427508354187	0.0476820468903	0.0467460155487	0.047749042511	0.045117855072	0.0430278778076	0.0472581386566	0.0430309772491	0.0455150604248	0.0465800762177	0.0485579967499	0.0444288253784	0.044401884079	0.0475480556488	0.0436999797821	
['./treeMaker/main', '-m', '-a', '1']
0.059956073761	0.0615711212158	0.059476852417	0.0572938919067	0.0564110279083	0.0543429851532	0.0694370269775	0.0574350357056	0.0562779903412	0.0573720932007	0.0601370334625	0.0590310096741	0.0543038845062	0.0547580718994	0.0586190223694	0.0570070743561	0.0569550991058	0.05943608284	0.0560538768768	0.0586080551147	0.0564970970154	0.0567870140076	0.0591309070587	0.0546000003815	0.0615329742432	0.054897069931	0.0726099014282	0.0572559833527	0.0539350509644	0.0692188739777	0.0600221157074	0.0590689182281	0.0571949481964	0.0579330921173	0.0578880310059	0.0557761192322	0.0599308013916	0.0589761734009	0.0597131252289	0.0570878982544	0.0564699172974	0.0601179599762	0.057608127594	0.0577368736267	0.0689730644226	0.0615479946136	0.0595910549164	0.0561289787292	0.0611288547516	0.0593791007996	
['./treeMaker/main', '-m', '-a', '2']
0.0427758693695	0.0439450740814	0.0426840782166	0.0440340042114	0.0438969135284	0.0422310829163	0.0565550327301	0.0443751811981	0.0424971580505	0.0428760051727	0.0443961620331	0.0499930381775	0.0412011146545	0.0552561283112	0.0483410358429	0.0449521541595	0.0436551570892	0.0486650466919	0.0439839363098	0.0464179515839	0.0482869148254	0.0436880588531	0.0464308261871	0.0450479984283	0.0454051494598	0.0406589508057	0.0449540615082	0.0571639537811	0.0525450706482	0.0485339164734	0.0466890335083	0.0431840419769	0.0455520153046	0.0426709651947	0.0440340042114	0.0411229133606	0.0475149154663	0.0436542034149	0.0464959144592	0.0566210746765	0.0412268638611	0.045560836792	0.0427260398865	0.0437200069427	0.0426669120789	0.0510239601135	0.0445718765259	0.0433230400085	0.0478110313416	0.044900894165	
