25_1000_1.9e-10_1.9e-10_10000
25
1000
1.9e-10
1.9e-10
10000

['./treeMaker/main']
0.0646169185638	0.0640649795532	0.0563340187073	0.0660541057587	0.0768411159515	0.0650060176849	0.059592962265	0.0598549842834	0.0559520721436	0.0600678920746	0.0587601661682	0.0664541721344	0.0604128837585	0.0683121681213	0.0582551956177	0.0581519603729	0.0670869350433	0.0569639205933	0.0878748893738	0.066682100296	0.0599191188812	0.0782759189606	0.0707640647888	0.0762679576874	0.0682640075684	0.0693511962891	0.0615999698639	0.0538280010223	0.0625	0.0565779209137	0.0579810142517	0.0870170593262	0.0605800151825	0.0528690814972	0.0590951442719	0.0638558864594	0.0738000869751	0.0615200996399	0.062922000885	0.0579080581665	0.0608720779419	0.0726888179779	0.0602791309357	0.0787298679352	0.069442987442	0.0657930374146	0.0558700561523	0.0789330005646	0.0547840595245	0.0607089996338	
['./treeMaker/main', '-b']
0.0630180835724	0.0637490749359	0.0591449737549	0.0673320293427	0.0625460147858	0.06711602211	0.0613920688629	0.0635988712311	0.0594160556793	0.0715849399567	0.0621600151062	0.0604510307312	0.062225818634	0.0700788497925	0.0566098690033	0.0623559951782	0.0688009262085	0.0626800060272	0.0774340629578	0.0691981315613	0.0697770118713	0.0878942012787	0.07488489151	0.0645270347595	0.0645048618317	0.0702950954437	0.0663268566132	0.0589110851288	0.0807478427887	0.0770320892334	0.0611529350281	0.0754861831665	0.0599589347839	0.0581359863281	0.0653641223907	0.0713438987732	0.0818328857422	0.0642011165619	0.0657889842987	0.0592169761658	0.0618929862976	0.0748519897461	0.068696975708	0.0710639953613	0.0769190788269	0.0602490901947	0.0632090568542	0.0868239402771	0.0594658851624	0.0653488636017	
['./treeMaker/main', '-u']
0.0717120170593	0.0666420459747	0.0728890895844	0.0754799842834	0.0613760948181	0.0643780231476	0.0597810745239	0.061497926712	0.0579190254211	0.0613620281219	0.0763120651245	0.0625369548798	0.0770540237427	0.0826821327209	0.0597698688507	0.0600249767303	0.0661268234253	0.0670080184937	0.076817035675	0.0662620067596	0.0595760345459	0.0765359401703	0.0708410739899	0.0699100494385	0.067568063736	0.0825350284576	0.0615639686584	0.0572071075439	0.0660309791565	0.060595035553	0.0627110004425	0.074521780014	0.0594439506531	0.0576479434967	0.0645999908447	0.0698518753052	0.0941531658173	0.0629398822784	0.0641160011292	0.059592962265	0.0620031356812	0.0736908912659	0.0616590976715	0.0637338161469	0.0690679550171	0.0709538459778	0.0595290660858	0.0812180042267	0.0564930438995	0.0606698989868	
['./treeMaker/main', '-t', '-r', '1']
1.03631496429	1.02624487877	0.858846902847	1.05382585526	0.895881175995	1.03008008003	0.842571973801	0.900943040848	0.801674127579	0.912206888199	0.871999025345	0.878366947174	0.896111011505	1.13526391983	0.809792041779	0.898717164993	1.10560107231	0.763675928116	1.29272484779	1.00028610229	0.840346097946	1.41953611374	1.07440710068	0.92627120018	1.01400995255	1.08670783043	0.935916185379	0.826708078384	1.05918812752	0.895936965942	0.896721124649	1.24641418457	0.896406888962	0.833256006241	0.972570896149	1.0933599472	1.35818886757	0.952141046524	0.980343818665	0.854805231094	0.937188863754	1.27879595757	0.887964010239	0.968795061111	1.10012483597	0.731025934219	0.78019618988	1.30491900444	0.762382984161	0.843370914459	
['./treeMaker/main', '-t', '-r', '2']
1.34365606308	1.3832449913	1.09289598465	1.36726903915	1.16635894775	1.31038284302	1.14736700058	1.24797391891	1.05829501152	1.20819091797	1.22602510452	1.11388897896	1.29534912109	1.59914398193	1.06580996513	1.2326939106	1.54060101509	1.12162184715	1.91274809837	1.48737502098	1.16240215302	1.73452401161	1.49992799759	1.30087995529	1.31562495232	1.38781309128	1.24339413643	1.04974102974	1.43172097206	1.18728804588	1.20991015434	1.70870900154	1.18502211571	1.05538702011	1.3017539978	1.52698302269	1.72500395775	1.23693799973	1.41631507874	1.19258189201	1.32338905334	1.75863194466	1.24414110184	1.3642911911	1.50234794617	1.01348304749	1.12783885002	1.8292119503	0.974172830582	1.27524185181	
['./treeMaker/main', '-t', '-r', '1', '-N']
1.0277030468	1.01547598839	0.819456100464	1.07419705391	0.934118032455	1.04891490936	0.883927106857	0.929138898849	0.820798158646	0.916635990143	0.891696929932	0.810562133789	0.918827056885	1.15467190742	0.788795948029	0.903605937958	1.10534095764	0.806499958038	1.31553387642	1.07193589211	0.904730081558	1.34668898582	1.10319805145	0.959683895111	0.973352193832	1.06301307678	0.939609050751	0.762528181076	1.0603351593	0.911020040512	0.928800821304	1.26555800438	0.860296964645	0.855195999146	1.00153589249	1.09514117241	1.33913993835	0.971197843552	0.993782997131	0.812610864639	0.931492090225	1.24442005157	0.881119966507	0.97149181366	1.12850499153	0.776625156403	0.824069976807	1.37415719032	0.783185005188	0.870786905289	
['./treeMaker/main', '-t', '-r', '2', '-N']
1.38225293159	1.43094706535	1.09900188446	1.34300398827	1.21531200409	1.29613304138	1.15939188004	1.1963019371	1.0817630291	1.20875000954	1.26052212715	1.12381887436	1.26786780357	1.5574131012	1.06241798401	1.1605489254	1.49537992477	1.11064195633	1.87060403824	1.47339391708	1.09292888641	1.71750807762	1.53334903717	1.3020939827	1.32879805565	1.43557810783	1.28808498383	1.07780909538	1.43297505379	1.23549890518	1.21363186836	1.71766519547	1.19647097588	1.09257888794	1.2358520031	1.55314517021	1.75033402443	1.57145690918	1.6600651741	1.3783121109	1.61132407188	2.13529491425	1.47749900818	1.66204881668	1.74516916275	1.2957701683	1.40271282196	2.22489500046	1.27792310715	1.56556391716	
['./treeMaker/main', '-m']
0.0791528224945	0.0828030109406	0.0639569759369	0.074047088623	0.0711240768433	0.0691289901733	0.0668978691101	0.0709719657898	0.0647029876709	0.0667140483856	0.0667860507965	0.065318107605	0.0702819824219	0.0849051475525	0.0679659843445	0.0682289600372	0.0743789672852	0.0665340423584	0.0959951877594	0.074501991272	0.0722479820251	0.094516992569	0.0777308940887	0.0763118267059	0.0675010681152	0.073578119278	0.0702559947968	0.0651609897614	0.0752811431885	0.0758631229401	0.0664699077606	0.0771460533142	0.0756258964539	0.0693359375	0.0753870010376	0.0765521526337	0.0811910629272	0.0729508399963	0.0868411064148	0.0724980831146	0.0744700431824	0.0791900157928	0.0624840259552	0.0652370452881	0.0812067985535	0.0635509490967	0.069797039032	0.0891780853271	0.060152053833	0.0821070671082	
['./treeMaker/main', '-m', '-b']
0.0806121826172	0.0871570110321	0.074921131134	0.080906867981	0.0846090316772	0.0767340660095	0.0684909820557	0.0715620517731	0.0656290054321	0.0734879970551	0.0726389884949	0.0697588920593	0.0741100311279	0.0824980735779	0.0782058238983	0.0744922161102	0.0771009922028	0.085932970047	0.0889761447906	0.0700290203094	0.074275970459	0.094996213913	0.0798370838165	0.077075958252	0.0806710720062	0.072851896286	0.0801301002502	0.0740370750427	0.0812840461731	0.0766191482544	0.0721049308777	0.0865778923035	0.0802547931671	0.0748929977417	0.0743470191956	0.102573156357	0.0960040092468	0.0779252052307	0.0797128677368	0.0756509304047	0.0860841274261	0.0819268226624	0.0814831256866	0.0772938728333	0.0852599143982	0.0735468864441	0.0683760643005	0.0890691280365	0.0711090564728	0.0770709514618	
['./treeMaker/main', '-m', '-w', '1']
0.0745630264282	0.0742499828339	0.0697920322418	0.0835700035095	0.0757310390472	0.0738101005554	0.0701630115509	0.0728089809418	0.0696108341217	0.0746150016785	0.0742120742798	0.0724580287933	0.0849158763885	0.0775609016418	0.0671229362488	0.0687739849091	0.0808970928192	0.0714421272278	0.089164018631	0.0781688690186	0.0700640678406	0.0834000110626	0.0845677852631	0.0747759342194	0.0737719535828	0.0773072242737	0.108980894089	0.0714800357819	0.0656671524048	0.0704350471497	0.0715980529785	0.111372947693	0.0724830627441	0.0633890628815	0.0786578655243	0.0771260261536	0.0842308998108	0.073802947998	0.0742568969727	0.0771920681	0.0761060714722	0.0831530094147	0.0752592086792	0.0761620998383	0.0714960098267	0.0726211071014	0.0728340148926	0.0913908481598	0.0681109428406	0.0600099563599	
['./treeMaker/main', '-m', '-w', '2']
0.0810008049011	0.075040102005	0.0694420337677	0.0781819820404	0.0784759521484	0.0722718238831	0.0716009140015	0.0767331123352	0.0687940120697	0.0778970718384	0.0634019374847	0.0739059448242	0.0695872306824	0.0818247795105	0.0699331760406	0.0777621269226	0.0672998428345	0.0682349205017	0.0855059623718	0.0837161540985	0.0786828994751	0.0762829780579	0.0955219268799	0.0753438472748	0.0750358104706	0.0838649272919	0.0712769031525	0.0695858001709	0.0833060741425	0.0736398696899	0.114557027817	0.091413974762	0.0730910301208	0.0761799812317	0.0743179321289	0.122357130051	0.0903198719025	0.0736339092255	0.0890169143677	0.0797162055969	0.0777299404144	0.0828878879547	0.067803144455	0.0815329551697	0.0800199508667	0.0666170120239	0.0690050125122	0.0854449272156	0.0688869953156	0.0777940750122	
['./treeMaker/main', '-m', '-c', '1']
0.0764448642731	0.0785810947418	0.0682139396667	0.0723979473114	0.0734040737152	0.0753440856934	0.0739641189575	0.0699970722198	0.0712552070618	0.0669350624084	0.0944819450378	0.0722239017487	0.0739099979401	0.0803430080414	0.0691840648651	0.0686361789703	0.076817035675	0.0714738368988	0.0846061706543	0.0753970146179	0.063227891922	0.0817060470581	0.0831398963928	0.0769581794739	0.107811927795	0.0796461105347	0.0833480358124	0.0689721107483	0.0776448249817	0.0744390487671	0.0747900009155	0.0784549713135	0.0686659812927	0.0750250816345	0.0730829238892	0.0786709785461	0.0874259471893	0.0656380653381	0.107796907425	0.0689210891724	0.0727291107178	0.081426858902	0.0759539604187	0.0747380256653	0.0841279029846	0.0690009593964	0.100208997726	0.0981390476227	0.0671758651733	0.0605261325836	
['./treeMaker/main', '-m', '-c', '2']
0.0793578624725	0.0780620574951	0.0713140964508	0.0789849758148	0.0665998458862	0.0686130523682	0.073725938797	0.0733780860901	0.0738098621368	0.0754308700562	0.0691969394684	0.0607810020447	0.0732481479645	0.0808079242706	0.0695888996124	0.073312997818	0.0821621417999	0.100497961044	0.0843060016632	0.0749640464783	0.0771090984344	0.0844180583954	0.0660638809204	0.0706357955933	0.0732679367065	0.0774030685425	0.0724539756775	0.0720081329346	0.0735700130463	0.0686299800873	0.0695879459381	0.0814290046692	0.0703539848328	0.0773000717163	0.0664780139923	0.0706398487091	0.0822138786316	0.072429895401	0.0811190605164	0.0735769271851	0.0688171386719	0.0694789886475	0.0720551013947	0.0763530731201	0.0814070701599	0.0682799816132	0.0808298587799	0.0730781555176	0.0738370418549	0.0695719718933	
['./treeMaker/main', '-m', '-a', '1']
0.0819420814514	0.0958411693573	0.0779159069061	0.0746779441833	0.0837390422821	0.0838599205017	0.0850958824158	0.0848410129547	0.0794699192047	0.0724849700928	0.0786831378937	0.0857999324799	0.0849587917328	0.0891959667206	0.0703179836273	0.075649023056	0.0888018608093	0.0800580978394	0.143872976303	0.0863261222839	0.0736529827118	0.0978951454163	0.0874228477478	0.08460688591	0.0850670337677	0.0850119590759	0.0822148323059	0.0860199928284	0.0868759155273	0.084233045578	0.0760669708252	0.0791010856628	0.0847358703613	0.0770618915558	0.0839691162109	0.0938460826874	0.0874190330505	0.0879909992218	0.122370958328	0.0812230110168	0.0831971168518	0.0891590118408	0.0721168518066	0.0888800621033	0.107990026474	0.117251157761	0.0784378051758	0.0960519313812	0.0747349262238	0.0883009433746	
['./treeMaker/main', '-m', '-a', '2']
0.117619037628	0.0779891014099	0.0684340000153	0.0716378688812	0.0858170986176	0.0736498832703	0.0727889537811	0.0737199783325	0.0751600265503	0.0641798973083	0.0897121429443	0.0710940361023	0.073441028595	0.0809459686279	0.0704779624939	0.0693120956421	0.0690610408783	0.0705499649048	0.0857229232788	0.0774190425873	0.0713160037994	0.0849659442902	0.0663919448853	0.0786671638489	0.0740962028503	0.0803799629211	0.0785629749298	0.0690150260925	0.0739920139313	0.0702629089355	0.069632768631	0.0815808773041	0.0711188316345	0.0704901218414	0.0701971054077	0.0806119441986	0.0809910297394	0.079733133316	0.0716140270233	0.0722780227661	0.0694110393524	0.0720429420471	0.0717859268188	0.0756030082703	0.0864050388336	0.0677299499512	0.0766401290894	0.0815961360931	0.0652270317078	0.0731270313263	
