25_1000_1.9e-10_1.9e-11_470000000
25
1000
1.9e-10
1.9e-11
470000000

['./treeMaker/main']
0.103667974472	0.0812129974365	0.137365818024	0.0965890884399	0.146279096603	0.185409069061	0.106258153915	0.098217010498	0.0984830856323	0.0859498977661	0.142066955566	0.246484994888	0.089152097702	0.117069005966	0.096036195755	0.254796981812	0.0863029956818	0.139822006226	0.114319801331	0.38303399086	0.228607177734	0.143532037735	0.100723981857	0.128479957581	0.170550107956	0.134069919586	0.137696027756	0.100101947784	0.154577970505	0.275309085846	0.117847919464	0.103088140488	0.129410982132	0.128906011581	0.138701915741	0.122789859772	0.147179841995	0.0913729667664	0.125909090042	0.102845907211	0.102334022522	0.119338989258	0.0894811153412	0.189073085785	0.149087190628	0.139556884766	0.0929419994354	0.262402057648	0.112943887711	0.121986865997	
['./treeMaker/main', '-b']
0.107104063034	0.0787408351898	0.130063056946	0.100086927414	0.160212993622	0.229529857635	0.104667901993	0.0968201160431	0.109025001526	0.0928070545197	0.13695192337	0.236458063126	0.116306066513	0.127558946609	0.0938220024109	0.262887001038	0.0951199531555	0.150722980499	0.126157045364	0.411736011505	0.208212852478	0.141259908676	0.11844587326	0.129320144653	0.170690774918	0.132723093033	0.128578901291	0.100728988647	0.181308984756	0.271018981934	0.122298002243	0.0993661880493	0.130149126053	0.119747877121	0.136250019073	0.121644973755	0.131073951721	0.0885381698608	0.119459867477	0.109890937805	0.108823060989	0.109560012817	0.0852029323578	0.207320928574	0.130115032196	0.134049892426	0.107336997986	0.31415605545	0.112741231918	0.113879919052	
['./treeMaker/main', '-u']
0.0976159572601	0.0780930519104	0.149112939835	0.0953681468964	0.142734050751	0.219915151596	0.106731176376	0.0977511405945	0.101056098938	0.0903182029724	0.123142957687	0.214831113815	0.0895330905914	0.114467144012	0.0898141860962	0.230031013489	0.0902478694916	0.142465114594	0.110544204712	0.385704994202	0.205390930176	0.134163856506	0.102261066437	0.128407001495	0.174537181854	0.125707149506	0.128103017807	0.0985450744629	0.158643007278	0.230328083038	0.117258787155	0.0839591026306	0.115848064423	0.12181186676	0.12850689888	0.111997127533	0.126440048218	0.0849080085754	0.107393980026	0.105400085449	0.105194091797	0.102331876755	0.0789918899536	0.19079709053	0.136197805405	0.132447004318	0.0931041240692	0.256902933121	0.106096982956	0.113733053207	
['./treeMaker/main', '-t', '-r', '1']
1.50432991982	1.11913609505	2.14830994606	1.35073804855	2.24029397964	3.19058012962	1.60589194298	1.48091101646	1.54656004906	1.15898084641	1.99581003189	3.74700117111	1.27170991898	1.86787295341	1.38164401054	3.77595806122	1.32842683792	2.29764604568	1.61959314346	6.28382492065	3.64219498634	2.22066879272	1.62909793854	2.05144000053	2.96506500244	2.11128687859	2.0889339447	1.55436396599	2.6265039444	4.00180315971	1.85269403458	1.23546099663	1.96534705162	1.99849200249	2.15678215027	1.85124206543	2.19657206535	1.22929787636	1.79395699501	1.66973185539	1.71793198586	1.61123895645	1.10787606239	3.15563607216	2.11513495445	2.23263406754	1.30660009384	4.44565701485	1.60164308548	1.84151792526	
['./treeMaker/main', '-t', '-r', '2']
2.18566608429	1.59787988663	3.04068803787	1.90945911407	3.52423405647	4.64534497261	2.34522104263	2.14504718781	2.04360198975	1.63345503807	2.81302285194	4.95287513733	1.75478792191	2.6386039257	1.92832803726	5.71304297447	1.82922196388	3.37680101395	2.48081088066	8.47826313972	4.80191707611	3.19223189354	2.23570394516	3.0490219593	4.07236480713	2.89734005928	2.95748496056	2.19917392731	3.53612995148	5.56997299194	2.58882594109	1.69748187065	2.80183887482	2.73568511009	2.81270098686	2.49651885033	2.93228602409	1.78587198257	2.44519281387	2.390447855	2.38215184212	2.34707903862	1.50522112846	4.3911960125	2.92354202271	3.04120087624	1.85404086113	6.17927289009	2.25866103172	2.57946801186	
['./treeMaker/main', '-t', '-r', '1', '-N']
1.48881006241	1.08706903458	2.07639789581	1.33966088295	2.23274707794	3.08208298683	1.56562900543	1.42791295052	1.47221684456	1.12169289589	1.9667289257	3.64159679413	1.22476291656	1.85950398445	1.35535001755	3.74776101112	1.35862803459	2.26525807381	1.63140010834	6.2048330307	3.50086092949	2.1895840168	1.5383579731	2.03536605835	2.87802886963	2.04043292999	2.0912899971	1.51264309883	2.6274368763	3.79396796227	1.84664797783	1.2247300148	1.95141792297	1.96634793282	2.06894302368	1.79188489914	2.11094594002	1.20258378983	1.72283101082	1.6244931221	1.6242480278	1.50793504715	1.15518403053	3.03316807747	2.06984686852	2.11169505119	1.2887878418	4.31345295906	1.56376504898	1.75597786903	
['./treeMaker/main', '-t', '-r', '2', '-N']
2.07535004616	1.55959796906	2.94057106972	1.8919711113	3.43351793289	4.48311805725	2.25502300262	2.1717581749	2.08238506317	1.6225361824	2.87020492554	5.01156902313	1.7473449707	2.69205713272	1.90602898598	5.74000191689	2.67589092255	3.59288406372	2.38982892036	8.54658293724	4.83158397675	3.13676095009	2.6651301384	3.06658005714	4.10610198975	2.95964193344	3.01156187057	2.25033402443	3.60238289833	5.59291100502	3.13106107712	1.86297798157	2.92205786705	3.4899520874	3.38053011894	2.8369641304	3.68172597885	2.73360610008	3.18082308769	2.98157405853	3.82982611656	3.39194989204	1.61537909508	6.46146297455	4.15785908699	4.34206414223	2.48364806175	8.63307309151	3.38841295242	3.35324287415	
['./treeMaker/main', '-m']
0.0905900001526	0.0938320159912	0.100759983063	0.0916180610657	0.249055862427	0.136243104935	0.0910310745239	0.0943439006805	0.0895230770111	0.0852220058441	0.24177312851	0.138077020645	0.0759961605072	0.0991129875183	0.182811021805	0.174278020859	0.177664995193	0.131199836731	0.0956652164459	0.188945055008	0.229387044907	0.104896068573	0.0992798805237	0.141654968262	0.218826055527	0.108544826508	0.109488964081	0.0925991535187	0.149379014969	0.198621988297	0.126327037811	0.150115013123	0.0983860492706	0.0963180065155	0.11473107338	0.200470924377	0.114135026932	0.0908708572388	0.101006984711	0.0901479721069	0.112748861313	0.194732904434	0.0852401256561	0.135973930359	0.103249073029	0.197754859924	0.143925905228	0.156543970108	0.137825965881	0.103199958801	
['./treeMaker/main', '-m', '-b']
0.0973629951477	0.140543937683	0.207009077072	0.088121175766	0.120554924011	0.125695943832	0.205574035645	0.165866851807	0.0895359516144	0.0845348834991	0.178718805313	0.146227121353	0.0981349945068	0.221296072006	0.0927741527557	0.176643848419	0.0905969142914	0.16902089119	0.0967049598694	0.203872919083	0.299428939819	0.11564707756	0.0951662063599	0.201495885849	0.134619951248	0.101324796677	0.105762958527	0.199630022049	0.152759075165	0.162402868271	0.1046230793	0.186135053635	0.104989051819	0.106947898865	0.123759031296	0.181147813797	0.109865188599	0.0956671237946	0.195561170578	0.104125022888	0.0930759906769	0.100769996643	0.12101483345	0.16850399971	0.114315986633	0.137539148331	0.18426990509	0.170495033264	0.089959859848	0.12974691391	
['./treeMaker/main', '-m', '-w', '1']
0.16802406311	0.0843470096588	0.102047920227	0.0892350673676	0.110108852386	0.287486076355	0.0939409732819	0.0812468528748	0.123883962631	0.123937129974	0.106317996979	0.162286996841	0.148735046387	0.105110168457	0.080109834671	0.156555175781	0.0912549495697	0.241333007812	0.197391986847	0.192672014236	0.222220897675	0.205513954163	0.0912730693817	0.101627111435	0.262318849564	0.146353006363	0.117347955704	0.189193964005	0.20911192894	0.155237913132	0.204684972763	0.161404132843	0.0993781089783	0.211777925491	0.189539909363	0.156205892563	0.167583942413	0.101249933243	0.101186037064	0.0979208946228	0.119791030884	0.167504072189	0.170011997223	0.131603002548	0.109469890594	0.128044843674	0.249979972839	0.215979099274	0.0996649265289	0.0936439037323	
['./treeMaker/main', '-m', '-w', '2']
0.185505151749	0.0824410915375	0.128490924835	0.16031908989	0.119572877884	0.131119012833	0.0982167720795	0.0954749584198	0.182904958725	0.0857830047607	0.102360010147	0.133433103561	0.154938936234	0.103493213654	0.0826199054718	0.155769109726	0.0850119590759	0.159555912018	0.0928201675415	0.216121912003	0.138046979904	0.213860988617	0.0981659889221	0.221973896027	0.216949939728	0.107352972031	0.0908260345459	0.179361104965	0.208817958832	0.164479017258	0.097501039505	0.0951731204987	0.196334123611	0.101027965546	0.109503984451	0.150898933411	0.219805955887	0.122234106064	0.157374858856	0.103709936142	0.0981459617615	0.0950009822845	0.0906698703766	0.189010858536	0.166823148727	0.104964971542	0.085874080658	0.176690101624	0.167276859283	0.0943419933319	
['./treeMaker/main', '-m', '-c', '1']
0.160320997238	0.0853757858276	0.10649394989	0.107712030411	0.11154294014	0.265919923782	0.113764047623	0.0872249603271	0.103884935379	0.108561038971	0.223384857178	0.135571956635	0.134865999222	0.215384960175	0.0918180942535	0.142930984497	0.203541994095	0.219750165939	0.100202083588	0.245944976807	0.266528129578	0.114576101303	0.0967679023743	0.15120100975	0.1970038414	0.0978510379791	0.182860136032	0.147384881973	0.120202064514	0.150615930557	0.134392976761	0.168220996857	0.111681938171	0.103010892868	0.108824968338	0.205667972565	0.10883307457	0.0823750495911	0.0944521427155	0.192476987839	0.0971720218658	0.0868439674377	0.111421823502	0.270495891571	0.111867904663	0.103424072266	0.106057167053	0.308804035187	0.0956859588623	0.0951390266418	
['./treeMaker/main', '-m', '-c', '2']
0.0896561145782	0.160823106766	0.197068929672	0.0827128887177	0.124342918396	0.246142148972	0.0937328338623	0.0951209068298	0.188452005386	0.116755008698	0.117366075516	0.136966943741	0.0713260173798	0.143222808838	0.157567977905	0.162045955658	0.167496919632	0.201191902161	0.0974600315094	0.188194036484	0.261599063873	0.106658935547	0.0949568748474	0.136687994003	0.12088394165	0.107431173325	0.179543018341	0.0851669311523	0.115750074387	0.180737018585	0.0969779491425	0.0852229595184	0.125994920731	0.210454940796	0.104454994202	0.100882053375	0.184188127518	0.124557971954	0.123648166656	0.185267925262	0.202429056168	0.184075117111	0.077338218689	0.125196933746	0.213385105133	0.102686166763	0.0794141292572	0.194341897964	0.0923609733582	0.0923388004303	
['./treeMaker/main', '-m', '-a', '1']
0.231477022171	0.178011894226	0.181836128235	0.22341299057	0.12716794014	0.14130115509	0.188820123672	0.139861822128	0.118395090103	0.188701868057	0.119084835052	0.149996995926	0.16900396347	0.120031118393	0.0999341011047	0.273728132248	0.147969961166	0.239478111267	0.109784126282	0.200070142746	0.312175989151	0.134204149246	0.104142904282	0.253633022308	0.145898103714	0.120889902115	0.253906965256	0.140038013458	0.139986038208	0.311156988144	0.151166915894	0.101647853851	0.11483502388	0.167408943176	0.145020008087	0.11429309845	0.216467857361	0.112338066101	0.108177900314	0.201334953308	0.201577186584	0.125930070877	0.10054898262	0.154461860657	0.119879007339	0.231079101562	0.11959695816	0.178618907928	0.129849910736	0.115118980408	
['./treeMaker/main', '-m', '-a', '2']
0.201518058777	0.091658115387	0.107638120651	0.0881600379944	0.107856988907	0.11989402771	0.0989949703217	0.198766946793	0.10582113266	0.144575119019	0.0919461250305	0.271266937256	0.0966038703918	0.101035118103	0.0811400413513	0.140711069107	0.0837519168854	0.1072909832	0.0912230014801	0.404898166656	0.123049974442	0.234477043152	0.166062116623	0.177882194519	0.125823974609	0.098335981369	0.104778766632	0.100411891937	0.120185136795	0.295377016068	0.101319074631	0.0840950012207	0.227682113647	0.171015024185	0.111736059189	0.0937609672546	0.0988600254059	0.0755209922791	0.0992109775543	0.198480844498	0.103475093842	0.0908250808716	0.0841619968414	0.171834945679	0.201946020126	0.207292079926	0.159924983978	0.164309978485	0.0922110080719	0.0953269004822	
