25_1000_1.9e-10_0.0_470000000
25
1000
1.9e-10
0.0
470000000

['./treeMaker/main']
0.115110874176	0.091609954834	0.167656183243	0.1101770401	0.119942903519	0.151394844055	0.104735136032	0.144636154175	0.095685005188	0.086834192276	0.172631978989	0.140519857407	0.182688951492	0.123184919357	0.190577983856	0.356773138046	0.148344039917	0.112013101578	0.0817461013794	0.243299007416	0.19090795517	0.0837271213531	0.147396802902	0.152570009232	0.410540103912	0.0965149402618	0.100000858307	0.22195315361	0.0981850624084	0.138447999954	0.169625997543	0.149347066879	0.134347915649	0.102150917053	0.0933499336243	0.129455089569	0.172331094742	0.105201005936	0.101167201996	0.199457168579	0.170679092407	0.119899988174	0.121006011963	0.152562856674	0.105448961258	0.348104000092	0.106898069382	0.199747800827	0.15376996994	0.19947719574	
['./treeMaker/main', '-b']
0.133548974991	0.097846031189	0.178936004639	0.116984844208	0.122597932816	0.167484998703	0.115942001343	0.158416986465	0.0932219028473	0.0768120288849	0.156480073929	0.146006822586	0.197336912155	0.117896795273	0.179666042328	0.337871789932	0.16607093811	0.115566968918	0.0884931087494	0.217750072479	0.187091112137	0.0909588336945	0.129799127579	0.158334970474	0.42883515358	0.0983791351318	0.104676008224	0.232412815094	0.101063966751	0.143896818161	0.180222034454	0.14820599556	0.132276058197	0.0897159576416	0.0984029769897	0.114935159683	0.171783924103	0.109957933426	0.107110023499	0.206429004669	0.174413204193	0.117882966995	0.121172904968	0.158764123917	0.105313062668	0.352463006973	0.106690883636	0.199671030045	0.166229009628	0.233491897583	
['./treeMaker/main', '-u']
0.127156019211	0.0941569805145	0.168287992477	0.111617088318	0.121295928955	0.176698923111	0.106316804886	0.158406972885	0.105525970459	0.0715019702911	0.15238404274	0.157323122025	0.186055183411	0.130438089371	0.182041883469	0.372707128525	0.156378984451	0.131298065186	0.0863509178162	0.222677946091	0.191830873489	0.0878660678864	0.145313024521	0.173050880432	0.465573072433	0.0992560386658	0.106569051743	0.237439870834	0.103581905365	0.144420146942	0.177509784698	0.140356063843	0.12887597084	0.0907838344574	0.0935809612274	0.110355854034	0.162488937378	0.0999619960785	0.1010658741	0.201280832291	0.16917514801	0.112689971924	0.121277093887	0.156852006912	0.105350017548	0.339720010757	0.107540130615	0.200943231583	0.159092903137	0.200830936432	
['./treeMaker/main', '-t', '-r', '1']
1.95978808403	1.50795412064	2.93472409248	1.8349480629	1.97021698952	2.75306582451	1.70404100418	2.46557688713	1.41315293312	1.0976600647	2.88022208214	2.35426712036	3.19567584991	1.9836769104	3.02738785744	5.35302209854	2.63878393173	1.98267817497	1.25220394135	3.77004289627	3.26372790337	1.3457801342	2.20121407509	2.77266192436	6.30188798904	1.53240895271	1.77800297737	4.0191590786	1.6222641468	2.36840009689	3.02271509171	2.42347407341	2.31039619446	1.29148983955	1.50380992889	1.9294500351	2.95602893829	1.72575521469	1.65406823158	3.56432986259	2.81865406036	1.91312909126	1.99273014069	2.76281905174	1.67309498787	5.63287496567	1.65218901634	3.32687878609	2.65210795403	3.39555096626	
['./treeMaker/main', '-t', '-r', '2']
2.72356700897	2.14797782898	4.05933403969	2.59311509132	2.90844011307	3.72046804428	2.47866010666	3.64699697495	1.93175315857	1.51466298103	3.83164381981	3.39568305016	4.71241497993	2.70139718056	4.57752203941	7.5493478775	3.65380907059	2.78609108925	1.81253600121	4.97090005875	4.56525397301	1.9023809433	3.034085989	3.91213822365	8.96600389481	2.11654996872	2.48354101181	5.42152500153	2.29151916504	3.4218351841	4.26718091965	3.59741306305	3.17307806015	1.93775486946	2.32410287857	2.64914393425	4.00109004974	2.41098594666	2.4227039814	4.95498895645	3.91389799118	2.69806790352	2.75350093842	3.62054014206	2.27582597733	7.52541303635	2.36336612701	4.84252095222	3.62923598289	4.98215103149	
['./treeMaker/main', '-t', '-r', '1', '-N']
1.97022509575	1.52167201042	2.98355603218	1.87909197807	1.98843884468	2.86154603958	1.71293306351	2.51267004013	1.40715098381	1.10739278793	2.85471105576	2.39645814896	3.19994091988	1.95936799049	3.03231310844	5.3979549408	2.61474704742	1.95298314095	1.25245285034	3.80810213089	3.31271290779	1.36951804161	2.23135399818	2.88188290596	6.26195192337	1.56487298012	1.77227807045	3.99873304367	1.63865613937	2.41687703133	3.10550618172	2.45325613022	2.2765109539	1.34712004662	1.6157310009	2.00483703613	3.02049803734	1.71512794495	1.62774991989	3.6569108963	2.77533602715	1.91806006432	2.07004094124	2.75832104683	1.69895195961	5.67162084579	1.65482401848	3.3485159874	2.70467996597	3.38033890724	
['./treeMaker/main', '-t', '-r', '2', '-N']
2.70542311668	2.10781884193	4.03358602524	2.53966093063	2.90384411812	3.71725511551	2.54007387161	3.68127989769	1.89781785011	1.49591803551	3.95063900948	3.30466580391	4.70297908783	2.69786095619	4.53350710869	7.61425495148	3.61396479607	2.78394913673	1.80011415482	5.03482294083	4.52085208893	1.91123104095	3.0658519268	3.85853815079	9.33900809288	2.121945858	2.48547101021	5.37986707687	2.23310208321	3.42295789719	4.22880411148	3.57101297379	3.18028092384	1.87755584717	2.31806397438	2.68050408363	4.05019903183	2.41121697426	2.43839406967	4.96196699142	3.83839797974	2.61018896103	2.7610669136	3.66784691811	2.31258392334	7.54843306541	2.40081000328	4.86171007156	3.5968940258	5.00646400452	
['./treeMaker/main', '-m']
0.0916259288788	0.075413942337	0.105257034302	0.0856130123138	0.0892260074615	0.103539943695	0.0844550132751	0.101013183594	0.0736629962921	0.0643720626831	0.100598096848	0.101568937302	0.122769832611	0.0906889438629	0.11875295639	0.169858932495	0.108801841736	0.0897808074951	0.0767300128937	0.13937997818	0.128888130188	0.0727751255035	0.0884420871735	0.102383136749	0.183651924133	0.078311920166	0.0824780464172	0.127113819122	0.0774970054626	0.0982990264893	0.115653038025	0.102866888046	0.0924799442291	0.0726778507233	0.07701587677	0.0866508483887	0.123543977737	0.0848910808563	0.0843920707703	0.130373001099	0.11740899086	0.0897190570831	0.10773897171	0.0973508358002	0.0768489837646	0.16273188591	0.0821719169617	0.125413894653	0.10711979866	0.1241710186	
['./treeMaker/main', '-m', '-b']
0.10301399231	0.0832068920135	0.113757133484	0.0840380191803	0.0896861553192	0.104508161545	0.0817580223083	0.102383136749	0.0730431079865	0.06387591362	0.106917858124	0.099534034729	0.140684843063	0.0927910804749	0.123297929764	0.175269126892	0.109887123108	0.0899329185486	0.071328163147	0.128720998764	0.116763114929	0.0762519836426	0.100500822067	0.11418390274	0.193966150284	0.0819640159607	0.0876171588898	0.141566991806	0.0816290378571	0.0993139743805	0.11675286293	0.100553035736	0.101089954376	0.0776629447937	0.0843579769135	0.0897121429443	0.108777046204	0.0782990455627	0.0793359279633	0.132766962051	0.111785173416	0.103384017944	0.0970330238342	0.114485025406	0.0875887870789	0.188182830811	0.0956089496613	0.131068944931	0.107847929001	0.138283014297	
['./treeMaker/main', '-m', '-w', '1']
0.08731508255	0.0733580589294	0.10572886467	0.0979268550873	0.0927140712738	0.107225179672	0.0844089984894	0.0991959571838	0.0893471240997	0.0664129257202	0.108602046967	0.115541934967	0.114195108414	0.0984988212585	0.119127988815	0.179972171783	0.0979919433594	0.0822339057922	0.0718350410461	0.131724834442	0.132003068924	0.0676679611206	0.0883650779724	0.0994548797607	0.172070026398	0.0763418674469	0.0842130184174	0.12758398056	0.0754661560059	0.0949809551239	0.10696387291	0.0974609851837	0.0907258987427	0.070259809494	0.0918982028961	0.0889241695404	0.137433052063	0.0754179954529	0.0768880844116	0.132426023483	0.108960151672	0.094584941864	0.0965209007263	0.112459897995	0.0781669616699	0.15783905983	0.0822358131409	0.121824026108	0.103941917419	0.121348142624	
['./treeMaker/main', '-m', '-w', '2']
0.08624792099	0.0728399753571	0.119494199753	0.089940071106	0.0860450267792	0.106454849243	0.100060939789	0.101461172104	0.0737490653992	0.0766599178314	0.101198911667	0.0990190505981	0.122313022614	0.0888469219208	0.116744041443	0.164721012115	0.102438211441	0.083564043045	0.0663301944733	0.122596025467	0.111809968948	0.0685019493103	0.0890951156616	0.101313114166	0.172938108444	0.0756709575653	0.0792129039764	0.150458097458	0.0904409885406	0.0967969894409	0.110659122467	0.0987558364868	0.0927879810333	0.0722200870514	0.0936679840088	0.087641954422	0.111014127731	0.0938777923584	0.0775752067566	0.136677980423	0.110476970673	0.0883650779724	0.105417966843	0.09836602211	0.08229804039	0.166264057159	0.0852489471436	0.119417905807	0.117218017578	0.133698940277	
['./treeMaker/main', '-m', '-c', '1']
0.102705001831	0.0712950229645	0.11027097702	0.0867500305176	0.0913920402527	0.109215974808	0.0808470249176	0.116317033768	0.0750091075897	0.0657961368561	0.10800409317	0.102791070938	0.122051000595	0.0895421504974	0.118680000305	0.165570020676	0.104012012482	0.0890209674835	0.0721640586853	0.131899118423	0.131309986115	0.0681710243225	0.0890369415283	0.0988030433655	0.187143087387	0.0783360004425	0.0774919986725	0.135072946548	0.078840970993	0.0934510231018	0.107086896896	0.10117316246	0.0937151908875	0.0725800991058	0.0785369873047	0.0858640670776	0.10728597641	0.0806930065155	0.0809509754181	0.121793031693	0.104501962662	0.0817079544067	0.0882411003113	0.117614984512	0.080552816391	0.162704944611	0.0822260379791	0.121883869171	0.0993459224701	0.116650104523	
['./treeMaker/main', '-m', '-c', '2']
0.0885128974915	0.0751938819885	0.117946147919	0.0832190513611	0.0876359939575	0.106758117676	0.081335067749	0.100050926208	0.0729389190674	0.0662260055542	0.107616901398	0.099671125412	0.118000984192	0.086375951767	0.110944032669	0.176330804825	0.102557182312	0.0866410732269	0.0688569545746	0.12587594986	0.116744995117	0.0680830478668	0.0886499881744	0.103394985199	0.193154096603	0.0771341323853	0.0948369503021	0.130887985229	0.078989982605	0.0987389087677	0.126172065735	0.10330414772	0.0962429046631	0.0739538669586	0.0838220119476	0.0856099128723	0.108440876007	0.0793590545654	0.0802698135376	0.119768857956	0.103772878647	0.0876548290253	0.0901207923889	0.100394010544	0.0784718990326	0.168954133987	0.0857858657837	0.122067928314	0.0985670089722	0.130673885345	
['./treeMaker/main', '-m', '-a', '1']
0.102599143982	0.0879371166229	0.12690782547	0.100296974182	0.103535890579	0.119634866714	0.0975148677826	0.114063978195	0.0869839191437	0.0790729522705	0.125041007996	0.116951942444	0.134619951248	0.103549003601	0.13144493103	0.178727149963	0.116100072861	0.102226018906	0.0815260410309	0.154141902924	0.132590055466	0.0988590717316	0.109469890594	0.12325501442	0.198902130127	0.0934519767761	0.0982520580292	0.146739959717	0.106524944305	0.116863012314	0.131591081619	0.133116006851	0.113795995712	0.105023145676	0.10631108284	0.101598978043	0.123362064362	0.0982041358948	0.0962438583374	0.137459039688	0.139127016068	0.10138297081	0.104516029358	0.11888384819	0.0955080986023	0.181189060211	0.0985100269318	0.138648033142	0.119866847992	0.137409925461	
['./treeMaker/main', '-m', '-a', '2']
0.0869898796082	0.0734848976135	0.125188112259	0.0840339660645	0.0892860889435	0.104199171066	0.0814080238342	0.101253032684	0.0743770599365	0.0637710094452	0.105912923813	0.0951540470123	0.133438110352	0.0904409885406	0.109415054321	0.176229000092	0.110803127289	0.0921320915222	0.0712950229645	0.147072076797	0.116221189499	0.0736420154572	0.0951960086823	0.105312108994	0.189376115799	0.0858838558197	0.0799150466919	0.127056837082	0.0806670188904	0.100582122803	0.118457078934	0.10181593895	0.10647892952	0.0725259780884	0.0826740264893	0.0812959671021	0.117880105972	0.08087682724	0.0770320892334	0.11646604538	0.108660936356	0.0871720314026	0.0852069854736	0.114568948746	0.0807580947876	0.160846948624	0.0820319652557	0.121397018433	0.104683876038	0.12255692482	
