25_1000_4.9e-10_4.9e-10_10000
25
1000
4.9e-10
4.9e-10
10000

['./treeMaker/main']
0.129897117615	0.086061000824	0.111109018326	0.128627061844	0.183230876923	0.128784894943	0.201837062836	0.131165027618	0.114099025726	0.108599185944	0.139215946198	0.12579202652	0.11659693718	0.0993731021881	0.101136922836	0.098904132843	0.161836862564	0.121341943741	0.136236906052	0.126167058945	0.133827924728	0.126039028168	0.0769147872925	0.211796045303	0.173538923264	0.136822938919	0.113418102264	0.198570966721	0.144891023636	0.113750934601	0.155961990356	0.14727306366	0.132575035095	0.0928010940552	0.111929178238	0.133039951324	0.267258882523	0.13431096077	0.17605805397	0.0989220142365	0.118690013885	0.0814430713654	0.114271879196	0.109220981598	0.150270938873	0.113183021545	0.0987501144409	0.160249948502	0.136785030365	0.114619970322	
['./treeMaker/main', '-b']
0.134423971176	0.0918028354645	0.116053104401	0.132565975189	0.190819978714	0.133540153503	0.209613084793	0.137773036957	0.114954948425	0.112197160721	0.146470069885	0.129675865173	0.118803024292	0.102823019028	0.104047060013	0.102348089218	0.170460939407	0.12630200386	0.140923976898	0.128896951675	0.146650075912	0.127362012863	0.0764029026031	0.220513820648	0.171535015106	0.139485836029	0.118671894073	0.202486991882	0.14947104454	0.115648031235	0.157440900803	0.151489019394	0.137383937836	0.0892791748047	0.114696025848	0.135467767715	0.272569894791	0.140438079834	0.171411037445	0.102476835251	0.113156080246	0.0829911231995	0.113124847412	0.111244916916	0.155199050903	0.116143941879	0.102103948593	0.164206027985	0.139789104462	0.117446184158	
['./treeMaker/main', '-u']
0.13471698761	0.0871839523315	0.113556861877	0.129314899445	0.182822227478	0.129608869553	0.204086065292	0.134821891785	0.112059116364	0.106985092163	0.140494823456	0.126214981079	0.120112895966	0.099869966507	0.102406024933	0.100498914719	0.162818908691	0.128623008728	0.136251211166	0.128805875778	0.13472700119	0.123651027679	0.0758209228516	0.214384078979	0.16642999649	0.135684967041	0.113867998123	0.19891500473	0.14705491066	0.112843990326	0.154972076416	0.146161079407	0.134465932846	0.0922179222107	0.111793994904	0.13526391983	0.266789913177	0.137461900711	0.169409990311	0.102735996246	0.112078905106	0.0807139873505	0.112426042557	0.109934091568	0.150940179825	0.11443901062	0.100140094757	0.160305023193	0.145341873169	0.115078926086	
['./treeMaker/main', '-t', '-r', '1']
2.525826931	1.52906680107	2.14984202385	2.37067985535	3.59834599495	2.54561305046	3.78091406822	2.48307991028	2.11672210693	2.00546503067	2.72950100899	2.363945961	2.18878507614	1.80996394157	1.88657212257	1.88860011101	3.2332868576	2.29263114929	2.54973101616	2.34359288216	2.57450890541	2.40838718414	1.2431769371	4.03518104553	3.2897901535	2.64463114738	2.13626503944	3.81743812561	2.71043610573	2.14397883415	2.98691320419	2.76603293419	2.53897404671	1.52369093895	2.11436605453	2.57603406906	4.60263514519	2.57448506355	3.2936091423	1.79991102219	2.02889204025	1.38578510284	2.05097293854	2.08078789711	2.95777988434	2.03076004982	1.81616401672	3.04744291306	2.60499095917	2.18712091446	
['./treeMaker/main', '-t', '-r', '2']
3.57879400253	2.12606406212	2.92208600044	3.54673099518	5.14533305168	3.47146010399	5.55702400208	3.4718670845	2.9004740715	2.84124588966	3.77558398247	3.23591184616	3.08346509933	2.52428412437	2.66338610649	2.78224778175	4.36664295197	3.11847400665	3.82561802864	3.26055908203	3.45145797729	3.33788204193	1.7427380085	5.53337717056	4.51695895195	3.58531999588	3.06834292412	5.12185001373	4.25551199913	3.07932496071	4.13915896416	4.00046610832	3.47436714172	2.01490592957	2.90463781357	3.49458599091	6.73250699043	3.46386909485	4.66316199303	2.55071902275	2.98753619194	1.96702289581	2.90212798119	2.77384090424	4.09053111076	2.86702108383	2.53460097313	4.33777785301	3.68336606026	3.03231692314	
['./treeMaker/main', '-t', '-r', '1', '-N']
2.53031802177	1.54749011993	2.12793898582	2.36490106583	3.60229706764	2.54548096657	3.7187230587	2.48555397987	2.12073278427	2.00572109222	2.7297000885	2.36010909081	2.19445800781	1.81173300743	1.8839199543	1.89460206032	3.27584719658	2.29997611046	2.54890608788	2.37591099739	2.57322978973	2.41786384583	1.24115300179	4.04200601578	3.29317593575	2.65595698357	2.12574005127	3.75832509995	2.7159640789	2.14574193954	2.99657893181	2.77093696594	2.5485970974	1.52500295639	2.11497116089	2.57749605179	4.60691189766	2.58511281013	3.29229998589	1.80282092094	2.0310280323	1.38679909706	2.05600094795	2.07759308815	3.0330529213	2.04761791229	1.81228494644	3.05306386948	2.60810804367	2.1855340004	
['./treeMaker/main', '-t', '-r', '2', '-N']
3.58214592934	2.1319360733	2.96598005295	3.57437396049	5.15580296516	3.4719209671	5.47246098518	3.48474979401	2.88357186317	2.82552599907	3.77564811707	3.24346590042	3.09625816345	2.53775405884	2.6713039875	2.78807115555	4.39481496811	3.15666508675	3.83479905128	3.26610684395	3.45634818077	3.36002802849	1.74230480194	5.50210595131	4.51680803299	3.59289097786	3.07098793983	5.14299106598	4.2583899498	3.10680198669	4.14279198647	4.00754404068	3.47132086754	2.02746796608	2.90956902504	3.49664998055	6.74376487732	3.46593308449	4.62356495857	2.55662512779	2.9912788868	1.96136784554	2.95390105247	2.77363991737	4.08506894112	2.86099004745	2.50747704506	4.38688707352	3.70055103302	3.04176807404	
['./treeMaker/main', '-m']
0.0877180099487	0.0661878585815	0.079176902771	0.0836901664734	0.1054251194	0.0984559059143	0.108330965042	0.0895459651947	0.0774760246277	0.0750501155853	0.0930709838867	0.0824680328369	0.0782301425934	0.0748610496521	0.0717689990997	0.0702018737793	0.0980749130249	0.0832281112671	0.0860271453857	0.0839622020721	0.0863649845123	0.084547996521	0.0585491657257	0.113472938538	0.0972700119019	0.0880270004272	0.0812368392944	0.108331918716	0.0920150279999	0.0779359340668	0.0926699638367	0.0913329124451	0.0855791568756	0.0667898654938	0.0773680210114	0.087944984436	0.12687587738	0.0865828990936	0.0983920097351	0.0713438987732	0.0762360095978	0.063295841217	0.0790359973907	0.076404094696	0.0921101570129	0.0742259025574	0.0719051361084	0.0953390598297	0.0871798992157	0.0784690380096	
['./treeMaker/main', '-m', '-b']
0.0904800891876	0.0697510242462	0.0942690372467	0.090117931366	0.118763923645	0.0889859199524	0.114105939865	0.0916080474854	0.082603931427	0.0777719020844	0.0937359333038	0.0858950614929	0.081974029541	0.0759258270264	0.0847580432892	0.0760622024536	0.101598978043	0.0875661373138	0.0923569202423	0.0885682106018	0.0909872055054	0.0863118171692	0.0630810260773	0.12033200264	0.100983142853	0.0887920856476	0.0817649364471	0.112937927246	0.0986108779907	0.0824480056763	0.0989191532135	0.0990471839905	0.091912984848	0.0746250152588	0.0807909965515	0.090635061264	0.138510942459	0.0908551216125	0.102650165558	0.0753889083862	0.0867838859558	0.064836025238	0.0830090045929	0.0802581310272	0.0981290340424	0.0809969902039	0.0780091285706	0.102377176285	0.0936541557312	0.081640958786	
['./treeMaker/main', '-m', '-w', '1']
0.0945620536804	0.068060874939	0.0792798995972	0.084951877594	0.103991031647	0.0823209285736	0.108641862869	0.0855660438538	0.0777180194855	0.0752079486847	0.0905110836029	0.0828881263733	0.0792939662933	0.0750041007996	0.0747699737549	0.0702331066132	0.0965211391449	0.081906080246	0.0867700576782	0.0833950042725	0.084107875824	0.079833984375	0.0612330436707	0.11234498024	0.102192878723	0.0971620082855	0.0779039859772	0.116406917572	0.0921139717102	0.0774879455566	0.0911900997162	0.0912129878998	0.0846078395844	0.0658218860626	0.0768759250641	0.0882461071014	0.126811981201	0.0834820270538	0.0984032154083	0.0739600658417	0.077486038208	0.0636110305786	0.0775759220123	0.0781841278076	0.0938658714294	0.0762479305267	0.072282075882	0.0946218967438	0.0923459529877	0.0791661739349	
['./treeMaker/main', '-m', '-w', '2']
0.083508014679	0.0760989189148	0.0797889232635	0.0829298496246	0.10212802887	0.0829238891602	0.109018087387	0.0866830348969	0.0795619487762	0.0740191936493	0.0903029441833	0.0827379226685	0.0792219638824	0.070877790451	0.0739688873291	0.0734438896179	0.0978360176086	0.0837490558624	0.0857059955597	0.0843710899353	0.0878081321716	0.0815660953522	0.058895111084	0.113368988037	0.108203172684	0.08487200737	0.0788979530334	0.107666015625	0.0922000408173	0.0782220363617	0.0942900180817	0.090252161026	0.0861520767212	0.0699279308319	0.0784041881561	0.0882189273834	0.129274129868	0.0862929821014	0.0983309745789	0.0708820819855	0.0776119232178	0.0628900527954	0.0809710025787	0.0759649276733	0.0933918952942	0.0778799057007	0.0733249187469	0.0958380699158	0.0917890071869	0.0788412094116	
['./treeMaker/main', '-m', '-c', '1']
0.0840580463409	0.0660638809204	0.0780780315399	0.083911895752	0.104176998138	0.0824179649353	0.107433795929	0.0862059593201	0.0789589881897	0.0762190818787	0.0907280445099	0.0805699825287	0.0781769752502	0.0725250244141	0.0771198272705	0.0729308128357	0.104905128479	0.0822970867157	0.0860230922699	0.0840840339661	0.0855438709259	0.0823338031769	0.0585398674011	0.112457990646	0.0941541194916	0.0855851173401	0.077917098999	0.107114076614	0.0921590328217	0.0757849216461	0.091057062149	0.089831829071	0.0850329399109	0.0656940937042	0.076672077179	0.0881130695343	0.125502109528	0.0866401195526	0.0978670120239	0.0705358982086	0.0773429870605	0.0623230934143	0.0777599811554	0.0753428936005	0.0930840969086	0.0754408836365	0.0722720623016	0.0943491458893	0.0868480205536	0.0786838531494	
['./treeMaker/main', '-m', '-c', '2']
0.0865950584412	0.0654230117798	0.0785009860992	0.0940208435059	0.103119134903	0.0853190422058	0.113706827164	0.0847518444061	0.0763490200043	0.073744058609	0.0894770622253	0.0822429656982	0.0766520500183	0.0715420246124	0.0766458511353	0.069983959198	0.0964629650116	0.081976890564	0.09450507164	0.0834901332855	0.0868730545044	0.0839428901672	0.059662103653	0.112380027771	0.0969309806824	0.0830330848694	0.0769391059875	0.107716083527	0.0919539928436	0.0775110721588	0.0942349433899	0.0893518924713	0.084860086441	0.069365978241	0.0770690441132	0.0868589878082	0.127675056458	0.0853900909424	0.0977427959442	0.0709669589996	0.0776991844177	0.06223487854	0.0775830745697	0.07555103302	0.092796087265	0.0777969360352	0.0720498561859	0.0944669246674	0.0879027843475	0.0791599750519	
['./treeMaker/main', '-m', '-a', '1']
0.090646982193	0.0743319988251	0.0847508907318	0.0911958217621	0.10986995697	0.0880661010742	0.113286972046	0.0943639278412	0.0833718776703	0.0823810100555	0.0976369380951	0.0868110656738	0.0844168663025	0.0769500732422	0.0798118114471	0.0772929191589	0.101162195206	0.0875689983368	0.0929589271545	0.089870929718	0.0930309295654	0.0870208740234	0.0677690505981	0.118235111237	0.101586103439	0.0898151397705	0.0830979347229	0.111685991287	0.0976860523224	0.0849668979645	0.0971519947052	0.105928897858	0.0938801765442	0.0726909637451	0.0920798778534	0.0940868854523	0.14302611351	0.0925230979919	0.104983091354	0.0775170326233	0.0835680961609	0.0678110122681	0.0873200893402	0.0814490318298	0.0965640544891	0.0818259716034	0.0798668861389	0.100831031799	0.091283082962	0.0843279361725	
['./treeMaker/main', '-m', '-a', '2']
0.0854871273041	0.065230846405	0.0792889595032	0.0825080871582	0.109963178635	0.0824728012085	0.107707023621	0.0852022171021	0.0776770114899	0.075376033783	0.0915150642395	0.0796730518341	0.0767498016357	0.0698430538177	0.074481010437	0.0702590942383	0.105376958847	0.0820879936218	0.0858161449432	0.084244966507	0.090008020401	0.0811419487	0.058737039566	0.111801862717	0.0962929725647	0.0869369506836	0.0765378475189	0.108308792114	0.0916349887848	0.0793328285217	0.0941269397736	0.0889010429382	0.0896830558777	0.0663521289825	0.074835062027	0.0872631072998	0.12748503685	0.0855579376221	0.0981237888336	0.0705251693726	0.077702999115	0.0635259151459	0.0895409584045	0.0772619247437	0.0931580066681	0.0761709213257	0.0725419521332	0.0949628353119	0.0870940685272	0.0791079998016	
