25_1000_4.9e-10_0.0_470000000
25
1000
4.9e-10
0.0
470000000

['./treeMaker/main']
2.90486717224	2.229637146	152.677247047	2.92912101746	7.79147410393	26.3273160458	1.9451379776	3.06184220314	13.4818320274	5.25213599205	11.4295041561	3.25653910637	7.36637997627	6.85176801682	3.00382113457	2.22312688828	6.90560007095	8.89867806435	0.215334892273	14.3511819839	1.60149598122	1.48975396156	2.18463015556	0.802553892136	29.4065649509	2.47104811668	3.67167401314	0.86493396759	1.43522691727	0.619480133057	2.36196494102	3.95115399361	0.598554134369	64.565882206	1.31032395363	1.33919811249	18.0120060444	7.85634016991	2.33321118355	6.30709385872	1.09123301506	2.10587310791	31.3475871086	3.73790693283	1.93323588371	21.6448168755	3.39506196976	1.09161305428	2.59369397163	8.29929709435	
['./treeMaker/main', '-b']
2.94530797005	2.25028681755	151.885146856	2.96655488014	7.85402989388	26.3146522045	1.96885895729	3.0887298584	13.5139489174	5.28830385208	11.465816021	3.29614305496	7.38305401802	6.88723397255	2.99975895882	2.25110006332	6.97458696365	9.0148088932	0.223351955414	14.4856038094	1.63544297218	1.52087187767	2.2260119915	0.829435825348	29.6391348839	2.51726794243	3.73792815208	0.882659912109	1.46878790855	0.638036966324	2.40260887146	4.01367807388	0.615026950836	64.9386160374	1.35242295265	1.41402482986	18.1704099178	7.93798112869	2.3772251606	6.39303898811	1.11129999161	2.15742516518	31.5931348801	3.79495310783	1.97162985802	21.7818551064	3.44850611687	1.1282491684	2.63436985016	8.39975094795	
['./treeMaker/main', '-u']
2.89859199524	2.20782995224	151.397336006	2.9066889286	7.73645186424	26.1492230892	1.93544983864	3.03930306435	13.374505043	5.22104215622	11.3677721024	3.24049520493	7.51897192001	6.7890689373	2.95336794853	2.21839284897	6.90115499496	9.2206158638	0.219460964203	14.3703980446	1.60862994194	1.49165010452	2.1919901371	0.804890871048	29.4072730541	2.47156000137	3.66686582565	0.871141195297	1.43697404861	0.621086835861	2.3623919487	3.95774483681	0.60142493248	64.6282510757	1.29734921455	1.34202218056	18.0211679935	7.85085511208	2.33640599251	6.30796813965	1.11515498161	2.12723898888	31.3471560478	3.74443602562	2.24976181984	21.6386129856	3.39291787148	1.10348892212	2.88373994827	8.30449509621	
['./treeMaker/main', '-t', '-r', '1']
22.9099898338	17.9051990509	229.987582207	22.2943811417	39.2051270008	84.0418498516	21.1489260197	26.3936479092	65.4577419758	37.6026000977	54.4665870667	27.4806139469	45.5700919628	36.4951171875	20.7983620167	19.5923199654	39.6274039745	43.5923409462	3.21064710617	62.3085680008	15.8786370754	14.678511858	17.98072505	9.11534118652	106.113323212	22.5462939739	29.339744091	11.8369557858	15.8059561253	9.63536310196	22.3058819771	32.9254190922	9.10600209236	150.135076046	13.4670538902	11.3739569187	68.1186192036	41.6057169437	19.9175031185	34.5182058811	11.8522620201	17.469233036	92.579474926	26.6840918064	18.3267848492	79.3683619499	25.1702079773	11.2928688526	20.8922460079	38.2118391991	
['./treeMaker/main', '-t', '-r', '2']
44.5824148655	36.3278129101	503.534411907	42.0022521019	90.4786179066	185.13645792	37.7457520962	52.5395739079	140.031167984	60.3022198677	112.035855055	47.832242012	82.8177850246	77.8142588139	43.8636550903	33.1871099472	74.8412680626	90.1863379478	5.76448488235	122.836667061	28.4097878933	27.8627109528	36.1708989143	17.2163720131	200.982708931	39.9343488216	53.387966156	18.8645939827	26.0742089748	13.9308681488	37.1615560055	54.009070158	14.1889910698	295.515629053	23.5755879879	27.3508589268	141.802474022	80.1263518333	36.0592598915	71.3218209743	20.9182879925	36.5893108845	197.508802176	50.8186388016	31.4927430153	150.033354044	47.3948130608	20.97645998	41.7225010395	88.4550349712	
['./treeMaker/main', '-t', '-r', '1', '-N']
23.7019090652	18.2617769241	233.473599195	22.9458110332	39.5313799381	85.2770841122	18.2093749046	23.0073738098	57.2593700886	32.1296401024	46.3094069958	23.3906559944	39.4737570286	37.0706558228	21.2380268574	20.0373969078	40.1437988281	44.1196360588	3.34889101982	63.9420931339	16.2916219234	14.9773631096	18.737334013	9.31963801384	92.1452000141	19.7825460434	25.4294850826	10.2388420105	13.5822620392	8.43198299408	19.398496151	28.7699141502	7.92650389671	147.358814001	13.995885849	11.5948739052	68.7159748077	42.1314949989	20.1956810951	35.0804080963	12.1013920307	17.4547951221	92.9494678974	26.7427861691	18.6908860207	80.0527319908	25.5918810368	11.4340670109	21.1737599373	38.7694470882	
['./treeMaker/main', '-t', '-r', '2', '-N']
44.7382049561	37.2602140903	510.787547112	42.8871939182	92.3657519817	187.703779936	32.643433094	44.730232954	119.467316866	59.6888928413	112.012412071	47.7924721241	83.1569240093	77.0963909626	43.403927803	33.3825559616	73.905684948	91.2340750694	5.77715706825	124.071141005	28.8028390408	27.862912178	36.2900321484	17.2093601227	198.483408928	40.1567258835	53.0897018909	18.8187329769	26.4268050194	14.0070931911	37.0330400467	53.9337248802	14.1184439659	293.625986099	23.6882970333	27.9745941162	141.058603048	80.1643199921	36.2062830925	72.9612970352	22.3019831181	38.5468828678	208.982990026	53.124642849	33.7459061146	149.027580023	47.2882781029	21.1618421078	41.9569270611	89.2677121162	
['./treeMaker/main', '-m']
0.545929908752	0.468311786652	3.79953694344	0.514857053757	0.909812927246	1.63242793083	0.465377092361	0.584328889847	1.16473293304	0.69615983963	1.11532592773	0.561717987061	0.844926834106	0.824373006821	0.532495975494	0.452567100525	0.822299003601	0.927227020264	0.12938785553	1.19741201401	0.383748054504	0.393415927887	0.473375082016	0.286699056625	1.76866984367	0.506734132767	0.646723985672	0.278289794922	0.365620136261	0.246271133423	0.501991987228	0.640187978745	0.227651119232	2.34736895561	0.358325958252	0.399447917938	1.32064700127	0.837587118149	0.451760053635	0.744721889496	0.324778079987	0.469097852707	1.72997808456	0.587338924408	0.438408851624	1.37558293343	0.586138963699	0.328448057175	0.540340185165	0.94081401825	
['./treeMaker/main', '-m', '-b']
0.591896057129	0.521550893784	4.30888700485	0.586956977844	1.05952191353	1.85328316689	0.483591079712	0.635165929794	1.31000995636	0.751842021942	1.27114892006	0.626611948013	0.935976028442	0.952147960663	0.602281808853	0.463447093964	0.881446123123	1.05786705017	0.146744012833	1.30849194527	0.454947948456	0.434201002121	0.522861003876	0.316097021103	1.97153687477	0.524140834808	0.681929111481	0.329764127731	0.430261850357	0.276310920715	0.539131879807	0.712069034576	0.258744001389	2.66101717949	0.391330957413	0.442919969559	1.46436285973	0.953157901764	0.507797956467	0.876412153244	0.35902094841	0.536643981934	1.86366987228	0.668425798416	0.466893911362	1.54611682892	0.635232925415	0.35346198082	0.578011989594	1.00327992439	
['./treeMaker/main', '-m', '-w', '1']
0.545747995377	0.454748868942	3.86528396606	0.557498216629	0.966526985168	1.64271807671	0.465456008911	0.556804895401	1.17539811134	0.701091051102	1.12647891045	0.567062139511	0.872316837311	0.807348012924	0.53358912468	0.451810836792	0.817048788071	0.947282075882	0.134667158127	1.19518399239	0.389845132828	0.397521018982	0.450235128403	0.272219181061	1.77606797218	0.497643947601	0.642761945724	0.305135965347	0.397400856018	0.247261047363	0.474212884903	0.627279996872	0.225540161133	2.37637400627	0.354964017868	0.401731967926	1.30631017685	0.865156888962	0.47789812088	0.771836042404	0.335066080093	0.483177900314	1.7308678627	0.600847005844	0.410948991776	1.38726615906	0.55810880661	0.308825016022	0.495212078094	0.940663099289	
['./treeMaker/main', '-m', '-w', '2']
0.543850898743	0.489410877228	3.8068819046	0.561961889267	0.919048070908	1.63644909859	0.436840057373	0.568321943283	1.17702388763	0.704784154892	1.15509295464	0.570996999741	0.892477989197	0.839640855789	0.545528173447	0.463577985764	0.819571971893	0.93905210495	0.13582110405	1.20532798767	0.397933006287	0.380851984024	0.481415987015	0.272409915924	1.79829096794	0.488749980927	0.643190145493	0.291543006897	0.369392871857	0.251347064972	0.481211900711	0.613671064377	0.250365972519	2.37364602089	0.34499502182	0.404812097549	1.32397603989	0.885786056519	0.471347808838	0.772581100464	0.340081214905	0.487200975418	1.71663808823	0.59307718277	0.439777851105	1.39468002319	0.589972019196	0.329406023026	0.528313159943	1.04308199883	
['./treeMaker/main', '-m', '-c', '1']
0.536136865616	0.471745014191	3.80234599113	0.533065080643	0.938246011734	1.62220907211	0.439556121826	0.567082881927	1.18119883537	0.681836843491	1.14973592758	0.579565048218	0.871457099915	0.833042860031	0.551002979279	0.428488016129	0.815012931824	0.955158948898	0.1339199543	1.19768404961	0.383121013641	0.407664060593	0.449104070663	0.267610788345	1.76397299767	0.505629062653	0.619243144989	0.306813955307	0.382678985596	0.233673810959	0.482998847961	0.604871034622	0.239333152771	2.347864151	0.361927986145	0.409605979919	1.27811694145	0.855888843536	0.479192018509	0.765149116516	0.326349020004	0.491762876511	1.75392389297	0.600716114044	0.435541152954	1.36967492104	0.590765953064	0.312366008759	0.524319887161	0.952203035355	
['./treeMaker/main', '-m', '-c', '2']
0.525140047073	0.475545167923	3.80116915703	0.531393051147	0.94412112236	1.63221716881	0.449924945831	0.57231593132	1.17233800888	0.678174972534	1.13480997086	0.57605099678	0.865446090698	0.806497097015	0.551748037338	0.461024999619	0.812299013138	0.95295381546	0.134859085083	1.17838287354	0.400028944016	0.396039962769	0.469184875488	0.279152870178	1.76034188271	0.482918977737	0.641325950623	0.293241024017	0.387130022049	0.228053092957	0.453809022903	0.597744941711	0.232871055603	2.3174161911	0.36332988739	0.402012109756	1.31974577904	0.866930007935	0.451014041901	0.778506994247	0.323119163513	0.471146821976	1.74103093147	0.60217499733	0.407330036163	1.36495900154	0.55898308754	0.328534126282	0.524593114853	0.938160896301	
['./treeMaker/main', '-m', '-a', '1']
0.530308008194	0.499840974808	3.81208515167	0.528657913208	0.975338935852	1.65849494934	0.452537059784	0.5988240242	1.1391980648	0.672347068787	1.10360980034	0.559111833572	0.852308988571	0.818108797073	0.528206110001	0.435987949371	0.785181999207	0.912603855133	0.145138978958	1.15322899818	0.39102602005	0.387155056	0.464186906815	0.277742147446	1.73668599129	0.491291046143	0.612411975861	0.305013895035	0.375801801682	0.243926048279	0.465002059937	0.608654022217	0.25074005127	2.28391289711	0.35627579689	0.395889043808	1.28055787086	0.845069885254	0.46583199501	0.759402036667	0.325258016586	0.463711977005	1.67671203613	0.598751068115	0.421583890915	1.33056807518	0.568206071854	0.324151992798	0.506660938263	0.912552118301	
['./treeMaker/main', '-m', '-a', '2']
0.510443210602	0.453733205795	3.68477892876	0.514539003372	0.906081199646	1.57770609856	0.419309139252	0.537045001984	1.11233115196	0.661068916321	1.09265995026	0.544924020767	0.839136838913	0.80136013031	0.518145084381	0.421021938324	0.770874977112	0.905972003937	0.130568981171	1.15001893044	0.382911920547	0.376585006714	0.448307991028	0.264529943466	1.71133995056	0.476703882217	0.596517086029	0.27644109726	0.369451999664	0.228650808334	0.463109970093	0.58998298645	0.224791049957	2.27239394188	0.342319965363	0.379011869431	1.26873993874	0.820055007935	0.449949026108	0.746538162231	0.304864168167	0.452599048615	1.65940403938	0.581504821777	0.405517101288	1.3132481575	0.557169914246	0.30860209465	0.491357088089	0.896117925644	
