25_1000_4.9e-10_4.9e-10_470000000_cut_6
25
1000
4.9e-10
4.9e-10
470000000
cut_6
['./treeMaker/main']
0.0514371395111	0.0852661132812	0.0835208892822	0.0578029155731	0.0647909641266	0.0532541275024	0.0629930496216	0.0713958740234	0.0685880184174	0.0597350597382	0.0638380050659	0.0621409416199	0.0603129863739	0.062087059021	0.0544531345367	0.0516600608826	0.0736439228058	0.121122121811	0.0649998188019	0.0544741153717	0.0734739303589	0.0530920028687	0.0702109336853	0.0848729610443	0.0840191841125	0.0538108348846	0.0701508522034	0.0614800453186	0.0498161315918	0.048406124115	0.103918075562	0.0651669502258	0.234799146652	0.0642530918121	0.0338261127472	0.0788040161133	0.06454205513	0.0577969551086	0.0504629611969	0.0914249420166	0.0563690662384	0.0783760547638	0.198065042496	0.0641071796417	0.073587179184	0.0585350990295	0.0292820930481	0.058177947998	0.0478129386902	0.129600048065	
['./treeMaker/main', '-b']
0.0568599700928	0.0865199565887	0.0857450962067	0.0622909069061	0.0673530101776	0.0563700199127	0.0641140937805	0.0753657817841	0.0716781616211	0.0632131099701	0.0620000362396	0.0641138553619	0.0731348991394	0.0616998672485	0.0563411712646	0.052610874176	0.0858449935913	0.126021146774	0.0679712295532	0.0564241409302	0.0628318786621	0.0566749572754	0.0747430324554	0.0876958370209	0.0891580581665	0.0548689365387	0.0700259208679	0.063453912735	0.0496051311493	0.048840045929	0.106323957443	0.0693919658661	0.244260072708	0.0683181285858	0.0452210903168	0.08651304245	0.0667440891266	0.058776140213	0.0527229309082	0.0958399772644	0.0579490661621	0.081661939621	0.206012964249	0.0572938919067	0.0734889507294	0.0614778995514	0.0297839641571	0.0502989292145	0.0499610900879	0.136002063751	
['./treeMaker/main', '-u']
0.0521218776703	0.0852770805359	0.0838000774384	0.0593588352203	0.0683188438416	0.0540661811829	0.0632319450378	0.075003862381	0.0686810016632	0.0607748031616	0.0627801418304	0.0622239112854	0.060898065567	0.061949968338	0.0550711154938	0.0534138679504	0.0753228664398	0.119718074799	0.0674920082092	0.0551280975342	0.0596768856049	0.0660350322723	0.077544927597	0.0849990844727	0.0956711769104	0.0547339916229	0.0706851482391	0.0607199668884	0.0486569404602	0.0484251976013	0.103497028351	0.0678789615631	0.23638510704	0.0644950866699	0.035197019577	0.08069896698	0.0646600723267	0.0557639598846	0.0517439842224	0.0906841754913	0.057473897934	0.0793490409851	0.198365926743	0.0565869808197	0.0717189311981	0.0584259033203	0.0302069187164	0.0507049560547	0.0488700866699	0.129449129105	
['./treeMaker/main', '-t', '-r', '1']
0.877925157547	1.71982812881	1.56060194969	1.06038093567	1.22906303406	0.994405031204	1.21904015541	1.40846085548	1.26896691322	1.15985298157	1.11460113525	1.16463899612	1.12912487984	1.09210395813	0.980242013931	0.940209150314	1.43915700912	2.3118751049	1.15781116486	0.916774988174	1.08900403976	1.01300621033	1.3909740448	1.78642296791	1.66146802902	0.91984295845	1.41045498848	1.17095708847	0.838917016983	0.803092956543	2.19144201279	1.26050591469	4.618516922	1.16499614716	0.477821826935	1.65833497047	1.23310494423	1.03891897202	0.892324924469	1.83361005783	0.958204984665	1.53608298302	3.80120897293	0.933887004852	1.54931712151	1.06547689438	0.368896961212	0.878461122513	0.818639039993	2.48523402214	
['./treeMaker/main', '-t', '-r', '2']
1.38721704483	2.75465607643	2.59270501137	1.73297214508	1.91067790985	1.5981669426	1.82695913315	2.09696316719	2.08924102783	1.74104309082	1.84074497223	1.86582303047	1.91440296173	1.79953813553	1.47677397728	1.44700407982	2.21514320374	3.95252919197	1.92759609222	1.48555898666	1.65865397453	1.72511911392	2.12076306343	2.66606497765	2.62866806984	1.57678508759	2.09591698647	1.86163806915	1.27340292931	1.2552959919	3.37135314941	2.00930404663	6.63779902458	1.77028799057	0.770040035248	2.59491801262	1.92579507828	1.58037090302	1.38555502892	2.89840507507	1.58348107338	2.69453811646	6.05476713181	1.44022703171	2.3130710125	1.66349887848	0.573801994324	1.33565998077	1.29011011124	4.11629414558	
['./treeMaker/main', '-t', '-r', '1', '-N']
0.888882875443	1.73482894897	1.56473612785	1.05899214745	1.23095297813	0.996277809143	1.21894598007	1.41004300117	1.27160215378	1.15641999245	1.11381196976	1.16587400436	1.12204313278	1.09135293961	0.981256008148	0.940912008286	1.44050383568	2.31630802155	1.15839600563	0.917341947556	1.08485603333	1.01015305519	1.39011001587	1.75944709778	1.66401910782	0.924269914627	1.41213583946	1.17579698563	0.835025072098	0.801107883453	2.2028260231	1.2505710125	4.61720204353	1.1632130146	0.487355947495	1.66938686371	1.23542284966	1.04255604744	0.893253803253	1.83694410324	0.95619893074	1.53573203087	3.76866984367	0.931443929672	1.56174707413	1.06638884544	0.368317127228	0.883076190948	0.82452917099	2.49545192719	
['./treeMaker/main', '-t', '-r', '2', '-N']
1.36683297157	2.72153687477	2.59796404839	1.72473406792	1.90329694748	1.60233592987	1.8198299408	2.10162806511	2.09362983704	1.7492249012	1.8477139473	1.85787010193	1.90969920158	1.79791784286	1.48382306099	1.44785904884	2.21429610252	3.96095299721	1.93010807037	1.4866130352	1.65267515182	1.71862506866	2.11894989014	2.6236000061	2.6514108181	1.58243012428	2.11758804321	1.86633491516	1.2775490284	1.25865221024	3.38872289658	2.02394199371	6.62959599495	1.76414108276	0.772284030914	2.58606696129	1.92712807655	1.57999396324	1.38772106171	2.89676094055	1.58442115784	2.6792640686	6.27777981758	1.44404101372	2.40222096443	1.65971183777	0.574504852295	1.33449602127	1.29213118553	4.20887804031	
['./treeMaker/main', '-m']
0.0433821678162	0.0779020786285	0.0696058273315	0.0451428890228	0.0514709949493	0.0445468425751	0.0506248474121	0.0530080795288	0.0530869960785	0.0460929870605	0.0474219322205	0.0494289398193	0.0472798347473	0.0484478473663	0.0441789627075	0.0422978401184	0.0561900138855	0.0782189369202	0.0509629249573	0.044322013855	0.0472960472107	0.0454409122467	0.0543789863586	0.0589168071747	0.0642609596252	0.0422101020813	0.0516669750214	0.0475921630859	0.0396831035614	0.0403978824615	0.0677399635315	0.0504720211029	0.113012075424	0.0524470806122	0.030296087265	0.0593619346619	0.0500748157501	0.0457439422607	0.0416829586029	0.0666420459747	0.042130947113	0.0587859153748	0.107182979584	0.0423610210419	0.0525660514832	0.0564830303192	0.0266530513763	0.0400080680847	0.0403029918671	0.0804440975189	
['./treeMaker/main', '-m', '-b']
0.0452530384064	0.0654349327087	0.0634610652924	0.0499789714813	0.0534491539001	0.046205997467	0.0510420799255	0.0583381652832	0.0568528175354	0.0505909919739	0.0522480010986	0.0522489547729	0.05149102211	0.0495979785919	0.046502828598	0.0467431545258	0.059709072113	0.0834348201752	0.0516710281372	0.0465409755707	0.0498349666595	0.0463280677795	0.0574259757996	0.0630362033844	0.0654008388519	0.0446848869324	0.0553829669952	0.0506298542023	0.0426800251007	0.0419819355011	0.072555065155	0.0544130802155	0.120698928833	0.0524458885193	0.0325231552124	0.0626308917999	0.0536940097809	0.0485610961914	0.0438261032104	0.0671379566193	0.0461161136627	0.0613610744476	0.111591100693	0.0467071533203	0.0574171543121	0.0482549667358	0.0321159362793	0.04314494133	0.0429780483246	0.0857179164886	
['./treeMaker/main', '-m', '-w', '1']
0.0433130264282	0.0587139129639	0.0601809024811	0.0468239784241	0.0507578849792	0.0441479682922	0.0502290725708	0.0534479618073	0.0529940128326	0.0470290184021	0.0474870204926	0.0495898723602	0.047091960907	0.0478329658508	0.044585943222	0.0440979003906	0.0558569431305	0.0790817737579	0.0515248775482	0.0458431243896	0.0546369552612	0.0447587966919	0.0537488460541	0.0603091716766	0.0619888305664	0.0429911613464	0.0532829761505	0.0459680557251	0.0400550365448	0.0408539772034	0.067981004715	0.051441192627	0.112811803818	0.0527651309967	0.0306990146637	0.059149980545	0.0499160289764	0.0452649593353	0.0403900146484	0.0646679401398	0.0446481704712	0.0579710006714	0.10654592514	0.0430209636688	0.0531179904938	0.0470569133759	0.0370819568634	0.0407440662384	0.0413279533386	0.0815019607544	
['./treeMaker/main', '-m', '-w', '2']
0.0448768138885	0.0617032051086	0.0612950325012	0.0468139648438	0.0500600337982	0.0443518161774	0.0510199069977	0.0556089878082	0.0544059276581	0.0488650798798	0.0487539768219	0.0502319335938	0.0495100021362	0.0493049621582	0.0444331169128	0.0437450408936	0.0566129684448	0.0793061256409	0.0499138832092	0.0445671081543	0.0480899810791	0.0450718402863	0.0532569885254	0.0594458580017	0.0626618862152	0.0428850650787	0.0535638332367	0.0490040779114	0.0399580001831	0.0404801368713	0.0732259750366	0.0509850978851	0.113608121872	0.0491189956665	0.0320479869843	0.059485912323	0.0500748157501	0.0457639694214	0.0424258708954	0.0640709400177	0.045254945755	0.0569508075714	0.104683876038	0.043200969696	0.0662229061127	0.046187877655	0.0271079540253	0.0415480136871	0.0409400463104	0.0815060138702	
['./treeMaker/main', '-m', '-c', '1']
0.0430781841278	0.0589809417725	0.059947013855	0.04447889328	0.0513231754303	0.043830871582	0.0503420829773	0.053454875946	0.0513961315155	0.0451850891113	0.047728061676	0.049299955368	0.048367023468	0.0472590923309	0.0441250801086	0.0433828830719	0.0548009872437	0.0772860050201	0.0488729476929	0.0444161891937	0.0569889545441	0.0536019802094	0.0533299446106	0.0615901947021	0.0684351921082	0.0425539016724	0.0539329051971	0.0474889278412	0.0399038791656	0.0404629707336	0.0677678585052	0.0491559505463	0.113685846329	0.0526051521301	0.0305700302124	0.0592789649963	0.0602211952209	0.0460460186005	0.0409469604492	0.0640470981598	0.0420529842377	0.0578210353851	0.105416059494	0.0422358512878	0.0545420646667	0.0462019443512	0.0246920585632	0.0411069393158	0.0410690307617	0.0806701183319	
['./treeMaker/main', '-m', '-c', '2']
0.041081905365	0.0595140457153	0.0601150989532	0.0464429855347	0.0536589622498	0.0454771518707	0.05046916008	0.0565829277039	0.0563700199127	0.0466110706329	0.0486478805542	0.0491940975189	0.0491070747375	0.0490310192108	0.0439851284027	0.04252409935	0.0561339855194	0.0777280330658	0.0499320030212	0.0440590381622	0.0472750663757	0.0450460910797	0.0543999671936	0.060821056366	0.0612351894379	0.0424098968506	0.053249835968	0.0467691421509	0.0401139259338	0.0402860641479	0.0799551010132	0.0505838394165	0.113208055496	0.0486180782318	0.0304601192474	0.0598289966583	0.0508849620819	0.0452289581299	0.0429439544678	0.066251039505	0.0429179668427	0.056606054306	0.103829860687	0.0427548885345	0.0525319576263	0.0442688465118	0.0264718532562	0.0410840511322	0.0402159690857	0.0811488628387	
['./treeMaker/main', '-m', '-a', '1']
0.0455319881439	0.0641741752625	0.0639941692352	0.051050901413	0.0548429489136	0.0473291873932	0.0528399944305	0.0573110580444	0.0567979812622	0.0502240657806	0.051017999649	0.052356004715	0.052668094635	0.0517780780792	0.0591809749603	0.0447051525116	0.0595128536224	0.0829589366913	0.0530340671539	0.0467510223389	0.0510010719299	0.0464661121368	0.0672221183777	0.0650858879089	0.0669059753418	0.0448110103607	0.0553622245789	0.0520060062408	0.053838968277	0.0440261363983	0.0740029811859	0.0529601573944	0.115566968918	0.0558590888977	0.0320131778717	0.0625569820404	0.0544419288635	0.0476098060608	0.0448749065399	0.0699269771576	0.0461058616638	0.0615718364716	0.119431972504	0.0570831298828	0.0578219890594	0.0498399734497	0.0299091339111	0.0436458587646	0.0443668365479	0.0839738845825	
['./treeMaker/main', '-m', '-a', '2']
0.0433390140533	0.0597710609436	0.0601439476013	0.0556299686432	0.0506110191345	0.0442478656769	0.050922870636	0.0543389320374	0.0518679618835	0.0474710464478	0.0494980812073	0.0525388717651	0.048896074295	0.0502848625183	0.044673204422	0.0422101020813	0.0647418498993	0.0766661167145	0.0503311157227	0.0444979667664	0.045389175415	0.0446050167084	0.0558609962463	0.0591948032379	0.0624890327454	0.0425851345062	0.0527470111847	0.047632932663	0.0403439998627	0.0413019657135	0.0695068836212	0.0491919517517	0.114905118942	0.0502071380615	0.0308179855347	0.0597779750824	0.0602748394012	0.045697927475	0.0416760444641	0.0757541656494	0.0542008876801	0.0567638874054	0.104542970657	0.0425379276276	0.0529651641846	0.0457289218903	0.0279281139374	0.0397791862488	0.0402672290802	0.0805160999298	
