25_1000_2.7e-10_2.7e-10_470000000
25
1000
2.7e-10
2.7e-10
470000000

['./treeMaker/main']
0.0881478786469	0.0998899936676	0.13635802269	0.098140001297	0.12762594223	0.113250017166	0.111103057861	0.0890069007874	0.140439987183	0.149368047714	0.0796871185303	0.0787971019745	0.112758159637	0.115267038345	0.170461893082	0.0813119411469	0.0971138477325	0.17930316925	0.0961680412292	0.0932278633118	0.0875689983368	0.0936470031738	0.103351831436	0.103689193726	0.108988046646	0.116551876068	0.110080003738	0.102647781372	0.119677066803	0.125752925873	0.161625862122	0.095153093338	0.0765280723572	0.0801980495453	0.102084159851	0.0833718776703	0.109578132629	0.102233886719	0.100275039673	0.080803155899	0.117013931274	0.0836207866669	0.0883901119232	0.105437040329	0.102296113968	0.112861871719	0.116593837738	0.130716085434	0.0854690074921	0.113240003586	
['./treeMaker/main', '-b']
0.0979709625244	0.104676008224	0.131218910217	0.100993156433	0.128242015839	0.108304023743	0.121778011322	0.101483106613	0.133450984955	0.146480083466	0.087660074234	0.0908169746399	0.108897924423	0.113795995712	0.175107002258	0.0775589942932	0.110112905502	0.168541908264	0.0967309474945	0.0935430526733	0.0938260555267	0.0973908901215	0.107341051102	0.114527225494	0.118450880051	0.129348993301	0.115749120712	0.102257013321	0.128010034561	0.144819021225	0.171167135239	0.0987200737	0.0821290016174	0.0802099704742	0.120851993561	0.080864906311	0.113572120667	0.110269784927	0.105690956116	0.0777819156647	0.118521928787	0.0790929794312	0.0938918590546	0.116310119629	0.106544017792	0.114411115646	0.118583917618	0.129123926163	0.0826649665833	0.13220000267	
['./treeMaker/main', '-u']
0.102164983749	0.0924730300903	0.129788160324	0.0975799560547	0.12498998642	0.114151000977	0.1046230793	0.101204872131	0.139074802399	0.147378921509	0.0821981430054	0.0864119529724	0.110288858414	0.108385801315	0.168704986572	0.074413061142	0.0993821620941	0.183782100677	0.0937161445618	0.0938200950623	0.0908598899841	0.0955259799957	0.106664896011	0.114187002182	0.112607002258	0.111138105392	0.104984998703	0.0938880443573	0.122231960297	0.127135038376	0.154495000839	0.105365991592	0.0760190486908	0.0808069705963	0.117536783218	0.0816521644592	0.112818956375	0.105159044266	0.102697849274	0.0783929824829	0.113965034485	0.0809719562531	0.0888621807098	0.104882001877	0.100454092026	0.111474990845	0.108998060226	0.127138137817	0.0841999053955	0.139826059341	
['./treeMaker/main', '-t', '-r', '1']
1.22345209122	1.30332303047	1.84645318985	1.24292302132	1.61403894424	1.44262504578	1.53726196289	1.12930393219	2.10754299164	2.1178290844	0.917410135269	1.00873708725	1.45551609993	1.45527291298	2.30033421516	0.823920965195	1.19877409935	2.52483201027	1.22898602486	1.15698599815	1.17742991447	1.17212700844	1.33935904503	1.48159408569	1.49294710159	1.5178399086	1.43251514435	1.23372292519	1.6325981617	1.78747701645	2.29063892365	1.17104196548	0.861004114151	0.816462993622	1.58657097816	0.866844177246	1.48271608353	1.3620891571	1.27095198631	0.83057308197	1.54544901848	0.943000078201	1.16183590889	1.39263391495	1.31105303764	1.54953598976	1.52540588379	1.68249988556	0.908586025238	1.58667707443	
['./treeMaker/main', '-t', '-r', '2']
2.06443285942	2.25681209564	2.93278408051	2.04637694359	3.07590413094	2.49040412903	2.67664194107	2.06187295914	3.43818092346	3.59583592415	1.56402492523	1.67013406754	2.52178120613	2.4015481472	4.33190798759	1.22215795517	2.15347599983	4.40292882919	2.01652383804	1.86369609833	1.80353498459	1.90700793266	2.32191610336	2.52246403694	2.50591897964	2.58693289757	2.25782299042	2.07890510559	2.75442910194	2.9695930481	4.24037098885	1.96227312088	1.34130811691	1.30311083794	2.67806792259	1.52221393585	2.51390719414	2.19031596184	2.08826494217	1.31738996506	2.53341817856	1.5554869175	1.82249903679	2.22392201424	2.1984539032	2.6135430336	2.55585193634	3.01313996315	1.51568198204	3.12732791901	
['./treeMaker/main', '-t', '-r', '1', '-N']
1.32831406593	1.32884383202	1.876060009	1.27244520187	1.64076805115	1.45155692101	1.55688381195	1.14695310593	2.11275696754	2.16405797005	0.918487071991	1.00613498688	1.46196103096	1.48378586769	2.31802916527	0.828090906143	1.19228005409	2.53813791275	1.2301928997	1.17764186859	1.16219091415	1.21108794212	1.36918902397	1.49030303955	1.49579286575	1.54452395439	1.43906903267	1.25940513611	1.63311100006	1.80214715004	2.31990098953	1.1743710041	0.867532014847	0.825362920761	1.59515500069	0.861330986023	1.4887778759	1.3574090004	1.26652407646	0.84757900238	1.55440211296	0.928835868835	1.16819691658	1.40845108032	1.32403707504	1.56343889236	1.52666592598	1.66683101654	0.933161973953	1.59497284889	
['./treeMaker/main', '-t', '-r', '2', '-N']
2.09480404854	2.21185398102	2.94812822342	2.03469800949	3.09561896324	2.47920489311	2.6655228138	2.03876209259	3.44260787964	3.58215594292	1.57361197472	1.65814208984	2.51679205894	2.43538880348	4.44438505173	1.25835800171	2.10517811775	4.40452599525	2.02209711075	1.86265301704	1.8024930954	1.92071080208	2.3163819313	2.51558494568	2.48781991005	2.55536317825	2.23426389694	2.08096790314	2.76647782326	2.98922491074	4.29213094711	1.97468900681	1.36341619492	1.27771401405	2.58972096443	1.52299785614	2.4484667778	2.19575595856	2.07541203499	1.31837296486	2.53077292442	1.53645610809	1.82851219177	2.30573892593	2.1905810833	2.65148210526	2.556442976	2.93377590179	1.49520397186	3.16069889069	
['./treeMaker/main', '-m']
0.0782830715179	0.0797719955444	0.0931990146637	0.0809841156006	0.0931758880615	0.0833919048309	0.0881979465485	0.081200838089	0.0948419570923	0.0956969261169	0.0743589401245	0.0748069286346	0.0810189247131	0.0862538814545	0.113890886307	0.0752189159393	0.0787100791931	0.11315703392	0.0775201320648	0.0747258663177	0.0753121376038	0.0764830112457	0.0822839736938	0.0873208045959	0.0832438468933	0.086865901947	0.0840611457825	0.0796458721161	0.0906670093536	0.0896601676941	0.108180999756	0.0778050422668	0.0689170360565	0.0716118812561	0.087522983551	0.071713924408	0.0858669281006	0.0840890407562	0.0834808349609	0.0688719749451	0.0836880207062	0.072870016098	0.0746839046478	0.0810391902924	0.0808930397034	0.0863590240479	0.0865712165833	0.0940301418304	0.0709638595581	0.0936079025269	
['./treeMaker/main', '-m', '-b']
0.0782630443573	0.0870661735535	0.0956320762634	0.0820548534393	0.0968489646912	0.0874819755554	0.0897810459137	0.0789749622345	0.100878000259	0.0997018814087	0.0729289054871	0.0767350196838	0.0912148952484	0.0861549377441	0.114974975586	0.0770888328552	0.0836808681488	0.116273164749	0.0803961753845	0.0783751010895	0.0738549232483	0.0866138935089	0.0841550827026	0.0881052017212	0.0877799987793	0.0907871723175	0.0843441486359	0.0799930095673	0.101686954498	0.0936629772186	0.121048927307	0.0759630203247	0.0691239833832	0.0699670314789	0.089047908783	0.0726799964905	0.0901329517365	0.0840919017792	0.0822770595551	0.0681660175323	0.0892770290375	0.0698759555817	0.0788328647614	0.0836291313171	0.0905048847198	0.0915040969849	0.0926048755646	0.0994122028351	0.0723509788513	0.100108861923	
['./treeMaker/main', '-m', '-w', '1']
0.0770370960236	0.0802948474884	0.0940461158752	0.0797340869904	0.0922338962555	0.0822951793671	0.0873210430145	0.0803251266479	0.0967960357666	0.0968718528748	0.0743021965027	0.0751278400421	0.085205078125	0.085165977478	0.113320827484	0.0667960643768	0.0804579257965	0.113291978836	0.0774240493774	0.0747978687286	0.0729160308838	0.0745918750763	0.0812458992004	0.0874149799347	0.0851480960846	0.0882301330566	0.083221912384	0.0776219367981	0.0943551063538	0.0921239852905	0.111379146576	0.0748071670532	0.0686769485474	0.0690438747406	0.087434053421	0.072741985321	0.0876610279083	0.082004070282	0.0798559188843	0.0659759044647	0.0840260982513	0.0703599452972	0.0772709846497	0.0798151493073	0.0822088718414	0.0878188610077	0.0863208770752	0.0927178859711	0.0770461559296	0.0935389995575	
['./treeMaker/main', '-m', '-w', '2']
0.0795798301697	0.0809020996094	0.0933561325073	0.0793440341949	0.0927729606628	0.0862329006195	0.0897469520569	0.0780208110809	0.0969958305359	0.0963280200958	0.0713288784027	0.0732080936432	0.0848109722137	0.0862040519714	0.11257982254	0.0675029754639	0.0806128978729	0.108642816544	0.0774319171906	0.077082157135	0.0744359493256	0.077479839325	0.0816278457642	0.083860874176	0.0820500850677	0.0863451957703	0.0823948383331	0.0763819217682	0.090362071991	0.0899839401245	0.112061023712	0.0780780315399	0.0686440467834	0.0737130641937	0.0878582000732	0.0704078674316	0.0871450901031	0.0807027816772	0.0787889957428	0.0673570632935	0.0944328308105	0.0687618255615	0.0776500701904	0.0831370353699	0.0787770748138	0.0891489982605	0.0877130031586	0.0915610790253	0.0687880516052	0.103765010834	
['./treeMaker/main', '-m', '-c', '1']
0.0785269737244	0.0798969268799	0.0920670032501	0.0750448703766	0.0942640304565	0.0818748474121	0.0861020088196	0.0759220123291	0.0965278148651	0.100260972977	0.0719239711761	0.0705289840698	0.0878620147705	0.0858409404755	0.114222049713	0.0677409172058	0.0762901306152	0.110555887222	0.0786240100861	0.0771291255951	0.0732529163361	0.0745289325714	0.084244966507	0.0838761329651	0.0845260620117	0.0851800441742	0.0790891647339	0.0759038925171	0.0892300605774	0.0886590480804	0.110501050949	0.0776031017303	0.067883014679	0.0674421787262	0.0828242301941	0.0720629692078	0.0845160484314	0.0857861042023	0.0867960453033	0.068578004837	0.0849821567535	0.0699009895325	0.0848369598389	0.0820319652557	0.0874469280243	0.0888650417328	0.0869829654694	0.0957109928131	0.0677111148834	0.0922131538391	
['./treeMaker/main', '-m', '-c', '2']
0.0753879547119	0.0809359550476	0.090842962265	0.074784040451	0.0905411243439	0.0800378322601	0.0857708454132	0.0801610946655	0.0935659408569	0.0962760448456	0.0803899765015	0.0788779258728	0.0840411186218	0.083379983902	0.112363100052	0.0654089450836	0.0817749500275	0.112308979034	0.0788609981537	0.0776469707489	0.0764639377594	0.0758421421051	0.0823628902435	0.086982011795	0.0844509601593	0.0848579406738	0.0819339752197	0.0772218704224	0.0907099246979	0.0892078876495	0.115602970123	0.0747499465942	0.0678670406342	0.0710871219635	0.0859348773956	0.0703778266907	0.0884478092194	0.0820548534393	0.0811250209808	0.0658218860626	0.0859689712524	0.0703520774841	0.0773730278015	0.0805599689484	0.0803101062775	0.0865910053253	0.0952160358429	0.0963859558105	0.0720329284668	0.0953319072723	
['./treeMaker/main', '-m', '-a', '1']
0.0882039070129	0.0923480987549	0.110066175461	0.0926711559296	0.106786966324	0.092432975769	0.0947890281677	0.0919270515442	0.104847192764	0.105565071106	0.0839540958405	0.0843839645386	0.0962960720062	0.0945777893066	0.121335029602	0.076210975647	0.0902910232544	0.11980509758	0.0883638858795	0.0888938903809	0.084862947464	0.0878620147705	0.0922088623047	0.0998358726501	0.0917010307312	0.0972421169281	0.0920031070709	0.0891530513763	0.103235006332	0.0964198112488	0.118805885315	0.0885448455811	0.082633972168	0.0787630081177	0.098806142807	0.091924905777	0.0978031158447	0.092227935791	0.0884478092194	0.0825409889221	0.0924780368805	0.0816988945007	0.0930891036987	0.0910160541534	0.0922667980194	0.0968430042267	0.0989398956299	0.105664014816	0.082435131073	0.105779886246	
['./treeMaker/main', '-m', '-a', '2']
0.0793440341949	0.0782911777496	0.090735912323	0.0787110328674	0.0932319164276	0.0855729579926	0.0863270759583	0.0772290229797	0.0968868732452	0.0985898971558	0.0735840797424	0.072065114975	0.0890440940857	0.0830459594727	0.110791921616	0.0668921470642	0.0792081356049	0.112910985947	0.0778639316559	0.0761740207672	0.0761489868164	0.0770440101624	0.0849170684814	0.0846059322357	0.0855159759521	0.0883359909058	0.0851349830627	0.0800540447235	0.0904421806335	0.0908160209656	0.107973814011	0.076493024826	0.0677781105042	0.0761668682098	0.0839898586273	0.0721158981323	0.0866940021515	0.0814230442047	0.0894000530243	0.0688850879669	0.0834269523621	0.0695521831512	0.076541185379	0.0807421207428	0.0803320407867	0.0883088111877	0.0848119258881	0.0934600830078	0.0715370178223	0.0989878177643	
