25_1000_0_0_190000000
25
1000
0
0
190000000

['./treeMaker/main']
0.0431690216064	0.0444610118866	0.0376758575439	0.0368430614471	0.0370659828186	0.0363240242004	0.0377948284149	0.0377299785614	0.0350210666656	0.0369567871094	0.0364708900452	0.0488681793213	0.038614988327	0.035817861557	0.0409920215607	0.0404381752014	0.0401129722595	0.0373749732971	0.0349371433258	0.0370869636536	0.0341899394989	0.0371780395508	0.0364971160889	0.0368599891663	0.036731004715	0.038722038269	0.0355908870697	0.0405759811401	0.0360569953918	0.041601896286	0.0418210029602	0.0384678840637	0.0359380245209	0.0383121967316	0.0347278118134	0.0348870754242	0.0369658470154	0.034961938858	0.0386829376221	0.0376801490784	0.0380520820618	0.0489790439606	0.0369029045105	0.0367360115051	0.0354399681091	0.0374121665955	0.042839050293	0.04865193367	0.0365700721741	0.0371959209442	
['./treeMaker/main', '-b']
0.0470058917999	0.045912027359	0.0365011692047	0.0370900630951	0.0372040271759	0.0369679927826	0.0372219085693	0.0368981361389	0.0384628772736	0.0384650230408	0.0386080741882	0.0392661094666	0.0380370616913	0.0378761291504	0.0386049747467	0.0388128757477	0.0501229763031	0.0467967987061	0.0344800949097	0.0367369651794	0.0367271900177	0.0372262001038	0.0369188785553	0.0361828804016	0.0368127822876	0.0373351573944	0.0350439548492	0.0458998680115	0.0366439819336	0.0356979370117	0.0387239456177	0.0365071296692	0.0370700359344	0.04225897789	0.0347299575806	0.0364120006561	0.0374639034271	0.0392069816589	0.0391261577606	0.0372879505157	0.0509440898895	0.0400731563568	0.0383589267731	0.0380759239197	0.0381560325623	0.037791967392	0.0380029678345	0.0367541313171	0.0351610183716	0.0370349884033	
['./treeMaker/main', '-u']
0.0399188995361	0.0366837978363	0.0365669727325	0.0384140014648	0.049017906189	0.0361878871918	0.0397598743439	0.0345599651337	0.0367732048035	0.0368568897247	0.0445110797882	0.0363550186157	0.0374989509583	0.0373849868774	0.0374751091003	0.0470068454742	0.0401589870453	0.0381760597229	0.0372190475464	0.0368609428406	0.0388689041138	0.0368151664734	0.0464720726013	0.0381379127502	0.0409739017487	0.0497839450836	0.0364758968353	0.0399549007416	0.0369651317596	0.0452148914337	0.0362348556519	0.0359320640564	0.0391490459442	0.034863948822	0.03617811203	0.0367188453674	0.0379750728607	0.0367748737335	0.0366599559784	0.0380439758301	0.0495111942291	0.0381689071655	0.0383069515228	0.0483930110931	0.0375139713287	0.0349009037018	0.0375549793243	0.0364580154419	0.0351459980011	0.0370299816132	
['./treeMaker/main', '-t', '-r', '1']
0.347863912582	0.358699798584	0.357602119446	0.362258911133	0.357851982117	0.33952999115	0.349754810333	0.335942983627	0.346054077148	0.351358890533	0.344696044922	0.344486951828	0.358999013901	0.341217041016	0.350979089737	0.339430809021	0.360275030136	0.355921983719	0.337932825089	0.370250940323	0.346443891525	0.335510969162	0.334497928619	0.354604005814	0.359081983566	0.346394062042	0.335138082504	0.341147899628	0.345168113708	0.338838815689	0.346259117126	0.355540990829	0.359196901321	0.349033117294	0.346451044083	0.338432073593	0.339138031006	0.34303689003	0.357760906219	0.342293977737	0.355967998505	0.351143836975	0.333631038666	0.3536028862	0.33478808403	0.35853600502	0.354689836502	0.356544017792	0.36168217659	0.358779907227	
['./treeMaker/main', '-t', '-r', '2']
0.435740947723	0.422291994095	0.390952110291	0.381046056747	0.385630846024	0.393687009811	0.401686906815	0.408061981201	0.413282155991	0.412175893784	0.406126022339	0.38343000412	0.415500879288	0.385428905487	0.400118112564	0.412536859512	0.424206972122	0.397283792496	0.416174888611	0.400249958038	0.404132843018	0.416250944138	0.383567094803	0.388348817825	0.4417719841	0.416801929474	0.408277988434	0.379551887512	0.389324903488	0.425685167313	0.395045995712	0.399428129196	0.381145954132	0.389815807343	0.414276838303	0.412104129791	0.398251056671	0.417689800262	0.392446041107	0.403221130371	0.39905500412	0.396355867386	0.382013082504	0.39315700531	0.402961015701	0.41135597229	0.4228079319	0.405128955841	0.394327878952	0.388798952103	
['./treeMaker/main', '-t', '-r', '1', '-N']
0.3602039814	0.339499950409	0.35818696022	0.337691068649	0.361683130264	0.359056949615	0.371486902237	0.349740028381	0.33484005928	0.354713916779	0.360228061676	0.352699041367	0.335425138474	0.347172021866	0.347966194153	0.355236053467	0.367355108261	0.359745025635	0.361233949661	0.337428808212	0.363651990891	0.360684871674	0.36431479454	0.360301971436	0.340218067169	0.37157201767	0.360944986343	0.353546857834	0.357582092285	0.347436904907	0.362112045288	0.368927955627	0.361828804016	0.354372024536	0.335159063339	0.337690830231	0.345934152603	0.369108200073	0.347311973572	0.363953113556	0.338205099106	0.338265180588	0.336404800415	0.337038040161	0.338268995285	0.356456041336	0.362133026123	0.351495981216	0.360118150711	0.339318990707	
['./treeMaker/main', '-t', '-r', '2', '-N']
0.394435882568	0.39533996582	0.3878428936	0.40770983696	0.411520004272	0.402220964432	0.405885219574	0.406677007675	0.394901037216	0.400559902191	0.408120155334	0.393870830536	0.401757001877	0.391374111176	0.399227142334	0.397972822189	0.388832807541	0.429594993591	0.410272121429	0.400851011276	0.3842420578	0.395284891129	0.384606122971	0.389360904694	0.430490016937	0.411770820618	0.419640779495	0.387690067291	0.423352003098	0.43626999855	0.408854961395	0.447163105011	0.394299983978	0.405697107315	0.410085916519	0.393496990204	0.415189027786	0.408315181732	0.405582904816	0.390331029892	0.400640964508	0.428664922714	0.414426088333	0.404671907425	0.400058984756	0.417318105698	0.409696102142	0.395556926727	0.398190975189	0.384044885635	
['./treeMaker/main', '-m']
0.0584828853607	0.0431821346283	0.0499348640442	0.0505890846252	0.041384935379	0.039253950119	0.0434350967407	0.0441660881042	0.0446650981903	0.0449230670929	0.0441498756409	0.0443859100342	0.042268037796	0.0408868789673	0.0479819774628	0.0385429859161	0.040246963501	0.0388970375061	0.0423541069031	0.0402278900146	0.0402538776398	0.0401511192322	0.0410189628601	0.0405929088593	0.0416240692139	0.0404760837555	0.0435950756073	0.0416429042816	0.0410640239716	0.0408680438995	0.0421340465546	0.0406019687653	0.0405161380768	0.054986000061	0.046266078949	0.0451591014862	0.0449590682983	0.039648771286	0.0394270420074	0.0407500267029	0.0426099300385	0.0437560081482	0.039736032486	0.0395188331604	0.0434241294861	0.0435011386871	0.0455920696259	0.04452085495	0.0457899570465	0.0401859283447	
['./treeMaker/main', '-m', '-b']
0.0428359508514	0.0408530235291	0.0403089523315	0.0432951450348	0.0555341243744	0.0465710163116	0.041473865509	0.0384228229523	0.0391631126404	0.0435149669647	0.0409121513367	0.0394830703735	0.0427989959717	0.0415530204773	0.0426230430603	0.0529079437256	0.0397300720215	0.0413191318512	0.0441060066223	0.0388579368591	0.047926902771	0.0428998470306	0.0390820503235	0.0414700508118	0.0416009426117	0.0423159599304	0.0415270328522	0.0428869724274	0.041759967804	0.0440981388092	0.0503239631653	0.0406229496002	0.0404059886932	0.0445101261139	0.0430228710175	0.0397439002991	0.0391988754272	0.0410120487213	0.0412719249725	0.0404720306396	0.0394790172577	0.0399420261383	0.0401849746704	0.0404329299927	0.0420110225677	0.0478079319	0.0461790561676	0.0539917945862	0.0460450649261	0.0408449172974	
['./treeMaker/main', '-m', '-w', '1']
0.0400478839874	0.040097951889	0.0415260791779	0.0407540798187	0.0554389953613	0.047572851181	0.0446619987488	0.0378129482269	0.0399739742279	0.0395641326904	0.0395750999451	0.0399239063263	0.0414731502533	0.0399460792542	0.0412979125977	0.0398931503296	0.0403130054474	0.0480349063873	0.0408489704132	0.040628194809	0.0408041477203	0.0388350486755	0.0422301292419	0.0393991470337	0.0409150123596	0.0400598049164	0.0412230491638	0.0402770042419	0.0400719642639	0.041198015213	0.0415620803833	0.0411388874054	0.0397779941559	0.040647983551	0.040295124054	0.043751001358	0.0442888736725	0.0484180450439	0.0412559509277	0.0398399829865	0.0403289794922	0.0404269695282	0.040442943573	0.0412001609802	0.0416178703308	0.0405101776123	0.0414319038391	0.0401089191437	0.0411858558655	0.0391230583191	
['./treeMaker/main', '-m', '-w', '2']
0.0431711673737	0.0405678749084	0.0421991348267	0.0400879383087	0.0412769317627	0.0427920818329	0.0432908535004	0.0403618812561	0.0402491092682	0.043673992157	0.041561126709	0.0443699359894	0.0413229465485	0.0440239906311	0.0422759056091	0.0423431396484	0.0403180122375	0.042809009552	0.0428578853607	0.0507559776306	0.0384950637817	0.048583984375	0.0389518737793	0.0454549789429	0.0494608879089	0.0492820739746	0.0382840633392	0.0419669151306	0.0507349967957	0.0404789447784	0.0432109832764	0.0410468578339	0.040894985199	0.044303894043	0.0399091243744	0.0404679775238	0.0414130687714	0.0414931774139	0.0487341880798	0.0398111343384	0.0397109985352	0.043613910675	0.0391929149628	0.0400099754333	0.0392608642578	0.0382568836212	0.0409631729126	0.040225982666	0.0404851436615	0.05522108078	
['./treeMaker/main', '-m', '-c', '1']
0.0466978549957	0.0468151569366	0.0462989807129	0.0488660335541	0.0406768321991	0.0408189296722	0.0405631065369	0.0404539108276	0.0401818752289	0.0430519580841	0.0416569709778	0.0397801399231	0.0394990444183	0.0413191318512	0.0416989326477	0.0417399406433	0.0392689704895	0.0397670269012	0.040253162384	0.0541281700134	0.0447638034821	0.0441570281982	0.0452690124512	0.0500910282135	0.0486328601837	0.0398268699646	0.0386691093445	0.0383639335632	0.0417859554291	0.0444800853729	0.0558378696442	0.045107126236	0.0426099300385	0.0416820049286	0.0425441265106	0.044243812561	0.0379059314728	0.0403220653534	0.0406618118286	0.040207862854	0.0399401187897	0.0510239601135	0.0417039394379	0.0390181541443	0.0406911373138	0.0372788906097	0.0380399227142	0.0379331111908	0.0383238792419	0.0390439033508	
['./treeMaker/main', '-m', '-c', '2']
0.0467660427094	0.0393741130829	0.0397629737854	0.0432820320129	0.0389070510864	0.0382931232452	0.0376980304718	0.0378019809723	0.0379998683929	0.0378999710083	0.0375549793243	0.0375590324402	0.0376131534576	0.0380167961121	0.0382010936737	0.038143157959	0.0381479263306	0.0379519462585	0.0383789539337	0.0382151603699	0.0379550457001	0.0381789207458	0.0376400947571	0.0461599826813	0.0380370616913	0.0377571582794	0.0374479293823	0.0382490158081	0.0381112098694	0.0380458831787	0.0383489131927	0.0382590293884	0.0376439094543	0.0382859706879	0.0378341674805	0.0425188541412	0.0411200523376	0.0509459972382	0.040589094162	0.0392019748688	0.0397968292236	0.0382170677185	0.0396599769592	0.0412290096283	0.0408000946045	0.0392217636108	0.0410921573639	0.0385239124298	0.0401408672333	0.0399849414825	
['./treeMaker/main', '-m', '-a', '1']
0.052640914917	0.0531570911407	0.0531468391418	0.0653450489044	0.0553908348083	0.054251909256	0.0549559593201	0.0540008544922	0.0560581684113	0.0557239055634	0.0563361644745	0.0551960468292	0.0562951564789	0.0546860694885	0.0557160377502	0.053514957428	0.0559620857239	0.0589880943298	0.0658280849457	0.0554170608521	0.0647599697113	0.0550770759583	0.0542361736298	0.0532021522522	0.0564930438995	0.0554959774017	0.0539870262146	0.0531480312347	0.0658040046692	0.0539560317993	0.0533528327942	0.0535840988159	0.0532369613647	0.0542459487915	0.0532619953156	0.0527670383453	0.0534410476685	0.0688760280609	0.0629789829254	0.0590147972107	0.0598139762878	0.0648229122162	0.0544419288635	0.0559899806976	0.0555908679962	0.0544397830963	0.0567688941956	0.0539028644562	0.0556330680847	0.0557060241699	
['./treeMaker/main', '-m', '-a', '2']
0.043653011322	0.0402510166168	0.0492949485779	0.0407350063324	0.038722038269	0.0412471294403	0.0406899452209	0.0403070449829	0.0414171218872	0.0491850376129	0.0500118732452	0.0405988693237	0.0422670841217	0.050302028656	0.0410280227661	0.0423121452332	0.0386729240417	0.0383279323578	0.0431380271912	0.0426959991455	0.0490510463715	0.0397100448608	0.0416119098663	0.0383369922638	0.0404279232025	0.0504920482635	0.0416090488434	0.0418519973755	0.0418081283569	0.0451619625092	0.0429391860962	0.0384440422058	0.03639793396	0.0388190746307	0.0383641719818	0.0378189086914	0.0384368896484	0.0385000705719	0.0367939472198	0.0386929512024	0.042778968811	0.0385398864746	0.0396859645844	0.0425598621368	0.0400869846344	0.0470199584961	0.0492470264435	0.0376470088959	0.0383009910583	0.0375599861145	
