25_1000_5.2e-11_5.2e-12_470000000
25
1000
5.2e-11
5.2e-12
470000000

['./treeMaker/main']
0.0504319667816	0.0433371067047	0.0524759292603	0.0454630851746	0.047947883606	0.046511888504	0.0584890842438	0.0447418689728	0.0450978279114	0.0475490093231	0.046737909317	0.0476908683777	0.0593729019165	0.0478749275208	0.0451371669769	0.0444810390472	0.0459749698639	0.0491881370544	0.0498239994049	0.0495989322662	0.0497291088104	0.0436840057373	0.0512039661407	0.0455229282379	0.0454838275909	0.042014837265	0.0451581478119	0.0441210269928	0.0428950786591	0.051411151886	0.0590789318085	0.0494568347931	0.0526537895203	0.0489809513092	0.0479290485382	0.067773103714	0.0441308021545	0.0496320724487	0.044282913208	0.0548429489136	0.0458030700684	0.0437998771667	0.0451838970184	0.0513501167297	0.0547749996185	0.0546510219574	0.0556769371033	0.0558738708496	0.0457651615143	0.0507690906525	
['./treeMaker/main', '-b']
0.0506019592285	0.0475180149078	0.0560121536255	0.0487558841705	0.0508460998535	0.0497210025787	0.0530180931091	0.0497097969055	0.0501837730408	0.0525560379028	0.0517749786377	0.0512340068817	0.0634348392487	0.0534989833832	0.0485620498657	0.0474860668182	0.0531809329987	0.0522501468658	0.0525488853455	0.0517249107361	0.0537209510803	0.0448551177979	0.0531358718872	0.048360824585	0.0494410991669	0.0487868785858	0.0486950874329	0.0459640026093	0.0441980361938	0.0521531105042	0.0620241165161	0.0537898540497	0.0540640354156	0.0505130290985	0.0506799221039	0.0548000335693	0.0458378791809	0.0552289485931	0.0462460517883	0.0447762012482	0.0486710071564	0.0463290214539	0.046581029892	0.0528929233551	0.0581350326538	0.046767950058	0.054575920105	0.0483348369598	0.048003911972	0.0645229816437	
['./treeMaker/main', '-u']
0.0514919757843	0.0492520332336	0.0547559261322	0.0480980873108	0.0514669418335	0.0475690364838	0.0486278533936	0.047168970108	0.0489780902863	0.0523750782013	0.0500459671021	0.0495529174805	0.0630321502686	0.0517411231995	0.05335688591	0.0570690631866	0.0494890213013	0.0514240264893	0.051262140274	0.0540461540222	0.0516269207001	0.0451550483704	0.0523478984833	0.0479688644409	0.060714006424	0.0466928482056	0.0512528419495	0.0484759807587	0.0477499961853	0.0546271800995	0.080680847168	0.047737121582	0.0508499145508	0.0479190349579	0.0466017723083	0.0521540641785	0.043389081955	0.0482652187347	0.0429670810699	0.0435819625854	0.0453231334686	0.0420579910278	0.0435080528259	0.0486009120941	0.0532891750336	0.0436210632324	0.0508558750153	0.0463099479675	0.0439460277557	0.0602338314056	
['./treeMaker/main', '-t', '-r', '1']
0.577880859375	0.460820913315	0.629281044006	0.516843795776	0.560585975647	0.527190208435	0.543697118759	0.533074140549	0.525043010712	0.570708036423	0.557616949081	0.577676057816	0.806255102158	0.562100887299	0.551321983337	0.555980920792	0.557437181473	0.602874040604	0.609749794006	0.592548131943	0.615790128708	0.485414028168	0.569156885147	0.515304803848	0.536191225052	0.478425979614	0.523785114288	0.4631960392	0.490015983582	0.608954906464	0.788349866867	0.578222036362	0.689176082611	0.581155061722	0.568786859512	0.622344970703	0.508768081665	0.587043046951	0.516637086868	0.52118396759	0.532459020615	0.4827709198	0.505224943161	0.597894906998	0.695219993591	0.470647096634	0.619642972946	0.543615818024	0.493228912354	0.562209129333	
['./treeMaker/main', '-t', '-r', '2']
0.767560005188	0.621048927307	0.963426113129	0.734779834747	0.809729814529	0.716840028763	0.712924957275	0.734044075012	0.729757070541	0.766481876373	0.758916139603	0.791939973831	1.20685195923	0.838999032974	0.751250982285	0.701939105988	0.766526937485	0.814996004105	0.863523006439	0.777712106705	0.812721014023	0.648092985153	0.85701084137	0.697345972061	0.693666934967	0.606475114822	0.680145978928	0.624912977219	0.611428022385	0.841982126236	1.16411590576	0.825973987579	0.882352828979	0.819976091385	0.774398803711	0.936277866364	0.643135070801	0.816107988358	0.673965930939	0.711133956909	0.740949869156	0.646922826767	0.662410974503	0.857252120972	1.01510500908	0.675971031189	0.906805038452	0.753879070282	0.622117042542	0.814759016037	
['./treeMaker/main', '-t', '-r', '1', '-N']
0.57023692131	0.494980096817	0.673189163208	0.528957843781	0.564386844635	0.528322935104	0.544419050217	0.54013299942	0.542486906052	0.582716941833	0.564576864243	0.563775062561	0.788782835007	0.593150854111	0.554399967194	0.543089866638	0.553677797318	0.555408000946	0.567966938019	0.606040000916	0.63033413887	0.459048986435	0.58756518364	0.537543058395	0.530824899673	0.440209150314	0.543753862381	0.463967084885	0.448138952255	0.577554941177	0.803170204163	0.569304943085	0.626798152924	0.539963960648	0.528862953186	0.631917953491	0.487097978592	0.572415828705	0.509088993073	0.531980037689	0.53128695488	0.474874973297	0.484731912613	0.567651987076	0.656775951385	0.499737977982	0.650629043579	0.558236837387	0.470687150955	0.550857067108	
['./treeMaker/main', '-t', '-r', '2', '-N']
0.756397008896	0.637174844742	0.9371509552	0.689882993698	0.763515949249	0.706793069839	0.739216804504	0.720505952835	0.695472955704	0.777443885803	0.805104970932	0.764580965042	1.27070689201	0.841488838196	0.76761007309	0.743974924088	0.802886009216	0.841248989105	0.861522912979	0.807682991028	0.861159086227	0.614222049713	0.823681116104	0.69727396965	0.678122997284	0.60853099823	0.715753078461	0.604962110519	0.604025125504	0.804515123367	1.15698003769	0.821323871613	0.928235054016	0.808964014053	0.770750999451	0.9219789505	0.651880025864	0.77395606041	0.678173065186	0.692473888397	0.705150127411	0.634777069092	0.701252937317	0.845744132996	1.03937005997	0.65968298912	0.937108039856	0.773543119431	0.67070889473	0.813114881516	
['./treeMaker/main', '-m']
0.0465850830078	0.042927980423	0.0495069026947	0.0442490577698	0.0460391044617	0.0448088645935	0.0450811386108	0.0445191860199	0.0469920635223	0.0445289611816	0.0445129871368	0.0555000305176	0.0570638179779	0.0473480224609	0.0466959476471	0.0424950122833	0.0453310012817	0.045254945755	0.0456168651581	0.0456020832062	0.0451171398163	0.0414221286774	0.0518591403961	0.0465061664581	0.0442249774933	0.0448248386383	0.0442941188812	0.0452539920807	0.0444810390472	0.0503330230713	0.0577251911163	0.0487730503082	0.0527560710907	0.0477819442749	0.0505068302155	0.0522940158844	0.0463910102844	0.0530672073364	0.0453391075134	0.0453319549561	0.0482971668243	0.0453310012817	0.0467231273651	0.0522649288177	0.0516290664673	0.0474359989166	0.0534830093384	0.0503799915314	0.0450699329376	0.0529220104218	
['./treeMaker/main', '-m', '-b']
0.0500628948212	0.0457050800323	0.0509979724884	0.0452220439911	0.0490508079529	0.0474441051483	0.0479400157928	0.0457270145416	0.0475859642029	0.063038110733	0.0474791526794	0.0472331047058	0.0700590610504	0.0530338287354	0.048810005188	0.0573170185089	0.0471351146698	0.048868894577	0.0525979995728	0.0470221042633	0.0490820407867	0.0455410480499	0.0509898662567	0.0472090244293	0.0469760894775	0.0441279411316	0.0447909832001	0.0458950996399	0.0436680316925	0.0493278503418	0.0572829246521	0.0521059036255	0.051164150238	0.0474908351898	0.0603451728821	0.053563117981	0.048033952713	0.0488119125366	0.0462849140167	0.0472519397736	0.0516169071198	0.045606136322	0.0477969646454	0.0502460002899	0.0545139312744	0.0528149604797	0.0505330562592	0.047171831131	0.0452229976654	0.0489139556885	
['./treeMaker/main', '-m', '-w', '1']
0.0476219654083	0.0426571369171	0.0498011112213	0.0471720695496	0.0452289581299	0.0436761379242	0.0473170280457	0.0437521934509	0.0437121391296	0.0490980148315	0.0472180843353	0.0491309165955	0.0585200786591	0.0502848625183	0.0523588657379	0.0466921329498	0.0508279800415	0.0493290424347	0.050085067749	0.0531270503998	0.0479218959808	0.0448989868164	0.0527558326721	0.0477139949799	0.0471830368042	0.0435078144073	0.0472719669342	0.0495340824127	0.0463471412659	0.0528049468994	0.0575590133667	0.0521411895752	0.051460981369	0.0507569313049	0.0503480434418	0.0566380023956	0.0557429790497	0.0511159896851	0.0447919368744	0.0429170131683	0.0482130050659	0.0439891815186	0.0452170372009	0.0491979122162	0.051304101944	0.0444548130035	0.0524849891663	0.0456700325012	0.0439050197601	0.0514512062073	
['./treeMaker/main', '-m', '-w', '2']
0.0472838878632	0.0445609092712	0.0502121448517	0.0447070598602	0.0485579967499	0.0459890365601	0.0465869903564	0.0469460487366	0.0464060306549	0.0500848293304	0.0472691059113	0.0476491451263	0.0665078163147	0.0483620166779	0.0464580059052	0.0462470054626	0.049302816391	0.0474388599396	0.0490279197693	0.0478100776672	0.0475289821625	0.0432279109955	0.0485119819641	0.0448498725891	0.0446989536285	0.041759967804	0.0558099746704	0.044685125351	0.043872833252	0.0489058494568	0.05601811409	0.0510511398315	0.0506539344788	0.0460469722748	0.0473630428314	0.0523619651794	0.0455090999603	0.0479619503021	0.0453839302063	0.0457601547241	0.0467879772186	0.0437180995941	0.045392036438	0.049350976944	0.0516290664673	0.0447111129761	0.0493409633636	0.0462400913239	0.0453188419342	0.0502519607544	
['./treeMaker/main', '-m', '-c', '1']
0.0496320724487	0.0447480678558	0.0498101711273	0.0458240509033	0.0502707958221	0.0456011295319	0.0463540554047	0.0456628799438	0.046266078949	0.0481309890747	0.0462529659271	0.0464429855347	0.0561280250549	0.0492172241211	0.0462419986725	0.0462691783905	0.049968957901	0.0488359928131	0.050313949585	0.0488939285278	0.0479490756989	0.0431668758392	0.0494589805603	0.0458071231842	0.0461568832397	0.0432538986206	0.0471398830414	0.0427649021149	0.0451059341431	0.0479528903961	0.0572199821472	0.0489480495453	0.050892829895	0.0475058555603	0.0507438182831	0.0532729625702	0.0460870265961	0.0503652095795	0.0454180240631	0.0463290214539	0.0506780147552	0.0437109470367	0.0462520122528	0.0510621070862	0.0530118942261	0.0435039997101	0.0504229068756	0.0571389198303	0.0440361499786	0.0504460334778	
['./treeMaker/main', '-m', '-c', '2']
0.0478689670563	0.0426120758057	0.0484330654144	0.0446021556854	0.0470499992371	0.0450959205627	0.0463080406189	0.0450918674469	0.0466938018799	0.0480790138245	0.0498621463776	0.0479369163513	0.0565221309662	0.0496621131897	0.0477759838104	0.0469579696655	0.0464510917664	0.0485980510712	0.0485529899597	0.0472259521484	0.0461020469666	0.0449979305267	0.0477609634399	0.0458548069	0.045422077179	0.0427718162537	0.0456318855286	0.0430450439453	0.0430521965027	0.0481741428375	0.0566818714142	0.0508329868317	0.0513968467712	0.0465869903564	0.0466890335083	0.0505771636963	0.04532289505	0.0479781627655	0.04509806633	0.0464878082275	0.0465400218964	0.0446319580078	0.0452561378479	0.0515840053558	0.0515258312225	0.0459051132202	0.0493381023407	0.0476768016815	0.0467522144318	0.0495290756226	
['./treeMaker/main', '-m', '-a', '1']
0.0661089420319	0.0614221096039	0.0673809051514	0.0620498657227	0.0608789920807	0.0590138435364	0.0588607788086	0.0583031177521	0.0587799549103	0.0601980686188	0.0601789951324	0.064838886261	0.0739800930023	0.0754718780518	0.061998128891	0.0612211227417	0.0670959949493	0.0645699501038	0.0649049282074	0.0643408298492	0.0647819042206	0.058130979538	0.0676620006561	0.0625109672546	0.064875125885	0.0593068599701	0.0612118244171	0.0595648288727	0.0592570304871	0.0646388530731	0.0714280605316	0.0667510032654	0.0664100646973	0.0632300376892	0.0628798007965	0.0684089660645	0.0572769641876	0.0612120628357	0.0584280490875	0.0575239658356	0.0748550891876	0.0618290901184	0.0635600090027	0.0780680179596	0.0640428066254	0.0574820041656	0.0782239437103	0.0641489028931	0.0567278862	0.0623002052307	
['./treeMaker/main', '-m', '-a', '2']
0.0453100204468	0.0416979789734	0.0478250980377	0.0431010723114	0.0460870265961	0.0433859825134	0.0439269542694	0.0434401035309	0.0433280467987	0.0453321933746	0.044734954834	0.0447490215302	0.0534319877625	0.0461671352386	0.0502669811249	0.0450370311737	0.0457019805908	0.0468981266022	0.0476570129395	0.0472919940948	0.0472679138184	0.0431938171387	0.0483348369598	0.0448710918427	0.0425341129303	0.0408120155334	0.0474879741669	0.0429251194	0.0416460037231	0.0475990772247	0.0556128025055	0.0467998981476	0.049124956131	0.0461230278015	0.0455808639526	0.0505678653717	0.0434710979462	0.0621061325073	0.0423908233643	0.0429558753967	0.0442979335785	0.0415349006653	0.0428709983826	0.0462231636047	0.0491459369659	0.041818857193	0.046658039093	0.0453028678894	0.0420029163361	0.0459599494934	
