25_1000_4.9e-10_4.9e-10_470000000_cut_0
25
1000
4.9e-10
4.9e-10
470000000
cut_0
['./treeMaker/main']
0.0551650524139	0.0879158973694	0.0905799865723	0.0582230091095	0.0674879550934	0.0552361011505	0.068950176239	0.0712580680847	0.0720818042755	0.0635130405426	0.0645790100098	0.0706419944763	0.068510055542	0.0642929077148	0.0622000694275	0.0550761222839	0.0790181159973	0.124255895615	0.0642609596252	0.0557100772858	0.0612199306488	0.0544519424438	0.0732088088989	0.0937831401825	0.0886459350586	0.0560109615326	0.0763490200043	0.0590169429779	0.0475099086761	0.0517129898071	0.107497930527	0.0683929920197	0.261768817902	0.0743129253387	0.0364458560944	0.0820159912109	0.0652801990509	0.0621209144592	0.0527489185333	0.113471984863	0.054582118988	0.0763778686523	0.209310054779	0.0513200759888	0.0783898830414	0.0569591522217	0.0312428474426	0.0493431091309	0.0508849620819	0.151859045029	
['./treeMaker/main', '-b']
0.0571410655975	0.0892329216003	0.0938820838928	0.0613441467285	0.0699279308319	0.059818983078	0.0729510784149	0.0735559463501	0.07563996315	0.0628480911255	0.0642969608307	0.0712311267853	0.0697391033173	0.0650701522827	0.0632739067078	0.0542471408844	0.0837049484253	0.129987955093	0.0637528896332	0.0591480731964	0.0646390914917	0.0719888210297	0.0760190486908	0.100023031235	0.103562116623	0.0559279918671	0.082515001297	0.0643389225006	0.0498199462891	0.0560910701752	0.112390995026	0.0683400630951	0.260133981705	0.0672430992126	0.049497127533	0.084303855896	0.06676197052	0.0643768310547	0.0665650367737	0.106627941132	0.0582740306854	0.0785441398621	0.213661909103	0.0555210113525	0.0793941020966	0.058641910553	0.0298299789429	0.0599188804626	0.051586151123	0.155244112015	
['./treeMaker/main', '-u']
0.0551900863647	0.0880661010742	0.0913779735565	0.0592949390411	0.0680539608002	0.0549149513245	0.069659948349	0.0718472003937	0.0736310482025	0.0634942054749	0.0629620552063	0.0669610500336	0.0668258666992	0.0636379718781	0.0594720840454	0.0520739555359	0.0815718173981	0.125694990158	0.064160823822	0.0582048892975	0.0632898807526	0.056529045105	0.0779149532318	0.0987210273743	0.0921490192413	0.0680990219116	0.0776948928833	0.0597128868103	0.046128988266	0.0516178607941	0.107975006104	0.0684249401093	0.25229883194	0.0659620761871	0.036101102829	0.0826089382172	0.0655641555786	0.0624821186066	0.0543491840363	0.10098195076	0.0555458068848	0.0746500492096	0.20577287674	0.0570011138916	0.0783381462097	0.0583200454712	0.0315189361572	0.0486330986023	0.049339056015	0.1511759758	
['./treeMaker/main', '-t', '-r', '1']
1.0267329216	1.79696822166	1.80655288696	1.14213895798	1.35118603706	1.02502608299	1.49090600014	1.4732260704	1.37931394577	1.32125306129	1.18106603622	1.32311296463	1.31899785995	1.20501303673	1.1677980423	0.99557518959	1.72187399864	2.44576191902	1.15188312531	1.0606880188	1.2405269146	0.963027954102	1.48982596397	1.92335605621	1.88248515129	0.987409114838	1.62203717232	1.21895503998	0.877271175385	0.966278076172	2.23456811905	1.36460399628	4.93372392654	1.30295395851	0.552902936935	1.71899914742	1.24290204048	1.2446539402	1.03307008743	2.10417795181	1.08500289917	1.59876894951	3.89136385918	0.941333055496	1.67324995995	1.07970905304	0.454874038696	0.933688879013	0.900981903076	2.89199304581	
['./treeMaker/main', '-t', '-r', '2']
1.59922289848	2.83186197281	2.99815416336	1.83786511421	2.08256006241	1.62057900429	2.16042613983	2.2433848381	2.31459593773	1.96265602112	1.96028995514	2.11123991013	2.27735805511	1.98161792755	1.77748203278	1.49213790894	2.60143494606	4.18238401413	1.89470720291	1.74544286728	1.91492390633	1.74944090843	2.2802131176	3.19116806984	2.87233996391	1.74074196815	2.4517660141	2.03997302055	1.30330181122	1.5459280014	3.5517539978	2.05216503143	7.11248993874	1.99405384064	0.883318185806	2.66433191299	2.03412985802	1.92044997215	1.61443591118	3.39832401276	1.79756188393	2.60296797752	6.31054592133	1.43868207932	2.62320208549	1.66290187836	0.696045875549	1.41523814201	1.44037508965	5.01860308647	
['./treeMaker/main', '-t', '-r', '1', '-N']
1.02364802361	1.82449603081	1.77086496353	1.14765882492	1.35019612312	1.02414894104	1.49033594131	1.46959900856	1.38358521461	1.31197285652	1.18529486656	1.39752292633	1.32832503319	1.20387101173	1.17545294762	0.992746829987	1.72422194481	2.40854215622	1.17676591873	1.0619571209	1.23946690559	0.96830701828	1.50278902054	2.00459504128	1.8276758194	0.989605903625	1.62352991104	1.21581697464	0.935162782669	0.96809387207	2.25223207474	1.34189605713	4.95677709579	1.31188178062	0.554872989655	1.72111988068	1.24780106544	1.25040793419	1.03739595413	2.08167505264	1.07147288322	1.57825803757	3.83555793762	0.940116882324	1.67961001396	1.0911359787	0.45579791069	0.935218095779	0.962447881699	2.88937592506	
['./treeMaker/main', '-t', '-r', '2', '-N']
1.60270309448	2.83088302612	2.93624687195	1.84264397621	2.08621692657	1.62673997879	2.16333889961	2.2388458252	2.31749391556	1.96320986748	1.95356416702	2.10262799263	2.29683303833	1.98918485641	1.77436685562	1.4983420372	2.60523605347	4.16827392578	1.89334487915	1.80733013153	1.96385598183	1.75739002228	2.2867898941	3.18132185936	2.87059879303	1.7368209362	2.44971394539	1.97418999672	1.30425095558	1.54230093956	3.54225301743	2.05483603477	7.12192487717	1.99940896034	0.890855073929	2.66410493851	2.01388120651	1.92386102676	1.61061310768	3.38230895996	1.79571580887	2.60151100159	6.3201789856	1.44345092773	2.58844590187	1.65987801552	0.699555873871	1.41961812973	1.44035220146	5.02118492126	
['./treeMaker/main', '-m']
0.0445048809052	0.0656039714813	0.0638589859009	0.046128988266	0.0637810230255	0.0457949638367	0.0613369941711	0.0537300109863	0.0537281036377	0.0491139888763	0.0463969707489	0.0523009300232	0.0497381687164	0.0483000278473	0.0493748188019	0.0404160022736	0.0575189590454	0.079784154892	0.0488579273224	0.0475449562073	0.0513398647308	0.0457539558411	0.0556359291077	0.0695469379425	0.0643150806427	0.04474401474	0.0576400756836	0.0475490093231	0.0390861034393	0.0431339740753	0.0717141628265	0.0514371395111	0.117501020432	0.0503380298615	0.0320529937744	0.0704529285431	0.0486438274384	0.0457987785339	0.0427961349487	0.0676591396332	0.0452978610992	0.0565948486328	0.105951070786	0.052029132843	0.0568900108337	0.0461921691895	0.0279560089111	0.0389039516449	0.0413269996643	0.0885319709778	
['./treeMaker/main', '-m', '-b']
0.0458199977875	0.0647189617157	0.067008972168	0.0488510131836	0.0547568798065	0.0464420318604	0.0552768707275	0.0566830635071	0.056911945343	0.0508630275726	0.0506181716919	0.0536141395569	0.0556991100311	0.0516149997711	0.0480191707611	0.0449838638306	0.0622508525848	0.084527015686	0.052561044693	0.0498390197754	0.0522887706757	0.0477368831635	0.0593149662018	0.0707290172577	0.0676999092102	0.0520780086517	0.057452917099	0.0597410202026	0.0421459674835	0.0443558692932	0.0746419429779	0.0557820796967	0.124903917313	0.0529360771179	0.0330710411072	0.0631558895111	0.0532660484314	0.0519609451294	0.0466711521149	0.0729808807373	0.0456690788269	0.0600290298462	0.115895032883	0.0458688735962	0.0605659484863	0.0474829673767	0.027195930481	0.0425579547882	0.0439908504486	0.102866888046	
['./treeMaker/main', '-m', '-w', '1']
0.0441329479218	0.0630159378052	0.0621130466461	0.0510411262512	0.0509130954742	0.0473010540009	0.0527138710022	0.054328918457	0.0558531284332	0.049488067627	0.0481259822845	0.0524260997772	0.0613210201263	0.0483980178833	0.0479300022125	0.0406861305237	0.0575830936432	0.0799260139465	0.0491189956665	0.0459549427032	0.0499360561371	0.0448358058929	0.0551328659058	0.0661590099335	0.0646800994873	0.042809009552	0.0556130409241	0.0458648204803	0.0392611026764	0.0426950454712	0.0710899829865	0.0501849651337	0.115777015686	0.0491471290588	0.0303018093109	0.0589871406555	0.0500819683075	0.0475649833679	0.0417799949646	0.0661571025848	0.0441699028015	0.0568490028381	0.105281829834	0.0440108776093	0.0567178726196	0.0439391136169	0.0324120521545	0.0382351875305	0.0402181148529	0.0889041423798	
['./treeMaker/main', '-m', '-w', '2']
0.0453388690948	0.0601770877838	0.0645110607147	0.0472609996796	0.0624530315399	0.0436511039734	0.0537688732147	0.056792974472	0.0549581050873	0.0495021343231	0.047924041748	0.0524399280548	0.0513489246368	0.0492849349976	0.0464649200439	0.0423190593719	0.0580530166626	0.0780911445618	0.0588209629059	0.0443980693817	0.0491020679474	0.0463221073151	0.0555438995361	0.0660049915314	0.0638859272003	0.044536113739	0.0543119907379	0.0576329231262	0.0409080982208	0.0431971549988	0.0711469650269	0.0492510795593	0.118119001389	0.0489029884338	0.032212972641	0.0577821731567	0.048718214035	0.0462119579315	0.0440108776093	0.0678970813751	0.0452039241791	0.058277130127	0.123805999756	0.0443398952484	0.0568890571594	0.045902967453	0.0280330181122	0.0385367870331	0.0521309375763	0.0931949615479	
['./treeMaker/main', '-m', '-c', '1']
0.0439188480377	0.0611801147461	0.0637121200562	0.0460569858551	0.0500438213348	0.0463631153107	0.063796043396	0.0554389953613	0.0541031360626	0.0494010448456	0.0480089187622	0.0523920059204	0.0508899688721	0.0504610538483	0.0467629432678	0.042261838913	0.0567030906677	0.0802462100983	0.0490229129791	0.0463790893555	0.0498330593109	0.0447249412537	0.0549309253693	0.068156003952	0.0646281242371	0.0447690486908	0.0541338920593	0.0487051010132	0.0400080680847	0.0430150032043	0.0721051692963	0.0576150417328	0.116859912872	0.0500280857086	0.0299599170685	0.0600869655609	0.0494298934937	0.0480129718781	0.0431780815125	0.0698909759521	0.0450930595398	0.0573010444641	0.10720705986	0.0422010421753	0.05637383461	0.0455758571625	0.0288329124451	0.0400879383087	0.0465109348297	0.0938818454742	
['./treeMaker/main', '-m', '-c', '2']
0.0447149276733	0.0588932037354	0.0639448165894	0.0475699901581	0.0500919818878	0.0445430278778	0.0530068874359	0.0535387992859	0.0545129776001	0.0478630065918	0.0466170310974	0.0522220134735	0.049772977829	0.0483231544495	0.0459969043732	0.0535979270935	0.0599200725555	0.0800240039825	0.0492379665375	0.0462999343872	0.0484721660614	0.0453188419342	0.0552570819855	0.0655131340027	0.0649280548096	0.0427250862122	0.0556309223175	0.0461869239807	0.0384700298309	0.041806936264	0.0705008506775	0.0506150722504	0.115710020065	0.0492458343506	0.0311930179596	0.0598120689392	0.0521509647369	0.0480878353119	0.0437879562378	0.067419052124	0.0454788208008	0.0581080913544	0.106275081635	0.0438199043274	0.0591480731964	0.0436539649963	0.0283238887787	0.0387251377106	0.0426199436188	0.0905051231384	
['./treeMaker/main', '-m', '-a', '1']
0.0473449230194	0.0647211074829	0.0695230960846	0.0491690635681	0.0563189983368	0.0499289035797	0.0646131038666	0.0573570728302	0.0587511062622	0.0515511035919	0.050342798233	0.0578978061676	0.0562691688538	0.0538687705994	0.050931930542	0.0469961166382	0.0606210231781	0.0841128826141	0.0532169342041	0.0591838359833	0.052747964859	0.0476260185242	0.058984041214	0.0699350833893	0.0680799484253	0.0476598739624	0.0597009658813	0.0500230789185	0.0435299873352	0.046226978302	0.0749449729919	0.0560419559479	0.129739046097	0.0541169643402	0.0463931560516	0.0633080005646	0.0808320045471	0.0542268753052	0.0468039512634	0.0724310874939	0.0483791828156	0.059406042099	0.11026597023	0.050961971283	0.062469959259	0.0531189441681	0.0309059619904	0.0438060760498	0.0461368560791	0.0937960147858	
['./treeMaker/main', '-m', '-a', '2']
0.0449421405792	0.0633239746094	0.0660130977631	0.0475759506226	0.0532269477844	0.0449318885803	0.0571558475494	0.0527100563049	0.0524570941925	0.0480880737305	0.0483779907227	0.0502429008484	0.0499188899994	0.0488460063934	0.0462181568146	0.0426688194275	0.0577700138092	0.077262878418	0.0492060184479	0.0467851161957	0.0486521720886	0.0454180240631	0.0535609722137	0.0655291080475	0.0641968250275	0.045037984848	0.05695104599	0.0482928752899	0.0381569862366	0.0438370704651	0.0705280303955	0.051696062088	0.114905834198	0.0490760803223	0.0326018333435	0.058424949646	0.048378944397	0.0468759536743	0.0437519550323	0.0674901008606	0.046019077301	0.0569679737091	0.111884117126	0.0554850101471	0.0593781471252	0.0489008426666	0.028792142868	0.0404100418091	0.0444939136505	0.0906438827515	
