25_1000_2.7e-10_2.7e-10_470000000
25
1000
2.7e-10
2.7e-10
470000000

['./treeMaker/main']
0.0996000766754	0.0980410575867	0.133527040482	0.0986230373383	0.124725103378	0.110096931458	0.101104974747	0.0926611423492	0.138365983963	0.145730018616	0.0843539237976	0.0846638679504	0.108371019363	0.112013816833	0.175557136536	0.0826370716095	0.0854249000549	0.18243098259	0.0964260101318	0.0907440185547	0.0891480445862	0.0921258926392	0.104310035706	0.112712860107	0.10813999176	0.112949132919	0.108852863312	0.102931976318	0.108289003372	0.1195499897	0.158390045166	0.0966930389404	0.0807700157166	0.0790328979492	0.107000827789	0.0766630172729	0.111410140991	0.10173201561	0.098601102829	0.0784721374512	0.117871046066	0.0773770809174	0.0916941165924	0.0986928939819	0.100602865219	0.112053871155	0.110062122345	0.126580953598	0.0858719348907	0.122730970383	
['./treeMaker/main', '-b']
0.0956218242645	0.098002910614	0.129978895187	0.107459068298	0.118608951569	0.104783058167	0.117496013641	0.0996921062469	0.146544933319	0.14414191246	0.0862200260162	0.0919690132141	0.107091188431	0.114272117615	0.167956829071	0.0807280540466	0.111059904099	0.169586896896	0.100131988525	0.0929911136627	0.0888149738312	0.103677988052	0.10768198967	0.11469912529	0.114800930023	0.118837118149	0.106498003006	0.101353883743	0.123383998871	0.138216018677	0.150491952896	0.0986440181732	0.0804569721222	0.0804200172424	0.115541934967	0.0846469402313	0.111890077591	0.111455202103	0.104521036148	0.0716409683228	0.115312099457	0.0828430652618	0.0926539897919	0.103504896164	0.110405921936	0.111681938171	0.115746021271	0.119765043259	0.0821120738983	0.126185894012	
['./treeMaker/main', '-u']
0.106050014496	0.103965044022	0.128185987473	0.0979721546173	0.122995853424	0.112239122391	0.113891124725	0.0964531898499	0.138557195663	0.136953115463	0.0795979499817	0.0859940052032	0.10941696167	0.110366106033	0.166254043579	0.0734510421753	0.0978097915649	0.178736925125	0.0908291339874	0.0915930271149	0.0925309658051	0.0942509174347	0.0994729995728	0.109770774841	0.107633829117	0.111010074615	0.106058120728	0.101992845535	0.118035078049	0.12605214119	0.160351991653	0.0996940135956	0.085412979126	0.0770571231842	0.115596055984	0.0900089740753	0.105325937271	0.102324962616	0.0979819297791	0.079311132431	0.112832069397	0.0826728343964	0.0936059951782	0.104844093323	0.102483987808	0.112323999405	0.110579967499	0.125169992447	0.0836579799652	0.127789020538	
['./treeMaker/main', '-t', '-r', '1']
1.28806304932	1.36073994637	1.89517784119	1.35611987114	1.69315600395	1.50628399849	1.60752987862	1.23627281189	2.18006801605	2.20781111717	0.948713064194	1.04718208313	1.53607296944	1.50205302238	2.48690319061	0.843796014786	1.28078699112	2.69639182091	1.29123878479	1.21428990364	1.2193479538	1.22505402565	1.48017692566	1.52260398865	1.57520103455	1.5519630909	1.47836399078	1.28077101707	1.69996094704	1.87321901321	2.40917515755	1.20998001099	0.907558202744	0.833096981049	1.62477207184	0.94218993187	1.54832196236	1.41487407684	1.33354401588	0.870325803757	1.62160086632	0.986656188965	1.18694114685	1.45956897736	1.37243509293	1.60102415085	1.58731102943	1.84389090538	0.978374958038	1.81557798386	
['./treeMaker/main', '-t', '-r', '2']
1.86339402199	2.07625412941	2.78604507446	1.90046787262	2.64592409134	2.27264904976	2.35034203529	1.76134109497	3.24658107758	3.29737591743	1.41159510612	1.56593704224	2.17267584801	2.28650522232	3.78209209442	1.23731899261	1.85028815269	4.13233399391	1.90698599815	1.70561218262	1.69561481476	1.783878088	2.12897896767	2.3442568779	2.19925808907	2.31765294075	2.19419693947	1.92315578461	2.50639414787	2.73561096191	3.66428494453	1.79771208763	1.29030895233	1.20531201363	2.45952701569	1.37397909164	2.32045483589	2.07409286499	1.9663310051	1.25656700134	2.39453697205	1.4101099968	1.74035096169	2.06456685066	2.02972602844	2.45880317688	2.35548901558	2.67103290558	1.42095708847	2.61707186699	
['./treeMaker/main', '-t', '-r', '1', '-N']
1.32659697533	1.39627194405	1.9549870491	1.3291759491	1.72886800766	1.52057409286	1.61965918541	1.26112604141	2.23273015022	2.2419500351	0.967559099197	1.04172205925	1.53005003929	1.52116584778	2.42874288559	0.869021892548	1.28883314133	2.70949482918	1.2884991169	1.21055603027	1.22547101974	1.22784495354	1.50142598152	1.50226211548	1.60858201981	1.59662103653	1.50911402702	1.29737401009	1.70020222664	1.86942100525	2.40662288666	1.22130489349	0.901486158371	0.87396478653	1.65167188644	0.947772026062	1.56086707115	1.40393996239	1.33431100845	0.883724212646	1.60729885101	0.990473031998	1.20870900154	1.4670290947	1.36921906471	1.63914299011	1.62104511261	1.7268409729	0.988826990128	1.79890012741	
['./treeMaker/main', '-t', '-r', '2', '-N']
1.87671113014	2.02187895775	2.77526807785	1.88097405434	2.6605489254	2.2683429718	2.33818006516	1.81487393379	3.23663377762	3.24631595612	1.41281604767	1.56256890297	2.17477893829	2.27919387817	3.77988696098	1.21924996376	1.83844590187	4.14809918404	1.92710208893	1.71726298332	1.69696497917	1.78625917435	2.12570810318	2.33615684509	2.16783905029	2.33671402931	2.2269859314	1.91196203232	2.50447392464	2.77297282219	3.73638916016	1.78291416168	1.28381299973	1.22388792038	2.41058301926	1.35389113426	2.30195903778	2.05424809456	1.97257184982	1.22246813774	2.38382816315	1.40469193459	1.74029493332	2.05185580254	2.01160502434	2.44862008095	2.37739896774	2.69287800789	1.40068292618	2.57351493835	
['./treeMaker/main', '-m']
0.0791630744934	0.0775830745697	0.0910611152649	0.0807662010193	0.0846710205078	0.080815076828	0.0838990211487	0.0769100189209	0.0960459709167	0.0935289859772	0.0730271339417	0.0748608112335	0.0808608531952	0.0819840431213	0.107668161392	0.0674040317535	0.084419965744	0.108695983887	0.077467918396	0.0749490261078	0.0724210739136	0.0751640796661	0.0821101665497	0.0848319530487	0.0787980556488	0.0860450267792	0.0798580646515	0.0771181583405	0.0892050266266	0.0844249725342	0.10266494751	0.077821969986	0.0684959888458	0.0670390129089	0.0886211395264	0.0704469680786	0.0827729701996	0.07976603508	0.0817329883575	0.066773891449	0.0832369327545	0.0698399543762	0.0749640464783	0.081592798233	0.0772759914398	0.0853140354156	0.0852019786835	0.0904719829559	0.0671758651733	0.0880460739136	
['./treeMaker/main', '-m', '-b']
0.0798609256744	0.0896618366241	0.0934290885925	0.0809400081635	0.0914220809937	0.0839321613312	0.0885639190674	0.0799911022186	0.0940511226654	0.0990788936615	0.0710802078247	0.075003862381	0.0883820056915	0.0879688262939	0.110774040222	0.0664918422699	0.083930015564	0.113297939301	0.0796389579773	0.0750961303711	0.075227022171	0.0788061618805	0.0880901813507	0.0876140594482	0.0857899188995	0.0866539478302	0.0831689834595	0.0792548656464	0.0908181667328	0.0941879749298	0.118576049805	0.0782527923584	0.0663740634918	0.0686211585999	0.0883631706238	0.0720829963684	0.0867481231689	0.0829379558563	0.0824780464172	0.0699348449707	0.0851418972015	0.0703430175781	0.0765688419342	0.0812468528748	0.0828080177307	0.0882260799408	0.0859858989716	0.0931990146637	0.0740160942078	0.086932182312	
['./treeMaker/main', '-m', '-w', '1']
0.0748138427734	0.0790541172028	0.0909099578857	0.0755620002747	0.0880289077759	0.0792009830475	0.0809478759766	0.0760509967804	0.0927350521088	0.092747926712	0.0689361095428	0.0794041156769	0.0833880901337	0.0818469524384	0.103736162186	0.0673091411591	0.0764248371124	0.108964920044	0.0738878250122	0.0749189853668	0.0719339847565	0.0727779865265	0.0782999992371	0.0844521522522	0.0799670219421	0.0855989456177	0.0831429958344	0.0767958164215	0.0867290496826	0.0860919952393	0.103762865067	0.0815551280975	0.0675008296967	0.0687148571014	0.0850088596344	0.0677778720856	0.0831260681152	0.0818300247192	0.0790340900421	0.0661270618439	0.0844798088074	0.0693790912628	0.0779240131378	0.0808341503143	0.0768609046936	0.0853769779205	0.0846130847931	0.0928997993469	0.0688540935516	0.0923869609833	
['./treeMaker/main', '-m', '-w', '2']
0.0795340538025	0.0770211219788	0.0936679840088	0.0787768363953	0.0923340320587	0.0811891555786	0.0840559005737	0.0761449337006	0.0933079719543	0.095155954361	0.0716578960419	0.0727388858795	0.0806269645691	0.0851240158081	0.10636305809	0.0677809715271	0.08061003685	0.11127114296	0.0790219306946	0.0744950771332	0.0746078491211	0.079549074173	0.0818099975586	0.084676027298	0.0813398361206	0.0855600833893	0.0801599025726	0.0803151130676	0.0877351760864	0.0859279632568	0.104959964752	0.0745761394501	0.0659191608429	0.0668659210205	0.0885100364685	0.070433139801	0.0826940536499	0.0806159973145	0.0773229598999	0.065258026123	0.0840711593628	0.0790131092072	0.0729458332062	0.0796167850494	0.0800468921661	0.0859909057617	0.0847890377045	0.0924570560455	0.0704169273376	0.09144115448	
['./treeMaker/main', '-m', '-c', '1']
0.0831341743469	0.0769879817963	0.0932788848877	0.0743110179901	0.0888268947601	0.0803909301758	0.0839538574219	0.0733289718628	0.0964410305023	0.100075006485	0.0704839229584	0.0668439865112	0.0828671455383	0.0843050479889	0.11048412323	0.0704209804535	0.0759530067444	0.110200166702	0.0779359340668	0.0743918418884	0.0754251480103	0.0732069015503	0.0781860351562	0.0827469825745	0.0785329341888	0.0844619274139	0.0802710056305	0.0757038593292	0.0866689682007	0.0858957767487	0.102567195892	0.0756509304047	0.069324016571	0.0643751621246	0.0854008197784	0.065388917923	0.0826570987701	0.0858819484711	0.0828537940979	0.0658631324768	0.0817530155182	0.0682299137115	0.0828740596771	0.0780160427094	0.0783340930939	0.0907490253448	0.0855770111084	0.0903768539429	0.069687128067	0.0859949588776	
['./treeMaker/main', '-m', '-c', '2']
0.0782899856567	0.0751190185547	0.0930650234222	0.0799148082733	0.0867791175842	0.0806980133057	0.0827429294586	0.0729520320892	0.0920610427856	0.0952129364014	0.070216178894	0.0796811580658	0.0809309482574	0.0820779800415	0.108575105667	0.0667848587036	0.0761539936066	0.108774900436	0.0748240947723	0.0746510028839	0.0742008686066	0.075425863266	0.0821681022644	0.0826351642609	0.0806028842926	0.083911895752	0.0812711715698	0.0775270462036	0.0878889560699	0.088840007782	0.114629983902	0.075385093689	0.0683360099792	0.0682029724121	0.0839569568634	0.0683691501617	0.0844359397888	0.0785109996796	0.0758938789368	0.0678279399872	0.0817089080811	0.0693018436432	0.0765290260315	0.0820510387421	0.0769770145416	0.083291053772	0.0955560207367	0.0908119678497	0.0693609714508	0.085441827774	
['./treeMaker/main', '-m', '-a', '1']
0.0890078544617	0.0872421264648	0.0997159481049	0.096745967865	0.106658935547	0.0935568809509	0.0925049781799	0.0857520103455	0.103316068649	0.10178399086	0.0805070400238	0.0829350948334	0.0897128582001	0.0927410125732	0.119166135788	0.0788171291351	0.0876557826996	0.12065410614	0.0903949737549	0.0932478904724	0.0824301242828	0.0850911140442	0.0873069763184	0.0968220233917	0.0916540622711	0.0945069789886	0.0923810005188	0.0893239974976	0.0975790023804	0.0945830345154	0.110623836517	0.0863528251648	0.0782928466797	0.0759358406067	0.0957999229431	0.0774149894714	0.0946481227875	0.089555978775	0.0905110836029	0.0765678882599	0.0930337905884	0.0827729701996	0.0895531177521	0.0916290283203	0.0903308391571	0.0974600315094	0.0963099002838	0.102349996567	0.0780148506165	0.0969588756561	
['./treeMaker/main', '-m', '-a', '2']
0.0806579589844	0.0817120075226	0.0901989936829	0.0797629356384	0.0913081169128	0.0838618278503	0.0868561267853	0.0735859870911	0.0948669910431	0.0955791473389	0.0692961215973	0.0715749263763	0.0857038497925	0.0853898525238	0.105146884918	0.0677189826965	0.0788650512695	0.108488082886	0.0793490409851	0.0738110542297	0.0754671096802	0.0777678489685	0.0786261558533	0.0845038890839	0.0823199748993	0.0841870307922	0.0801100730896	0.0779309272766	0.0893290042877	0.0857560634613	0.10249209404	0.0738170146942	0.0660951137543	0.0719780921936	0.0867331027985	0.0680401325226	0.0821268558502	0.0800838470459	0.079097032547	0.0735800266266	0.0828919410706	0.071713924408	0.0740230083466	0.0809729099274	0.0815758705139	0.0860321521759	0.087751865387	0.0895218849182	0.0679180622101	0.0959429740906	
