25_1000_1.9e-10_1.9e-10_470000000
25
1000
1.9e-10
1.9e-10
470000000

['./treeMaker/main']
0.0771839618683	0.0968010425568	0.0945429801941	0.0938551425934	0.0802450180054	0.115911006927	0.100476980209	0.107589006424	0.0917100906372	0.0888679027557	0.154860019684	0.106891870499	0.122879981995	0.0860950946808	0.0926859378815	0.0901169776917	0.0880770683289	0.0993611812592	0.103424072266	0.0923020839691	0.0918219089508	0.0924711227417	0.0937750339508	0.110734939575	0.10116314888	0.0809700489044	0.100005865097	0.0956788063049	0.0989060401917	0.093309879303	0.088977098465	0.0878701210022	0.0975170135498	0.0982980728149	0.0830528736115	0.120025873184	0.0965678691864	0.0912780761719	0.0925970077515	0.0973210334778	0.0900399684906	0.110754966736	0.124782085419	0.10121011734	0.08571600914	0.0856020450592	0.105360984802	0.0764098167419	0.0731630325317	0.129085063934	
['./treeMaker/main', '-b']
0.0889480113983	0.10179400444	0.0892088413239	0.105167865753	0.0818440914154	0.106372117996	0.0859549045563	0.099937915802	0.0897099971771	0.0981850624084	0.143203020096	0.102952003479	0.121558904648	0.0899279117584	0.0844860076904	0.0846321582794	0.0968339443207	0.0925478935242	0.107560873032	0.0960130691528	0.0852909088135	0.0936620235443	0.0996971130371	0.112691879272	0.104377031326	0.0882558822632	0.0931231975555	0.0986700057983	0.0993549823761	0.0880808830261	0.0964560508728	0.090488910675	0.0809941291809	0.098207950592	0.0943470001221	0.120548963547	0.106886148453	0.0896370410919	0.0997970104218	0.108077049255	0.106272220612	0.102209091187	0.133059024811	0.104580163956	0.0971059799194	0.0954668521881	0.10809803009	0.0867719650269	0.0764088630676	0.13151717186	
['./treeMaker/main', '-u']
0.0819230079651	0.0968191623688	0.0836989879608	0.089301109314	0.0795841217041	0.109455108643	0.0933899879456	0.0778679847717	0.0946950912476	0.0953781604767	0.153195142746	0.092924118042	0.123857975006	0.0845530033112	0.0837321281433	0.0989010334015	0.0899431705475	0.0956878662109	0.101168870926	0.0851719379425	0.0938799381256	0.0961449146271	0.0962569713593	0.116065979004	0.100329875946	0.08988904953	0.10009098053	0.096587896347	0.0879371166229	0.08069896698	0.0892279148102	0.0879809856415	0.0911519527435	0.0827119350433	0.0965309143066	0.116405963898	0.0922470092773	0.0812728404999	0.0862340927124	0.110426187515	0.113310813904	0.102916002274	0.121408939362	0.113390922546	0.0949308872223	0.0863509178162	0.103676080704	0.0930578708649	0.0820419788361	0.125646114349	
['./treeMaker/main', '-t', '-r', '1']
0.941207170486	1.16876888275	1.03330016136	1.17277407646	0.937686920166	1.42880702019	1.0721411705	1.14290785789	0.978201150894	1.1188120842	2.0256960392	1.22183513641	1.5180170536	0.898624897003	0.946537017822	1.08140611649	1.07660102844	1.12224793434	1.26582098007	0.998160123825	0.974123954773	1.0103559494	1.14344716072	1.43689107895	1.25464892387	0.950217962265	1.15942001343	1.0695810318	1.14498996735	1.02980804443	0.962167024612	0.930327892303	0.983693122864	1.27438211441	1.07842183113	1.42191410065	1.11413502693	1.00954294205	1.13434720039	1.3436331749	1.20626020432	1.19493412971	1.62813615799	1.3089158535	1.04801607132	0.943175077438	1.32908296585	0.948462963104	0.823162794113	1.62983989716	
['./treeMaker/main', '-t', '-r', '2']
1.38096809387	1.68311595917	1.54524993896	1.68228507042	1.37983608246	2.02453899384	1.60278820992	1.728110075	1.48612594604	1.61649799347	3.17748093605	1.84109902382	2.51249194145	1.33803701401	1.46182608604	1.49747180939	1.58421802521	1.60556197166	1.85130691528	1.48771500587	1.42603993416	1.68645787239	1.68145990372	2.17461585999	1.87223100662	1.49233293533	1.41219305992	1.24326395988	1.46775889397	1.2440598011	1.15610218048	1.1283891201	1.18283009529	1.47721195221	1.31480312347	1.76211714745	1.38660097122	1.2367181778	1.37098312378	1.78606200218	1.49716186523	1.53355884552	1.91864013672	1.5857000351	1.33187294006	1.14923501015	1.70951294899	1.10392379761	0.985222101212	1.93007421494	
['./treeMaker/main', '-t', '-r', '1', '-N']
0.779335975647	0.937925815582	0.819056987762	0.963830947876	0.769162893295	1.17038583755	0.895834207535	0.964540958405	0.799760818481	0.886425971985	1.60703492165	1.0412569046	1.29985022545	0.764857053757	0.810030937195	0.868876934052	0.93501996994	0.897780895233	1.06615710258	0.839231967926	0.849056005478	0.816839933395	0.963687181473	1.20372986794	1.03740096092	0.782614946365	0.996384859085	0.877159118652	0.975707054138	0.833493947983	0.790357112885	0.774832010269	0.804301023483	1.05754089355	0.916192054749	1.20372915268	0.949049949646	0.838660001755	0.975328922272	1.10490894318	0.998665094376	0.974030017853	1.31963086128	1.08512187004	0.870562076569	0.796578884125	1.09057497978	0.75976395607	0.713531970978	1.35401988029	
['./treeMaker/main', '-t', '-r', '2', '-N']
1.13523602486	1.42240405083	1.2472820282	1.32042098045	1.06857299805	1.68353009224	1.31017589569	1.418612957	1.23642301559	1.31032800674	2.63378810883	1.53441286087	2.05473589897	1.09759902954	1.15219306946	1.26240992546	1.25763916969	1.33232879639	1.52100992203	1.19338297844	1.18997383118	1.37119007111	1.36721897125	1.74617004395	1.54738211632	1.24774980545	1.35876989365	1.24488210678	1.46868991852	1.230905056	1.16393089294	1.16013789177	1.1593079567	1.46602892876	1.30232405663	1.82132101059	1.37546205521	1.26094698906	1.333288908	1.73213005066	1.46557497978	1.50902795792	1.90885519981	1.55989098549	1.36865305901	1.19269013405	1.71931600571	1.1167280674	0.970633029938	1.91487503052	
['./treeMaker/main', '-m']
0.0497851371765	0.0554118156433	0.0539948940277	0.0550088882446	0.0625801086426	0.0606389045715	0.0554418563843	0.0557107925415	0.052561044693	0.0532991886139	0.0741899013519	0.0589139461517	0.0662090778351	0.0509550571442	0.0643620491028	0.0523879528046	0.059662103653	0.0550649166107	0.0568399429321	0.0654380321503	0.0553290843964	0.0620501041412	0.0573060512543	0.0638191699982	0.0603179931641	0.0595309734344	0.0571579933167	0.055449962616	0.0589320659637	0.0544998645782	0.0496280193329	0.0549139976501	0.0497329235077	0.0565469264984	0.0551369190216	0.0594570636749	0.0530729293823	0.0527720451355	0.0551381111145	0.0614769458771	0.0567271709442	0.0565829277039	0.0655269622803	0.059583902359	0.0553488731384	0.0497319698334	0.061408996582	0.0491449832916	0.0498490333557	0.0644121170044	
['./treeMaker/main', '-m', '-b']
0.0646970272064	0.0583281517029	0.0544581413269	0.0580639839172	0.0519819259644	0.0624580383301	0.0567970275879	0.0688869953156	0.0559780597687	0.054713010788	0.0766880512238	0.0608611106873	0.0692689418793	0.0530359745026	0.0651211738586	0.063374042511	0.0535781383514	0.058002948761	0.0590479373932	0.0540568828583	0.0539860725403	0.0579369068146	0.0562100410461	0.0660171508789	0.0601959228516	0.0563349723816	0.0572519302368	0.0551609992981	0.071802854538	0.0515050888062	0.0497319698334	0.0550808906555	0.0559620857239	0.0595920085907	0.0528321266174	0.0612261295319	0.0538749694824	0.0514760017395	0.0666890144348	0.0586009025574	0.0546729564667	0.0549969673157	0.0713539123535	0.0615990161896	0.0584900379181	0.0563769340515	0.0689880847931	0.0495140552521	0.0470361709595	0.0647377967834	
['./treeMaker/main', '-m', '-w', '1']
0.0469069480896	0.0554831027985	0.052549123764	0.0582959651947	0.0498921871185	0.0576801300049	0.0525190830231	0.0534679889679	0.050164937973	0.0508198738098	0.0705149173737	0.0564730167389	0.0644891262054	0.0480949878693	0.048919916153	0.0500409603119	0.0528888702393	0.0528531074524	0.0548028945923	0.0549728870392	0.0518708229065	0.054055929184	0.0556290149689	0.0617339611053	0.059858083725	0.0529289245605	0.0547690391541	0.0539510250092	0.0570461750031	0.0543451309204	0.0489978790283	0.0519270896912	0.0533151626587	0.0613539218903	0.0511648654938	0.0588030815125	0.0519819259644	0.0494139194489	0.0526089668274	0.0564770698547	0.052983045578	0.0531461238861	0.0609529018402	0.0551171302795	0.0544080734253	0.0518870353699	0.0617039203644	0.0509469509125	0.0486109256744	0.0799920558929	
['./treeMaker/main', '-m', '-w', '2']
0.0473208427429	0.0534970760345	0.050724029541	0.053505897522	0.0479509830475	0.0576651096344	0.0524480342865	0.0530259609222	0.0503361225128	0.0521860122681	0.0858290195465	0.0586059093475	0.0659699440002	0.0505290031433	0.0518531799316	0.0531470775604	0.0543689727783	0.0565009117126	0.0579378604889	0.0530760288239	0.0533847808838	0.0564517974854	0.0550220012665	0.0653491020203	0.0579428672791	0.0546259880066	0.0550878047943	0.0538358688354	0.0562989711761	0.0540101528168	0.0495870113373	0.0544240474701	0.0514969825745	0.0582120418549	0.0546398162842	0.0633020401001	0.0561800003052	0.0528161525726	0.0685040950775	0.057755947113	0.059700012207	0.0584259033203	0.0685660839081	0.0578181743622	0.0525140762329	0.0497508049011	0.0586578845978	0.0485010147095	0.0467910766602	0.0634920597076	
['./treeMaker/main', '-m', '-c', '1']
0.0615210533142	0.0558547973633	0.0527749061584	0.0554568767548	0.0502359867096	0.0603711605072	0.0530431270599	0.0548920631409	0.0533218383789	0.0522818565369	0.0716228485107	0.0587320327759	0.0829150676727	0.05002784729	0.0513470172882	0.0529789924622	0.0556659698486	0.0559780597687	0.0584199428558	0.0534629821777	0.0528471469879	0.0561099052429	0.0556578636169	0.0632431507111	0.0587358474731	0.0558929443359	0.0560488700867	0.0547049045563	0.0567820072174	0.0536530017853	0.051265001297	0.0522937774658	0.0657920837402	0.0628621578217	0.0542800426483	0.0627868175507	0.0567450523376	0.0531179904938	0.0559868812561	0.0719399452209	0.0581181049347	0.0566110610962	0.0651710033417	0.0604910850525	0.0544009208679	0.0508890151978	0.0633211135864	0.0514590740204	0.0486619472504	0.0679469108582	
['./treeMaker/main', '-m', '-c', '2']
0.0499730110168	0.0634949207306	0.0524060726166	0.0554950237274	0.0495781898499	0.0605118274689	0.0555160045624	0.0559380054474	0.0531380176544	0.0508680343628	0.0731499195099	0.057028055191	0.0644931793213	0.0520269870758	0.0513989925385	0.0521788597107	0.0570778846741	0.0559301376343	0.0571520328522	0.0527558326721	0.0525190830231	0.0550968647003	0.0548410415649	0.0635209083557	0.0572237968445	0.0545818805695	0.0552408695221	0.0522480010986	0.0565340518951	0.0533900260925	0.0522480010986	0.0517740249634	0.0491621494293	0.0584609508514	0.0541441440582	0.0658559799194	0.0543611049652	0.0530228614807	0.0551121234894	0.0590798854828	0.0552508831024	0.0552659034729	0.0641679763794	0.057902097702	0.0541760921478	0.0512919425964	0.0610828399658	0.0502760410309	0.0469889640808	0.0649569034576	
['./treeMaker/main', '-m', '-a', '1']
0.0622870922089	0.0662040710449	0.0605790615082	0.0624849796295	0.0581500530243	0.0669310092926	0.0791130065918	0.068333864212	0.063460111618	0.0610859394073	0.0830659866333	0.069591999054	0.0762400627136	0.0614261627197	0.061961889267	0.0625629425049	0.0655989646912	0.066822052002	0.0670108795166	0.0645401477814	0.0653970241547	0.0709331035614	0.067745923996	0.0749979019165	0.067990064621	0.0784981250763	0.0637040138245	0.0640079975128	0.0674130916595	0.0641069412231	0.061784029007	0.0635991096497	0.0608639717102	0.0683979988098	0.0641188621521	0.085067987442	0.067421913147	0.068598985672	0.0660629272461	0.0670669078827	0.0787401199341	0.0688681602478	0.0804479122162	0.067656993866	0.0779540538788	0.0659971237183	0.0680429935455	0.0644659996033	0.0593159198761	0.0740010738373	
['./treeMaker/main', '-m', '-a', '2']
0.0473999977112	0.0529179573059	0.0498919487	0.0523118972778	0.047947883606	0.0572710037231	0.0531809329987	0.0658218860626	0.0500330924988	0.0520429611206	0.0703189373016	0.0564239025116	0.0628960132599	0.0480699539185	0.0490560531616	0.0525059700012	0.0513479709625	0.0524370670319	0.0544240474701	0.0496530532837	0.052323102951	0.0562779903412	0.0550141334534	0.0627059936523	0.0572230815887	0.0526869297028	0.054004907608	0.0545709133148	0.0570299625397	0.0542140007019	0.0504021644592	0.0529870986938	0.0501890182495	0.0562100410461	0.0538818836212	0.0619349479675	0.0532279014587	0.0534181594849	0.0561800003052	0.0622990131378	0.0733850002289	0.0532619953156	0.0619962215424	0.0556838512421	0.0523982048035	0.0495271682739	0.0585749149323	0.0486960411072	0.0466129779816	0.0698771476746	
