25_1000_4.9e-10_4.9e-10_48000000
25
1000
4.9e-10
4.9e-10
48000000

['./treeMaker/main']
0.125356912613	0.179682016373	0.145759105682	0.195938110352	0.214747190475	0.125656843185	0.113140106201	0.0924208164215	0.131639003754	0.114055871964	0.125701904297	0.141113996506	0.139078855515	0.175117969513	0.120452880859	0.171216011047	0.160669088364	0.138955831528	0.0950810909271	0.285030841827	0.139423131943	0.128962039948	0.0905652046204	0.123721122742	0.243081092834	0.25509095192	0.149166107178	0.155106067657	0.125528812408	0.092658996582	0.101234912872	0.107965946198	0.128463983536	0.160588026047	0.0723111629486	0.11233496666	0.123442173004	0.111968040466	0.235209941864	0.109863996506	0.122174978256	0.15704202652	0.104965925217	0.216546058655	0.0830280780792	0.236223936081	0.130069971085	0.134101867676	0.176306009293	0.169902086258	
['./treeMaker/main', '-b']
0.12876701355	0.187158107758	0.152156114578	0.199227809906	0.204126834869	0.132292032242	0.128201007843	0.105559110641	0.146643877029	0.115316152573	0.128674983978	0.139882087708	0.148885965347	0.182913064957	0.123065948486	0.181396961212	0.167105913162	0.138725996017	0.0963871479034	0.304275989532	0.1486120224	0.129220962524	0.0987188816071	0.142514944077	0.254333019257	0.268815994263	0.166053056717	0.167845964432	0.118046045303	0.1088078022	0.102481126785	0.125154972076	0.130627155304	0.156325817108	0.0749459266663	0.118389129639	0.131338834763	0.118391990662	0.241037130356	0.113087177277	0.113861083984	0.171766042709	0.106521129608	0.235866785049	0.0815470218658	0.241749048233	0.139894008636	0.133037090302	0.165918111801	0.186131954193	
['./treeMaker/main', '-u']
0.134649991989	0.182770013809	0.136596918106	0.19079709053	0.208958148956	0.12757396698	0.118432044983	0.109755992889	0.128519058228	0.106750011444	0.123094081879	0.141160011292	0.137854814529	0.174551963806	0.11664390564	0.17244887352	0.162393093109	0.137192964554	0.0975379943848	0.316004037857	0.131473064423	0.128167867661	0.0875380039215	0.138832092285	0.245857954025	0.254655838013	0.15208697319	0.155097961426	0.126856088638	0.0924339294434	0.0959889888763	0.115110874176	0.122838020325	0.165019989014	0.074266910553	0.103847980499	0.120584011078	0.113297224045	0.225486040115	0.0993981361389	0.11487698555	0.154236078262	0.111505031586	0.217586040497	0.0820639133453	0.235579967499	0.128597974777	0.138242959976	0.173229932785	0.181221961975	
['./treeMaker/main', '-t', '-r', '1']
2.29959607124	3.08491396904	2.27380800247	3.26289415359	3.48028612137	1.95031809807	1.88014602661	1.54178619385	2.2912709713	1.8624329567	2.13505792618	2.20435380936	2.30967903137	2.91664505005	2.08578300476	3.05067896843	2.84763503075	2.32620811462	1.65400195122	5.03211903572	2.13945198059	1.79493308067	1.33431005478	2.19432401657	4.04569292068	3.81923294067	2.65278196335	2.83269309998	1.84137415886	1.57199501991	1.43129706383	1.87033820152	2.05351400375	2.69908809662	1.11707806587	1.75792002678	2.13174581528	1.89078688622	3.96200895309	1.6064209938	1.87725520134	2.82766199112	1.6738409996	3.72769498825	1.26559710503	3.99451899529	2.27433085442	2.26485586166	2.76643300056	2.95703792572	
['./treeMaker/main', '-t', '-r', '2']
3.86701798439	5.04198312759	4.25293111801	6.12479996681	6.3289308548	3.59056901932	3.21861886978	2.56841397285	4.32061481476	3.16328692436	3.61471796036	3.88343691826	3.68089199066	5.13644909859	3.63307619095	5.15096211433	4.91125488281	4.10337901115	2.52073192596	8.69385194778	4.06191802025	3.75219488144	2.19637298584	3.87170910835	7.45832896233	8.38417601585	4.73322892189	4.36933088303	3.54934287071	2.53367304802	2.78397202492	3.14455199242	3.3545999527	4.81824278831	1.84050798416	2.91229701042	3.75674319267	3.41548800468	8.4317009449	2.80542707443	3.27097916603	4.6011428833	2.97468900681	6.68466901779	2.14470100403	7.23053598404	4.03733491898	3.94071793556	5.1951880455	5.60103702545	
['./treeMaker/main', '-t', '-r', '1', '-N']
2.35404086113	3.03985691071	2.360049963	3.35704994202	3.63519597054	2.00703883171	1.85735702515	1.58311104774	2.43905615807	2.09916520119	2.53085803986	2.60771012306	2.7833468914	3.50271701813	2.41038608551	3.58406019211	3.45782494545	2.83500385284	2.00655698776	6.0903980732	2.65026092529	2.13552188873	1.64166283607	2.68817806244	4.98396515846	4.70259094238	3.23893809319	3.48484802246	2.25099205971	1.92898702621	1.65818715096	2.21733999252	2.46965694427	3.23986887932	1.35539507866	2.13786482811	2.47189688683	2.19181704521	4.53820085526	1.95951700211	2.26516103745	3.38803386688	1.96525287628	4.448980093	1.50216817856	4.72171998024	2.73748898506	2.74044513702	3.41183400154	3.60680699348	
['./treeMaker/main', '-t', '-r', '2', '-N']
4.67680215836	5.99895596504	5.10775208473	7.32769489288	7.41570591927	4.21259307861	3.82396697998	2.99477410316	5.02075195312	3.64517021179	4.3063249588	4.61439800262	4.54689788818	6.25065422058	4.46970486641	6.21940493584	5.95113420486	5.14043498039	3.18693590164	10.4787938595	4.97806501389	4.61367106438	2.6654548645	4.66401600838	8.9044611454	9.83426189423	5.44845795631	5.39095687866	4.2272310257	3.01498198509	3.34489393234	3.74112319946	4.04314398766	5.87081098557	2.23385906219	3.50670218468	4.48726201057	3.95361208916	8.51076102257	3.26399898529	3.95852208138	5.29274106026	3.35395002365	7.68529701233	2.48508310318	8.27904891968	4.62546205521	4.62122702599	5.98864388466	6.39318799973	
['./treeMaker/main', '-m']
0.107306003571	0.122978925705	0.108110189438	0.134698867798	0.135244846344	0.1012570858	0.0946660041809	0.0872061252594	0.108572006226	0.11655497551	0.110370874405	0.114897966385	0.110524177551	0.13932800293	0.0972068309784	0.126358032227	0.132020950317	0.115777015686	0.0837540626526	0.165887117386	0.105297088623	0.11843585968	0.0847489833832	0.102937936783	0.165934801102	0.160125017166	0.116121053696	0.116913080215	0.0976469516754	0.0920989513397	0.0928270816803	0.101164102554	0.110846042633	0.117151975632	0.0742399692535	0.0954029560089	0.104673147202	0.106823205948	0.147267103195	0.087513923645	0.0960469245911	0.131276845932	0.0963709354401	0.155416965485	0.0841491222382	0.158672809601	0.102951049805	0.10462808609	0.136036157608	0.136071920395	
['./treeMaker/main', '-m', '-b']
0.124000787735	0.138378858566	0.114878892899	0.165493011475	0.145316123962	0.103034973145	0.114849090576	0.0961689949036	0.130954027176	0.104918956757	0.120208024979	0.121411800385	0.125169038773	0.137759923935	0.107757091522	0.139909029007	0.131442070007	0.115099906921	0.102339029312	0.201367855072	0.11301612854	0.110375881195	0.0959568023682	0.117856025696	0.177628040314	0.183926105499	0.121737957001	0.131104946136	0.112532138824	0.0951240062714	0.0889229774475	0.103637218475	0.108466148376	0.121515035629	0.0887680053711	0.104898929596	0.110925912857	0.109545946121	0.177174806595	0.0911209583282	0.109801054001	0.132725954056	0.106745004654	0.157347917557	0.0886750221252	0.160615921021	0.109815835953	0.109059095383	0.130218029022	0.155507802963	
['./treeMaker/main', '-m', '-w', '1']
0.111765146255	0.121556043625	0.116260051727	0.140207052231	0.156085968018	0.0981831550598	0.111068964005	0.0901811122894	0.109555006027	0.0917119979858	0.100191116333	0.120975017548	0.111910820007	0.122520923615	0.0956599712372	0.141068220139	0.129192113876	0.11615896225	0.090989112854	0.177320957184	0.123641014099	0.12059378624	0.0791058540344	0.118277072906	0.157871961594	0.173409223557	0.125060081482	0.111819028854	0.100571870804	0.100364923477	0.0984590053558	0.0996420383453	0.107093811035	0.117775917053	0.070729970932	0.0920860767365	0.111293792725	0.106122016907	0.147466897964	0.0899229049683	0.0951359272003	0.115056991577	0.102551937103	0.145877122879	0.0834028720856	0.157531023026	0.108827829361	0.101405858994	0.135538101196	0.13508605957	
['./treeMaker/main', '-m', '-w', '2']
0.11269402504	0.129902124405	0.115243911743	0.148077011108	0.135381937027	0.0987401008606	0.10010099411	0.0825009346008	0.120822906494	0.102247953415	0.101369142532	0.107096910477	0.103975057602	0.130900144577	0.100178003311	0.134027957916	0.144239187241	0.12295293808	0.0930640697479	0.169951200485	0.108391046524	0.117022037506	0.0848760604858	0.10573887825	0.167891025543	0.165091991425	0.129812955856	0.11713385582	0.101547002792	0.0842189788818	0.0864939689636	0.095794916153	0.0969970226288	0.130999088287	0.0769891738892	0.110147953033	0.103590965271	0.108547925949	0.164031028748	0.102118015289	0.113580942154	0.118683099747	0.0928239822388	0.140625953674	0.0766770839691	0.163987159729	0.109539985657	0.119961977005	0.138751983643	0.129348993301	
['./treeMaker/main', '-m', '-c', '1']
0.11846613884	0.128852844238	0.117383003235	0.154420137405	0.140213012695	0.114108085632	0.11593413353	0.0824329853058	0.108306884766	0.106683015823	0.108960151672	0.114446163177	0.104379892349	0.125584125519	0.113436937332	0.134976148605	0.133715867996	0.121779918671	0.089558839798	0.174484014511	0.115504026413	0.102216005325	0.0887308120728	0.102548837662	0.15153503418	0.164803981781	0.114145994186	0.110298871994	0.120715856552	0.0891928672791	0.0854949951172	0.0995709896088	0.0968539714813	0.131129026413	0.0750420093536	0.0945088863373	0.0972228050232	0.100255966187	0.147845983505	0.0996849536896	0.105067014694	0.124173879623	0.0904848575592	0.152881860733	0.0830798149109	0.14864897728	0.108147859573	0.107938051224	0.129495859146	0.127217054367	
['./treeMaker/main', '-m', '-c', '2']
0.102738857269	0.120349884033	0.108417034149	0.15293598175	0.135303974152	0.0983271598816	0.0987639427185	0.088495016098	0.117137908936	0.10700917244	0.110163927078	0.109695911407	0.116586208344	0.128827810287	0.103641986847	0.129075050354	0.124652862549	0.121711015701	0.0926969051361	0.166693925858	0.105370998383	0.104989051819	0.0933151245117	0.113198041916	0.167680025101	0.164442062378	0.11532998085	0.110900878906	0.107398033142	0.0843708515167	0.0940840244293	0.095626115799	0.0962090492249	0.128916025162	0.0780081748962	0.0994329452515	0.100882053375	0.110446929932	0.153187036514	0.0956819057465	0.114086151123	0.118392944336	0.0883779525757	0.151585817337	0.0832409858704	0.149740219116	0.106372117996	0.102307081223	0.134005069733	0.138386011124	
['./treeMaker/main', '-m', '-a', '1']
0.125514030457	0.13855099678	0.129133939743	0.152610063553	0.145144939423	0.123050928116	0.121687889099	0.0942809581757	0.11901307106	0.10252904892	0.108433008194	0.131634950638	0.1175801754	0.143871068954	0.122663021088	0.132884025574	0.131628036499	0.115830183029	0.0933139324188	0.190574884415	0.125252008438	0.113109111786	0.0892980098724	0.113742113113	0.169652938843	0.183370828629	0.128781080246	0.135892152786	0.110085010529	0.10148191452	0.0968470573425	0.102079868317	0.10759305954	0.140606880188	0.100126981735	0.101011991501	0.10813999176	0.108455896378	0.166553974152	0.0991909503937	0.107788085938	0.132637023926	0.0989549160004	0.162596940994	0.103171110153	0.179533958435	0.118551015854	0.120261907578	0.13834810257	0.152730941772	
['./treeMaker/main', '-m', '-a', '2']
0.104075193405	0.122046947479	0.125881195068	0.141808986664	0.144804000854	0.116760015488	0.0970120429993	0.0911490917206	0.117624998093	0.0940158367157	0.116864204407	0.114798069	0.113111972809	0.12460899353	0.106183052063	0.127103090286	0.132417917252	0.109187841415	0.0845220088959	0.181048154831	0.110556125641	0.108016014099	0.0928030014038	0.108299970627	0.161084890366	0.183272838593	0.127192020416	0.118298053741	0.111238956451	0.0903167724609	0.0854918956757	0.0930271148682	0.108196020126	0.122787952423	0.0766050815582	0.101651906967	0.100070953369	0.0978660583496	0.146979093552	0.103994846344	0.103942871094	0.122398138046	0.0927231311798	0.14995098114	0.0902459621429	0.157567977905	0.116612911224	0.113557100296	0.120294094086	0.130910158157	
