25_1000_5.2e-11_5.2e-12_470000000
25
1000
5.2e-11
5.2e-12
470000000

['./treeMaker/main']
0.0511448383331	0.0442450046539	0.0531029701233	0.0463030338287	0.0479891300201	0.0465199947357	0.0465071201324	0.0444948673248	0.0447359085083	0.0481939315796	0.0468351840973	0.047935962677	0.0582001209259	0.0479488372803	0.045422077179	0.0445828437805	0.0460140705109	0.0524890422821	0.0506279468536	0.0495908260345	0.0500769615173	0.0435779094696	0.0507040023804	0.0456590652466	0.0453717708588	0.042268037796	0.0452969074249	0.0557579994202	0.0433671474457	0.0508170127869	0.0607390403748	0.0496129989624	0.0528049468994	0.0525159835815	0.0482399463654	0.0537800788879	0.044764995575	0.0495238304138	0.044636964798	0.0524468421936	0.0478699207306	0.04727602005	0.049654006958	0.0512549877167	0.0579659938812	0.0588250160217	0.0546078681946	0.0568828582764	0.0458810329437	0.0501620769501	
['./treeMaker/main', '-b']
0.0505089759827	0.0571010112762	0.0568799972534	0.0485219955444	0.0544550418854	0.0497531890869	0.0498359203339	0.0526440143585	0.0490970611572	0.0513510704041	0.053130865097	0.0515539646149	0.0630331039429	0.0528180599213	0.0580251216888	0.0475978851318	0.052924156189	0.0544149875641	0.0536150932312	0.0519390106201	0.051472902298	0.0460419654846	0.0507278442383	0.0505330562592	0.0477011203766	0.0477092266083	0.0457019805908	0.0448207855225	0.044214963913	0.0524210929871	0.0611891746521	0.052414894104	0.0569219589233	0.0509860515594	0.0488140583038	0.0529499053955	0.0469191074371	0.0537939071655	0.0463519096375	0.0477669239044	0.0492329597473	0.0445358753204	0.0468349456787	0.0509829521179	0.0555591583252	0.0459311008453	0.0529680252075	0.0496408939362	0.0460062026978	0.0526940822601	
['./treeMaker/main', '-u']
0.0497260093689	0.046993970871	0.0567078590393	0.0491111278534	0.0512020587921	0.0504679679871	0.0488710403442	0.0513691902161	0.0519211292267	0.0516030788422	0.0503969192505	0.0508639812469	0.0641138553619	0.0517001152039	0.049320936203	0.0601980686188	0.0498178005219	0.0513439178467	0.0510010719299	0.0514290332794	0.0546250343323	0.0462031364441	0.0519289970398	0.0482079982758	0.0466351509094	0.0482261180878	0.047308921814	0.045804977417	0.0448608398438	0.0522849559784	0.0642049312592	0.0473778247833	0.0505559444427	0.048957824707	0.0464429855347	0.0512480735779	0.0443999767303	0.0486769676208	0.0435831546783	0.0440788269043	0.0453372001648	0.0418839454651	0.0436570644379	0.0502932071686	0.0526421070099	0.0439929962158	0.0506610870361	0.0463950634003	0.0441980361938	0.0482978820801	
['./treeMaker/main', '-t', '-r', '1']
0.588656902313	0.474179029465	0.69527387619	0.551969051361	0.55656003952	0.555114030838	0.538158178329	0.559704065323	0.537267923355	0.605549097061	0.581152915955	0.590874910355	0.842717885971	0.577692985535	0.543408155441	0.547930955887	0.581790924072	0.601639986038	0.627584934235	0.597460985184	0.607985973358	0.490099191666	0.634639024734	0.554225921631	0.536280155182	0.474625110626	0.527965068817	0.508621931076	0.490424156189	0.612552881241	0.813153028488	0.571922063828	0.691034078598	0.595316171646	0.575983047485	0.685157060623	0.533271074295	0.623780012131	0.515320062637	0.533565998077	0.561698198318	0.484715938568	0.5358979702	0.575948953629	0.71999001503	0.483784914017	0.647073984146	0.550158977509	0.519077062607	0.587209939957	
['./treeMaker/main', '-t', '-r', '2']
0.741280078888	0.595067977905	0.908848047256	0.68155002594	0.74875998497	0.692502975464	0.668974876404	0.708338022232	0.70448589325	0.773951053619	0.7303211689	0.741888999939	1.05066204071	0.800644159317	0.733657121658	0.673103809357	0.743884086609	0.750092983246	0.796704053879	0.773102998734	0.783354043961	0.609766960144	0.785212039948	0.707497119904	0.638243913651	0.575787067413	0.651343107224	0.592514038086	0.59165596962	0.818583011627	1.02601599693	0.777828931808	0.835310935974	0.704657077789	0.737440824509	0.876676082611	0.676774978638	0.789718151093	0.670315027237	0.680499076843	0.728187084198	0.60324215889	0.6692070961	0.826726198196	0.940989971161	0.652908086777	0.83533000946	0.702165126801	0.601243972778	0.74872803688	
['./treeMaker/main', '-t', '-r', '1', '-N']
0.592248916626	0.501108169556	0.66104388237	0.54265999794	0.583585977554	0.556237220764	0.561518907547	0.545118093491	0.555863857269	0.599980115891	0.558766126633	0.596485853195	0.846520900726	0.618050813675	0.54915189743	0.558804035187	0.566774129868	0.574147939682	0.588698148727	0.621689081192	0.634443998337	0.509027004242	0.635679006577	0.557857990265	0.545230865479	0.46412396431	0.54242181778	0.478207111359	0.461168050766	0.641515016556	0.782394170761	0.606741905212	0.690793991089	0.599258184433	0.546000003815	0.632025957108	0.507164001465	0.632098913193	0.508978128433	0.53329706192	0.556663036346	0.491440057755	0.501973867416	0.602266073227	0.727980136871	0.486971855164	0.653193950653	0.532285928726	0.484362125397	0.562708854675	
['./treeMaker/main', '-t', '-r', '2', '-N']
0.750142812729	0.595122098923	0.877706050873	0.702430963516	0.73383808136	0.71702504158	0.713115215302	0.699533939362	0.719425916672	0.750483036041	0.748805046082	0.714304924011	1.13281106949	0.791831016541	0.729687929153	0.713160037994	0.741121053696	0.785514116287	0.815594911575	0.783762931824	0.826504945755	0.586829900742	0.744474887848	0.659958839417	0.642933130264	0.589578866959	0.697734117508	0.59317612648	0.60317492485	0.823066949844	1.03122997284	0.772269964218	0.861530065536	0.753345966339	0.730787038803	0.859544038773	0.644759893417	0.756659030914	0.651291847229	0.671357154846	0.705191135406	0.584939956665	0.652199983597	0.81286406517	0.900177955627	0.660777807236	0.862110853195	0.722622871399	0.642087936401	0.74987411499	
['./treeMaker/main', '-m']
0.0491499900818	0.043065071106	0.0497288703918	0.0442769527435	0.045933008194	0.0444860458374	0.0447421073914	0.0445349216461	0.0587079524994	0.0443189144135	0.0445921421051	0.044261932373	0.0693199634552	0.0468120574951	0.0460820198059	0.044774055481	0.0439791679382	0.0448551177979	0.0453190803528	0.044862985611	0.0453140735626	0.0406930446625	0.0516908168793	0.0466911792755	0.0493440628052	0.0442681312561	0.0495841503143	0.0478229522705	0.0476839542389	0.0483839511871	0.0559809207916	0.0492281913757	0.0526130199432	0.0475261211395	0.0457561016083	0.0504219532013	0.046569108963	0.0487008094788	0.0480968952179	0.0465660095215	0.0479350090027	0.043771982193	0.0456509590149	0.050036907196	0.052038192749	0.0441930294037	0.0500550270081	0.0469591617584	0.0461587905884	0.0492348670959	
['./treeMaker/main', '-m', '-b']
0.049859046936	0.045371055603	0.0508160591125	0.048357963562	0.0494151115417	0.0474219322205	0.0467820167542	0.0482439994812	0.0475919246674	0.0491240024567	0.0466809272766	0.0470561981201	0.055734872818	0.0474209785461	0.0501520633698	0.0514800548553	0.0469989776611	0.0483400821686	0.0492079257965	0.0487868785858	0.049033164978	0.0440549850464	0.0488150119781	0.0465309619904	0.0440051555634	0.0437300205231	0.0470209121704	0.0459001064301	0.0425481796265	0.049409866333	0.0562779903412	0.0486109256744	0.0514237880707	0.0514948368073	0.0465540885925	0.0489521026611	0.0460071563721	0.0517189502716	0.0461349487305	0.0481209754944	0.0480508804321	0.0456929206848	0.0473489761353	0.0506191253662	0.0541689395905	0.055214881897	0.0503149032593	0.0474779605865	0.0454299449921	0.0484979152679	
['./treeMaker/main', '-m', '-w', '1']
0.0505199432373	0.0474359989166	0.0504238605499	0.0467009544373	0.0503509044647	0.0487160682678	0.0450799465179	0.0463058948517	0.0493409633636	0.0471940040588	0.047779083252	0.0460860729218	0.0699949264526	0.0525670051575	0.0477240085602	0.047422170639	0.0510380268097	0.0503120422363	0.0490391254425	0.0487489700317	0.0499210357666	0.0444219112396	0.048388004303	0.0466499328613	0.0453429222107	0.0437819957733	0.0474150180817	0.0461611747742	0.0440390110016	0.0491149425507	0.0560150146484	0.0484428405762	0.0506939888	0.0498611927032	0.0486290454865	0.0513000488281	0.0566568374634	0.0481939315796	0.0451521873474	0.0463888645172	0.045628786087	0.0443179607391	0.0429589748383	0.048595905304	0.050950050354	0.0468549728394	0.0481851100922	0.0464391708374	0.0452220439911	0.0475270748138	
['./treeMaker/main', '-m', '-w', '2']
0.0481760501862	0.0474491119385	0.0501937866211	0.0463080406189	0.0478072166443	0.0462629795074	0.0470910072327	0.0456140041351	0.0458359718323	0.0485281944275	0.0471079349518	0.0468029975891	0.0642058849335	0.045933008194	0.0460338592529	0.0464971065521	0.0598011016846	0.0466930866241	0.0483229160309	0.047924041748	0.0475580692291	0.0425319671631	0.047266960144	0.0448069572449	0.0444209575653	0.0418400764465	0.0444819927216	0.0450971126556	0.0410799980164	0.0484058856964	0.0540759563446	0.0475499629974	0.0501821041107	0.0508558750153	0.0465641021729	0.0478110313416	0.0455689430237	0.0486941337585	0.0451171398163	0.0461339950562	0.0460870265961	0.0432372093201	0.0472030639648	0.0486781597137	0.0512139797211	0.0459668636322	0.0495200157166	0.0498390197754	0.0441770553589	0.0458528995514	
['./treeMaker/main', '-m', '-c', '1']
0.0472149848938	0.0440981388092	0.0508460998535	0.0451159477234	0.0473201274872	0.0438320636749	0.0450949668884	0.0463478565216	0.0458691120148	0.0478050708771	0.0473990440369	0.048928976059	0.0539860725403	0.0477261543274	0.046394109726	0.0444369316101	0.0470621585846	0.0469150543213	0.0484631061554	0.0502288341522	0.0483300685883	0.0462739467621	0.048043012619	0.0456440448761	0.0447940826416	0.0418610572815	0.0448582172394	0.0445840358734	0.0430109500885	0.0485529899597	0.0547959804535	0.0528619289398	0.0536258220673	0.0467460155487	0.045793056488	0.0511698722839	0.044007062912	0.0492839813232	0.04771900177	0.045236825943	0.0464010238647	0.0422668457031	0.0444569587708	0.0493750572205	0.0558450222015	0.0458431243896	0.0508379936218	0.047590970993	0.0445539951324	0.0477030277252	
['./treeMaker/main', '-m', '-c', '2']
0.0469591617584	0.0435869693756	0.0515420436859	0.0452489852905	0.0465610027313	0.0443089008331	0.0458450317383	0.0461149215698	0.0482621192932	0.0472650527954	0.0475840568542	0.0466799736023	0.055361032486	0.0481719970703	0.0472869873047	0.043548822403	0.0474050045013	0.0483229160309	0.0471229553223	0.0510549545288	0.0514769554138	0.0442099571228	0.0488610267639	0.0447380542755	0.047670841217	0.0430550575256	0.0452520847321	0.0421681404114	0.0426318645477	0.0489499568939	0.0543808937073	0.0471868515015	0.0498869419098	0.0501420497894	0.048180103302	0.0495970249176	0.0452630519867	0.0477571487427	0.0439479351044	0.0450649261475	0.0455849170685	0.0422639846802	0.0452980995178	0.0484449863434	0.0523419380188	0.0573518276215	0.0505480766296	0.0450360774994	0.044606924057	0.0486807823181	
['./treeMaker/main', '-m', '-a', '1']
0.0620801448822	0.0637619495392	0.0670149326324	0.0812819004059	0.0603740215302	0.0581719875336	0.0581068992615	0.057893037796	0.058287858963	0.0594339370728	0.059592962265	0.0749158859253	0.072466135025	0.0675630569458	0.0612828731537	0.0603849887848	0.0634119510651	0.0637938976288	0.0622339248657	0.0649988651276	0.0632510185242	0.0604479312897	0.0626289844513	0.0620229244232	0.0739939212799	0.0572941303253	0.0615131855011	0.0587208271027	0.0590641498566	0.0666451454163	0.0691051483154	0.0765330791473	0.0649919509888	0.0615420341492	0.0618510246277	0.0742840766907	0.0563979148865	0.0599329471588	0.0571458339691	0.057373046875	0.0584681034088	0.0603709220886	0.0617880821228	0.0655159950256	0.0628080368042	0.0570931434631	0.061576128006	0.0663149356842	0.0589160919189	0.0595240592957	
['./treeMaker/main', '-m', '-a', '2']
0.0453150272369	0.0416340827942	0.0481050014496	0.0430459976196	0.0448470115662	0.0432889461517	0.0437979698181	0.0431041717529	0.0435121059418	0.0452818870544	0.044420003891	0.0448069572449	0.0523660182953	0.0452330112457	0.053610086441	0.0445659160614	0.0457611083984	0.0464150905609	0.0477139949799	0.0466439723969	0.0473809242249	0.0423798561096	0.0469632148743	0.0446209907532	0.0458269119263	0.0409288406372	0.0536599159241	0.042900800705	0.0419499874115	0.0470070838928	0.0544059276581	0.0462288856506	0.0486087799072	0.0465440750122	0.0453281402588	0.04847407341	0.0436260700226	0.0468311309814	0.0421049594879	0.0430328845978	0.0437951087952	0.0410640239716	0.0426080226898	0.0457000732422	0.0485599040985	0.0419361591339	0.0462200641632	0.0438148975372	0.0425450801849	0.0458750724792	
