25_1000_2.7e-10_2.7e-10_470000000
25
1000
2.7e-10
2.7e-10
470000000

['./treeMaker/main']
0.0955390930176	0.101276874542	0.129863023758	0.0990369319916	0.125885009766	0.106526136398	0.103682994843	0.0915379524231	0.139360189438	0.146617889404	0.0762760639191	0.0860040187836	0.109974145889	0.114495038986	0.163483858109	0.0732870101929	0.094554901123	0.176431179047	0.0953631401062	0.0882439613342	0.0893700122833	0.0876550674438	0.106981039047	0.111675977707	0.105020046234	0.112991809845	0.11049079895	0.0926249027252	0.116744041443	0.121551036835	0.159252882004	0.094475030899	0.0799489021301	0.0782351493835	0.114119052887	0.0779070854187	0.109300851822	0.103884935379	0.100257873535	0.0773539543152	0.110460996628	0.0757298469543	0.0907969474792	0.0971958637238	0.094743013382	0.105767011642	0.113692998886	0.128978967667	0.0822370052338	0.119837999344	
['./treeMaker/main', '-b']
0.0955550670624	0.101065158844	0.135279893875	0.097806930542	0.123351097107	0.110383033752	0.119716882706	0.101648807526	0.14109992981	0.145380973816	0.084333896637	0.0892751216888	0.109925985336	0.109558105469	0.172478914261	0.0819709300995	0.0946879386902	0.170913934708	0.0998778343201	0.094575881958	0.0978288650513	0.0909020900726	0.108497142792	0.113661050797	0.113435029984	0.121335983276	0.112447977066	0.0976040363312	0.125470161438	0.139850139618	0.164417028427	0.0987920761108	0.081022977829	0.0820071697235	0.112969875336	0.0803980827332	0.118717193604	0.108160018921	0.0990500450134	0.0733389854431	0.109868049622	0.0792608261108	0.0917010307312	0.110370159149	0.101156949997	0.113466024399	0.117223024368	0.127942800522	0.0840709209442	0.131380081177	
['./treeMaker/main', '-u']
0.0978920459747	0.0959391593933	0.127735853195	0.0970962047577	0.125121116638	0.110645055771	0.112593173981	0.0985028743744	0.134212017059	0.138134002686	0.0776181221008	0.0880348682404	0.110166072845	0.109618186951	0.164690971375	0.0760669708252	0.101672887802	0.178102970123	0.0938539505005	0.0912909507751	0.0895850658417	0.0925018787384	0.106715202332	0.109637975693	0.107831954956	0.112827062607	0.107277870178	0.098475933075	0.117457151413	0.123446941376	0.155973911285	0.0973501205444	0.0769219398499	0.075355052948	0.124917030334	0.0815308094025	0.109893083572	0.101202011108	0.0972650051117	0.0737099647522	0.111216068268	0.0842039585114	0.0919899940491	0.102121829987	0.0963041782379	0.107144832611	0.110785961151	0.126192808151	0.0825750827789	0.136276960373	
['./treeMaker/main', '-t', '-r', '1']
1.26041698456	1.34345507622	1.87524008751	1.25913095474	1.65881800652	1.47602391243	1.5564968586	1.18982100487	2.14722299576	2.15420007706	0.949911117554	1.01047110558	1.47727394104	1.48400211334	2.3518409729	0.8234770298	1.22205305099	2.61425209045	1.2501168251	1.17689704895	1.20180606842	1.20533108711	1.42259001732	1.46939611435	1.52810406685	1.52729988098	1.43050312996	1.26603913307	1.65283584595	1.81357908249	2.35017514229	1.18153095245	0.871725082397	0.845262050629	1.58450508118	0.900948047638	1.55498504639	1.37791180611	1.2964630127	0.863446950912	1.59835791588	0.952099084854	1.14988899231	1.42716097832	1.34051609039	1.57825398445	1.54241108894	1.68218517303	0.931479930878	1.73517990112	
['./treeMaker/main', '-t', '-r', '2']
1.92738199234	2.05122900009	2.7905049324	1.88815903664	2.67743897438	2.27896881104	2.40584301949	1.88421916962	3.24223899841	3.20575904846	1.43512606621	1.58421301842	2.25804305077	2.28994703293	3.83046197891	1.19963312149	2.08755993843	4.073127985	1.90212202072	1.73639392853	1.67445397377	1.73531198502	2.13768100739	2.38171005249	2.20585989952	2.34152698517	2.2016248703	1.92216587067	2.50743198395	2.7100110054	3.75833010674	1.79473090172	1.27042984962	1.21468710899	2.47301793098	1.42702484131	2.27626299858	2.03807902336	1.96944999695	1.23357510567	2.35789895058	1.36304593086	1.73215985298	2.07662415504	1.99053120613	2.46751117706	2.31643891335	2.72267699242	1.40636110306	2.69250392914	
['./treeMaker/main', '-t', '-r', '1', '-N']
1.26361393929	1.35901784897	1.90222001076	1.27866292	1.67957496643	1.48749089241	1.59354281425	1.18426203728	2.18060112	2.1894569397	0.941905975342	1.03383398056	1.50000190735	1.48622107506	2.42572498322	0.832981109619	1.2251958847	2.63775014877	1.25944495201	1.1808321476	1.21302509308	1.21928691864	1.42110204697	1.49321603775	1.52162909508	1.55176901817	1.45719313622	1.26450490952	1.6796438694	1.82398080826	2.35435891151	1.20855093002	0.879371881485	0.850058078766	1.62259292603	0.909571170807	1.53871107101	1.39740204811	1.29709386826	0.849159002304	1.60623908043	0.951071023941	1.18123102188	1.43278813362	1.34022116661	1.58735799789	1.54754710197	1.69862318039	0.936222791672	1.73959898949	
['./treeMaker/main', '-t', '-r', '2', '-N']
1.92663097382	2.03705811501	2.7849111557	1.89146614075	2.68270206451	2.26499986649	2.35304188728	1.92289805412	3.27904605865	3.237885952	1.40005016327	1.55639100075	2.22435879707	2.25518488884	3.81892418861	1.18394517899	2.04135704041	4.08690905571	1.90384602547	1.72863793373	1.68314695358	1.75361990929	2.1473429203	2.32083010674	2.22112894058	2.37077116966	2.17180895805	1.93478703499	2.53211212158	2.76717495918	3.78708004951	1.79856801033	1.29642987251	1.1686000824	2.44163489342	1.42469215393	2.3064520359	2.05980610847	1.94190716743	1.22469711304	2.35322213173	1.3811249733	1.73111104965	2.06862211227	2.0311858654	2.40747189522	2.3504550457	2.68247389793	1.41050601006	2.66921520233	
['./treeMaker/main', '-m']
0.0757308006287	0.0794930458069	0.0915701389313	0.0785350799561	0.090026140213	0.0834031105042	0.0838160514832	0.081573009491	0.0937478542328	0.0957531929016	0.0724668502808	0.0721888542175	0.0783658027649	0.0846412181854	0.10795712471	0.075395822525	0.0797209739685	0.109633207321	0.0778620243073	0.0741980075836	0.072065114975	0.0762431621552	0.0794110298157	0.0832469463348	0.0811519622803	0.0857801437378	0.0797030925751	0.0770518779755	0.087718963623	0.0878078937531	0.103780031204	0.0772850513458	0.0708799362183	0.0668411254883	0.0884130001068	0.0694601535797	0.0842249393463	0.0814561843872	0.0807728767395	0.0636789798737	0.0849220752716	0.067981004715	0.0763580799103	0.0774569511414	0.0792801380157	0.0860259532928	0.0853111743927	0.0905401706696	0.0692110061646	0.0872509479523	
['./treeMaker/main', '-m', '-b']
0.0786261558533	0.0830769538879	0.0949730873108	0.0776519775391	0.0926179885864	0.0869708061218	0.0889577865601	0.0773100852966	0.0977861881256	0.0982508659363	0.0715479850769	0.0738158226013	0.0814499855042	0.0842139720917	0.110095024109	0.074943780899	0.0801050662994	0.11342716217	0.0805327892303	0.0743939876556	0.0742588043213	0.0845770835876	0.0828580856323	0.0860011577606	0.083202123642	0.0865240097046	0.0819928646088	0.0783770084381	0.088259935379	0.0903959274292	0.112128973007	0.0799789428711	0.0701720714569	0.0677061080933	0.0879838466644	0.0736730098724	0.0861549377441	0.0800960063934	0.0777988433838	0.067489862442	0.0832829475403	0.0707688331604	0.074285030365	0.0811569690704	0.0779991149902	0.0882380008698	0.0837519168854	0.0941958427429	0.072662115097	0.0918982028961	
['./treeMaker/main', '-m', '-w', '1']
0.078183889389	0.0775179862976	0.0900580883026	0.0734469890594	0.0880908966064	0.0796010494232	0.0829830169678	0.0794789791107	0.0968828201294	0.0914170742035	0.0714321136475	0.0731902122498	0.0844230651855	0.0816509723663	0.105620861053	0.0647161006927	0.0791051387787	0.106899023056	0.0749101638794	0.0758521556854	0.0707859992981	0.0738039016724	0.0805790424347	0.0842139720917	0.07879114151	0.0852620601654	0.0814521312714	0.0797729492188	0.0919299125671	0.0861949920654	0.104268074036	0.0762939453125	0.0661351680756	0.0671761035919	0.0854201316833	0.0692830085754	0.0860719680786	0.08118891716	0.0789408683777	0.066260099411	0.0825879573822	0.0714728832245	0.077969789505	0.0793089866638	0.0776610374451	0.0866100788116	0.0865550041199	0.0900459289551	0.0756328105927	0.0876660346985	
['./treeMaker/main', '-m', '-w', '2']
0.0789911746979	0.0754368305206	0.0907881259918	0.0773591995239	0.0919959545135	0.0832779407501	0.0812420845032	0.0783839225769	0.0945861339569	0.0925090312958	0.0721719264984	0.0708930492401	0.0827960968018	0.083841085434	0.109544038773	0.0687599182129	0.0794990062714	0.107315063477	0.0764019489288	0.0770130157471	0.0741460323334	0.0781919956207	0.0779058933258	0.082160949707	0.0832889080048	0.0833580493927	0.0787389278412	0.0753438472748	0.0903670787811	0.0888509750366	0.10524892807	0.0727159976959	0.0682451725006	0.0671617984772	0.0843451023102	0.0697920322418	0.0825929641724	0.0793099403381	0.0764780044556	0.064777135849	0.0909321308136	0.0716660022736	0.0740749835968	0.0782470703125	0.078742980957	0.0848910808563	0.0837800502777	0.0903627872467	0.0707309246063	0.097886800766	
['./treeMaker/main', '-m', '-c', '1']
0.0747728347778	0.0782539844513	0.0906200408936	0.0777099132538	0.0880601406097	0.0796811580658	0.0854818820953	0.07648396492	0.102430105209	0.095358133316	0.0678460597992	0.0724749565125	0.0821871757507	0.0821259021759	0.107493877411	0.0687389373779	0.0820229053497	0.11125087738	0.0770580768585	0.0768749713898	0.0722320079803	0.073086977005	0.0813429355621	0.0827958583832	0.0802631378174	0.0840358734131	0.0803420543671	0.0744969844818	0.0885491371155	0.0883851051331	0.104266881943	0.0762569904327	0.0612218379974	0.0647480487823	0.0841779708862	0.0679459571838	0.0826048851013	0.0782430171967	0.0810720920563	0.0641629695892	0.081356048584	0.0679700374603	0.0779528617859	0.0787379741669	0.0849468708038	0.0842649936676	0.0879220962524	0.0924389362335	0.0626320838928	0.0892860889435	
['./treeMaker/main', '-m', '-c', '2']
0.0752511024475	0.0764248371124	0.0895369052887	0.0759727954865	0.087867975235	0.0825970172882	0.0834140777588	0.0721471309662	0.093976020813	0.0920810699463	0.0791590213776	0.0708920955658	0.0810110569	0.083957195282	0.105531930923	0.0649499893188	0.0780129432678	0.111027002335	0.0816640853882	0.0760741233826	0.0720407962799	0.0736038684845	0.0799760818481	0.0853869915009	0.0779988765717	0.0862758159637	0.0749139785767	0.0764491558075	0.0869948863983	0.0849719047546	0.108613014221	0.0746059417725	0.0671977996826	0.065388917923	0.0837430953979	0.0684947967529	0.0850670337677	0.0774750709534	0.0755062103271	0.0646238327026	0.0813028812408	0.0695991516113	0.0758788585663	0.0759069919586	0.0776720046997	0.0831551551819	0.0897841453552	0.092041015625	0.0705819129944	0.0885720252991	
['./treeMaker/main', '-m', '-a', '1']
0.0896091461182	0.0828068256378	0.105817079544	0.0882089138031	0.101552963257	0.088191986084	0.0954968929291	0.0866870880127	0.103608131409	0.105141162872	0.0824291706085	0.0824749469757	0.0924549102783	0.0957930088043	0.115823984146	0.0760290622711	0.0924179553986	0.118170976639	0.0978469848633	0.0850701332092	0.0838820934296	0.0835471153259	0.088586807251	0.0935750007629	0.0884001255035	0.0954480171204	0.0896089076996	0.0861690044403	0.097470998764	0.0950360298157	0.112407922745	0.0862140655518	0.0809440612793	0.0795159339905	0.0957670211792	0.0782208442688	0.093113899231	0.0915911197662	0.0869109630585	0.0801148414612	0.0921988487244	0.0901918411255	0.0867660045624	0.0891239643097	0.0872478485107	0.0954740047455	0.0963480472565	0.102054834366	0.0832278728485	0.10089302063	
['./treeMaker/main', '-m', '-a', '2']
0.0765438079834	0.0714249610901	0.0892310142517	0.0775339603424	0.091824054718	0.0813820362091	0.0786039829254	0.0750091075897	0.0977041721344	0.0932679176331	0.0688869953156	0.0728809833527	0.0826559066772	0.0811991691589	0.10789513588	0.064414024353	0.0797290802002	0.108657121658	0.0765390396118	0.0734741687775	0.0741620063782	0.0752880573273	0.0790419578552	0.0824251174927	0.0829050540924	0.0839059352875	0.0814249515533	0.0752999782562	0.0886719226837	0.0855679512024	0.101707935333	0.073205947876	0.076534986496	0.0641479492188	0.0853037834167	0.0720388889313	0.0840399265289	0.0770571231842	0.0849499702454	0.0633859634399	0.0816030502319	0.0709879398346	0.0742309093475	0.0776369571686	0.0779881477356	0.0843729972839	0.0840940475464	0.0897641181946	0.0698218345642	0.0984890460968	
