25_1000_2.7e-10_1.35e-10_470000000
25
1000
2.7e-10
1.35e-10
470000000

['./treeMaker/main']
0.113236188889	0.200375080109	0.313874959946	0.0899429321289	0.098916053772	0.1496758461	0.0879220962524	0.165985107422	0.132282972336	0.166315078735	0.0935919284821	0.10246014595	0.102493047714	0.703902959824	0.0898439884186	0.0869240760803	0.139256000519	0.21285200119	0.134855031967	0.11620593071	0.118143081665	0.153971910477	0.147081851959	0.12926697731	0.13845205307	0.259390830994	0.0929269790649	0.129338979721	0.145892858505	0.182745933533	0.125303983688	0.102160930634	0.0860240459442	0.128341913223	0.0867190361023	0.155205965042	0.122298955917	0.169234037399	0.173319101334	0.123237133026	0.112602949142	0.175680160522	0.112159013748	0.102401018143	0.136379003525	0.105598926544	0.105800867081	0.16649889946	0.10218501091	0.0831959247589	
['./treeMaker/main', '-b']
0.121919870377	0.208631038666	0.322164058685	0.0924398899078	0.101775884628	0.153537988663	0.0936460494995	0.172211170197	0.133878946304	0.165971040726	0.0927259922028	0.105282068253	0.10778594017	0.7189848423	0.0908081531525	0.0920720100403	0.144134044647	0.221035003662	0.143062114716	0.118186950684	0.1218957901	0.160543203354	0.150002002716	0.133052110672	0.14496588707	0.267565965652	0.0942440032959	0.135619163513	0.150398015976	0.184482097626	0.128000020981	0.106767892838	0.0869791507721	0.135192871094	0.0874989032745	0.167731046677	0.126032829285	0.174265146255	0.186461925507	0.127739906311	0.125066995621	0.181306123734	0.114152908325	0.105486869812	0.139914035797	0.108026027679	0.106249094009	0.169424057007	0.104624032974	0.0853459835052	
['./treeMaker/main', '-u']
0.125839948654	0.203357934952	0.312184095383	0.0962111949921	0.10263800621	0.155660867691	0.0942149162292	0.174688100815	0.137193918228	0.165955066681	0.0845890045166	0.104516983032	0.104906082153	0.708648204803	0.0884249210358	0.0913898944855	0.140625953674	0.216955184937	0.135516881943	0.11696100235	0.118736028671	0.15293097496	0.152950048447	0.130043983459	0.138731956482	0.25999212265	0.0925478935242	0.12753200531	0.146759986877	0.180972099304	0.125138998032	0.103646039963	0.0854790210724	0.130273103714	0.0886659622192	0.155381917953	0.122791051865	0.183729171753	0.174041986465	0.124289035797	0.124027967453	0.177224874496	0.113837957382	0.105666875839	0.138257026672	0.107188940048	0.104019880295	0.178114891052	0.10310292244	0.084538936615	
['./treeMaker/main', '-t', '-r', '1']
1.93853616714	3.34266901016	4.94873404503	1.4084789753	1.64436793327	2.64314699173	1.34788393974	3.03175592422	2.26103401184	2.72380185127	1.23906707764	1.7613568306	1.71852707863	10.0952179432	1.35894989967	1.42826008797	2.50997805595	3.8064160347	2.36845803261	2.02594399452	2.09967303276	2.62259411812	2.59040498734	2.17572498322	2.46516108513	4.54881000519	1.42781305313	2.17924308777	2.6029009819	3.09436416626	2.13845300674	1.74073910713	1.31459212303	2.33410000801	1.33755612373	3.06854510307	2.12586188316	2.87324285507	3.16696500778	2.15825390816	1.84927916527	3.15937495232	1.93492007256	1.66528391838	2.39935493469	1.70709013939	1.98479008675	3.54703497887	1.84908914566	1.52063703537	
['./treeMaker/main', '-t', '-r', '2']
3.51083397865	6.40075111389	8.87298798561	2.46389007568	2.7965400219	4.58477592468	2.33865904808	5.08550286293	3.90469408035	5.05085015297	2.09761691093	3.04548501968	2.89842200279	16.3225781918	2.41383600235	2.40126395226	4.3191781044	6.3448009491	4.01305484772	3.40300393105	3.58329606056	4.9901509285	4.40397191048	3.88926792145	4.17388796806	7.6273920536	2.53369307518	3.72846889496	4.33462309837	5.47357583046	3.52620410919	2.97346901894	2.22256588936	4.02366995811	2.28326296806	4.76857304573	3.67200303078	4.93852496147	5.27131295204	3.42418694496	3.24733901024	5.24807691574	3.20167183876	2.7766520977	4.02387213707	2.94421291351	3.03034090996	5.07514095306	2.82139992714	2.19235801697	
['./treeMaker/main', '-t', '-r', '1', '-N']
2.2735710144	3.90122103691	5.79648184776	1.66391587257	1.92863082886	3.08392310143	1.59294486046	3.65209698677	2.64852499962	3.18962693214	1.45185709	2.07767891884	1.99902009964	11.9130139351	1.58882594109	1.66663789749	2.9409430027	4.45649409294	2.78139090538	2.33832597733	2.18573093414	2.62707495689	2.64152407646	2.17683815956	2.46428704262	4.56112790108	1.43427109718	2.1780500412	2.60210299492	3.09736394882	2.17895889282	1.74659204483	1.31500601768	2.3393599987	1.33909511566	2.67389988899	2.12416410446	2.87582778931	3.17180991173	2.10935497284	1.85578203201	3.16114997864	1.93880391121	1.65585899353	2.40383005142	1.70296192169	1.72941994667	3.00977993011	1.55914187431	1.26570105553	
['./treeMaker/main', '-t', '-r', '2', '-N']
2.83389997482	5.32697510719	7.47089600563	2.08671808243	2.37272405624	3.83809709549	1.98619890213	4.33852720261	3.26813101768	4.28508996964	1.7881500721	2.56957888603	2.50960493088	14.0888838768	2.06078791618	2.06952810287	3.68054008484	5.43371677399	3.44276309013	2.90556788445	3.04677796364	4.28902697563	3.85332393646	3.28275895119	3.5506298542	6.48641300201	2.15349793434	3.1707918644	3.71901702881	4.66506290436	2.9889588356	2.50035500526	1.88546800613	3.42836117744	1.95455789566	4.0675330162	3.06527805328	4.27433896065	4.45523691177	3.02530097961	3.20889782906	5.24400186539	3.25617194176	2.7092359066	4.35061597824	3.0846221447	3.16855597496	5.22360110283	2.88535714149	2.17689800262	
['./treeMaker/main', '-m']
0.106106996536	0.147338867188	0.18305683136	0.0909199714661	0.0958740711212	0.123080968857	0.103908061981	0.128441095352	0.114920854568	0.140682935715	0.08624792099	0.0986449718475	0.0997979640961	0.269068956375	0.0914030075073	0.0915648937225	0.116540908813	0.147594928741	0.120223999023	0.103906154633	0.109042167664	0.123661994934	0.12348484993	0.108361959457	0.119014024734	0.172178030014	0.103407859802	0.110392808914	0.118005990982	0.135595083237	0.112726926804	0.10050702095	0.0889430046082	0.115826845169	0.087944984436	0.140300989151	0.107749938965	0.133708000183	0.141782999039	0.119575977325	0.109924077988	0.137724876404	0.110840082169	0.101382017136	0.114464044571	0.0993628501892	0.101375818253	0.132383823395	0.0968520641327	0.0855240821838	
['./treeMaker/main', '-m', '-b']
0.124038934708	0.15541100502	0.19718003273	0.0935771465302	0.10174202919	0.133067131042	0.0940570831299	0.142092943192	0.121120929718	0.134679079056	0.0899171829224	0.103167057037	0.104403018951	0.29515004158	0.0909221172333	0.0951409339905	0.124507904053	0.159775018692	0.120669126511	0.111319065094	0.11360502243	0.13174200058	0.12831401825	0.124825000763	0.123008012772	0.174411058426	0.0970039367676	0.119177103043	0.126652956009	0.146466970444	0.111655950546	0.102477073669	0.0892128944397	0.11999797821	0.0917530059814	0.133802890778	0.113934993744	0.140684127808	0.142665147781	0.117122173309	0.106659889221	0.141135931015	0.109934091568	0.103634119034	0.126827955246	0.106888055801	0.107576847076	0.139961957932	0.102306127548	0.0906929969788	
['./treeMaker/main', '-m', '-w', '1']
0.118313074112	0.146250009537	0.177975893021	0.0915040969849	0.0999610424042	0.122979164124	0.0901000499725	0.129098892212	0.113425970078	0.127197027206	0.0887629985809	0.0997800827026	0.100907087326	0.276448965073	0.0871410369873	0.0906209945679	0.119997024536	0.150256156921	0.118399143219	0.104744911194	0.110829114914	0.126893043518	0.126049995422	0.113007068634	0.127586126328	0.165415048599	0.0847611427307	0.112740039825	0.121835947037	0.137084007263	0.115118980408	0.100727081299	0.086669921875	0.116605043411	0.0881779193878	0.128747940063	0.106681108475	0.128283977509	0.13408613205	0.112035036087	0.108453035355	0.135127067566	0.10557103157	0.102108001709	0.11904001236	0.102702140808	0.0996649265289	0.130861997604	0.0988278388977	0.0865609645844	
['./treeMaker/main', '-m', '-w', '2']
0.107681035995	0.144115924835	0.181031942368	0.0960710048676	0.0950610637665	0.124347925186	0.0926110744476	0.13352394104	0.111886024475	0.128933191299	0.0894918441772	0.10079407692	0.103576183319	0.273555994034	0.0911819934845	0.0914340019226	0.119558095932	0.149013996124	0.11544585228	0.106383085251	0.111113071442	0.125511884689	0.121875047684	0.115275859833	0.119017839432	0.167705059052	0.0924398899078	0.115655899048	0.123014211655	0.139166116714	0.111406087875	0.0980880260468	0.0899260044098	0.114882946014	0.0873260498047	0.124886989594	0.109601974487	0.130935192108	0.135799884796	0.110986948013	0.107622861862	0.137386083603	0.106863975525	0.101445913315	0.119893074036	0.101172924042	0.101127147675	0.132068872452	0.0994710922241	0.088063955307	
['./treeMaker/main', '-m', '-c', '1']
0.109329938889	0.151938915253	0.190380096436	0.0908570289612	0.098573923111	0.12299990654	0.0927271842957	0.130516052246	0.114198923111	0.12787103653	0.0962040424347	0.10004901886	0.102250814438	0.2716319561	0.0888328552246	0.0914249420166	0.119519948959	0.149049043655	0.118625879288	0.107428073883	0.1112408638	0.126944065094	0.126801013947	0.117382049561	0.131952047348	0.174474000931	0.0965969562531	0.116039991379	0.122658967972	0.139371156693	0.112524032593	0.100268125534	0.0906119346619	0.118713140488	0.0878369808197	0.125953912735	0.109455823898	0.131686925888	0.133005857468	0.11008810997	0.10621714592	0.134539842606	0.101823806763	0.09876704216	0.117412090302	0.0982060432434	0.0983440876007	0.132379055023	0.102359056473	0.0857439041138	
['./treeMaker/main', '-m', '-c', '2']
0.107084989548	0.151954889297	0.195099115372	0.0874040126801	0.0949869155884	0.118652820587	0.0899310112	0.129435062408	0.110311985016	0.122611045837	0.0826909542084	0.0910360813141	0.0879738330841	0.254194021225	0.0986089706421	0.0897359848022	0.112734079361	0.147750139236	0.115875005722	0.106021881104	0.108422994614	0.126624822617	0.12082195282	0.113447904587	0.114361047745	0.164654970169	0.0920820236206	0.113182067871	0.123944997787	0.13832116127	0.112476110458	0.0966591835022	0.0898449420929	0.117459774017	0.0885860919952	0.124241828918	0.109913825989	0.133495092392	0.136063814163	0.117553949356	0.10754108429	0.138728141785	0.104813098907	0.101922035217	0.118870973587	0.101613998413	0.0998289585114	0.127054214478	0.0989351272583	0.0874750614166	
['./treeMaker/main', '-m', '-a', '1']
0.127253055573	0.153872013092	0.202132940292	0.105479001999	0.106236934662	0.136529922485	0.107286214828	0.14599609375	0.131060123444	0.142081022263	0.0980639457703	0.121731042862	0.109669923782	0.28030705452	0.102066040039	0.106392145157	0.13053894043	0.163421869278	0.129641056061	0.116843938828	0.123594999313	0.139616966248	0.135460138321	0.127777099609	0.136775016785	0.182326078415	0.105826854706	0.127321004868	0.145056962967	0.145227909088	0.124568939209	0.116099119186	0.102473020554	0.135617017746	0.102969884872	0.142252922058	0.12876701355	0.144893884659	0.146347045898	0.124876976013	0.114768981934	0.146036148071	0.11741900444	0.114807844162	0.128788948059	0.115224838257	0.112915992737	0.144787073135	0.115992069244	0.112998962402	
['./treeMaker/main', '-m', '-a', '2']
0.112763881683	0.146264076233	0.183037042618	0.0951979160309	0.0974390506744	0.12310218811	0.0905969142914	0.131507873535	0.116544008255	0.130987882614	0.0864040851593	0.0986239910126	0.101488113403	0.273418188095	0.0878660678864	0.0928468704224	0.122211933136	0.148800134659	0.116050958633	0.10653591156	0.107997179031	0.12988615036	0.125719070435	0.115786075592	0.11706495285	0.165062189102	0.0919268131256	0.115369081497	0.123510837555	0.137471914291	0.112866163254	0.0996298789978	0.0966279506683	0.11400604248	0.0924360752106	0.125704050064	0.107872009277	0.128723859787	0.136401176453	0.113327026367	0.105309963226	0.134999036789	0.105674982071	0.101556062698	0.11524605751	0.0986709594727	0.0990629196167	0.135998010635	0.101251125336	0.0888648033142	
