25_1000_0_0_10000
25
1000
0
0
10000

['./treeMaker/main']
0.0397050380707	0.0343079566956	0.0340549945831	0.0414309501648	0.0413680076599	0.0361258983612	0.034362077713	0.0361049175262	0.0396049022675	0.0356290340424	0.0372550487518	0.0460758209229	0.0331890583038	0.0432770252228	0.0338099002838	0.0480318069458	0.0367450714111	0.03799700737	0.0454831123352	0.0372109413147	0.0359869003296	0.0356969833374	0.0360779762268	0.0370490550995	0.0363349914551	0.0360889434814	0.0358440876007	0.03626704216	0.0369031429291	0.0433390140533	0.038036108017	0.0356569290161	0.0355541706085	0.03733086586	0.0421590805054	0.0415620803833	0.0380887985229	0.0387420654297	0.0363318920135	0.0362560749054	0.0347499847412	0.044890165329	0.0361919403076	0.0365700721741	0.0375740528107	0.0352380275726	0.0363149642944	0.0353889465332	0.0363290309906	0.0381150245667	
['./treeMaker/main', '-b']
0.0397310256958	0.0366230010986	0.0384459495544	0.036957025528	0.0447480678558	0.0369839668274	0.0375349521637	0.0374720096588	0.038074016571	0.0377309322357	0.0359327793121	0.0374238491058	0.0383679866791	0.0372169017792	0.0443539619446	0.0375039577484	0.0354080200195	0.037092924118	0.0373101234436	0.0369861125946	0.0372741222382	0.0387148857117	0.0355269908905	0.0369310379028	0.0371429920197	0.0401298999786	0.0369529724121	0.0383400917053	0.0378539562225	0.0363938808441	0.038192987442	0.0367820262909	0.0343780517578	0.0372290611267	0.0397419929504	0.0385298728943	0.0365359783173	0.0367331504822	0.0367879867554	0.0364768505096	0.0421891212463	0.0380182266235	0.0382440090179	0.0467889308929	0.035101890564	0.0367360115051	0.0348279476166	0.0365941524506	0.0369758605957	0.0362989902496	
['./treeMaker/main', '-u']
0.0356729030609	0.038074016571	0.0387890338898	0.037782907486	0.0375220775604	0.0456819534302	0.0378611087799	0.0377888679504	0.0371069908142	0.0371758937836	0.0374729633331	0.0362279415131	0.0360119342804	0.0358519554138	0.0366940498352	0.0457630157471	0.037220954895	0.0369379520416	0.0355279445648	0.0363199710846	0.0376908779144	0.0363447666168	0.0360038280487	0.0340631008148	0.0344941616058	0.036404132843	0.034008026123	0.0368089675903	0.0369160175323	0.0381381511688	0.0375170707703	0.0360760688782	0.0344979763031	0.0360140800476	0.0365259647369	0.0352971553802	0.0397710800171	0.0390429496765	0.0365090370178	0.0359978675842	0.0365860462189	0.0366070270538	0.038407087326	0.0367181301117	0.0344460010529	0.0489809513092	0.0361740589142	0.0372731685638	0.0398480892181	0.0366930961609	
['./treeMaker/main', '-t', '-r', '1']
0.343551874161	0.351723194122	0.349321842194	0.360960006714	0.35124206543	0.330943107605	0.359886884689	0.344140052795	0.352237939835	0.352641105652	0.35216999054	0.351776838303	0.337956190109	0.334696054459	0.335242986679	0.333792924881	0.33357000351	0.346719026566	0.337503194809	0.344260931015	0.340201854706	0.366786956787	0.364212036133	0.346151828766	0.349792003632	0.353166103363	0.355570077896	0.338804006577	0.353405952454	0.354656219482	0.365461826324	0.368608951569	0.427845001221	0.334419965744	0.362747907639	0.33576798439	0.337515115738	0.334757089615	0.35102891922	0.330678939819	0.343672990799	0.347593069077	0.332705020905	0.335047006607	0.334846019745	0.345921993256	0.355632066727	0.34511590004	0.344969987869	0.341377973557	
['./treeMaker/main', '-t', '-r', '2']
0.390417098999	0.39485502243	0.40149307251	0.388255119324	0.392478942871	0.383040904999	0.424093008041	0.436672925949	0.398986101151	0.401551008224	0.396428108215	0.411417961121	0.378340005875	0.365156173706	0.402381181717	0.382086038589	0.378139019012	0.378798007965	0.391420125961	0.419392108917	0.408451080322	0.369484186172	0.39400100708	0.369711875916	0.427384138107	0.39554309845	0.369507789612	0.397322177887	0.407365083694	0.38862991333	0.438237905502	0.405527114868	0.396296977997	0.39187002182	0.42937207222	0.428838968277	0.402333021164	0.396651983261	0.393970012665	0.414300918579	0.410180091858	0.383578062057	0.371680021286	0.388063907623	0.400302886963	0.415334939957	0.418466091156	0.377254009247	0.439200162888	0.420027971268	
['./treeMaker/main', '-t', '-r', '1', '-N']
0.347114086151	0.365788936615	0.365313053131	0.348119974136	0.338340997696	0.332730054855	0.349946975708	0.350796937943	0.338628053665	0.345165967941	0.356351852417	0.356399774551	0.333718061447	0.368183135986	0.364326000214	0.335253000259	0.335551023483	0.365208864212	0.358028888702	0.363689899445	0.338839054108	0.353224039078	0.34729385376	0.344343900681	0.335545063019	0.356914997101	0.364957094193	0.365059137344	0.360219955444	0.333144903183	0.358524084091	0.357624053955	0.336512088776	0.359814882278	0.359064817429	0.355503082275	0.361423015594	0.359358072281	0.352046012878	0.333452939987	0.343869924545	0.336294174194	0.352703809738	0.335490942001	0.351767063141	0.347216129303	0.334066152573	0.355625152588	0.35808300972	0.338793039322	
['./treeMaker/main', '-t', '-r', '2', '-N']
0.390359163284	0.386630058289	0.406935930252	0.413867950439	0.394331932068	0.398604154587	0.412317991257	0.458609104156	0.403481006622	0.382961034775	0.397467136383	0.400995969772	0.388653039932	0.370297908783	0.419432163239	0.413688898087	0.37796497345	0.407571792603	0.404654979706	0.414520978928	0.400857925415	0.404522895813	0.407238960266	0.407654047012	0.43580698967	0.407351970673	0.403434038162	0.42199921608	0.384294986725	0.408231019974	0.42131114006	0.386096954346	0.421163082123	0.393216133118	0.387080907822	0.393817186356	0.384163141251	0.415871858597	0.373411893845	0.404792070389	0.418157100677	0.383910894394	0.376064062119	0.414088010788	0.385155916214	0.38196015358	0.398788928986	0.377875089645	0.402415037155	0.402472019196	
['./treeMaker/main', '-m']
0.0368239879608	0.0355858802795	0.0413269996643	0.0394659042358	0.0389339923859	0.037535905838	0.0386648178101	0.0361042022705	0.0350539684296	0.0366449356079	0.0365421772003	0.0494101047516	0.0365159511566	0.0356411933899	0.0361440181732	0.0358970165253	0.0368628501892	0.0363450050354	0.0370581150055	0.0400958061218	0.037104845047	0.0405030250549	0.0361258983612	0.0342040061951	0.0374181270599	0.0381598472595	0.0487840175629	0.039822101593	0.0391969680786	0.0385141372681	0.0404858589172	0.0364599227905	0.0362191200256	0.0361671447754	0.0372550487518	0.0398230552673	0.0404999256134	0.0378451347351	0.0391271114349	0.0363340377808	0.0373749732971	0.0369830131531	0.0362758636475	0.0387489795685	0.0360791683197	0.0399971008301	0.0362768173218	0.036199092865	0.0398509502411	0.0479259490967	
['./treeMaker/main', '-m', '-b']
0.0449860095978	0.0471968650818	0.0383830070496	0.039039850235	0.0383288860321	0.0367949008942	0.0396721363068	0.0368239879608	0.0383441448212	0.0379769802094	0.0369830131531	0.0468211174011	0.0363140106201	0.0402410030365	0.0374710559845	0.0375258922577	0.0404489040375	0.0367739200592	0.037456035614	0.0374209880829	0.0377218723297	0.0455861091614	0.0399239063263	0.0366261005402	0.0365829467773	0.0348510742188	0.0364849567413	0.0370719432831	0.0360748767853	0.0382080078125	0.0383460521698	0.0502598285675	0.0388839244843	0.0395400524139	0.0379500389099	0.0395398139954	0.0398409366608	0.0391690731049	0.0421378612518	0.0367069244385	0.0363988876343	0.0345370769501	0.0381858348846	0.0387179851532	0.0375421047211	0.0487070083618	0.0364370346069	0.0518290996552	0.0425200462341	0.0366959571838	
['./treeMaker/main', '-m', '-w', '1']
0.0412659645081	0.0366098880768	0.0353789329529	0.0394959449768	0.0372180938721	0.03688788414	0.0425250530243	0.0405311584473	0.0352311134338	0.0395150184631	0.0374329090118	0.0389380455017	0.037003993988	0.033851146698	0.0357620716095	0.0457539558411	0.0367701053619	0.0362730026245	0.0400938987732	0.0384700298309	0.0369160175323	0.0396530628204	0.0373330116272	0.0350770950317	0.039137840271	0.0362441539764	0.0342819690704	0.0376169681549	0.0371968746185	0.036453962326	0.0499391555786	0.0352330207825	0.0366520881653	0.0394968986511	0.038125038147	0.0375800132751	0.0365540981293	0.0364670753479	0.0389010906219	0.036080121994	0.0377969741821	0.036660194397	0.0372631549835	0.0373430252075	0.0363540649414	0.0351729393005	0.035756111145	0.0364580154419	0.0371749401093	0.0360701084137	
['./treeMaker/main', '-m', '-w', '2']
0.0459010601044	0.0369820594788	0.037101984024	0.0374550819397	0.038743019104	0.0393271446228	0.0364851951599	0.0398738384247	0.039803981781	0.0370309352875	0.0372159481049	0.0371417999268	0.0410099029541	0.0375638008118	0.048388004303	0.0420000553131	0.0364081859589	0.0357460975647	0.0396831035614	0.0389420986176	0.0493040084839	0.0343861579895	0.0365769863129	0.0365891456604	0.0345528125763	0.03586602211	0.037360906601	0.0359220504761	0.0345258712769	0.0366261005402	0.0364589691162	0.0370709896088	0.0353810787201	0.0364210605621	0.0389969348907	0.0361788272858	0.0356111526489	0.0377278327942	0.0365688800812	0.0341539382935	0.0346329212189	0.0361440181732	0.0360000133514	0.0363919734955	0.0353028774261	0.0365149974823	0.03848695755	0.0410459041595	0.0381700992584	0.0366971492767	
['./treeMaker/main', '-m', '-c', '1']
0.0398049354553	0.0493979454041	0.0461640357971	0.0449299812317	0.0358490943909	0.0356500148773	0.0383620262146	0.0368299484253	0.0366740226746	0.0398190021515	0.036474943161	0.0365128517151	0.0357840061188	0.0374031066895	0.0457189083099	0.0392558574677	0.0373980998993	0.0360610485077	0.0428080558777	0.0354840755463	0.03551197052	0.0366680622101	0.0355350971222	0.0474011898041	0.0401871204376	0.0362429618835	0.0373821258545	0.0396099090576	0.0366690158844	0.0361189842224	0.0376482009888	0.036504983902	0.0363619327545	0.036514043808	0.0367040634155	0.0374188423157	0.0362060070038	0.0399899482727	0.036386013031	0.0374000072479	0.0376889705658	0.0457179546356	0.0369930267334	0.0373630523682	0.0381391048431	0.036416053772	0.0361480712891	0.0367820262909	0.0376861095428	0.0368161201477	
['./treeMaker/main', '-m', '-c', '2']
0.049290895462	0.0376260280609	0.0368740558624	0.0372550487518	0.0365002155304	0.0359790325165	0.0351498126984	0.0394771099091	0.0364561080933	0.0364120006561	0.0490009784698	0.0358250141144	0.0362570285797	0.0363540649414	0.0365171432495	0.0355069637299	0.0361058712006	0.0446560382843	0.0353569984436	0.0368800163269	0.0369091033936	0.035872220993	0.0376420021057	0.0363068580627	0.0346548557281	0.0370361804962	0.0359838008881	0.0365061759949	0.0397779941559	0.0357358455658	0.0376691818237	0.0387949943542	0.0369100570679	0.0369801521301	0.036661863327	0.0351030826569	0.0491859912872	0.0361409187317	0.0383648872375	0.0390379428864	0.037740945816	0.0393359661102	0.0365688800812	0.0360870361328	0.0358607769012	0.0395150184631	0.0366568565369	0.0352389812469	0.0386781692505	0.0449221134186	
['./treeMaker/main', '-m', '-a', '1']
0.0440700054169	0.0409820079803	0.0412549972534	0.043105840683	0.0429790019989	0.0561609268188	0.0398960113525	0.0428349971771	0.0449571609497	0.0434849262238	0.0398778915405	0.0426249504089	0.0429651737213	0.0432760715485	0.0445759296417	0.045254945755	0.0476679801941	0.0413451194763	0.0404269695282	0.0557150840759	0.0394680500031	0.050136089325	0.0413551330566	0.0408000946045	0.0449559688568	0.0411019325256	0.0406808853149	0.0423748493195	0.0486619472504	0.0421299934387	0.0431151390076	0.0438740253448	0.0417280197144	0.0443780422211	0.0449600219727	0.0451118946075	0.0424530506134	0.0422809123993	0.0442209243774	0.0449559688568	0.0426118373871	0.0421659946442	0.0474541187286	0.0426728725433	0.0440921783447	0.041167974472	0.041512966156	0.0413229465485	0.0414180755615	0.0413241386414	
['./treeMaker/main', '-m', '-a', '2']
0.0363249778748	0.0362589359283	0.0372459888458	0.0372931957245	0.0361399650574	0.0364899635315	0.0368750095367	0.0363750457764	0.0351760387421	0.0350229740143	0.0368719100952	0.0464448928833	0.0371551513672	0.0384299755096	0.0518078804016	0.0356330871582	0.0507850646973	0.0358579158783	0.034196138382	0.0355608463287	0.0366930961609	0.0364198684692	0.0367259979248	0.0369770526886	0.0415720939636	0.0375030040741	0.0379889011383	0.0379629135132	0.0376789569855	0.0368468761444	0.0378170013428	0.0379378795624	0.0361979007721	0.0363960266113	0.0388150215149	0.0391237735748	0.037013053894	0.0375349521637	0.0355589389801	0.0364007949829	0.0371608734131	0.0381000041962	0.0377628803253	0.036810874939	0.0461449623108	0.0386099815369	0.0363008975983	0.0378699302673	0.0474679470062	0.0381729602814	
