25_1000_4.9e-10_4.9e-10_470000000_cut_1
25
1000
4.9e-10
4.9e-10
470000000
cut_1
['./treeMaker/main']
0.0576529502869	0.085688829422	0.0939610004425	0.0596680641174	0.0675439834595	0.0572159290314	0.06804895401	0.0753200054169	0.0754261016846	0.0631420612335	0.0643010139465	0.068342924118	0.068794965744	0.0630631446838	0.0602428913116	0.0524549484253	0.0811350345612	0.126039981842	0.0624849796295	0.0579011440277	0.0629589557648	0.0565500259399	0.0759711265564	0.0996141433716	0.0915880203247	0.0557119846344	0.0758090019226	0.0614330768585	0.0477859973907	0.0524940490723	0.112344026566	0.06796002388	0.264047861099	0.0667719841003	0.0365839004517	0.0827078819275	0.065309047699	0.0625569820404	0.0553538799286	0.103374004364	0.0583741664886	0.0801591873169	0.216693878174	0.0555310249329	0.0798380374908	0.0605101585388	0.03178191185	0.0501489639282	0.0525350570679	0.154073953629	
['./treeMaker/main', '-b']
0.0583717823029	0.0930089950562	0.105334043503	0.0629320144653	0.0710921287537	0.0583648681641	0.0726001262665	0.0782959461212	0.0857691764832	0.0663371086121	0.0683741569519	0.0718660354614	0.0707550048828	0.0660140514374	0.0625360012054	0.0523579120636	0.0894458293915	0.133750915527	0.0664160251617	0.0599629878998	0.0676820278168	0.0581660270691	0.0807549953461	0.101987123489	0.107683897018	0.0598289966583	0.0809500217438	0.0657570362091	0.0502800941467	0.0518388748169	0.117969036102	0.0720520019531	0.273492097855	0.0693860054016	0.0392949581146	0.088308095932	0.0679709911346	0.0668771266937	0.0673129558563	0.106675863266	0.0633540153503	0.0815658569336	0.219668149948	0.0566320419312	0.0803978443146	0.0604140758514	0.0331249237061	0.0515542030334	0.0531888008118	0.16291809082	
['./treeMaker/main', '-u']
0.0567741394043	0.0857388973236	0.0909669399261	0.0603749752045	0.0686478614807	0.0582990646362	0.0701839923859	0.0768258571625	0.0727560520172	0.0646269321442	0.0647141933441	0.0697011947632	0.0684499740601	0.0633001327515	0.0614521503448	0.050998210907	0.0817320346832	0.126487016678	0.0629990100861	0.0583980083466	0.0765428543091	0.0558578968048	0.0764689445496	0.0992140769958	0.0921139717102	0.0573019981384	0.0774071216583	0.0633580684662	0.0575580596924	0.0531148910522	0.114207029343	0.0669419765472	0.26499080658	0.0658760070801	0.0383610725403	0.0866150856018	0.0668110847473	0.0637140274048	0.0559659004211	0.110403060913	0.0570569038391	0.0819299221039	0.213624000549	0.0555648803711	0.0786299705505	0.0596930980682	0.0306098461151	0.0505681037903	0.0530560016632	0.155166149139	
['./treeMaker/main', '-t', '-r', '1']
0.984877109528	1.66003394127	1.69520521164	1.06307601929	1.23952198029	0.969951868057	1.40838003159	1.46070504189	1.31035518646	1.25586891174	1.10264897346	1.31949901581	1.22448706627	1.13361001015	1.09950685501	0.944838047028	1.5658121109	2.37531495094	1.1101398468	1.03520917892	1.21270394325	0.993968963623	1.4371111393	1.75075101852	1.81667780876	0.977473974228	1.5729329586	1.10215497017	0.827018022537	0.909726858139	2.23549199104	1.25494909286	4.73515200615	1.1987760067	0.53235077858	1.35303592682	1.19730401039	1.14410400391	0.983458995819	1.9777328968	1.03538203239	1.38529992104	3.63605880737	0.906914949417	1.58739686012	1.01454496384	0.426822900772	0.871387004852	0.843948841095	2.642619133	
['./treeMaker/main', '-t', '-r', '2']
1.78970098495	3.05849409103	3.19572019577	1.87898302078	2.18074393272	1.78663110733	2.29074406624	2.47863411903	2.52236104012	2.09031510353	2.26165604591	2.3177959919	2.42504811287	2.14204597473	1.9501979351	1.53977012634	2.91908097267	4.68335390091	2.0523121357	1.85539412498	2.11992287636	1.87049102783	2.61455106735	3.61367487907	3.22320890427	1.86031579971	2.58275318146	2.14974999428	1.505671978	1.83754301071	4.09393000603	2.67186284065	8.24001502991	2.44217514992	1.01824188232	3.39792704582	2.24915599823	1.98421001434	1.75467514992	3.60871911049	1.95018196106	2.84653687477	7.24142885208	1.55807900429	2.75073194504	1.77344608307	0.753134965897	1.55714392662	1.61633086205	5.67051386833	
['./treeMaker/main', '-t', '-r', '1', '-N']
1.00078105927	1.65937614441	1.69228816032	1.05889511108	1.24234294891	0.960027933121	1.36527299881	1.46463799477	1.31131410599	1.23558616638	1.08244800568	1.32277393341	1.22706413269	1.14049696922	1.10948777199	0.947417020798	1.56252193451	2.29303312302	1.10478997231	1.00347781181	1.21216583252	0.991927146912	1.3931760788	1.72738480568	1.71947097778	0.951519012451	1.58024001122	1.10340499878	0.825730800629	0.910217046738	2.24067091942	1.26369094849	4.73497104645	1.19830107689	0.525335788727	1.34235191345	1.20863509178	1.15198612213	0.98362994194	1.98913502693	1.03903198242	1.38820886612	3.63506698608	0.908181905746	1.58934688568	1.01277279854	0.424041032791	0.872821092606	0.842726945877	2.61417388916	
['./treeMaker/main', '-t', '-r', '2', '-N']
1.79381990433	3.05764603615	3.1106030941	1.88430905342	2.17157006264	1.78627610207	2.2923541069	2.47561311722	2.51726508141	2.08741497993	2.25849485397	2.40954399109	2.42586302757	2.12645101547	1.94580793381	1.5496430397	2.94412708282	4.68864011765	2.03813791275	1.86709618568	2.11024689674	1.86260819435	2.55380296707	3.51226711273	3.21958994865	1.8586461544	2.5871591568	2.15186309814	1.33614301682	1.59278488159	4.0636920929	2.24293708801	8.25529694557	2.12173485756	0.9304728508	2.97030186653	2.08031582832	1.98057508469	1.67848205566	3.52955198288	1.90094709396	2.84909200668	6.97411394119	1.55939912796	2.75786995888	1.77537894249	0.741209983826	1.55494713783	1.62535500526	5.62192702293	
['./treeMaker/main', '-m']
0.0452289581299	0.0631189346313	0.0636858940125	0.0486440658569	0.0540981292725	0.0470011234283	0.0540328025818	0.0572011470795	0.056853055954	0.0497441291809	0.0518090724945	0.0514018535614	0.0531568527222	0.0506689548492	0.0486438274384	0.041895866394	0.0615680217743	0.0832757949829	0.050411939621	0.0476288795471	0.0516510009766	0.0450940132141	0.0606989860535	0.0693709850311	0.0672130584717	0.0462739467621	0.0577931404114	0.0506238937378	0.0435810089111	0.0422420501709	0.0750999450684	0.0560488700867	0.126022815704	0.061066865921	0.032634973526	0.064316034317	0.0509769916534	0.0495119094849	0.0432760715485	0.0697560310364	0.0471348762512	0.0584390163422	0.113030910492	0.0470099449158	0.0587270259857	0.0461249351501	0.029452085495	0.0415210723877	0.0429029464722	0.0942158699036	
['./treeMaker/main', '-m', '-b']
0.051276922226	0.0653159618378	0.068480014801	0.0512030124664	0.0543730258942	0.049241065979	0.055223941803	0.0594120025635	0.0598630905151	0.0524020195007	0.0548000335693	0.0558421611786	0.0591478347778	0.0529379844666	0.0506389141083	0.0436470508575	0.0658819675446	0.0908699035645	0.0519378185272	0.0503499507904	0.0534288883209	0.0493130683899	0.0604140758514	0.0739979743958	0.0713050365448	0.0483810901642	0.0611929893494	0.0531718730927	0.0404582023621	0.0466060638428	0.0815799236298	0.0600829124451	0.137562036514	0.0555789470673	0.0341191291809	0.0677468776703	0.0552959442139	0.0517830848694	0.0467081069946	0.0731608867645	0.0491948127747	0.0631811618805	0.122315883636	0.0573768615723	0.0623989105225	0.0487830638885	0.0378439426422	0.0448400974274	0.046541929245	0.10046005249	
['./treeMaker/main', '-m', '-w', '1']
0.045469045639	0.0625400543213	0.0637989044189	0.0484127998352	0.0540120601654	0.0461299419403	0.0519177913666	0.0572068691254	0.0573089122772	0.0498089790344	0.0521509647369	0.0526509284973	0.0547561645508	0.048859834671	0.05739402771	0.0445439815521	0.0616030693054	0.0999701023102	0.0530729293823	0.0577290058136	0.0487780570984	0.0467309951782	0.0557110309601	0.0691981315613	0.06787109375	0.0459470748901	0.0585489273071	0.0504848957062	0.0402410030365	0.0434830188751	0.0750780105591	0.0517270565033	0.126631975174	0.0516278743744	0.03293800354	0.0666618347168	0.051390171051	0.0520730018616	0.0452678203583	0.0847640037537	0.0470199584961	0.0603351593018	0.112046003342	0.0443999767303	0.057590007782	0.04625415802	0.0283498764038	0.0420951843262	0.0430369377136	0.0945570468903	
['./treeMaker/main', '-m', '-w', '2']
0.0464060306549	0.061243057251	0.0660998821259	0.0484120845795	0.0521731376648	0.0475871562958	0.0535609722137	0.0571510791779	0.069344997406	0.0484499931335	0.0521428585052	0.0534420013428	0.0533609390259	0.0533890724182	0.0486240386963	0.0420501232147	0.0612888336182	0.0848038196564	0.0511229038239	0.0478901863098	0.0519170761108	0.0442280769348	0.0572230815887	0.070042848587	0.0662040710449	0.0453820228577	0.0582768917084	0.0507130622864	0.0403990745544	0.0416150093079	0.0754549503326	0.0523300170898	0.12691283226	0.0521461963654	0.0317180156708	0.0643558502197	0.0524060726166	0.0496649742126	0.0428149700165	0.0697460174561	0.048752784729	0.0626208782196	0.113430023193	0.0444798469543	0.0723180770874	0.0475919246674	0.0286650657654	0.0432260036469	0.0434288978577	0.0944721698761	
['./treeMaker/main', '-m', '-c', '1']
0.0463280677795	0.0619511604309	0.063992023468	0.0480170249939	0.0521168708801	0.0449461936951	0.0539128780365	0.0545868873596	0.0567309856415	0.0500111579895	0.0538058280945	0.0544338226318	0.0533599853516	0.0505850315094	0.0497958660126	0.0430548191071	0.0636301040649	0.0839459896088	0.0514628887177	0.0476171970367	0.0533359050751	0.052383184433	0.0585088729858	0.0705709457397	0.0656809806824	0.0464150905609	0.0573680400848	0.0498838424683	0.0400378704071	0.0436680316925	0.0749309062958	0.0524599552155	0.126939058304	0.0513520240784	0.0328419208527	0.0639019012451	0.0522210597992	0.0507378578186	0.0434999465942	0.0719799995422	0.0472791194916	0.0596520900726	0.112747907639	0.0455560684204	0.0580408573151	0.0455000400543	0.0285019874573	0.0417819023132	0.0436840057373	0.0947120189667	
['./treeMaker/main', '-m', '-c', '2']
0.0454480648041	0.0624599456787	0.0630359649658	0.0479168891907	0.0540449619293	0.046797990799	0.0536839962006	0.0574150085449	0.0568001270294	0.051609992981	0.0523390769958	0.0528659820557	0.0542650222778	0.0499238967896	0.0481569766998	0.0432031154633	0.0615592002869	0.0841729640961	0.0502109527588	0.0478868484497	0.0514330863953	0.0468327999115	0.0566511154175	0.0696671009064	0.0662279129028	0.0466120243073	0.0578889846802	0.0538809299469	0.0408749580383	0.0416529178619	0.0747511386871	0.0522201061249	0.126473903656	0.0513181686401	0.0318448543549	0.0636959075928	0.051139831543	0.048779964447	0.0423631668091	0.0723519325256	0.0477550029755	0.0601890087128	0.112951993942	0.0440320968628	0.0580699443817	0.0472598075867	0.0262107849121	0.0416331291199	0.0414898395538	0.0948889255524	
['./treeMaker/main', '-m', '-a', '1']
0.0493779182434	0.081178188324	0.0698049068451	0.0621390342712	0.0573658943176	0.0513701438904	0.0578110218048	0.0708701610565	0.059159040451	0.0520620346069	0.0542948246002	0.0579349994659	0.0580768585205	0.0530290603638	0.0518970489502	0.0480709075928	0.0672669410706	0.086208820343	0.0528380870819	0.0496740341187	0.053181886673	0.0493040084839	0.0614409446716	0.0727450847626	0.0707812309265	0.0483958721161	0.0614039897919	0.0539820194244	0.0447239875793	0.0464129447937	0.0770480632782	0.0563600063324	0.131376028061	0.053787946701	0.0428860187531	0.0676860809326	0.0553059577942	0.0540490150452	0.0573189258575	0.0777831077576	0.0518088340759	0.0627930164337	0.119739055634	0.0507700443268	0.0616040229797	0.0502650737762	0.0320770740509	0.0450839996338	0.0477979183197	0.098610162735	
['./treeMaker/main', '-m', '-a', '2']
0.0465359687805	0.0634100437164	0.0626800060272	0.0485229492188	0.053248167038	0.0472249984741	0.0536329746246	0.055823802948	0.0572490692139	0.0498249530792	0.0519671440125	0.0552229881287	0.0533809661865	0.0502099990845	0.0484290122986	0.0430858135223	0.0618078708649	0.0841228961945	0.0504021644592	0.0484929084778	0.0487720966339	0.0454158782959	0.0579612255096	0.0675480365753	0.0667979717255	0.0452251434326	0.0606141090393	0.0502541065216	0.0399479866028	0.0419678688049	0.0749192237854	0.0529320240021	0.126228809357	0.0526270866394	0.0318169593811	0.0638799667358	0.0517919063568	0.0507769584656	0.0429828166962	0.0696361064911	0.0476319789886	0.0601909160614	0.112668037415	0.0426430702209	0.0571639537811	0.0474438667297	0.0295100212097	0.0421321392059	0.0555100440979	0.0932819843292	
