25_1000_4.9e-10_4.9e-10_10000
25
1000
4.9e-10
4.9e-10
10000

['./treeMaker/main']
0.135428190231	0.0851850509644	0.114403009415	0.130313873291	0.192624092102	0.135218858719	0.206054925919	0.135177135468	0.116674900055	0.109524011612	0.152907848358	0.128152132034	0.11985206604	0.100476026535	0.10404920578	0.102488994598	0.169167995453	0.124566078186	0.141132116318	0.131814956665	0.135996103287	0.126842975616	0.0757551193237	0.22242307663	0.182041168213	0.142117977142	0.115296125412	0.205774068832	0.147327899933	0.118430137634	0.15824508667	0.149774074554	0.135184049606	0.0901610851288	0.114744901657	0.141340970993	0.267842054367	0.136354923248	0.181678056717	0.0967659950256	0.122799158096	0.0815069675446	0.113121032715	0.111960172653	0.153388023376	0.112622022629	0.103428840637	0.166170120239	0.139631986618	0.120820045471	
['./treeMaker/main', '-b']
0.138432025909	0.0886039733887	0.121046066284	0.136313915253	0.198551893234	0.142021894455	0.21478509903	0.137851953506	0.120387077332	0.11236000061	0.15575504303	0.13427400589	0.127370119095	0.104130029678	0.107954025269	0.104532957077	0.180645942688	0.130760908127	0.14356803894	0.138607978821	0.140259027481	0.129570960999	0.0790748596191	0.228807926178	0.1778819561	0.147152900696	0.119982004166	0.214426040649	0.156746149063	0.124668121338	0.167479991913	0.159420013428	0.143173933029	0.0929718017578	0.120012998581	0.149137973785	0.277058124542	0.14110994339	0.177360057831	0.101942062378	0.118283033371	0.0836880207062	0.116083145142	0.11828994751	0.161005973816	0.118468999863	0.107529163361	0.170542001724	0.142872095108	0.127875089645	
['./treeMaker/main', '-u']
0.135135889053	0.0887989997864	0.117887020111	0.131608963013	0.190832853317	0.135845899582	0.209442853928	0.135074138641	0.115057945251	0.109405040741	0.153365135193	0.131866931915	0.120888948441	0.10051202774	0.103491067886	0.102407932281	0.171821832657	0.128370046616	0.141322135925	0.133057117462	0.137632131577	0.128704071045	0.0775611400604	0.220159053802	0.172430038452	0.14228105545	0.116465091705	0.205134868622	0.148766994476	0.118165016174	0.159252882004	0.149804830551	0.136455059052	0.0982890129089	0.114864110947	0.144450902939	0.272166013718	0.136914968491	0.174340963364	0.0999200344086	0.114024877548	0.0829749107361	0.112551927567	0.11220407486	0.158594846725	0.116755962372	0.104288101196	0.165343046188	0.150238037109	0.121570110321	
['./treeMaker/main', '-t', '-r', '1']
2.36977005005	1.44559907913	2.02245688438	2.25268888474	3.39024782181	2.33184695244	3.56457304955	2.36117386818	2.04042816162	1.95375108719	2.37226200104	2.24330878258	2.02219700813	1.7334561348	1.75918006897	1.79761600494	3.03470611572	2.20646882057	2.41234898567	2.20371294022	2.46373605728	2.27847504616	1.15438914299	3.89210605621	3.08989691734	2.54083609581	2.03843212128	3.58920502663	2.58843398094	2.02642202377	2.84676599503	2.63177585602	2.42617797852	1.42003798485	2.00098800659	2.20403385162	4.35218310356	2.43435811996	3.09071111679	1.72193694115	1.95113396645	1.29170703888	1.92262983322	1.97847509384	2.86929512024	1.89830088615	1.69528412819	2.84767603874	2.46355199814	1.93103003502	
['./treeMaker/main', '-t', '-r', '2']
4.06863307953	2.33948421478	3.22680306435	3.89664196968	5.91422200203	3.9614200592	6.33953881264	3.84771895409	3.16544103622	2.94699597359	4.81338000298	3.80018401146	3.83972811699	2.78883099556	2.98357200623	2.91640615463	5.18486499786	3.5277030468	4.4078810215	3.72370100021	3.80595707893	3.88996005058	1.93971204758	6.09869217873	5.40895414352	4.23156881332	3.37045097351	5.96386694908	4.64044713974	3.72260689735	4.80319285393	4.44777703285	3.93358182907	2.29026818275	3.26060700417	4.43383693695	7.59535384178	3.89316296577	5.15400695801	2.70904803276	3.23438405991	2.12420392036	3.26643490791	3.215239048	4.47187304497	3.28054785728	2.97230100632	5.06746101379	4.30916404724	3.71031498909	
['./treeMaker/main', '-t', '-r', '1', '-N']
2.37419915199	1.44897007942	2.02207303047	2.25555992126	3.39724302292	2.33666300774	3.52597999573	2.35923814774	2.08359003067	1.93640589714	2.37519311905	2.24450182915	2.02213597298	1.73258090019	1.75860595703	1.80210399628	3.09086084366	2.23351693153	2.41857886314	2.21566700935	2.46105289459	2.27815485001	1.15629410744	3.89721703529	3.0873401165	2.5317671299	2.04350399971	3.58108186722	2.58490204811	2.03266310692	2.85051417351	2.64144921303	2.42943692207	1.42418003082	2.05169487	2.19822502136	4.35522007942	2.43106889725	3.09688591957	1.72391319275	1.94899702072	1.29464197159	1.92633605003	1.97374916077	2.86652112007	1.90197682381	1.69997906685	2.84773516655	2.46483016014	1.93496489525	
['./treeMaker/main', '-t', '-r', '2', '-N']
4.07256603241	2.33744597435	3.23531913757	3.89776706696	5.86954712868	3.96111989021	6.21599197388	3.87798690796	3.1799890995	2.94946599007	4.81532812119	3.80426621437	3.84531092644	2.80467176437	2.99263715744	2.91386198997	5.19193100929	3.54016089439	4.41524291039	3.73353719711	3.8118288517	3.87473487854	1.9432580471	6.12007808685	5.40977811813	4.24315285683	3.37511491776	5.95607805252	4.63538002968	3.71348595619	4.80415701866	4.48338985443	3.9316599369	2.29082012177	3.23921585083	4.42543911934	7.61247897148	3.89868497849	5.17863583565	2.74060702324	3.24817490578	2.1271238327	3.26468992233	3.21081185341	4.47270584106	3.24337816238	2.96499204636	5.03988790512	4.33138513565	3.71450614929	
['./treeMaker/main', '-m']
0.0895509719849	0.0668368339539	0.0830318927765	0.0889520645142	0.11151099205	0.103447914124	0.117588043213	0.0882859230042	0.0820660591125	0.078516960144	0.104607105255	0.0884580612183	0.087189912796	0.0756959915161	0.0754640102386	0.0735881328583	0.107524871826	0.0875949859619	0.0943710803986	0.0905299186707	0.0911469459534	0.0899851322174	0.0687458515167	0.11934709549	0.104432106018	0.0998921394348	0.0828859806061	0.116411924362	0.0982539653778	0.0854618549347	0.0980451107025	0.0972998142242	0.0918309688568	0.0701270103455	0.0813899040222	0.0971570014954	0.13590502739	0.0895819664001	0.104647159576	0.0725500583649	0.0813820362091	0.0764670372009	0.082897901535	0.0812010765076	0.0979008674622	0.0820150375366	0.0807158946991	0.104622840881	0.093367099762	0.0899488925934	
['./treeMaker/main', '-m', '-b']
0.0945520401001	0.0727641582489	0.0959300994873	0.0932958126068	0.118458986282	0.0964119434357	0.12499499321	0.0956981182098	0.085146188736	0.0816030502319	0.109201908112	0.0947649478912	0.0919830799103	0.0783159732819	0.082300901413	0.0775668621063	0.110857009888	0.0898268222809	0.0992839336395	0.0934028625488	0.0949740409851	0.0933718681335	0.0637760162354	0.127687931061	0.111201047897	0.0971710681915	0.0853941440582	0.124912023544	0.103005886078	0.0885179042816	0.110378980637	0.101487874985	0.0960500240326	0.0731120109558	0.0837049484253	0.103777885437	0.146485805511	0.0947999954224	0.111052036285	0.0772390365601	0.0862188339233	0.0697951316833	0.0852560997009	0.0855810642242	0.10333108902	0.085196018219	0.0819518566132	0.110284090042	0.10060095787	0.09001994133	
['./treeMaker/main', '-m', '-w', '1']
0.0998408794403	0.0670340061188	0.0839140415192	0.0890340805054	0.109663963318	0.0897369384766	0.125777959824	0.0876758098602	0.0821270942688	0.0779409408569	0.102037191391	0.0970120429993	0.0873718261719	0.0751597881317	0.0769329071045	0.0727319717407	0.108028888702	0.0856561660767	0.093789100647	0.0893371105194	0.0913050174713	0.0870721340179	0.0647361278534	0.11820101738	0.118134975433	0.0955638885498	0.0789849758148	0.124907016754	0.0983459949493	0.0846331119537	0.0996479988098	0.0961821079254	0.0917539596558	0.0700089931488	0.080246925354	0.100317001343	0.136437892914	0.0908977985382	0.104515075684	0.0739068984985	0.0814139842987	0.0650389194489	0.0848169326782	0.0808091163635	0.0966470241547	0.0813357830048	0.0804219245911	0.104484081268	0.0960071086884	0.0902318954468	
['./treeMaker/main', '-m', '-w', '2']
0.102337121964	0.0698480606079	0.082859992981	0.0881609916687	0.110275030136	0.0923411846161	0.116695165634	0.0901010036469	0.0828740596771	0.0792310237885	0.102020978928	0.0876021385193	0.0892000198364	0.0742537975311	0.0781009197235	0.0749609470367	0.105466127396	0.0883309841156	0.0981819629669	0.09001994133	0.0983319282532	0.087769985199	0.063117980957	0.133792161942	0.105351209641	0.0929930210114	0.0823259353638	0.11727309227	0.0950660705566	0.087632894516	0.100638866425	0.0952348709106	0.0920879840851	0.069000005722	0.081805229187	0.0997440814972	0.135581016541	0.0911099910736	0.104142904282	0.0717720985413	0.0810828208923	0.0647101402283	0.0809099674225	0.0811519622803	0.0962359905243	0.0802929401398	0.0811638832092	0.105794906616	0.0944700241089	0.0872869491577	
['./treeMaker/main', '-m', '-c', '1']
0.089583158493	0.077653169632	0.0816359519958	0.0863528251648	0.111403942108	0.0915629863739	0.116255044937	0.0886898040771	0.0835509300232	0.0781149864197	0.102843046188	0.085685968399	0.0915749073029	0.0732710361481	0.077339887619	0.0742969512939	0.115004062653	0.0863490104675	0.0934951305389	0.0898978710175	0.0908310413361	0.0873668193817	0.0626459121704	0.118438005447	0.105420827866	0.0926070213318	0.0811200141907	0.116157054901	0.0974810123444	0.0850391387939	0.102621078491	0.09681391716	0.0918090343475	0.0702431201935	0.0814089775085	0.0969631671906	0.136118173599	0.0920670032501	0.103039979935	0.0725119113922	0.0805220603943	0.0640759468079	0.081916809082	0.0801692008972	0.0967199802399	0.0814089775085	0.0797491073608	0.104343891144	0.0945479869843	0.0901918411255	
['./treeMaker/main', '-m', '-c', '2']
0.0894088745117	0.0683510303497	0.0965859889984	0.0891678333282	0.112038850784	0.0900938510895	0.116527080536	0.0890979766846	0.0821430683136	0.0764610767365	0.102460861206	0.0876278877258	0.0869038105011	0.0750839710236	0.0776538848877	0.0734770298004	0.104609012604	0.0866301059723	0.0924859046936	0.0866720676422	0.0898058414459	0.0856490135193	0.0625901222229	0.118463039398	0.102952003479	0.0916478633881	0.0810370445251	0.116675853729	0.0963110923767	0.0882449150085	0.100558042526	0.097198009491	0.0917601585388	0.0676441192627	0.0792670249939	0.098769903183	0.136229991913	0.0906221866608	0.101805925369	0.0724301338196	0.0803968906403	0.0637199878693	0.0817511081696	0.0816719532013	0.0959949493408	0.0814621448517	0.0776870250702	0.104650020599	0.0938279628754	0.0845339298248	
['./treeMaker/main', '-m', '-a', '1']
0.096039056778	0.0767381191254	0.0892288684845	0.0966320037842	0.117840051651	0.0982580184937	0.12407708168	0.0965659618378	0.0879938602448	0.0854618549347	0.10996389389	0.0962908267975	0.0957670211792	0.0820159912109	0.0845019817352	0.0894401073456	0.11425614357	0.0955278873444	0.101684093475	0.0993812084198	0.0978698730469	0.0940389633179	0.0741531848907	0.130499839783	0.109379053116	0.0997002124786	0.0866811275482	0.123618125916	0.105278968811	0.0934498310089	0.108855009079	0.106823921204	0.0997731685638	0.0769131183624	0.090616941452	0.109649896622	0.154510974884	0.0975921154022	0.111082077026	0.0784070491791	0.0895040035248	0.0723831653595	0.0904729366302	0.0892751216888	0.103747844696	0.0886430740356	0.0867660045624	0.110671043396	0.0992159843445	0.0964660644531	
['./treeMaker/main', '-m', '-a', '2']
0.0875220298767	0.0685219764709	0.0821530818939	0.0882608890533	0.111208200455	0.0924179553986	0.116734027863	0.0907011032104	0.0832579135895	0.0776798725128	0.102786064148	0.0869560241699	0.087366104126	0.0744819641113	0.0773830413818	0.0734179019928	0.109726190567	0.0866770744324	0.0931119918823	0.0898869037628	0.0919480323792	0.0856108665466	0.0632400512695	0.120162963867	0.104970932007	0.0937628746033	0.0830700397491	0.115103960037	0.0956859588623	0.0849528312683	0.10002207756	0.0965280532837	0.0918259620667	0.070023059845	0.0814490318298	0.0991830825806	0.137866020203	0.090704202652	0.104425191879	0.0725991725922	0.0808770656586	0.0672969818115	0.0863969326019	0.0819489955902	0.0961039066315	0.0819480419159	0.0772140026093	0.104119062424	0.0937361717224	0.0871560573578	
