25_1000_4.9e-10_4.9e-10_470000000_cut_7
25
1000
4.9e-10
4.9e-10
470000000
cut_7
['./treeMaker/main']
0.0491628646851	0.0798799991608	0.08318400383	0.0583260059357	0.0673589706421	0.0547981262207	0.064532995224	0.0694689750671	0.0717558860779	0.05925989151	0.0592529773712	0.0632019042969	0.05885887146	0.0581841468811	0.0534541606903	0.0500378608704	0.0695829391479	0.118753194809	0.0615129470825	0.0535459518433	0.0594449043274	0.0632309913635	0.0711040496826	0.0842559337616	0.0833270549774	0.0541019439697	0.0717639923096	0.0591471195221	0.0463559627533	0.0504641532898	0.103601932526	0.0644428730011	0.235274076462	0.0611870288849	0.0331270694733	0.0784468650818	0.0636930465698	0.0574381351471	0.048880815506	0.0978507995605	0.0520489215851	0.077803850174	0.197204113007	0.0512819290161	0.0718419551849	0.0566589832306	0.028373003006	0.0480499267578	0.0468649864197	0.132909059525	
['./treeMaker/main', '-b']
0.0494730472565	0.0856330394745	0.0860109329224	0.058159828186	0.0667741298676	0.0564820766449	0.0660049915314	0.0740351676941	0.0682981014252	0.0598809719086	0.0623419284821	0.0650291442871	0.064090013504	0.0594780445099	0.0520360469818	0.052109003067	0.0729720592499	0.122452020645	0.067193031311	0.054484128952	0.0588800907135	0.0568108558655	0.0740649700165	0.0873029232025	0.0870850086212	0.056165933609	0.0698180198669	0.0597310066223	0.049339056015	0.0481491088867	0.107184886932	0.0661599636078	0.240354061127	0.0640261173248	0.0333120822906	0.0823440551758	0.0652990341187	0.0578219890594	0.0497069358826	0.0937330722809	0.0548610687256	0.0802919864655	0.204549074173	0.0555109977722	0.0743098258972	0.0575618743896	0.0297520160675	0.0498609542847	0.0484230518341	0.137398004532	
['./treeMaker/main', '-u']
0.048318862915	0.0927240848541	0.0844430923462	0.060485124588	0.0644090175629	0.0568089485168	0.0652120113373	0.0694439411163	0.0703527927399	0.0593299865723	0.0596790313721	0.0641598701477	0.0600068569183	0.0581729412079	0.0531530380249	0.0533680915833	0.0719859600067	0.119525909424	0.0628709793091	0.054386138916	0.0607869625092	0.0549738407135	0.0702421665192	0.0885891914368	0.084125995636	0.0604231357574	0.0724778175354	0.0591259002686	0.0472559928894	0.0486898422241	0.103994846344	0.0654029846191	0.233139038086	0.0626261234283	0.0353009700775	0.0776069164276	0.0639050006866	0.0666620731354	0.0501098632812	0.10174703598	0.0633790493011	0.0769448280334	0.199728012085	0.059417963028	0.0726399421692	0.057923078537	0.0288000106812	0.0486130714417	0.0492930412292	0.132536172867	
['./treeMaker/main', '-t', '-r', '1']
0.829823970795	1.61898398399	1.52037882805	1.05479478836	1.15034794807	1.00552892685	1.23290300369	1.39896392822	1.21805214882	1.11848402023	1.07719612122	1.1451189518	1.0586950779	1.01778101921	0.923334121704	0.94536113739	1.38245201111	2.21195888519	1.13201284409	0.865490913391	1.017827034	0.87552022934	1.37786602974	1.59924602509	1.57821106911	0.89718079567	1.41456604004	1.10745716095	0.805361032486	0.771741867065	2.12211799622	1.19908189774	4.51327800751	1.13339495659	0.456031799316	1.57950115204	1.19150209427	0.99255490303	0.839283943176	1.80561184883	0.921117067337	1.5008790493	3.64509797096	0.945755004883	1.45746397972	1.01208090782	0.355257034302	0.85813498497	0.804263114929	2.4441280365	
['./treeMaker/main', '-t', '-r', '2']
1.32001304626	2.61525392532	2.55582404137	1.7149951458	1.81221795082	1.63231897354	1.819409132	2.19110393524	2.0756790638	1.71959996223	1.87221288681	1.84924793243	1.84230208397	1.70826005936	1.43412780762	1.50365304947	2.16443490982	3.95156407356	1.95110082626	1.46352696419	1.65473389626	1.68387198448	2.12544488907	2.64231705666	2.55382108688	1.6301009655	2.09503102303	1.8451859951	1.23758506775	1.26365995407	3.39628195763	1.92573904991	6.71680092812	1.75826883316	0.749084949493	2.52323007584	1.92997479439	1.58141112328	1.33889508247	2.95496416092	1.59968900681	2.68543601036	6.07405996323	1.4487349987	2.28941893578	1.58313298225	0.559673786163	1.35094189644	1.3292491436	4.22388315201	
['./treeMaker/main', '-t', '-r', '1', '-N']
0.831952810287	1.62229609489	1.52796411514	1.08265805244	1.15199494362	1.01052188873	1.21218395233	1.41887903214	1.22386813164	1.12285399437	1.08022904396	1.13975691795	1.06398105621	1.01829314232	0.925835847855	0.946002006531	1.4131360054	2.21023321152	1.14097213745	0.86846613884	1.01704907417	0.878069877625	1.38363909721	1.60346508026	1.58029603958	0.911304950714	1.41771411896	1.11317491531	0.805893182755	0.771066188812	2.12645697594	1.19601488113	4.50726914406	1.13830518723	0.455947875977	1.61494898796	1.17891097069	0.996432065964	0.84373497963	1.80699896812	0.924701929092	1.50388503075	3.72072410583	0.939470052719	1.45768713951	1.02377390862	0.359379053116	0.871327161789	0.839318990707	2.4335000515	
['./treeMaker/main', '-t', '-r', '2', '-N']
1.32284402847	2.61617803574	2.55775403976	1.7155110836	1.80896306038	1.6318769455	1.82552599907	2.16399979591	2.07865595818	1.71933412552	1.86566996574	1.84773111343	1.847178936	1.81903100014	1.49287390709	1.50510811806	2.16292405128	3.86603188515	1.95166397095	1.46156597137	1.64888095856	1.68399500847	2.1232278347	2.64431405067	2.56280398369	1.62678408623	2.09280800819	1.85483384132	1.23854994774	1.26557397842	3.38317203522	1.92478203773	6.61366081238	1.76328492165	0.748007059097	2.52307415009	1.90413808823	1.58165502548	1.34271907806	2.93333816528	1.57828998566	2.68423295021	6.08305811882	1.44861102104	2.28969216347	1.58607888222	0.557401180267	1.3486289978	1.33638501167	4.28473210335	
['./treeMaker/main', '-m']
0.040344953537	0.0619320869446	0.0603110790253	0.0466310977936	0.0503580570221	0.0441520214081	0.0495090484619	0.0530030727386	0.0527021884918	0.0469801425934	0.0477859973907	0.0489809513092	0.04763007164	0.0462219715118	0.0441899299622	0.0419130325317	0.0547199249268	0.0779228210449	0.0492298603058	0.0420670509338	0.0460860729218	0.0439879894257	0.0519909858704	0.0613439083099	0.0620100498199	0.0439081192017	0.0538458824158	0.0468819141388	0.0396249294281	0.0394740104675	0.0702619552612	0.0492720603943	0.112272977829	0.0478188991547	0.028450012207	0.0582809448242	0.0485520362854	0.0457420349121	0.0402081012726	0.0624339580536	0.0444040298462	0.0554170608521	0.113082170486	0.0445871353149	0.053964138031	0.0456337928772	0.0247972011566	0.0395820140839	0.0392529964447	0.0835921764374	
['./treeMaker/main', '-m', '-b']
0.0420820713043	0.0632448196411	0.0626049041748	0.0505859851837	0.0505812168121	0.0467801094055	0.0503811836243	0.0567297935486	0.0547249317169	0.0497019290924	0.0488860607147	0.0603840351105	0.0502178668976	0.0488770008087	0.0570271015167	0.0468389987946	0.0608539581299	0.0871338844299	0.0550611019135	0.0460247993469	0.0493659973145	0.0469400882721	0.0571310520172	0.0660080909729	0.0676720142365	0.0477271080017	0.0593998432159	0.0498850345612	0.0399379730225	0.0425820350647	0.0754501819611	0.053689956665	0.131129980087	0.0507249832153	0.0299019813538	0.0613150596619	0.0531721115112	0.0471158027649	0.0546159744263	0.0681841373444	0.0467660427094	0.0616340637207	0.110697031021	0.046215057373	0.0569667816162	0.0470299720764	0.027095079422	0.0398519039154	0.0434050559998	0.0885758399963	
['./treeMaker/main', '-m', '-w', '1']
0.039999961853	0.0599009990692	0.0580348968506	0.0466010570526	0.0496928691864	0.0450940132141	0.0497210025787	0.054239988327	0.0527839660645	0.0477068424225	0.047621011734	0.0491809844971	0.0479609966278	0.0464429855347	0.0435469150543	0.043506860733	0.052521944046	0.0787961483002	0.0502669811249	0.0440809726715	0.0464560985565	0.0430529117584	0.0550200939178	0.0635690689087	0.0764908790588	0.0441188812256	0.0539898872375	0.047502040863	0.0375151634216	0.0391440391541	0.0704090595245	0.0509719848633	0.112330913544	0.0481250286102	0.028694152832	0.0584208965302	0.048376083374	0.045480966568	0.0419700145721	0.0651140213013	0.0442559719086	0.0584909915924	0.103465080261	0.0446829795837	0.0541429519653	0.0453479290009	0.0270009040833	0.0397050380707	0.0395128726959	0.0829420089722	
['./treeMaker/main', '-m', '-w', '2']
0.0513639450073	0.0594890117645	0.0702328681946	0.0468080043793	0.0480818748474	0.0459771156311	0.0496480464935	0.0538649559021	0.0531539916992	0.0451498031616	0.0475280284882	0.0503599643707	0.0483238697052	0.047947883606	0.0436358451843	0.0441670417786	0.0549309253693	0.0768451690674	0.0486001968384	0.0444259643555	0.0489468574524	0.0450758934021	0.0525879859924	0.0626149177551	0.0624430179596	0.044233083725	0.0538201332092	0.0477211475372	0.0396659374237	0.0416271686554	0.0690081119537	0.0486869812012	0.113940000534	0.0488119125366	0.0303859710693	0.0570211410522	0.0495970249176	0.0551369190216	0.0397939682007	0.0637600421906	0.0447680950165	0.0595128536224	0.104954004288	0.0448260307312	0.0539360046387	0.0438709259033	0.0270960330963	0.0386509895325	0.0398960113525	0.0850489139557	
['./treeMaker/main', '-m', '-c', '1']
0.052041053772	0.0598330497742	0.0597021579742	0.0572597980499	0.0602550506592	0.0468320846558	0.0534598827362	0.0632109642029	0.053564786911	0.0454349517822	0.0489509105682	0.0489368438721	0.04816198349	0.0464429855347	0.0434470176697	0.0413980484009	0.0555169582367	0.0765099525452	0.0501430034637	0.0429608821869	0.0463101863861	0.0442099571228	0.0524690151215	0.0627439022064	0.07102394104	0.0437259674072	0.0543038845062	0.0471911430359	0.038015127182	0.039391040802	0.0706498622894	0.0507299900055	0.122530937195	0.0481288433075	0.0287780761719	0.0583190917969	0.0486240386963	0.0451200008392	0.0397200584412	0.0644590854645	0.0443460941315	0.0572080612183	0.101694107056	0.043566942215	0.0542600154877	0.0453288555145	0.0246829986572	0.039363861084	0.0417969226837	0.0829820632935	
['./treeMaker/main', '-m', '-c', '2']
0.0396420955658	0.0590100288391	0.060142993927	0.0478000640869	0.0503220558167	0.0452749729156	0.0491399765015	0.0631399154663	0.0531210899353	0.0463831424713	0.0472950935364	0.0481059551239	0.0479929447174	0.0462172031403	0.0535879135132	0.0443279743195	0.0545690059662	0.078192949295	0.0517449378967	0.044764995575	0.0490989685059	0.0443108081818	0.0520060062408	0.0624709129333	0.0593860149384	0.0442929267883	0.0530009269714	0.0475640296936	0.0390849113464	0.0417327880859	0.0704679489136	0.0482089519501	0.112750053406	0.0481708049774	0.0299389362335	0.0581159591675	0.049430847168	0.0434091091156	0.0394480228424	0.0651619434357	0.0437669754028	0.0571568012238	0.103087902069	0.0444931983948	0.0546469688416	0.0462138652802	0.0266101360321	0.0379359722137	0.0389759540558	0.0815680027008	
['./treeMaker/main', '-m', '-a', '1']
0.0436120033264	0.062155008316	0.0644748210907	0.0498268604279	0.052857875824	0.0481719970703	0.0542528629303	0.0568709373474	0.0571739673615	0.0480251312256	0.0493719577789	0.0536231994629	0.0502381324768	0.0609519481659	0.0454938411713	0.0473198890686	0.059100151062	0.0819389820099	0.0539209842682	0.0472688674927	0.0498621463776	0.0485219955444	0.0594539642334	0.0645809173584	0.065318107605	0.0569100379944	0.0563261508942	0.0549719333649	0.0411021709442	0.043524980545	0.0734760761261	0.0515120029449	0.117753982544	0.0528240203857	0.0341770648956	0.0633721351624	0.0546641349792	0.0467901229858	0.0425901412964	0.067939043045	0.0614440441132	0.0613629817963	0.109280824661	0.0474328994751	0.0575799942017	0.0488119125366	0.0375809669495	0.0426621437073	0.0452120304108	0.089457988739	
['./treeMaker/main', '-m', '-a', '2']
0.0409419536591	0.0601367950439	0.0596921443939	0.0476830005646	0.050173997879	0.0460131168365	0.0482490062714	0.0539231300354	0.0533089637756	0.0466520786285	0.048210144043	0.0506739616394	0.0489189624786	0.0464141368866	0.0417320728302	0.0435481071472	0.055074930191	0.0894110202789	0.0494420528412	0.0422148704529	0.0478429794312	0.0442221164703	0.0545690059662	0.0613529682159	0.060683965683	0.0442180633545	0.0533549785614	0.0586869716644	0.0394048690796	0.0423579216003	0.0699150562286	0.0484948158264	0.113507032394	0.0611388683319	0.0303790569305	0.0569100379944	0.0607180595398	0.0461211204529	0.0394999980927	0.0654590129852	0.0551791191101	0.0589101314545	0.104189872742	0.0430579185486	0.0530381202698	0.0464470386505	0.0305390357971	0.0398001670837	0.0407240390778	0.0816421508789	
