25_100_4.9e-10_4.9e-10_470000000
25
100
4.9e-10
4.9e-10
470000000

['./treeMaker/main']
0.015625	0.0120649337769	0.0158689022064	0.0130791664124	0.0103521347046	0.00918698310852	0.0102488994598	0.0158779621124	0.011559009552	0.0109939575195	0.0170559883118	0.0145111083984	0.01265001297	0.0109128952026	0.0105359554291	0.0157799720764	0.0115540027618	0.0103580951691	0.00977492332458	0.0198509693146	0.0105020999908	0.0121228694916	0.0110499858856	0.0150051116943	0.013808965683	0.024710893631	0.0186290740967	0.0251979827881	0.0146849155426	0.0146169662476	0.014251947403	0.0171809196472	0.0134038925171	0.0166759490967	0.0114161968231	0.0165479183197	0.0114829540253	0.0129549503326	0.0254168510437	0.0147399902344	0.0125980377197	0.0153021812439	0.0151309967041	0.0202560424805	0.0126869678497	0.0185759067535	0.0218160152435	0.013787984848	0.0125501155853	0.0241048336029	
['./treeMaker/main', '-b']
0.0163879394531	0.0128309726715	0.0289840698242	0.0133719444275	0.020660161972	0.0112850666046	0.0219972133636	0.0285651683807	0.0123219490051	0.0172679424286	0.0250079631805	0.0209820270538	0.0185379981995	0.0115492343903	0.0170612335205	0.0176711082458	0.0147278308868	0.0111451148987	0.0104701519012	0.0227060317993	0.0110750198364	0.025869846344	0.0120310783386	0.0166220664978	0.0171639919281	0.0183598995209	0.0191760063171	0.0182058811188	0.0128200054169	0.0245821475983	0.0121970176697	0.0179879665375	0.0135128498077	0.0184729099274	0.0140390396118	0.0137209892273	0.0115599632263	0.0117440223694	0.0148379802704	0.0122730731964	0.0126459598541	0.0136198997498	0.0136461257935	0.0130569934845	0.0163760185242	0.0116121768951	0.014662027359	0.0185520648956	0.0138409137726	0.0154988765717	
['./treeMaker/main', '-u']
0.0163609981537	0.0152220726013	0.0164639949799	0.0165870189667	0.0114297866821	0.0107841491699	0.0118370056152	0.0278820991516	0.0148491859436	0.0118598937988	0.0182600021362	0.0170559883118	0.0153579711914	0.0140261650085	0.0112659931183	0.0185580253601	0.0138349533081	0.0108609199524	0.0122358798981	0.0226640701294	0.0127511024475	0.0132460594177	0.011656999588	0.0170118808746	0.0146880149841	0.0163111686707	0.0190420150757	0.0171501636505	0.0121400356293	0.0146610736847	0.0150129795074	0.0169489383698	0.0131809711456	0.0172109603882	0.0139350891113	0.0134210586548	0.0111949443817	0.0132441520691	0.0244600772858	0.0144729614258	0.0124750137329	0.0132620334625	0.015321969986	0.0106461048126	0.0156409740448	0.0120759010315	0.0141570568085	0.0117399692535	0.0138349533081	0.0125820636749	
['./treeMaker/main', '-t', '-r', '1']
0.278275966644	0.182728052139	0.322489976883	0.224156856537	0.135802984238	0.104788064957	0.149101018906	0.271728992462	0.193672895432	0.160449028015	0.346999883652	0.265930891037	0.200104951859	0.151955127716	0.173099994659	0.292818069458	0.166987895966	0.138280153275	0.119947910309	0.425457000732	0.13169002533	0.187996864319	0.166645050049	0.288393974304	0.214200973511	0.319761991501	0.314132928848	0.249895095825	0.188742876053	0.248136997223	0.175369024277	0.29102897644	0.164076089859	0.280627965927	0.161555051804	0.169538021088	0.162823915482	0.159366130829	0.216840982437	0.189118862152	0.196691989899	0.241837024689	0.192471027374	0.131263971329	0.20871591568	0.108653068542	0.189968824387	0.169213056564	0.197152137756	0.199748039246	
['./treeMaker/main', '-t', '-r', '2']
0.423018932343	0.268309116364	0.482095956802	0.333266973495	0.22092795372	0.154771089554	0.238950014114	0.402256011963	0.273251056671	0.251585006714	0.541937112808	0.415020942688	0.299160957336	0.266406059265	0.23319196701	0.493453025818	0.234319925308	0.211668968201	0.184120178223	0.6487159729	0.206133842468	0.308050870895	0.2651720047	0.427140951157	0.338129997253	0.448081970215	0.482392787933	0.361323833466	0.282450914383	0.340739965439	0.246104955673	0.513989925385	0.253952026367	0.451711177826	0.228736877441	0.26496219635	0.265079975128	0.249078035355	0.357553958893	0.294541120529	0.301026105881	0.362418889999	0.306780099869	0.200054883957	0.328408956528	0.165734052658	0.26704120636	0.235419034958	0.272241830826	0.313529968262	
['./treeMaker/main', '-t', '-r', '1', '-N']
0.277769804001	0.185724973679	0.297610044479	0.220103025436	0.136412858963	0.107933044434	0.149844884872	0.271605968475	0.194628000259	0.167629003525	0.321132183075	0.265127897263	0.19438791275	0.158861160278	0.154870033264	0.291031122208	0.158406972885	0.138728141785	0.137055158615	0.444259881973	0.133208990097	0.207185029984	0.160815954208	0.275362014771	0.226264953613	0.310126066208	0.312168121338	0.240573883057	0.178562164307	0.238909006119	0.175631999969	0.285717010498	0.165337085724	0.287038087845	0.158659934998	0.170521974564	0.153896093369	0.151753902435	0.233016014099	0.189868927002	0.196801185608	0.221575975418	0.217689037323	0.129297971725	0.218802928925	0.104305028915	0.183552026749	0.178565979004	0.189729213715	0.189968824387	
['./treeMaker/main', '-t', '-r', '2', '-N']
0.421200037003	0.29229092598	0.453416109085	0.323014974594	0.199816942215	0.161240816116	0.244245052338	0.400161981583	0.288407087326	0.252618074417	0.506934165955	0.415429115295	0.278178930283	0.256554841995	0.240555047989	0.490139961243	0.256227016449	0.211357116699	0.183659076691	0.645525932312	0.216506004333	0.31703209877	0.255698919296	0.410616874695	0.325912952423	0.44038105011	0.461747169495	0.395173788071	0.291778087616	0.349769115448	0.266072034836	0.502033948898	0.26530790329	0.46381688118	0.239912033081	0.257202863693	0.245605945587	0.242640018463	0.350064992905	0.292107105255	0.290249109268	0.360494852066	0.299961090088	0.189090967178	0.311517953873	0.166991949081	0.254961013794	0.235440015793	0.269593000412	0.310626029968	
['./treeMaker/main', '-m']
0.0150790214539	0.0120098590851	0.014298915863	0.0126988887787	0.0104920864105	0.00947117805481	0.0105938911438	0.0141978263855	0.0117628574371	0.011372089386	0.0151338577271	0.0136089324951	0.0126130580902	0.0112500190735	0.0108740329742	0.0274128913879	0.0148179531097	0.0113999843597	0.010458946228	0.0187320709229	0.0128121376038	0.0120718479156	0.0118618011475	0.0149071216583	0.0130929946899	0.0160489082336	0.0152280330658	0.015928030014	0.0118029117584	0.0138068199158	0.014151096344	0.0150489807129	0.0137360095978	0.0160429477692	0.0131299495697	0.0140628814697	0.0111730098724	0.0128870010376	0.0136280059814	0.0137770175934	0.0136880874634	0.012423992157	0.0124490261078	0.0105140209198	0.0140619277954	0.0114679336548	0.0138199329376	0.0115067958832	0.0128269195557	0.011812210083	
['./treeMaker/main', '-m', '-b']
0.0146129131317	0.0149290561676	0.0150129795074	0.0159938335419	0.0129430294037	0.0122640132904	0.0134260654449	0.0165529251099	0.0147180557251	0.0143859386444	0.016058921814	0.0144829750061	0.0158650875092	0.0146241188049	0.0114469528198	0.0171160697937	0.012188911438	0.0111358165741	0.0124299526215	0.019378900528	0.0132720470428	0.0140779018402	0.0120649337769	0.0145630836487	0.0250649452209	0.014769077301	0.0261428356171	0.0167708396912	0.0143101215363	0.0136749744415	0.0146448612213	0.0158388614655	0.0144679546356	0.0153748989105	0.01282787323	0.0121901035309	0.0116419792175	0.0127058029175	0.0133249759674	0.0146749019623	0.0129148960114	0.0129508972168	0.0154337882996	0.0108110904694	0.0148799419403	0.0103528499603	0.0141770839691	0.0116629600525	0.0128080844879	0.0174090862274	
['./treeMaker/main', '-m', '-w', '1']
0.0168881416321	0.0150048732758	0.0255630016327	0.0149641036987	0.0106570720673	0.0116410255432	0.0125300884247	0.0157909393311	0.0136361122131	0.0114319324493	0.016685962677	0.0163688659668	0.014732837677	0.0112991333008	0.0117299556732	0.0144689083099	0.0117869377136	0.0115079879761	0.0103001594543	0.018972158432	0.013200044632	0.0121231079102	0.0116531848907	0.0150408744812	0.0156919956207	0.0140879154205	0.0147559642792	0.0153942108154	0.0144410133362	0.013482093811	0.0125548839569	0.0153460502625	0.0140330791473	0.0161950588226	0.0115768909454	0.0134391784668	0.0119640827179	0.0118770599365	0.0139689445496	0.0134289264679	0.0136299133301	0.0127820968628	0.0123300552368	0.0105559825897	0.014456987381	0.00983095169067	0.014251947403	0.0223379135132	0.012414932251	0.011990070343	
['./treeMaker/main', '-m', '-w', '2']
0.0140080451965	0.0121212005615	0.0143599510193	0.0127789974213	0.0132391452789	0.0108959674835	0.0127558708191	0.014979839325	0.0124068260193	0.0114469528198	0.0280270576477	0.0162909030914	0.0148990154266	0.013561964035	0.0129399299622	0.0201749801636	0.0119619369507	0.0116200447083	0.0103538036346	0.0191850662231	0.0129930973053	0.0133638381958	0.0117750167847	0.0142021179199	0.0132608413696	0.0141808986664	0.0172691345215	0.014289855957	0.0141439437866	0.0135140419006	0.0143809318542	0.0153028964996	0.0140120983124	0.0141649246216	0.0114209651947	0.0122790336609	0.0116360187531	0.0127780437469	0.0135118961334	0.011981010437	0.012099981308	0.0127549171448	0.0144879817963	0.010687828064	0.0142967700958	0.00999903678894	0.0141379833221	0.0115919113159	0.0129039287567	0.0119671821594	
['./treeMaker/main', '-m', '-c', '1']
0.0139009952545	0.013650894165	0.0141479969025	0.0126559734344	0.0104930400848	0.0114529132843	0.0124380588531	0.0156128406525	0.0116279125214	0.0112969875336	0.0169560909271	0.0160160064697	0.0125751495361	0.0112738609314	0.0119421482086	0.0143160820007	0.0114488601685	0.0117809772491	0.0101778507233	0.0187759399414	0.0128338336945	0.0118889808655	0.0114178657532	0.0148208141327	0.0130240917206	0.014267206192	0.0144760608673	0.0156848430634	0.0117230415344	0.0138630867004	0.0140559673309	0.0151131153107	0.0133998394012	0.0162711143494	0.0128660202026	0.0235521793365	0.0224540233612	0.0137569904327	0.0139200687408	0.0122599601746	0.0121598243713	0.01358294487	0.0152089595795	0.0107350349426	0.0141010284424	0.0104298591614	0.0140070915222	0.0115699768066	0.0130321979523	0.0119178295135	
['./treeMaker/main', '-m', '-c', '2']
0.0141439437866	0.0130589008331	0.017040014267	0.0128059387207	0.0123188495636	0.0113160610199	0.0129799842834	0.0156378746033	0.0234389305115	0.0113859176636	0.0171160697937	0.0135810375214	0.014111995697	0.0117790699005	0.0117480754852	0.0156869888306	0.0141339302063	0.0117950439453	0.0121691226959	0.0183589458466	0.0128951072693	0.0127949714661	0.0121150016785	0.0142421722412	0.0137269496918	0.0137770175934	0.0144171714783	0.0238769054413	0.0137522220612	0.0138890743256	0.0128698348999	0.0175220966339	0.0114479064941	0.0146400928497	0.0117511749268	0.0132961273193	0.0209829807281	0.0128519535065	0.0135960578918	0.0115129947662	0.0123841762543	0.013160943985	0.0121829509735	0.0104479789734	0.0140471458435	0.00967502593994	0.0138018131256	0.0120840072632	0.0126159191132	0.012069940567	
['./treeMaker/main', '-m', '-a', '1']
0.0146141052246	0.0136740207672	0.014918088913	0.0160191059113	0.0126070976257	0.01051902771	0.0119609832764	0.0164458751678	0.0151650905609	0.0121209621429	0.015811920166	0.0143899917603	0.0160548686981	0.0120229721069	0.0156729221344	0.0151889324188	0.0148570537567	0.0116519927979	0.0109000205994	0.0192639827728	0.0135371685028	0.0126481056213	0.0121250152588	0.0141251087189	0.0164039134979	0.0162029266357	0.015380859375	0.0151569843292	0.0125081539154	0.0139799118042	0.0141270160675	0.0158290863037	0.0120270252228	0.017128944397	0.0144500732422	0.0135169029236	0.0120089054108	0.0126659870148	0.0135138034821	0.0146131515503	0.012521982193	0.0130319595337	0.0156638622284	0.0113019943237	0.013955116272	0.0122451782227	0.0136179924011	0.0119709968567	0.0129129886627	0.0125739574432	
['./treeMaker/main', '-m', '-a', '2']
0.0250599384308	0.0142860412598	0.0143461227417	0.0128331184387	0.0125141143799	0.0103359222412	0.0128939151764	0.0164399147034	0.0141780376434	0.0115678310394	0.0165779590607	0.0155029296875	0.0128560066223	0.0116770267487	0.0115489959717	0.0162010192871	0.0142979621887	0.0116441249847	0.012158870697	0.0188300609589	0.0130209922791	0.0230748653412	0.0140521526337	0.0137960910797	0.015065908432	0.0164799690247	0.014554977417	0.0132720470428	0.0144150257111	0.0132360458374	0.0147030353546	0.0152299404144	0.0134720802307	0.0140609741211	0.0218889713287	0.0117881298065	0.0116341114044	0.0131800174713	0.0237619876862	0.0117511749268	0.01238489151	0.0124940872192	0.0124349594116	0.0106730461121	0.0142600536346	0.00989198684692	0.0138258934021	0.0120060443878	0.012925863266	0.012298822403	
