25_1000_4.9e-10_4.9e-10_470000000_cut_1
25
1000
4.9e-10
4.9e-10
470000000
cut_1
['./treeMaker/main']
0.0525951385498	0.0831441879272	0.0896520614624	0.0581212043762	0.0658187866211	0.0535280704498	0.0688140392303	0.0749499797821	0.0820829868317	0.0597538948059	0.0686829090118	0.0702660083771	0.0642950534821	0.0592360496521	0.0610179901123	0.0492248535156	0.0785009860992	0.121860980988	0.0625519752502	0.0572438240051	0.0649080276489	0.0550570487976	0.0739278793335	0.0955488681793	0.0879509449005	0.0550589561462	0.0757098197937	0.0582740306854	0.0467550754547	0.0525240898132	0.107058048248	0.0662450790405	0.251950025558	0.0620579719543	0.0364379882812	0.0789139270782	0.064747095108	0.0618088245392	0.0524270534515	0.101691961288	0.0574839115143	0.0796110630035	0.207588911057	0.055272102356	0.0804240703583	0.0583071708679	0.0302059650421	0.048112154007	0.0501449108124	0.149605035782	
['./treeMaker/main', '-b']
0.0565249919891	0.0870549678802	0.0937469005585	0.0606970787048	0.0685379505157	0.0583791732788	0.0685129165649	0.0773918628693	0.073166847229	0.0641980171204	0.0617918968201	0.0694000720978	0.068598985672	0.0644378662109	0.0592029094696	0.0514249801636	0.0808379650116	0.126994132996	0.0646831989288	0.056969165802	0.0645270347595	0.0564789772034	0.0759608745575	0.114809989929	0.0949509143829	0.0562269687653	0.0782630443573	0.0602948665619	0.0482540130615	0.0505480766296	0.111419200897	0.0671710968018	0.261524915695	0.0700218677521	0.036945104599	0.0832130908966	0.0665400028229	0.0785889625549	0.0546779632568	0.100512981415	0.058730840683	0.0780100822449	0.209969997406	0.0541129112244	0.0784940719604	0.058198928833	0.0319139957428	0.049427986145	0.0527601242065	0.157300949097	
['./treeMaker/main', '-u']
0.0552198886871	0.0840430259705	0.0924530029297	0.0593810081482	0.0680251121521	0.0561790466309	0.0680730342865	0.0746500492096	0.0736129283905	0.0621628761292	0.0627830028534	0.0715548992157	0.0664300918579	0.0611560344696	0.0587408542633	0.0497829914093	0.0786261558533	0.122922897339	0.0633292198181	0.0567979812622	0.075089931488	0.0547049045563	0.075334072113	0.0960190296173	0.0878410339355	0.0549750328064	0.0774750709534	0.0587749481201	0.057226896286	0.0540709495544	0.108870983124	0.0669620037079	0.252594947815	0.0654540061951	0.0359590053558	0.0828928947449	0.0636661052704	0.0612030029297	0.0529849529266	0.109503984451	0.0565409660339	0.0741529464722	0.203699111938	0.0521669387817	0.0770990848541	0.0573518276215	0.0294950008392	0.0488600730896	0.0497009754181	0.14920091629	
['./treeMaker/main', '-t', '-r', '1']
1.00442099571	1.73353695869	1.74006605148	1.09762692451	1.28474807739	1.00460910797	1.427973032	1.50512194633	1.34279203415	1.31623601913	1.20157694817	1.34567308426	1.25179386139	1.14647817612	1.16557312012	0.963741064072	1.64176297188	2.38979506493	1.2020008564	1.03138017654	1.23775410652	1.03186893463	1.51419186592	1.86884117126	1.87171578407	1.01094985008	1.58045005798	1.17533302307	0.843420028687	0.923388957977	2.30455708504	1.32215094566	4.84399795532	1.23117804527	0.545773983002	1.48809099197	1.21436095238	1.2056748867	0.993155002594	2.03666901588	1.04012703896	1.44388484955	3.78588914871	0.933743000031	1.62995004654	1.06650781631	0.427196979523	0.883816957474	0.863614082336	2.77355098724	
['./treeMaker/main', '-t', '-r', '2']
1.62399601936	2.74645209312	2.89457607269	1.74820208549	1.9972820282	1.56181883812	2.08057808876	2.30045795441	2.30727005005	1.89429092407	1.92667293549	2.17851805687	2.20580506325	1.8896510601	1.73223400116	1.43860006332	2.51762413979	4.1779460907	1.88772392273	1.6650788784	1.91223716736	1.74777412415	2.26941990852	3.11013197899	2.83252596855	1.69536709785	2.35869288445	1.91613817215	1.40417289734	1.71882796288	3.76167798042	2.50213217735	7.42387104034	2.28191900253	0.943275928497	2.8029551506	2.01929402351	1.8839609623	1.60879278183	3.29872107506	1.80765891075	2.55833816528	6.21717977524	1.41261601448	2.50928711891	1.61732506752	0.695801019669	1.38300204277	1.41533303261	4.97289991379	
['./treeMaker/main', '-t', '-r', '1', '-N']
1.00863289833	1.74476599693	1.74924206734	1.09647607803	1.28613710403	1.00068211555	1.41661810875	1.59154105186	1.34718298912	1.27680802345	1.13293194771	1.33935689926	1.25688505173	1.1968319416	1.1568210125	0.96133685112	1.63494801521	2.36416816711	1.12239313126	1.0621099472	1.23119688034	1.08029413223	1.44394993782	1.8899948597	1.77589702606	0.978289842606	1.5818669796	1.18165016174	0.846150159836	0.928339004517	2.29415011406	1.31952595711	4.85108590126	1.22541594505	0.537254095078	1.48405003548	1.21529603004	1.20894694328	0.993104934692	2.04041194916	1.04025101662	1.44218492508	3.77772307396	0.937355041504	1.631305933	1.06367993355	0.425713062286	0.890790939331	0.870754957199	2.76962590218	
['./treeMaker/main', '-t', '-r', '2', '-N']
1.66460800171	2.7005200386	2.89647197723	1.74398207664	1.99394202232	1.55811595917	2.08457899094	2.30426216125	2.25153779984	1.89121890068	1.93457794189	2.17406010628	2.20990920067	1.88071489334	1.79413700104	1.44213199615	2.51662397385	4.09828209877	1.86015200615	1.66539096832	1.91265010834	1.74156308174	2.26034903526	3.10396194458	2.83293604851	1.70090603828	2.35670900345	1.9142370224	1.26206588745	1.520622015	3.54321503639	2.05099797249	7.16749310493	1.9110660553	0.860161066055	2.64143395424	1.93013095856	1.84301018715	1.56040501595	3.22663497925	1.76248502731	2.48943996429	6.20581912994	1.41342711449	2.51521205902	1.59611606598	0.660290002823	1.37961792946	1.41556787491	4.97563505173	
['./treeMaker/main', '-m']
0.0442969799042	0.0599200725555	0.0644030570984	0.0468058586121	0.0522241592407	0.0437729358673	0.0527160167694	0.0528988838196	0.0536749362946	0.0473818778992	0.0481050014496	0.0497291088104	0.0497291088104	0.0480828285217	0.0458998680115	0.0407168865204	0.0570430755615	0.0767149925232	0.0499000549316	0.0460040569305	0.0499861240387	0.044440984726	0.0546889305115	0.0647549629211	0.0630331039429	0.0428500175476	0.0554049015045	0.0477888584137	0.0401089191437	0.0401568412781	0.0712239742279	0.0514850616455	0.117490053177	0.0559442043304	0.0293791294098	0.0584950447083	0.0486690998077	0.0479960441589	0.0443358421326	0.0669441223145	0.0468521118164	0.0600008964539	0.102579116821	0.0436000823975	0.0562582015991	0.0456259250641	0.027163028717	0.0393278598785	0.0396630764008	0.091964006424	
['./treeMaker/main', '-m', '-b']
0.0461239814758	0.0635459423065	0.0681331157684	0.0488510131836	0.0548360347748	0.0477960109711	0.0542290210724	0.0573070049286	0.0572731494904	0.0481419563293	0.0519678592682	0.0547659397125	0.0536549091339	0.0484428405762	0.0500500202179	0.0454320907593	0.0583820343018	0.0851027965546	0.0499110221863	0.047571182251	0.0517280101776	0.0463609695435	0.0557661056519	0.0700800418854	0.0660448074341	0.0463838577271	0.0611021518707	0.0508229732513	0.0411531925201	0.0467839241028	0.07572722435	0.0532569885254	0.124339103699	0.0507361888885	0.0315248966217	0.0635418891907	0.050684928894	0.0502791404724	0.0453350543976	0.0718860626221	0.0477731227875	0.0574510097504	0.128977060318	0.043869972229	0.0596508979797	0.0475120544434	0.0383439064026	0.0415360927582	0.0414819717407	0.0949039459229	
['./treeMaker/main', '-m', '-w', '1']
0.0446739196777	0.0582139492035	0.0633230209351	0.0464828014374	0.0527720451355	0.0445508956909	0.0501198768616	0.0530281066895	0.0549612045288	0.0475089550018	0.0484941005707	0.0518269538879	0.0517239570618	0.0481131076813	0.04643201828	0.0427029132843	0.0576391220093	0.0895359516144	0.0502800941467	0.0543529987335	0.0485730171204	0.0431611537933	0.0555899143219	0.0631868839264	0.0641350746155	0.0448410511017	0.0561261177063	0.0492749214172	0.0386049747467	0.0429320335388	0.0708198547363	0.0489249229431	0.117836952209	0.0492279529572	0.0304780006409	0.0607650279999	0.0498769283295	0.0464959144592	0.0435872077942	0.0778322219849	0.0455980300903	0.0558190345764	0.103809833527	0.0519459247589	0.0555601119995	0.0445740222931	0.0280439853668	0.0380749702454	0.0400969982147	0.0912489891052	
['./treeMaker/main', '-m', '-w', '2']
0.0449249744415	0.0586187839508	0.0633459091187	0.0467848777771	0.0499880313873	0.046315908432	0.0531740188599	0.0559778213501	0.0658850669861	0.0481271743774	0.0475580692291	0.0531668663025	0.0528450012207	0.0499000549316	0.0469598770142	0.0406579971313	0.0600299835205	0.0816848278046	0.0494389533997	0.0461139678955	0.0514810085297	0.0447239875793	0.0563509464264	0.0657241344452	0.0635900497437	0.0439879894257	0.0558710098267	0.0499329566956	0.0395300388336	0.0430779457092	0.0718190670013	0.049211025238	0.117376804352	0.0494558811188	0.0296518802643	0.0619719028473	0.050598859787	0.0481739044189	0.0441861152649	0.0676200389862	0.0471889972687	0.0576319694519	0.103833198547	0.0448458194733	0.0657432079315	0.0464918613434	0.0275428295135	0.0408339500427	0.0413680076599	0.0898489952087	
['./treeMaker/main', '-m', '-c', '1']
0.0416970252991	0.0610918998718	0.0635509490967	0.0476570129395	0.0495779514313	0.0440528392792	0.0521199703217	0.0555830001831	0.0540070533752	0.0588130950928	0.0496141910553	0.0516400337219	0.04984998703	0.0476410388947	0.0457439422607	0.0427951812744	0.056843996048	0.0799820423126	0.0478630065918	0.0459039211273	0.0606851577759	0.0443279743195	0.0542061328888	0.0659630298615	0.0635969638824	0.0425610542297	0.058748960495	0.0559539794922	0.0389499664307	0.0415050983429	0.0712068080902	0.0497770309448	0.116218090057	0.0491330623627	0.0296800136566	0.0602941513062	0.0491271018982	0.0459740161896	0.0439858436584	0.0654458999634	0.0448498725891	0.0555691719055	0.105100870132	0.0435969829559	0.0553810596466	0.0459949970245	0.027242898941	0.0388381481171	0.0425751209259	0.0920929908752	
['./treeMaker/main', '-m', '-c', '2']
0.0446178913116	0.0580830574036	0.0635821819305	0.0463891029358	0.0522339344025	0.0440671443939	0.0522220134735	0.0548620223999	0.0533800125122	0.0481979846954	0.0487208366394	0.0521399974823	0.0511131286621	0.0474390983582	0.0495889186859	0.0410900115967	0.0552661418915	0.0785210132599	0.0491118431091	0.0458559989929	0.0514831542969	0.043613910675	0.0547440052032	0.065906047821	0.0634429454803	0.0421831607819	0.0555138587952	0.0481481552124	0.0387358665466	0.0430979728699	0.0714101791382	0.0490028858185	0.117743015289	0.0487058162689	0.0293488502502	0.0597860813141	0.0495212078094	0.0486199855804	0.0420789718628	0.0670030117035	0.0463740825653	0.0567128658295	0.104780912399	0.0434138774872	0.0551118850708	0.0451791286469	0.0268518924713	0.0385720729828	0.0398061275482	0.0872578620911	
['./treeMaker/main', '-m', '-a', '1']
0.0597958564758	0.0636711120605	0.079845905304	0.050815820694	0.0555820465088	0.0481288433075	0.0557260513306	0.0647919178009	0.057030916214	0.0489459037781	0.0534179210663	0.0532710552216	0.0557310581207	0.0515699386597	0.0494048595428	0.0464630126953	0.0591089725494	0.0833330154419	0.0518598556519	0.0480999946594	0.0532531738281	0.0473830699921	0.0564780235291	0.0675621032715	0.0668671131134	0.046707868576	0.0582270622253	0.0518691539764	0.0432040691376	0.0463771820068	0.0738041400909	0.0546820163727	0.119714975357	0.053719997406	0.0327661037445	0.0637459754944	0.0548360347748	0.0510997772217	0.0553419589996	0.0726358890533	0.0471220016479	0.0619289875031	0.116181850433	0.0491020679474	0.0591461658478	0.0488729476929	0.0288741588593	0.0431480407715	0.0437150001526	0.0954110622406	
['./treeMaker/main', '-m', '-a', '2']
0.0422649383545	0.0594091415405	0.0643169879913	0.0463240146637	0.052225112915	0.0448019504547	0.050302028656	0.0545098781586	0.0547821521759	0.047544002533	0.0497450828552	0.0515050888062	0.0494031906128	0.0480320453644	0.048063993454	0.04132604599	0.0574669837952	0.0786039829254	0.0501120090485	0.0460431575775	0.0496308803558	0.0440549850464	0.0552680492401	0.0647950172424	0.0636298656464	0.0437009334564	0.056519985199	0.0476169586182	0.0391459465027	0.0427899360657	0.0713548660278	0.0503761768341	0.117681980133	0.0499160289764	0.0294678211212	0.0613570213318	0.0525858402252	0.0474190711975	0.0445599555969	0.0675821304321	0.0438959598541	0.057028055191	0.104614973068	0.0427329540253	0.0556719303131	0.045551776886	0.02716588974	0.0530471801758	0.0436170101166	0.0903129577637	
