25_1000_4.9e-10_4.9e-11_470000000
25
1000
4.9e-10
4.9e-11
470000000

['./treeMaker/main']
2.12141084671	7.67626285553	1.23107099533	2.75975799561	15.9693570137	0.759585142136	1.57689189911	0.913121938705	7.28956913948	10.6965839863	4.57699298859	0.43412399292	0.58509683609	4.31910610199	0.76104092598	1.71406507492	7.47966599464	16.5136079788	3.20052599907	0.785804986954	7.84320688248	1.57630491257	2.88201117516	0.76541686058	1.10767102242	0.418349981308	71.2262449265	14.7247698307	2.75554394722	17.9764039516	6.30232715607	24.6304700375	5.1746327877	0.452009916306	5.18422698975	4.35601806641	6.02496409416	1.38193202019	2.05085110664	1.01203107834	0.527607917786	1.46279406548	2.14075303078	10.6788589954	0.683830022812	2.89725899696	2.45349693298	3.64536094666	0.417864084244	0.766961097717	
['./treeMaker/main', '-b']
2.52840304375	6.90883398056	1.24469304085	2.3314769268	15.3148870468	0.830137968063	1.87406516075	0.968451023102	6.75797510147	11.0399880409	5.26451897621	0.451200962067	0.691395998001	4.18007493019	0.7200319767	1.61239099503	7.34358596802	16.8942010403	3.18100500107	0.813952922821	8.22569298744	1.53352403641	2.71276593208	0.80788898468	1.14783906937	0.495898008347	68.9626300335	14.763338089	2.7858839035	16.7228848934	6.57373905182	25.1809380054	5.52681612968	0.45734000206	5.28043699265	4.34631490707	5.9846739769	1.59177303314	2.20864200592	0.989932060242	0.527122020721	1.34995889664	1.81946992874	11.2217669487	0.664793014526	3.06138300896	2.41060805321	3.96689796448	0.433645009995	0.702295064926	
['./treeMaker/main', '-u']
2.26378798485	7.13639307022	1.34672188759	2.52056217194	14.4872159958	0.838495016098	1.60170388222	0.926257133484	6.46963500977	10.1877129078	4.84177589417	0.492302894592	0.617136955261	4.48647785187	0.711374044418	1.74279308319	7.61546301842	16.7290639877	3.20842504501	0.745944023132	8.04921507835	1.47575187683	2.59521913528	0.790085077286	1.01098203659	0.458198070526	67.7733161449	15.4750640392	2.41478490829	16.5020759106	6.10355615616	24.2155811787	5.26193904877	0.454348087311	4.96987199783	3.65274906158	5.92254400253	1.58579802513	2.23426318169	1.03996706009	0.490141868591	1.42841601372	2.01558589935	11.4548788071	0.658877134323	2.97464299202	2.3894701004	3.6229159832	0.422389984131	0.773633003235	
['./treeMaker/main', '-t', '-r', '1']
21.5239219666	41.9080510139	14.3411822319	22.6969308853	67.9373941422	9.72101378441	17.5415279865	11.0985598564	43.4338440895	54.1972560883	29.8537709713	5.80513811111	8.08738994598	31.4785940647	8.48399710655	16.6563549042	44.9755358696	73.7359740734	25.2328250408	10.4005720615	46.503330946	12.8668119907	22.9011130333	9.35058999062	12.9003000259	5.55177998543	172.244643927	73.1326639652	22.4929771423	74.8375661373	40.0016579628	74.5292699337	35.2953920364	5.59994506836	33.3342809677	29.4161469936	34.6834950447	15.6484539509	19.564838171	10.5498671532	6.79023599625	16.1299109459	19.4914209843	59.8488330841	8.07785797119	26.6002960205	22.4863171577	30.0763549805	6.03360915184	8.49447393417	
['./treeMaker/main', '-t', '-r', '2']
38.5928120613	85.9040658474	26.0178759098	43.5032770634	145.084037066	17.9545118809	31.7469909191	19.4955341816	81.8274040222	93.3626348972	62.7796390057	9.62722587585	12.2820010185	55.8732199669	12.8156168461	26.8378560543	73.9683890343	118.565480947	40.5434570312	15.3401551247	78.0092558861	26.8671219349	39.74386096	13.6014530659	18.1812229156	9.48805713654	309.716882229	108.651736975	34.8014380932	124.97725296	66.9536838531	170.850213051	55.7731208801	8.63862705231	57.1574678421	48.5802118778	68.3072550297	26.4263927937	31.3497169018	17.2669579983	10.0963189602	22.8846361637	28.409058094	89.5388498306	11.8929049969	39.3512740135	35.0128660202	46.7331559658	9.68432211876	13.7704179287	
['./treeMaker/main', '-t', '-r', '1', '-N']
18.3558440208	36.1755230427	12.2759811878	19.2414669991	57.5276510715	8.24768900871	14.951364994	9.45833396912	37.3502259254	46.4560968876	25.2732830048	4.87481999397	6.89132595062	26.6516699791	7.0163769722	13.9296500683	38.3032128811	62.8698439598	21.4857058525	8.79360389709	39.8057670593	10.900755167	19.5378801823	8.06723117828	10.9883151054	4.71143507957	146.642870903	62.3285298347	19.0082099438	62.8198580742	33.8996880054	63.973140955	30.4950208664	4.78320193291	28.0853631496	25.0127110481	29.8843820095	13.2642769814	16.6193840504	8.91809892654	5.82367300987	13.3779051304	16.3861999512	51.0681359768	6.76400113106	22.4456000328	18.5107109547	24.8355388641	4.96114993095	7.04783892632	
['./treeMaker/main', '-t', '-r', '2', '-N']
32.1234629154	72.5460369587	21.8738000393	36.0634560585	123.03986001	15.1036560535	26.4111120701	16.2553658485	68.7499690056	94.1487488747	63.4021868706	9.58729910851	12.1068239212	55.4652910233	13.0891590118	26.4954071045	74.6459681988	117.14586997	40.4355211258	15.4762358665	77.8148729801	26.8651938438	39.7865018845	13.4637560844	18.5403468609	9.52668404579	310.148411989	108.907621145	35.2645349503	125.016773939	67.1418700218	168.897397995	55.2507250309	8.53837513924	57.2933619022	48.6636939049	68.2635188103	26.2779159546	31.0685539246	17.2827420235	10.009155035	23.0337479115	28.5533058643	89.9928438663	12.2045400143	40.052396059	35.0093619823	46.291960001	9.84103989601	13.7328407764	
['./treeMaker/main', '-m']
0.425288915634	0.740961074829	0.335482120514	0.456346988678	1.1793088913	0.259989023209	0.353141069412	0.249813079834	0.770597934723	0.924012899399	0.68635892868	0.176651954651	0.207114934921	0.637010097504	0.214298963547	0.358104944229	0.786448001862	1.15206003189	0.483772039413	0.247895956039	0.785691976547	0.365128993988	0.469347953796	0.236115932465	0.303711891174	0.177638053894	2.43384408951	1.02078294754	0.439475059509	1.19362592697	0.740849018097	1.47492313385	0.643770933151	0.164383172989	0.668565034866	0.592313051224	0.736229896545	0.36066699028	0.394503116608	0.286931037903	0.204085111618	0.326537847519	0.388772010803	0.906667947769	0.20751619339	0.512556791306	0.455111026764	0.576522111893	0.18425989151	0.245198011398	
['./treeMaker/main', '-m', '-b']
0.495767831802	0.897413015366	0.363813877106	0.520131826401	1.33675193787	0.269734859467	0.418631076813	0.281181097031	0.802539110184	1.06102609634	0.776678800583	0.18997502327	0.227929115295	0.696800947189	0.244703054428	0.388987064362	0.848400831223	1.3161149025	0.537883996964	0.282118082047	0.911961078644	0.426742076874	0.521648168564	0.24768614769	0.306155920029	0.195591926575	2.69289422035	1.18215608597	0.498131990433	1.35103583336	0.827752828598	1.65136289597	0.683281898499	0.174718141556	0.692418813705	0.61740899086	0.841718912125	0.404626846313	0.472160816193	0.305359840393	0.209490060806	0.36801815033	0.442796945572	1.07838106155	0.248003005981	0.532733917236	0.47448682785	0.613399982452	0.191385984421	0.273239135742	
['./treeMaker/main', '-m', '-w', '1']
0.440570116043	0.760343790054	0.32014799118	0.462588071823	1.16085481644	0.248518943787	0.377589941025	0.265223026276	0.769931077957	0.948590993881	0.728547096252	0.176769018173	0.215564012527	0.658578872681	0.220441102982	0.361454963684	0.769315004349	1.14179301262	0.485565900803	0.246678113937	0.787949800491	0.364502906799	0.473540067673	0.225700855255	0.293619155884	0.177828073502	2.44585800171	1.06368589401	0.456073045731	1.21167707443	0.721196889877	1.50299715996	0.642456054688	0.170115947723	0.647849082947	0.580716133118	0.747392892838	0.351547002792	0.40064406395	0.276204824448	0.189021110535	0.340432167053	0.412217855453	0.943140983582	0.210052967072	0.501801967621	0.445806026459	0.533929824829	0.180672883987	0.248669147491	
['./treeMaker/main', '-m', '-w', '2']
0.449471950531	0.761151075363	0.339293003082	0.456069946289	1.1667599678	0.253057003021	0.369961023331	0.265080928802	0.743834972382	0.94415807724	0.711620092392	0.178785085678	0.22118806839	0.64287686348	0.234546899796	0.372900009155	0.806391000748	1.16995787621	0.535025835037	0.259767055511	0.842200040817	0.394543886185	0.486616134644	0.244012117386	0.293700933456	0.180101156235	2.44553089142	1.05036306381	0.466621875763	1.21282315254	0.750243902206	1.48834705353	0.629653930664	0.187278985977	0.651098966599	0.601171970367	0.732484817505	0.361605882645	0.412868022919	0.292057037354	0.19917011261	0.340929031372	0.386059045792	0.912144899368	0.219967126846	0.504537820816	0.453864097595	0.567492008209	0.179933071136	0.247926950455	
['./treeMaker/main', '-m', '-c', '1']
0.418341159821	0.79226899147	0.329091072083	0.454832077026	1.1862308979	0.252048015594	0.371108055115	0.251274824142	0.745461940765	0.915817975998	0.72257900238	0.203057765961	0.220639944077	0.651898145676	0.221414089203	0.385574102402	0.787693023682	1.17919588089	0.514742136002	0.258903980255	0.813014984131	0.377920866013	0.508871078491	0.242707014084	0.296839952469	0.190328121185	2.47236800194	1.05459213257	0.454601764679	1.20427393913	0.742780923843	1.51314592361	0.638690948486	0.162582159042	0.660341024399	0.584383964539	0.729053974152	0.360388994217	0.415380954742	0.277810096741	0.192351818085	0.336916923523	0.403412103653	0.937818050385	0.20570898056	0.487275123596	0.448681116104	0.550173997879	0.188357830048	0.235918998718	
['./treeMaker/main', '-m', '-c', '2']
0.436617136002	0.74649310112	0.329967021942	0.458652973175	1.18825697899	0.261515855789	0.373543024063	0.266834974289	0.763113021851	0.982629776001	0.703690052032	0.195256948471	0.224604845047	0.652284145355	0.230278015137	0.380233049393	0.787991046906	1.17537117004	0.499029159546	0.24239397049	0.802427053452	0.381115913391	0.492966890335	0.23657989502	0.302766084671	0.188675880432	2.44857788086	1.1036939621	0.489996910095	1.24472808838	0.757791996002	1.47972106934	0.650819063187	0.166743993759	0.666531085968	0.576446771622	0.758594989777	0.356611967087	0.408686161041	0.288200139999	0.194190979004	0.361358165741	0.397238969803	0.946186065674	0.217693090439	0.497771024704	0.430938005447	0.559252023697	0.182631015778	0.268923997879	
['./treeMaker/main', '-m', '-a', '1']
0.458179950714	0.807693004608	0.346915006638	0.471475839615	1.18919897079	0.270929098129	0.366389036179	0.289550065994	0.741187095642	0.95952796936	0.730049133301	0.19207906723	0.240773916245	0.638622045517	0.242044210434	0.401609897614	0.783372879028	1.15156388283	0.532253980637	0.249613046646	0.840332984924	0.374668121338	0.477303028107	0.249679803848	0.311383962631	0.19553399086	2.39085412025	1.03269910812	0.485011816025	1.23199796677	0.7689909935	1.51193904877	0.638131141663	0.180876970291	0.6431889534	0.603813886642	0.755342960358	0.380837917328	0.410363912582	0.304244995117	0.196662902832	0.338351011276	0.413905143738	0.94727897644	0.22440123558	0.520022153854	0.465336799622	0.585983991623	0.197108983994	0.26723408699	
['./treeMaker/main', '-m', '-a', '2']
0.442715883255	0.768978118896	0.315357208252	0.453938007355	1.13015913963	0.256747961044	0.374308109283	0.272521018982	0.77895617485	0.954100131989	0.718922138214	0.180311918259	0.221346139908	0.642966985703	0.222624063492	0.361593008041	0.770337104797	1.16711997986	0.502157211304	0.255390167236	0.812783002853	0.393645048141	0.479890823364	0.235594034195	0.296690940857	0.192500114441	2.45452213287	1.07347917557	0.440583944321	1.21029186249	0.745131015778	1.48690319061	0.62282204628	0.165920972824	0.666234016418	0.564201116562	0.741177082062	0.340913057327	0.407665967941	0.289463043213	0.193653106689	0.340838909149	0.415207862854	0.93786907196	0.208413124084	0.477241039276	0.448676109314	0.566359996796	0.176857948303	0.246048927307	
