25_1000_4.9e-10_4.9e-10_470000000_cut_4
25
1000
4.9e-10
4.9e-10
470000000
cut_4
['./treeMaker/main']
0.0523698329926	0.080305814743	0.0836899280548	0.0563209056854	0.0655770301819	0.0558381080627	0.0667469501495	0.0696518421173	0.0692710876465	0.0596179962158	0.0631239414215	0.0669279098511	0.0636808872223	0.0624759197235	0.0554928779602	0.0514039993286	0.0753037929535	0.118233203888	0.0649189949036	0.0669751167297	0.0604689121246	0.0531220436096	0.0667500495911	0.0881240367889	0.0870039463043	0.0537087917328	0.0724351406097	0.0589270591736	0.0472218990326	0.0480608940125	0.106915950775	0.0692889690399	0.24747800827	0.064306974411	0.0358979701996	0.0781421661377	0.0653538703918	0.0589051246643	0.0491199493408	0.0955169200897	0.0539898872375	0.0764801502228	0.197938919067	0.0537729263306	0.0736560821533	0.0572280883789	0.0270819664001	0.0501341819763	0.046471118927	0.142668962479	
['./treeMaker/main', '-b']
0.0525817871094	0.0837709903717	0.0902531147003	0.0580320358276	0.0691139698029	0.0593822002411	0.068265914917	0.082631111145	0.0718200206757	0.0635631084442	0.0752940177917	0.0787200927734	0.0681500434875	0.0639200210571	0.0614430904388	0.0539689064026	0.0780129432678	0.12509894371	0.0668570995331	0.0578610897064	0.0747940540314	0.0674819946289	0.07231092453	0.105658054352	0.0936079025269	0.0588221549988	0.075471162796	0.0632309913635	0.0485498905182	0.0529448986053	0.120758056641	0.0693359375	0.251226902008	0.0651609897614	0.0357179641724	0.0800089836121	0.066232919693	0.0594589710236	0.0508680343628	0.0959858894348	0.0545260906219	0.0782668590546	0.20414018631	0.0552680492401	0.0760219097137	0.0593228340149	0.0295250415802	0.0497250556946	0.0485181808472	0.142673969269	
['./treeMaker/main', '-u']
0.0522148609161	0.0812439918518	0.0848100185394	0.0563681125641	0.0663030147552	0.0568730831146	0.0638649463654	0.0688600540161	0.0692749023438	0.0593240261078	0.0645380020142	0.0634288787842	0.0654830932617	0.0635759830475	0.056715965271	0.0539379119873	0.0742981433868	0.120057821274	0.0653560161591	0.0564241409302	0.0594708919525	0.0519568920135	0.0671491622925	0.0876069068909	0.0876359939575	0.0553820133209	0.0733780860901	0.0591540336609	0.046923160553	0.0492210388184	0.107597827911	0.0688290596008	0.24333190918	0.0646347999573	0.0355830192566	0.0781269073486	0.0664370059967	0.0592658519745	0.0498058795929	0.0927231311798	0.0650651454926	0.0769350528717	0.198747873306	0.0541379451752	0.0817270278931	0.0578491687775	0.0279948711395	0.0488419532776	0.04558801651	0.139885902405	
['./treeMaker/main', '-t', '-r', '1']
0.880174875259	1.62976503372	1.5645878315	1.00794696808	1.24228405952	1.01332807541	1.26800203323	1.44435405731	1.3888399601	1.30445194244	1.25860905647	1.24891614914	1.24393701553	1.22736096382	1.12933802605	0.963110923767	1.6464381218	2.53702092171	1.20457792282	1.00024008751	1.21414899826	0.884776115417	1.33152413368	1.76589202881	1.66999983788	0.926982879639	1.54937696457	1.16166806221	0.860455989838	0.86185002327	2.2466340065	1.32941699028	4.61626696587	1.20592808723	0.518138885498	1.60041308403	1.22104692459	1.10101008415	0.916802167892	1.86343383789	0.953217029572	1.46245002747	3.61324214935	0.952585935593	1.54368495941	1.06581282616	0.388689994812	0.894715070724	0.779924154282	2.63206315041	
['./treeMaker/main', '-t', '-r', '2']
1.37613606453	2.60206985474	2.60488510132	1.61427807808	1.9846329689	1.70354509354	1.92967510223	2.16306710243	2.20274591446	1.89111495018	2.2199318409	1.97826194763	2.07957696915	1.8944299221	1.58636307716	1.47064208984	2.40838813782	3.88149785995	1.96321082115	1.59483504295	2.07941198349	1.61687302589	2.13121700287	2.89762711525	2.72646212578	1.66069817543	2.25057983398	1.89785003662	1.36107802391	1.43136501312	3.54363298416	2.10604000092	6.76098394394	1.86481809616	0.855463981628	2.50725793839	2.02229189873	1.74977207184	1.45117592812	3.03647398949	1.62408804893	2.5638589859	6.09944915771	1.51795101166	2.38906502724	1.65906500816	0.626989841461	1.38936519623	1.26761317253	4.53422904015	
['./treeMaker/main', '-t', '-r', '1', '-N']
0.88053393364	1.62712097168	1.57017183304	1.00842785835	1.23994708061	1.01949501038	1.26447796822	1.43416595459	1.2821829319	1.22025895119	1.17918992043	1.22205781937	1.17722797394	1.18248414993	1.0491361618	0.942979097366	1.54457616806	2.24013996124	1.15415787697	0.962184906006	1.1500248909	0.877138137817	1.34223484993	1.82136702538	1.67520093918	0.930749893188	1.5289080143	1.16031289101	0.864376068115	0.860684156418	2.21783304214	1.33000302315	4.61716985703	1.20603489876	0.518718957901	1.60673999786	1.22285103798	1.09899497032	0.915836811066	1.86155390739	0.954598903656	1.45945620537	3.609842062	0.947957992554	1.54057097435	1.07288098335	0.390159130096	0.898710012436	0.782584905624	2.61737990379	
['./treeMaker/main', '-t', '-r', '2', '-N']
1.38284897804	2.66683888435	2.60133099556	1.6160159111	1.97970318794	1.7164709568	1.9493470192	2.16502690315	2.19951105118	1.86854290962	2.01895999908	1.97297692299	2.02676391602	1.89743685722	1.58364200592	1.46923208237	2.40561103821	3.87612390518	1.9485039711	1.58968901634	1.80052614212	1.60040092468	2.1483399868	2.90268683434	2.68281698227	1.65025186539	2.3041369915	1.89268183708	1.34451508522	1.38437199593	3.52677202225	2.12143301964	6.7629609108	1.86549711227	0.854962110519	2.5078098774	2.01368093491	1.7387111187	1.44089007378	3.07213616371	1.61585497856	2.59668493271	6.00892710686	1.46395397186	2.38844704628	1.66107916832	0.605210065842	1.38543796539	1.27967214584	4.60177397728	
['./treeMaker/main', '-m']
0.0422158241272	0.0604979991913	0.061842918396	0.0469348430634	0.0514090061188	0.0445120334625	0.0507957935333	0.0515079498291	0.0532808303833	0.0533270835876	0.0479760169983	0.0513429641724	0.0477690696716	0.0476589202881	0.0462989807129	0.0414869785309	0.0548150539398	0.0762810707092	0.0489530563354	0.0431818962097	0.0485470294952	0.0450718402863	0.0531029701233	0.0636711120605	0.0632839202881	0.0442769527435	0.0553591251373	0.0474770069122	0.0393309593201	0.0418059825897	0.0707969665527	0.0495030879974	0.114106893539	0.0491740703583	0.0294470787048	0.0577969551086	0.0496759414673	0.0467948913574	0.0406060218811	0.0650820732117	0.0419118404388	0.0557589530945	0.121666908264	0.0560729503632	0.0567169189453	0.0466141700745	0.0266878604889	0.0513348579407	0.0399160385132	0.0847039222717	
['./treeMaker/main', '-m', '-b']
0.0444281101227	0.0606858730316	0.0623099803925	0.0477249622345	0.0515911579132	0.0559980869293	0.0526490211487	0.0558459758759	0.0568199157715	0.0499341487885	0.0515990257263	0.0527470111847	0.053169965744	0.0487542152405	0.0473380088806	0.0428850650787	0.0576510429382	0.0813939571381	0.0500841140747	0.0479710102081	0.0507199764252	0.0465929508209	0.0552389621735	0.0657329559326	0.0664949417114	0.045706987381	0.0634391307831	0.0494301319122	0.0423109531403	0.0423169136047	0.0748279094696	0.0541050434113	0.121657848358	0.0530300140381	0.0331799983978	0.0596969127655	0.0534448623657	0.0470671653748	0.0451500415802	0.0679521560669	0.0458610057831	0.0704109668732	0.110101938248	0.045480966568	0.0578699111938	0.0481548309326	0.0289089679718	0.0407831668854	0.0422887802124	0.0936598777771	
['./treeMaker/main', '-m', '-w', '1']
0.0401890277863	0.059024810791	0.0613529682159	0.0454061031342	0.0497829914093	0.0434231758118	0.052120923996	0.0526850223541	0.0538349151611	0.0475618839264	0.0475680828094	0.0630860328674	0.0491719245911	0.0477240085602	0.0460031032562	0.0437240600586	0.0575969219208	0.0757880210876	0.0493121147156	0.0435028076172	0.0505931377411	0.0445010662079	0.0534551143646	0.0632419586182	0.0630640983582	0.0438098907471	0.0542278289795	0.0464358329773	0.0388450622559	0.0422570705414	0.0715839862823	0.0517749786377	0.114620923996	0.0487759113312	0.029895067215	0.0592229366302	0.0489909648895	0.0469341278076	0.040433883667	0.0648610591888	0.0440380573273	0.0561621189117	0.102741956711	0.0443561077118	0.0543649196625	0.0446879863739	0.0270440578461	0.0385291576385	0.0398938655853	0.0843958854675	
['./treeMaker/main', '-m', '-w', '2']
0.0411179065704	0.0607259273529	0.0609669685364	0.0473079681396	0.0508458614349	0.0460109710693	0.0494289398193	0.0520811080933	0.0522320270538	0.0486361980438	0.0497617721558	0.0501279830933	0.0513210296631	0.0489671230316	0.0465610027313	0.0418040752411	0.0573089122772	0.0786349773407	0.0495009422302	0.0455160140991	0.0478618144989	0.0433979034424	0.0539019107819	0.063579082489	0.0636739730835	0.053610086441	0.055342912674	0.0475790500641	0.0384521484375	0.0393800735474	0.0718331336975	0.0524940490723	0.114890098572	0.0488219261169	0.0318560600281	0.0585570335388	0.0485708713531	0.0470340251923	0.0436270236969	0.0633938312531	0.0443818569183	0.0561738014221	0.10321688652	0.0419189929962	0.0549869537354	0.0574479103088	0.0253510475159	0.0400550365448	0.0389068126678	0.0880761146545	
['./treeMaker/main', '-m', '-c', '1']
0.0429821014404	0.0589017868042	0.0613751411438	0.0457890033722	0.0489499568939	0.043879032135	0.0513660907745	0.0544710159302	0.0623300075531	0.0467040538788	0.0477900505066	0.0513870716095	0.0499770641327	0.0479409694672	0.0452620983124	0.0408070087433	0.056056022644	0.090430021286	0.0501639842987	0.0460469722748	0.0491268634796	0.0442159175873	0.0512089729309	0.062793970108	0.0639369487762	0.0437219142914	0.053347826004	0.0483109951019	0.0398519039154	0.0411019325256	0.0694050788879	0.0526010990143	0.114821910858	0.0511910915375	0.0440969467163	0.0624051094055	0.050488948822	0.048201084137	0.0423550605774	0.065071105957	0.0446319580078	0.0561399459839	0.10297203064	0.0442368984222	0.0543010234833	0.0440349578857	0.0270099639893	0.0398938655853	0.0395488739014	0.0842010974884	
['./treeMaker/main', '-m', '-c', '2']
0.0513520240784	0.0570969581604	0.0594348907471	0.0439310073853	0.0517590045929	0.0429699420929	0.0509481430054	0.0543439388275	0.0535199642181	0.0465388298035	0.0491869449615	0.0486161708832	0.0491781234741	0.0477740764618	0.0554840564728	0.0423300266266	0.0562241077423	0.0759139060974	0.0497789382935	0.0448698997498	0.0468318462372	0.0443279743195	0.0533170700073	0.0689680576324	0.0627222061157	0.0424349308014	0.0561170578003	0.0478730201721	0.0412690639496	0.039822101593	0.0708479881287	0.0521891117096	0.111129999161	0.0490889549255	0.0322308540344	0.0581049919128	0.0506980419159	0.0447130203247	0.0403959751129	0.0643720626831	0.0441789627075	0.0562591552734	0.102473974228	0.0417218208313	0.0537059307098	0.0454318523407	0.0263559818268	0.038861989975	0.0387480258942	0.0883820056915	
['./treeMaker/main', '-m', '-a', '1']
0.0469191074371	0.0633251667023	0.0627348423004	0.0492420196533	0.0544040203094	0.0478320121765	0.0543191432953	0.0565159320831	0.0581550598145	0.0513150691986	0.0540499687195	0.0535080432892	0.0527749061584	0.050076007843	0.0504729747772	0.0442428588867	0.059916973114	0.0815510749817	0.0546119213104	0.0484809875488	0.05198097229	0.0476021766663	0.0577750205994	0.0764799118042	0.0663540363312	0.0469038486481	0.0598058700562	0.0626900196075	0.0425050258636	0.0485420227051	0.0754411220551	0.0543448925018	0.117238998413	0.0532817840576	0.0336039066315	0.0622091293335	0.0538010597229	0.0483069419861	0.0464069843292	0.0695061683655	0.0471730232239	0.0607678890228	0.105559110641	0.0471711158752	0.0584168434143	0.0492899417877	0.0296058654785	0.0445411205292	0.0525159835815	0.0970859527588	
['./treeMaker/main', '-m', '-a', '2']
0.0413691997528	0.0577847957611	0.0618679523468	0.047219991684	0.0495369434357	0.0446481704712	0.0611758232117	0.0546319484711	0.053955078125	0.0476758480072	0.0530750751495	0.0485360622406	0.0492608547211	0.0477600097656	0.0463061332703	0.0436570644379	0.0558819770813	0.0864789485931	0.0489349365234	0.0459229946136	0.0475327968597	0.0441360473633	0.0541200637817	0.0633678436279	0.0633590221405	0.0445740222931	0.0533359050751	0.0486209392548	0.0399270057678	0.0392100811005	0.0713942050934	0.0518760681152	0.114257097244	0.0514211654663	0.0322279930115	0.0590629577637	0.0488920211792	0.0469589233398	0.0423130989075	0.0648458003998	0.0444700717926	0.0559821128845	0.102808952332	0.0417039394379	0.0528090000153	0.0460250377655	0.0272600650787	0.0386128425598	0.0393829345703	0.0841178894043	
