25_1000_4.9e-10_2.45e-10_470000000
25
1000
4.9e-10
2.45e-10
470000000

['./treeMaker/main']
0.481156826019	0.594260931015	0.446094989777	0.779538869858	0.42055606842	0.257632017136	0.445099115372	0.561971902847	0.773066997528	0.390444040298	0.407644987106	0.465786933899	0.656682014465	0.456634998322	0.166300058365	2.18013501167	0.655360937119	0.954216957092	0.360444068909	0.814472913742	0.70053601265	0.4904088974	0.724747180939	1.66460108757	0.487508058548	1.16753292084	0.210113048553	0.530138015747	0.620065927505	0.842262983322	0.334444046021	0.347796916962	0.688714027405	0.953695058823	0.55538392067	1.83893299103	0.185475111008	0.96980214119	0.440377950668	0.245913982391	0.182322978973	0.78560090065	0.299530029297	0.435573101044	0.305480957031	0.166459083557	0.394402980804	2.25954794884	3.27922987938	0.382285118103	
['./treeMaker/main', '-b']
0.496641874313	0.609570980072	0.449265003204	0.800597906113	0.433984041214	0.258985042572	0.456712961197	0.579279184341	0.790621995926	0.40122795105	0.42581319809	0.480313062668	0.671808958054	0.469061851501	0.171417951584	2.21897888184	0.668761014938	0.977066993713	0.364396095276	0.84376502037	0.715906858444	0.500721931458	0.744445085526	1.68498706818	0.496737003326	1.18558192253	0.219644784927	0.543201208115	0.646682977676	0.85821890831	0.341858148575	0.353830099106	0.707484960556	0.996342897415	0.572421073914	1.87817597389	0.193006038666	0.993697166443	0.451953887939	0.255634069443	0.184783935547	0.80496096611	0.302392959595	0.444935083389	0.316757917404	0.175750017166	0.404950857162	2.30206084251	3.32644796371	0.393976926804	
['./treeMaker/main', '-u']
0.484398126602	0.597543001175	0.449501037598	0.782968044281	0.423069000244	0.252264022827	0.447021007538	0.563314914703	0.778016090393	0.391427993774	0.406439065933	0.477644920349	0.660330057144	0.46227312088	0.170711040497	2.1873281002	0.659874916077	0.955443143845	0.360679864883	0.820121049881	0.702929973602	0.494911193848	0.73085808754	1.65852713585	0.490104913712	1.16937494278	0.210910081863	0.529756069183	0.629836082458	0.844357013702	0.33108496666	0.347187995911	0.692028045654	0.953398942947	0.559439897537	1.84482908249	0.183522939682	0.971831083298	0.436447143555	0.248571157455	0.192291021347	0.783667087555	0.299606800079	0.435491800308	0.307112932205	0.171721935272	0.394961118698	2.26983308792	3.28633093834	0.38361120224	
['./treeMaker/main', '-t', '-r', '1']
7.09095597267	8.71049714088	6.8214609623	10.5348539352	6.5453619957	4.12819504738	6.73023700714	7.73653793335	10.4985589981	6.024477005	6.3546500206	6.99516892433	9.17422890663	6.9860701561	2.77296996117	19.6713900566	9.46629500389	12.3509609699	5.50816917419	11.1619648933	10.1088979244	7.69475388527	10.2070858479	18.5128030777	8.27923107147	13.4571390152	3.56009197235	7.79470896721	8.30476808548	11.170571804	5.23334217072	5.54888486862	9.87570810318	12.5244870186	7.76468396187	18.4733908176	3.02491593361	12.5909621716	6.90657782555	4.1015329361	3.0496199131	10.5478248596	5.1106698513	6.88587999344	5.09277296066	2.70025110245	6.37812781334	21.8457219601	29.7011091709	5.65131497383	
['./treeMaker/main', '-t', '-r', '2']
10.7986941338	12.8063910007	9.53255391121	15.2069289684	9.88587594032	6.33887815475	10.5211107731	12.6485171318	15.4326779842	9.1995511055	9.90563797951	10.9386281967	13.8379900455	10.5602111816	4.53885984421	32.8540849686	13.8955760002	17.7602591515	8.73340606689	15.6070640087	14.0999798775	10.95926404	14.9598629475	27.2901508808	10.5724539757	22.0359330177	5.22234201431	11.3999300003	13.1821489334	16.2174110413	8.43648099899	7.95736813545	14.0236551762	17.7557041645	12.7195820808	29.8557260036	5.13312506676	19.1558120251	10.1111059189	6.11745095253	4.66169905663	15.5586230755	7.34024405479	10.130918026	7.41592502594	4.5583281517	9.35387301445	34.3518018723	41.8551328182	9.09497404099	
['./treeMaker/main', '-t', '-r', '1', '-N']
7.11069417	8.86158299446	6.80992603302	10.5348808765	6.55424594879	4.11795210838	6.73514199257	7.74070096016	10.5170428753	6.03644299507	6.28894901276	7.00628995895	9.14338302612	6.99431800842	2.77540802956	19.6302900314	9.40632009506	12.3648891449	5.51296806335	11.1635730267	10.1078929901	7.70535087585	10.2201738358	18.5498380661	7.56965208054	13.4204478264	3.55859684944	7.81218695641	8.30259418488	11.1832587719	5.25213098526	5.53449702263	9.90205097198	12.5370330811	7.77794408798	18.4478900433	3.03460812569	12.6700401306	6.93161201477	4.08682703972	3.05189990997	10.5671288967	5.0347969532	6.94812703133	5.11973190308	2.7056620121	6.39067316055	21.9279458523	29.7094540596	5.6487288475	
['./treeMaker/main', '-t', '-r', '2', '-N']
10.7867519855	12.7774779797	9.53166294098	15.2515289783	9.86733412743	6.33922195435	10.4691019058	12.7212839127	15.4921979904	9.16864800453	9.80410194397	11.037804842	13.8670890331	10.5253190994	4.53130483627	33.0419368744	13.9004540443	17.7864620686	8.72052097321	15.5782589912	14.104847908	11.1641330719	14.9115331173	27.3178179264	10.5729968548	22.0048069954	5.23129987717	11.4114289284	13.1576180458	16.2478370667	8.41849589348	7.96748900414	14.0114879608	17.7419528961	12.7267692089	29.8420069218	5.17192292213	18.9708049297	10.1692521572	6.12697291374	4.66947388649	15.5977880955	7.37384009361	10.1420769691	7.42718410492	4.57927393913	9.43431210518	33.7442510128	41.8234870434	9.11170005798	
['./treeMaker/main', '-m']
0.184813022614	0.205392122269	0.185336112976	0.237967967987	0.173043012619	0.132020950317	0.177832126617	0.201366901398	0.236337900162	0.165190935135	0.170968055725	0.183169841766	0.217362165451	0.178611040115	0.107100963593	0.405318021774	0.218565940857	0.261229038239	0.156816005707	0.241286993027	0.220097064972	0.184817075729	0.228562116623	0.346838951111	0.185487031937	0.294000148773	0.120959997177	0.195595026016	0.213711977005	0.246164083481	0.153306007385	0.156260967255	0.221848011017	0.265391111374	0.200222969055	0.366412878036	0.11435508728	0.265749931335	0.176581859589	0.13108921051	0.111576080322	0.23908996582	0.143657922745	0.173705816269	0.14522600174	0.108489990234	0.167042970657	0.403323173523	0.480108976364	0.171257972717	
['./treeMaker/main', '-m', '-b']
0.199153900146	0.226391077042	0.185731887817	0.255774021149	0.188266038895	0.14176607132	0.193511962891	0.220460176468	0.255244016647	0.176588058472	0.182786941528	0.195578813553	0.236973047256	0.19436788559	0.111903905869	0.430837154388	0.23895406723	0.28598690033	0.169765949249	0.26113319397	0.23707985878	0.196908950806	0.248094081879	0.379173994064	0.198267221451	0.322503805161	0.128283023834	0.210097074509	0.22842001915	0.265375137329	0.16361618042	0.164951086044	0.239170074463	0.28643321991	0.227412939072	0.400082111359	0.120857954025	0.289401054382	0.198002815247	0.144822835922	0.117547988892	0.259490013123	0.155014038086	0.185529947281	0.156919002533	0.114399909973	0.177302837372	0.439592838287	0.529956102371	0.182709932327	
['./treeMaker/main', '-m', '-w', '1']
0.188225030899	0.207505941391	0.175582170486	0.237048864365	0.172562122345	0.13596701622	0.180227994919	0.202347040176	0.239071846008	0.168082952499	0.170419931412	0.182503938675	0.220453977585	0.181665897369	0.106165885925	0.392894983292	0.22082400322	0.259775161743	0.158195972443	0.242341041565	0.237734794617	0.188009023666	0.229204893112	0.347424983978	0.184532880783	0.295026063919	0.120549917221	0.194258928299	0.213078022003	0.247924089432	0.156638860703	0.155012130737	0.221840143204	0.266076087952	0.199870109558	0.366944789886	0.113955974579	0.263926029205	0.17641210556	0.130984067917	0.110544204712	0.242058992386	0.143571853638	0.171040058136	0.147614002228	0.105316877365	0.164877891541	0.397050857544	0.478127002716	0.167318105698	
['./treeMaker/main', '-m', '-w', '2']
0.183830022812	0.209219932556	0.174611091614	0.239414215088	0.173047065735	0.134682893753	0.186275005341	0.209233045578	0.253948926926	0.167071819305	0.171254873276	0.181535005569	0.220774888992	0.191189050674	0.105179071426	0.397705793381	0.220221042633	0.263077020645	0.158612012863	0.243342876434	0.222023963928	0.186458110809	0.230530023575	0.349354982376	0.188864946365	0.299272060394	0.121403932571	0.194813013077	0.215925931931	0.247890949249	0.154114961624	0.158070087433	0.222721099854	0.270565986633	0.2018430233	0.368157863617	0.115781068802	0.267619848251	0.176847934723	0.130486011505	0.1115899086	0.240817070007	0.143080949783	0.174692869186	0.147881031036	0.108053207397	0.165766000748	0.401072025299	0.48051905632	0.171148061752	
['./treeMaker/main', '-m', '-c', '1']
0.184912919998	0.205520153046	0.171991109848	0.23636007309	0.172084093094	0.132637023926	0.177327156067	0.201601982117	0.236848831177	0.164417028427	0.171766996384	0.186360836029	0.227322101593	0.182959079742	0.108514070511	0.399188995361	0.222589015961	0.261173963547	0.158558130264	0.240473985672	0.220520973206	0.18456697464	0.228972911835	0.346447944641	0.186480045319	0.294943094254	0.120733976364	0.194500923157	0.213788986206	0.245598077774	0.155318021774	0.167453050613	0.232455015182	0.264752864838	0.201004981995	0.366435050964	0.1167781353	0.266108989716	0.176181077957	0.1317050457	0.110584974289	0.23992395401	0.141460180283	0.172513961792	0.145910978317	0.108816862106	0.166421175003	0.399089097977	0.480999946594	0.167770147324	
['./treeMaker/main', '-m', '-c', '2']
0.183059930801	0.214752912521	0.17445397377	0.240625143051	0.176872014999	0.136711120605	0.183419942856	0.207005023956	0.239799976349	0.178508043289	0.187188148499	0.194055080414	0.231395959854	0.181851863861	0.105504989624	0.394510030746	0.221832990646	0.26423406601	0.158941030502	0.249653100967	0.221379995346	0.182806968689	0.229516029358	0.345762014389	0.186807870865	0.295305967331	0.126789808273	0.195914983749	0.225785017014	0.247361183167	0.15335392952	0.155992984772	0.219055891037	0.261031866074	0.200559139252	0.369006156921	0.115012168884	0.264880180359	0.173753976822	0.128301858902	0.10941696167	0.239523172379	0.14275598526	0.175060987473	0.147178173065	0.108219861984	0.165781021118	0.399085044861	0.481229066849	0.170391082764	
['./treeMaker/main', '-m', '-a', '1']
0.198887825012	0.220087051392	0.18323302269	0.247235059738	0.19379401207	0.145267963409	0.190315961838	0.214512825012	0.246722221375	0.17634510994	0.179809093475	0.191905975342	0.228516817093	0.188467025757	0.117349863052	0.402215003967	0.225781917572	0.276253938675	0.169772148132	0.25120306015	0.230740070343	0.196120977402	0.240478992462	0.357358932495	0.194600105286	0.306965112686	0.13171505928	0.204410076141	0.234284877777	0.252488851547	0.164704084396	0.167377948761	0.231225013733	0.274797916412	0.21136713028	0.376645088196	0.127773046494	0.276350975037	0.186485052109	0.150804042816	0.122445106506	0.250758886337	0.153928995132	0.182853937149	0.155523061752	0.120031118393	0.175724983215	0.407093048096	0.492882013321	0.177777051926	
['./treeMaker/main', '-m', '-a', '2']
0.183666944504	0.209686994553	0.173748970032	0.237737894058	0.175832986832	0.13453412056	0.178944826126	0.20546412468	0.235481977463	0.167346954346	0.185698986053	0.181763887405	0.220179796219	0.180675983429	0.119469881058	0.396676063538	0.221747875214	0.261955976486	0.160171031952	0.241895914078	0.222654104233	0.185513973236	0.229351997375	0.347455978394	0.186069011688	0.299200057983	0.123846054077	0.199779033661	0.218174934387	0.244051933289	0.155052900314	0.155868053436	0.221627950668	0.262097120285	0.2016248703	0.366189002991	0.115709066391	0.266195774078	0.177119970322	0.129497051239	0.109466075897	0.239366054535	0.144818067551	0.172863006592	0.146604061127	0.10711479187	0.166106939316	0.399838924408	0.478624105453	0.167870998383	
