25_1000_4.9e-10_4.9e-10_470000000_cut_4
25
1000
4.9e-10
4.9e-10
470000000
cut_4
['./treeMaker/main']
0.0500619411469	0.0830898284912	0.0869131088257	0.0574510097504	0.0668909549713	0.0554609298706	0.0678398609161	0.0734250545502	0.0746171474457	0.0614130496979	0.0686619281769	0.0679891109467	0.06591796875	0.0642149448395	0.0577011108398	0.0582160949707	0.0812611579895	0.119620084763	0.0653400421143	0.0666761398315	0.0620918273926	0.055517911911	0.0719678401947	0.0912868976593	0.0885670185089	0.0564827919006	0.0732860565186	0.0616500377655	0.0506548881531	0.0508198738098	0.110617876053	0.07333111763	0.251331090927	0.0663130283356	0.0379209518433	0.0798270702362	0.0672371387482	0.0633149147034	0.0517530441284	0.0947239398956	0.0577409267426	0.0791940689087	0.203629970551	0.0545001029968	0.0740449428558	0.0591280460358	0.0315110683441	0.049663066864	0.0481839179993	0.143845081329	
['./treeMaker/main', '-b']
0.0551359653473	0.0870590209961	0.0897688865662	0.0596911907196	0.0698430538177	0.0617940425873	0.0691239833832	0.0855431556702	0.0745108127594	0.064101934433	0.0701849460602	0.0811398029327	0.0726828575134	0.0671739578247	0.0581550598145	0.0539600849152	0.081258058548	0.126402139664	0.0664610862732	0.0593919754028	0.0657649040222	0.067312002182	0.0764558315277	0.108799934387	0.104511976242	0.0570821762085	0.0782718658447	0.0645370483398	0.0514039993286	0.0516331195831	0.125614881516	0.0723760128021	0.257180929184	0.0676958560944	0.0376670360565	0.0828280448914	0.0691769123077	0.0616998672485	0.0523648262024	0.0995810031891	0.0579609870911	0.0793890953064	0.212570905685	0.0564680099487	0.079439163208	0.0613639354706	0.030357837677	0.0519618988037	0.0489418506622	0.149745941162	
['./treeMaker/main', '-u']
0.0531768798828	0.0839509963989	0.086697101593	0.0589120388031	0.0665769577026	0.0585169792175	0.0682671070099	0.0724358558655	0.0718419551849	0.0618588924408	0.0674171447754	0.0686850547791	0.0643439292908	0.0659160614014	0.0584790706635	0.0526931285858	0.0816600322723	0.120010137558	0.065936088562	0.058315038681	0.0627880096436	0.0571610927582	0.0723359584808	0.0924639701843	0.0892028808594	0.057629108429	0.0761280059814	0.0617220401764	0.0510439872742	0.0509099960327	0.113227128983	0.0752339363098	0.249855041504	0.0657761096954	0.0366261005402	0.0813291072845	0.0677440166473	0.0641241073608	0.0516481399536	0.0981259346008	0.0661151409149	0.0794069766998	0.203986883163	0.0553390979767	0.0769369602203	0.0608448982239	0.0317840576172	0.0505249500275	0.0510149002075	0.144562005997	
['./treeMaker/main', '-t', '-r', '1']
0.872509002686	1.62435698509	1.54152297974	0.972301006317	1.21157693863	1.00692915916	1.24392986298	1.38852906227	1.34654211998	1.26398301125	1.24359202385	1.21641206741	1.27035093307	1.21223807335	1.06925916672	1.01015496254	1.59049415588	2.3266479969	1.21224093437	0.960777997971	1.17115211487	0.854407072067	1.29248905182	1.58995294571	1.62391519547	0.887866020203	1.50193095207	1.13011598587	0.846049070358	0.836966991425	2.11604380608	1.26716017723	4.45633101463	1.17462277412	0.511548042297	1.56054806709	1.2064011097	1.02402877808	0.893131017685	1.8259780407	0.947113990784	1.44313001633	3.52392506599	0.904523849487	1.50370597839	1.05839300156	0.381196022034	0.883754014969	0.762250900269	2.50483322144	
['./treeMaker/main', '-t', '-r', '2']
1.50260806084	2.79244589806	2.94947099686	1.74838590622	2.0730381012	1.83875393867	2.06447196007	2.37079000473	2.49899983406	1.98997783661	2.66071915627	2.26517796516	2.14702105522	2.13801908493	1.78548979759	1.56157612801	2.66578817368	4.33961701393	2.14953017235	1.77343392372	2.114164114	1.83169698715	2.25871491432	3.17966485023	2.93984913826	1.95154595375	2.47466397285	2.05258107185	1.4767870903	1.53258490562	4.20519685745	2.3656539917	7.78858685493	2.0505259037	0.927405834198	2.73625898361	2.28746008873	1.90049695969	1.63188505173	3.34717607498	1.74987387657	2.77811288834	6.75444102287	1.63449692726	2.64518904686	1.83510994911	0.68350315094	1.5589928627	1.45011806488	5.23797488213	
['./treeMaker/main', '-t', '-r', '1', '-N']
0.872896909714	1.61487388611	1.52328395844	0.972602128983	1.21900582314	1.01513910294	1.24056792259	1.44774794579	1.27920293808	1.18481898308	1.15911984444	1.18639206886	1.17211103439	1.12591791153	1.0169301033	0.940397977829	1.49885392189	2.2023870945	1.1307849884	0.956686019897	1.13644504547	0.851868867874	1.33657598495	1.6099960804	1.61844706535	0.934691905975	1.4723918438	1.11705708504	0.843837022781	0.831991910934	2.1133248806	1.26744580269	4.45710206032	1.17771220207	0.513569831848	1.55861210823	1.20050907135	1.02452206612	0.892069816589	1.82293605804	0.949641942978	1.46313381195	3.52631187439	0.903995990753	1.5907189846	1.05955886841	0.38005900383	0.880916118622	0.759381055832	2.50524497032	
['./treeMaker/main', '-t', '-r', '2', '-N']
1.55529904366	2.89217495918	2.93447589874	1.75167012215	2.0443789959	1.84568095207	2.0540728569	2.37679505348	2.49056696892	1.98040413857	2.35696816444	2.25700187683	2.13965201378	2.13649988174	1.7859609127	1.55291390419	2.6621029377	4.34416699409	2.08695912361	1.77534914017	1.99189305305	1.78860998154	2.33956885338	3.2067489624	2.95061612129	1.89915394783	2.48676896095	2.05531477928	1.44320392609	1.48338413239	4.24496388435	2.41034984589	7.80059719086	2.05352091789	0.929568052292	2.74615597725	2.26591396332	1.89291810989	1.60851097107	3.34494996071	1.75128293037	2.77659511566	6.73711299896	1.60260009766	2.61521291733	1.84004402161	0.659358978271	1.55180287361	1.43428897858	5.30038714409	
['./treeMaker/main', '-m']
0.0429821014404	0.0599830150604	0.0641131401062	0.0481841564178	0.0525190830231	0.0464451313019	0.053074836731	0.054888010025	0.0568940639496	0.0580730438232	0.0520880222321	0.0528609752655	0.0502889156342	0.0501728057861	0.047966003418	0.0432388782501	0.0594789981842	0.0833048820496	0.0509550571442	0.0477259159088	0.0503828525543	0.0461270809174	0.0552592277527	0.0674929618835	0.064022064209	0.0467829704285	0.0577819347382	0.050087928772	0.0410399436951	0.0415260791779	0.076229095459	0.0526039600372	0.121263980865	0.0513210296631	0.0313868522644	0.0601999759674	0.0506479740143	0.0488390922546	0.0420660972595	0.0691418647766	0.0463519096375	0.0586659908295	0.129034996033	0.0576510429382	0.0593979358673	0.0475289821625	0.027715921402	0.0524790287018	0.0425519943237	0.0894501209259	
['./treeMaker/main', '-m', '-b']
0.0456261634827	0.0649499893188	0.0685858726501	0.0495138168335	0.0557630062103	0.0491538047791	0.0552110671997	0.0612630844116	0.0596590042114	0.0525870323181	0.0587720870972	0.0554971694946	0.052365064621	0.0526690483093	0.0493559837341	0.0466110706329	0.0650091171265	0.0859270095825	0.0519819259644	0.0486919879913	0.0541989803314	0.0496428012848	0.0686149597168	0.0707039833069	0.0689120292664	0.0495970249176	0.0686519145966	0.0510628223419	0.0458300113678	0.0424180030823	0.0821249485016	0.0566658973694	0.134774923325	0.0526239871979	0.034451007843	0.0625939369202	0.0546410083771	0.0521938800812	0.0505170822144	0.0725688934326	0.0483419895172	0.0610659122467	0.117733955383	0.04709815979	0.0613629817963	0.0501208305359	0.0321769714355	0.0446760654449	0.0431699752808	0.0981721878052	
['./treeMaker/main', '-m', '-w', '1']
0.0434098243713	0.0646879673004	0.063441991806	0.04731798172	0.051924943924	0.0469579696655	0.0506370067596	0.0561120510101	0.0558969974518	0.0500209331512	0.0517060756683	0.0525970458984	0.0600419044495	0.0498020648956	0.0478010177612	0.0436398983002	0.0594720840454	0.090409040451	0.0509111881256	0.0476710796356	0.0501298904419	0.0450949668884	0.0538341999054	0.0647239685059	0.0663039684296	0.0471498966217	0.0574460029602	0.0500359535217	0.0417098999023	0.0421299934387	0.0766069889069	0.0537929534912	0.123596906662	0.0520660877228	0.0316808223724	0.0607950687408	0.0521159172058	0.048271894455	0.0420491695404	0.0690140724182	0.0450129508972	0.0591089725494	0.108348846436	0.0431931018829	0.0572860240936	0.0480759143829	0.028126001358	0.0417919158936	0.0425128936768	0.0892970561981	
['./treeMaker/main', '-m', '-w', '2']
0.0444951057434	0.0614879131317	0.0667939186096	0.0486860275269	0.0533089637756	0.0475311279297	0.0523450374603	0.0567030906677	0.0573279857635	0.0498371124268	0.0534880161285	0.0534529685974	0.0519242286682	0.0518300533295	0.0480799674988	0.0427770614624	0.0626821517944	0.0818119049072	0.0513219833374	0.0474119186401	0.0512619018555	0.0476050376892	0.0551249980927	0.0670070648193	0.0636179447174	0.0602459907532	0.0569951534271	0.0478811264038	0.0420379638672	0.0416400432587	0.0763750076294	0.054456949234	0.122465133667	0.0523550510406	0.0345408916473	0.0610299110413	0.0530180931091	0.0482230186462	0.0422999858856	0.0694479942322	0.0466349124908	0.0590870380402	0.108920812607	0.0457010269165	0.0581498146057	0.057776927948	0.0299708843231	0.0418019294739	0.0416631698608	0.0918440818787	
['./treeMaker/main', '-m', '-c', '1']
0.043762922287	0.0610811710358	0.0639710426331	0.0470378398895	0.0517270565033	0.0470490455627	0.0517890453339	0.0535709857941	0.0619390010834	0.0489017963409	0.0524311065674	0.0530829429626	0.0523869991302	0.0509240627289	0.0472450256348	0.0422801971436	0.0598049163818	0.0904099941254	0.054612159729	0.0476908683777	0.049742937088	0.0473730564117	0.0564332008362	0.0656249523163	0.0638020038605	0.0470449924469	0.0599400997162	0.0479900836945	0.0413768291473	0.0417189598083	0.0793681144714	0.052985906601	0.123818874359	0.0526781082153	0.0318760871887	0.0698730945587	0.0556170940399	0.0499520301819	0.0464260578156	0.067125082016	0.0445098876953	0.0588140487671	0.110774993896	0.0460929870605	0.0574860572815	0.0483779907227	0.0265991687775	0.0416350364685	0.0400547981262	0.0887110233307	
['./treeMaker/main', '-m', '-c', '2']
0.0438320636749	0.0608818531036	0.0622000694275	0.0481290817261	0.0535230636597	0.0471329689026	0.0517961978912	0.0568327903748	0.0562691688538	0.0500431060791	0.0506281852722	0.052953004837	0.0508570671082	0.0498259067535	0.056713104248	0.0433959960938	0.0616798400879	0.0813899040222	0.0507609844208	0.0464520454407	0.0484268665314	0.0442678928375	0.0557868480682	0.0775589942932	0.0657639503479	0.0472640991211	0.0573098659515	0.0495231151581	0.0434019565582	0.0424098968506	0.0769040584564	0.0577790737152	0.12153506279	0.0515089035034	0.033863067627	0.0601668357849	0.0526418685913	0.0491108894348	0.0430240631104	0.0679368972778	0.045606136322	0.064316034317	0.107750892639	0.0447850227356	0.0579130649567	0.0468790531158	0.0270550251007	0.0421190261841	0.0416181087494	0.0917258262634	
['./treeMaker/main', '-m', '-a', '1']
0.0481898784637	0.0650410652161	0.0688660144806	0.0513830184937	0.0551309585571	0.0503299236298	0.0548570156097	0.0595691204071	0.0600099563599	0.0524578094482	0.0540318489075	0.0549521446228	0.0552289485931	0.0544250011444	0.050369977951	0.0478219985962	0.0629889965057	0.0866169929504	0.0544509887695	0.0504200458527	0.0531721115112	0.0510900020599	0.0591230392456	0.0843811035156	0.069099187851	0.049772977829	0.0598170757294	0.0626308917999	0.0458920001984	0.0548779964447	0.0809750556946	0.0592200756073	0.127114057541	0.0551569461823	0.0363879203796	0.0624139308929	0.0672121047974	0.0506360530853	0.048103094101	0.075492143631	0.0492699146271	0.063441991806	0.112482070923	0.0487289428711	0.0616281032562	0.0492670536041	0.0303199291229	0.0457918643951	0.0458889007568	0.0935590267181	
['./treeMaker/main', '-m', '-a', '2']
0.0439081192017	0.05970287323	0.0632781982422	0.0488679409027	0.0522999763489	0.0470409393311	0.0642828941345	0.0537178516388	0.0560297966003	0.0490458011627	0.0509459972382	0.0525720119476	0.0508689880371	0.0503339767456	0.0478889942169	0.0425510406494	0.0614759922028	0.0806770324707	0.0506389141083	0.0471260547638	0.049369096756	0.0446999073029	0.0558850765228	0.0655689239502	0.0637359619141	0.0469958782196	0.0577800273895	0.0496900081635	0.0420620441437	0.0426330566406	0.0755858421326	0.0568070411682	0.123856067657	0.0515038967133	0.0346670150757	0.061115026474	0.05149102211	0.0485401153564	0.0436010360718	0.0692241191864	0.0454180240631	0.0600571632385	0.108248949051	0.0461599826813	0.0578320026398	0.0473909378052	0.0282309055328	0.0415050983429	0.0415210723877	0.0911090373993	
