25_1000_4.9e-10_4.9e-10_48000000
25
1000
4.9e-10
4.9e-10
48000000

['./treeMaker/main']
0.127831935883	0.185781002045	0.136162996292	0.194110155106	0.204258203506	0.116383075714	0.114856004715	0.0935912132263	0.125257015228	0.107488870621	0.121672153473	0.145058870316	0.138093948364	0.158199071884	0.113713026047	0.164638996124	0.155503988266	0.143367767334	0.0916130542755	0.275823116302	0.123690128326	0.122045993805	0.093729019165	0.122271060944	0.233799934387	0.237267017365	0.154963970184	0.15315413475	0.115906000137	0.105264186859	0.097060918808	0.1026699543	0.122055053711	0.154401063919	0.0733189582825	0.103711128235	0.121914148331	0.117074012756	0.225352048874	0.0980579853058	0.1071600914	0.151035070419	0.106683969498	0.212090015411	0.0801310539246	0.233510017395	0.137684106827	0.126708984375	0.169811010361	0.177020072937	
['./treeMaker/main', '-b']
0.140328168869	0.174259901047	0.137703895569	0.184648036957	0.200134038925	0.129144906998	0.113163948059	0.0999140739441	0.134194135666	0.122982978821	0.127182006836	0.137546062469	0.140949010849	0.173819065094	0.119176864624	0.169569969177	0.166165828705	0.140059947968	0.0951411724091	0.280164003372	0.128306150436	0.127392053604	0.0884289741516	0.128231048584	0.247159957886	0.24805688858	0.15842294693	0.150214910507	0.126616001129	0.0963170528412	0.102139949799	0.117796897888	0.120944976807	0.162528038025	0.0819461345673	0.110301971436	0.127494812012	0.125011920929	0.228095054626	0.10759305954	0.115092039108	0.160120010376	0.101213932037	0.230680942535	0.092346906662	0.231353998184	0.126147985458	0.132184028625	0.167344093323	0.173556089401	
['./treeMaker/main', '-u']
0.123045921326	0.1687541008	0.134059906006	0.189334154129	0.203598976135	0.120433807373	0.116800069809	0.0960178375244	0.121201992035	0.107187986374	0.146512031555	0.135219097137	0.131762981415	0.158882856369	0.118077993393	0.165407896042	0.161588907242	0.136067867279	0.0973031520844	0.267893075943	0.126997947693	0.115952014923	0.097382068634	0.131701946259	0.245805978775	0.243067026138	0.159446954727	0.148941040039	0.11674785614	0.101198911667	0.0893838405609	0.117605924606	0.119278907776	0.152570009232	0.0765361785889	0.104075908661	0.13184094429	0.12090921402	0.214900016785	0.0964620113373	0.110062837601	0.149349212646	0.112853050232	0.215871095657	0.0815119743347	0.236254930496	0.137596130371	0.126200914383	0.164411067963	0.17663192749	
['./treeMaker/main', '-t', '-r', '1']
2.40028715134	3.32548594475	2.44375300407	3.49067783356	3.74663496017	2.13609290123	2.02237391472	1.61696100235	2.4505469799	1.97025704384	2.24650907516	2.3824160099	2.39079999924	3.14082503319	2.16177487373	3.18249392509	2.96640992165	2.46318721771	1.71215510368	5.22995400429	2.28643012047	2.14284515381	1.44436407089	2.29860591888	4.17200899124	4.23492598534	2.80086517334	2.94408988953	1.94968008995	1.64560890198	1.5131380558	2.03255200386	2.14324688911	2.85446190834	1.18732404709	1.87130093575	2.25144600868	1.99004387856	4.24233698845	1.73328304291	1.96866798401	2.97690010071	1.76550388336	3.91340303421	1.32522797585	4.28341603279	2.44993305206	2.41879701614	2.98940706253	3.23964595795	
['./treeMaker/main', '-t', '-r', '2']
3.41018915176	4.66118979454	3.69724011421	4.78891396523	5.51017904282	3.0046069622	3.01025104523	2.24977898598	3.48725199699	2.79287409782	3.1123380661	3.26205396652	3.43442106247	4.39940786362	3.22082805634	4.62780499458	4.50865197182	3.61425089836	2.38260817528	7.3214840889	3.36144590378	3.10233616829	1.98184585571	3.39748501778	6.32215595245	6.22070407867	4.18755793571	4.02030396461	3.22064304352	2.36477804184	2.36163592339	2.85452508926	3.12113904953	4.32968091965	1.60829997063	2.66862893105	3.20529294014	2.97921085358	6.12291383743	2.3969669342	3.12188601494	4.07685089111	2.53902196884	6.01099777222	1.96520495415	6.07989406586	3.60132098198	3.47730207443	4.57934188843	4.59486508369	
['./treeMaker/main', '-t', '-r', '1', '-N']
2.4795999527	3.27222180367	2.52650499344	3.64542603493	3.86689591408	2.1857779026	2.00425696373	1.68013596535	2.51244807243	2.13392400742	2.69347000122	2.80493807793	2.92078018188	3.77655506134	2.565335989	3.77108693123	3.71932506561	3.00981903076	2.1119530201	6.38938689232	2.81411790848	2.59308505058	1.7768239975	2.81633210182	5.20223283768	5.2141058445	3.45327711105	3.61865615845	2.38156795502	2.04362678528	1.78836607933	2.36586093903	2.54174804688	3.38043785095	1.40858817101	2.208578825	2.601167202	2.28933215141	4.96142315865	2.06887602806	2.40549087524	3.50325012207	2.11587786674	4.6495859623	1.61015200615	5.06693506241	2.92122578621	2.91223907471	3.6575319767	3.87749290466	
['./treeMaker/main', '-t', '-r', '2', '-N']
4.14759993553	5.56441020966	4.46803689003	5.74514603615	6.45565605164	3.64133501053	3.55355405807	2.68172097206	3.9656150341	3.34858012199	3.70170283318	3.83193802834	4.21186804771	5.51401901245	3.91950416565	5.4655520916	5.46928811073	4.56633615494	2.97073602676	8.92368602753	4.10028481483	3.69337701797	2.47495913506	4.10179686546	7.36793589592	7.29352784157	4.85965704918	4.80201196671	3.90227603912	2.86780691147	2.7954928875	3.43439602852	3.74396491051	5.11065816879	2.00788187981	3.24558806419	3.84542489052	3.4746940136	7.09717297554	2.77361679077	3.61613583565	4.73612189293	2.88199710846	6.82117891312	2.26485300064	6.99518489838	4.15447902679	4.05781912804	5.20569205284	5.30474114418	
['./treeMaker/main', '-m']
0.11045217514	0.126322984695	0.100234985352	0.121873140335	0.124638080597	0.0918140411377	0.0911409854889	0.0907180309296	0.105731010437	0.0985810756683	0.10267996788	0.0982961654663	0.107664108276	0.123021125793	0.0956020355225	0.118542909622	0.130268096924	0.111214876175	0.0920741558075	0.155436992645	0.095242023468	0.0969400405884	0.0831780433655	0.0975048542023	0.152853965759	0.147221088409	0.107594966888	0.120647907257	0.101788043976	0.0810968875885	0.0862190723419	0.0949158668518	0.0980582237244	0.111191034317	0.0819330215454	0.0923790931702	0.0983099937439	0.10519194603	0.136110067368	0.0869460105896	0.0924289226532	0.109405994415	0.0911550521851	0.131575107574	0.0889909267426	0.145045995712	0.101028203964	0.0987288951874	0.129262924194	0.130278110504	
['./treeMaker/main', '-m', '-b']
0.104763031006	0.130707979202	0.104489088058	0.142513036728	0.135385036469	0.096540927887	0.110630989075	0.100097894669	0.102708101273	0.10218000412	0.11373591423	0.119955062866	0.118704080582	0.129567861557	0.1125228405	0.137997150421	0.122919082642	0.106784105301	0.0878169536591	0.170535802841	0.102982997894	0.0972819328308	0.0930738449097	0.118062019348	0.16385102272	0.162785053253	0.113914012909	0.128930091858	0.105319023132	0.0903630256653	0.0895571708679	0.106231927872	0.105008125305	0.125138998032	0.082582950592	0.0984060764313	0.104074954987	0.105015993118	0.152981996536	0.0896761417389	0.113192081451	0.134171962738	0.0970520973206	0.147573947906	0.0835380554199	0.148547172546	0.104568958282	0.10148692131	0.12023806572	0.120085954666	
['./treeMaker/main', '-m', '-w', '1']
0.113672971725	0.117248058319	0.115796089172	0.129005908966	0.134608983994	0.0920779705048	0.091187953949	0.086404800415	0.10636806488	0.0892868041992	0.0944020748138	0.110408067703	0.106118917465	0.113582849503	0.0926899909973	0.11833691597	0.125353813171	0.110080003738	0.0878047943115	0.173413991928	0.0975999832153	0.0978989601135	0.0770659446716	0.108867883682	0.143842935562	0.146451950073	0.116132974625	0.107291936874	0.0914621353149	0.0807728767395	0.100646972656	0.0933420658112	0.111868143082	0.113788843155	0.0691938400269	0.0870640277863	0.0948851108551	0.100959062576	0.144506931305	0.0857791900635	0.0920331478119	0.112464904785	0.084990978241	0.14279294014	0.0879158973694	0.144556045532	0.107064008713	0.105386972427	0.129919052124	0.123785972595	
['./treeMaker/main', '-m', '-w', '2']
0.106145858765	0.124163866043	0.107151985168	0.140671014786	0.12616610527	0.0944819450378	0.0913708209991	0.0817968845367	0.114327907562	0.0942440032959	0.0983490943909	0.100481987	0.101222038269	0.129143953323	0.102458953857	0.133676052094	0.124629974365	0.101818084717	0.0872218608856	0.162232875824	0.100916147232	0.0928738117218	0.0826570987701	0.106064081192	0.149494886398	0.146914958954	0.125384807587	0.114250183105	0.103876113892	0.0816440582275	0.0763809680939	0.0883729457855	0.0923359394073	0.123996973038	0.0722541809082	0.0973379611969	0.0971920490265	0.107208013535	0.146469116211	0.097198009491	0.101459980011	0.11158490181	0.0876350402832	0.13229393959	0.0748879909515	0.153016805649	0.113168001175	0.100313901901	0.124412059784	0.116716146469	
['./treeMaker/main', '-m', '-c', '1']
0.097697019577	0.121469974518	0.10710811615	0.128309965134	0.127858161926	0.0923390388489	0.099837064743	0.0814528465271	0.0962541103363	0.0887169837952	0.102985858917	0.104912042618	0.109611988068	0.116780996323	0.107937097549	0.125236988068	0.122386932373	0.10458278656	0.0891749858856	0.161205768585	0.109781980515	0.0924060344696	0.0898659229279	0.107133865356	0.140914916992	0.137878894806	0.109992027283	0.109012126923	0.103080034256	0.0890049934387	0.0789701938629	0.10598897934	0.0921468734741	0.114487886429	0.0743198394775	0.0927169322968	0.102557897568	0.0914628505707	0.134658098221	0.0868079662323	0.101902961731	0.115707874298	0.0914549827576	0.147294998169	0.0845448970795	0.140587806702	0.112432956696	0.104717969894	0.125792980194	0.118227005005	
['./treeMaker/main', '-m', '-c', '2']
0.0949599742889	0.116061925888	0.100807905197	0.121221780777	0.128343105316	0.0928919315338	0.0912170410156	0.0938730239868	0.119290113449	0.08966588974	0.102385044098	0.0991079807281	0.100956916809	0.119174003601	0.100169181824	0.128007888794	0.119850158691	0.117844104767	0.0997860431671	0.154455900192	0.0976078510284	0.0915448665619	0.0867521762848	0.104603052139	0.139836072922	0.153837203979	0.111362934113	0.106770038605	0.107443094254	0.0838520526886	0.0900020599365	0.0881779193878	0.0926909446716	0.118031978607	0.0737009048462	0.100161790848	0.091148853302	0.106175899506	0.140339136124	0.0890669822693	0.0999610424042	0.113136053085	0.0837938785553	0.145754098892	0.0796060562134	0.145678043365	0.0984930992126	0.0988922119141	0.117285966873	0.125938892365	
['./treeMaker/main', '-m', '-a', '1']
0.106339931488	0.130198001862	0.128251075745	0.136918067932	0.132961988449	0.0990540981293	0.106807947159	0.0875420570374	0.105479001999	0.0990469455719	0.103128910065	0.121246099472	0.114290952682	0.129235982895	0.115647792816	0.136567115784	0.127012014389	0.110558986664	0.0912370681763	0.162534952164	0.116048812866	0.100779056549	0.0855810642242	0.107287883759	0.161263942719	0.165872097015	0.131229162216	0.123442173004	0.103128910065	0.103245973587	0.0981590747833	0.0994398593903	0.100490093231	0.137274980545	0.0829229354858	0.0975840091705	0.100739955902	0.101945877075	0.156991004944	0.103873968124	0.105132102966	0.131679058075	0.102570056915	0.155330181122	0.0928239822388	0.146749019623	0.113817930222	0.113654136658	0.131004810333	0.13091301918	
['./treeMaker/main', '-m', '-a', '2']
0.100531101227	0.116526126862	0.100528001785	0.129426956177	0.135040998459	0.101020097733	0.0946359634399	0.0943930149078	0.102921962738	0.090852022171	0.0988178253174	0.105479955673	0.107863903046	0.114812135696	0.107970952988	0.130530118942	0.131700992584	0.105127096176	0.0849480628967	0.158118009567	0.107470035553	0.0970849990845	0.0925619602203	0.11841583252	0.137045145035	0.145738840103	0.121918916702	0.12051320076	0.107302904129	0.0890409946442	0.0888609886169	0.0909759998322	0.0918731689453	0.115453958511	0.075296163559	0.105072975159	0.0950040817261	0.0932219028473	0.137405872345	0.0827629566193	0.0975041389465	0.115446090698	0.0884981155396	0.147646903992	0.0880258083344	0.14329791069	0.114077091217	0.113813877106	0.115348100662	0.116029977798	
