25_1000_4.9e-10_4.9e-10_470000000_cut_5
25
1000
4.9e-10
4.9e-10
470000000
cut_5
['./treeMaker/main']
0.0561039447784	0.0823361873627	0.088840007782	0.0583090782166	0.0668869018555	0.0566630363464	0.0664460659027	0.07248711586	0.0726819038391	0.064080953598	0.0686810016632	0.0682699680328	0.0654509067535	0.0629091262817	0.0552070140839	0.0512599945068	0.0783040523529	0.12217092514	0.0654439926147	0.0569911003113	0.0604729652405	0.0586109161377	0.0704660415649	0.0899369716644	0.0900769233704	0.0542798042297	0.0707528591156	0.0616569519043	0.0494389533997	0.0496799945831	0.110506057739	0.0697641372681	0.253052949905	0.0642991065979	0.0406858921051	0.0807027816772	0.0676140785217	0.0590670108795	0.0514960289001	0.0959360599518	0.0558540821075	0.079195022583	0.214964151382	0.0546431541443	0.0767939090729	0.0568070411682	0.0291428565979	0.0494420528412	0.0489101409912	0.147566795349	
['./treeMaker/main', '-b']
0.0559380054474	0.0844550132751	0.0888819694519	0.0581700801849	0.065975189209	0.0577301979065	0.0691859722137	0.0732879638672	0.072772026062	0.0615780353546	0.0676820278168	0.068207025528	0.065395116806	0.0671610832214	0.0577261447906	0.0527091026306	0.0834410190582	0.130172967911	0.0673727989197	0.0682349205017	0.0641100406647	0.0608580112457	0.0768139362335	0.0926480293274	0.0931630134583	0.057874917984	0.0752460956573	0.0623099803925	0.0533912181854	0.0514829158783	0.11553311348	0.0728499889374	0.260734081268	0.0673151016235	0.0362160205841	0.0870590209961	0.070307970047	0.0641708374023	0.0535700321198	0.0994131565094	0.0568370819092	0.0877079963684	0.214012861252	0.0583388805389	0.0881359577179	0.0632119178772	0.0334060192108	0.0513319969177	0.0518729686737	0.155216932297	
['./treeMaker/main', '-u']
0.0529019832611	0.0810718536377	0.0850460529327	0.0579650402069	0.0666890144348	0.0564751625061	0.0663850307465	0.0726962089539	0.0706748962402	0.0700399875641	0.0722801685333	0.0653240680695	0.0636429786682	0.0662019252777	0.0564591884613	0.0498239994049	0.0777208805084	0.121674060822	0.0667300224304	0.0602960586548	0.0637240409851	0.0607481002808	0.074070930481	0.0897390842438	0.0898740291595	0.0545811653137	0.0719039440155	0.0613489151001	0.0503931045532	0.0506491661072	0.10994720459	0.0666749477386	0.25012087822	0.0624530315399	0.0354740619659	0.0841381549835	0.0677030086517	0.0601041316986	0.0505681037903	0.0957119464874	0.055114030838	0.0800158977509	0.206357955933	0.0552260875702	0.0755240917206	0.0590209960938	0.0295898914337	0.0489799976349	0.0480790138245	0.146490097046	
['./treeMaker/main', '-t', '-r', '1']
0.884086847305	1.53589200974	1.49357390404	0.961289167404	1.16489601135	0.96041893959	1.25730705261	1.36500096321	1.26061582565	1.14068603516	1.1122200489	1.13837599754	1.11175584793	1.10471892357	0.959475040436	0.879076957703	1.47013497353	2.13860702515	1.12339901924	0.92111992836	1.0679910183	0.907925128937	1.29221105576	1.49910497665	1.630671978	0.871037006378	1.41925597191	1.10376501083	0.833410024643	0.824877977371	2.0578019619	1.24396800995	4.49978780746	1.13480496407	0.487130880356	1.5950858593	1.2171318531	1.01186013222	0.886753797531	1.8036339283	0.918276071548	1.43139696121	3.5360891819	0.898764848709	1.5044169426	1.06438684464	0.377798080444	0.843894958496	0.793785095215	2.48204898834	
['./treeMaker/main', '-t', '-r', '2']
1.52402210236	2.68520307541	2.81410312653	1.76962089539	1.97221207619	1.74592399597	2.0169198513	2.33407187462	2.37571907043	1.92122912407	2.28497409821	2.21452999115	2.08093595505	2.12214779854	1.67767286301	1.46971416473	2.59974908829	4.37004089355	2.0375919342	1.72287201881	1.92147803307	2.01438093185	2.33275008202	3.04926514626	2.98804211617	1.89180898666	2.37735199928	1.9985268116	1.46138596535	1.43401408195	4.13540792465	2.28681612015	7.9107170105	1.94610500336	0.920743942261	2.90827512741	2.36616778374	1.87709307671	1.61769795418	3.2911760807	1.74648594856	2.83046603203	6.82910013199	1.55964493752	2.68981719017	1.82121896744	0.637917995453	1.48159790039	1.48804998398	5.57280111313	
['./treeMaker/main', '-t', '-r', '1', '-N']
0.883949041367	1.55219292641	1.53851604462	1.00259304047	1.17091608047	0.958983898163	1.22301411629	1.37067008018	1.25005292892	1.13192796707	1.11513400078	1.19435286522	1.11600899696	1.10954499245	0.959674119949	0.876611948013	1.46423792839	2.13774299622	1.11579298973	0.923952817917	1.07181882858	0.904861927032	1.28935694695	1.49381089211	1.62761592865	0.869571208954	1.42077207565	1.10252809525	0.830413818359	0.827476978302	2.08754086494	1.24179601669	4.51031589508	1.13325810432	0.483721017838	1.59342288971	1.21765494347	1.01513695717	0.888720035553	1.82193803787	0.920707941055	1.42558002472	3.5462179184	0.899304151535	1.56362700462	1.01556801796	0.379280090332	0.849999904633	0.798974990845	2.49132013321	
['./treeMaker/main', '-t', '-r', '2', '-N']
1.53437995911	2.69631004333	2.81509900093	1.7720208168	1.97604298592	1.74738502502	2.01697301865	2.32631087303	2.38297486305	1.92468690872	2.28633093834	2.19892096519	2.08354187012	2.12794208527	1.67482995987	1.47150206566	2.61097502708	4.3826918602	2.04286694527	1.77518606186	1.92417502403	2.00798988342	2.33027505875	3.04998707771	2.99130105972	1.8534488678	2.37245607376	1.99586701393	1.46067595482	1.43943810463	4.29520606995	2.30016303062	7.82335495949	1.94635605812	0.919731855392	2.94627404213	2.26236796379	1.87476491928	1.61827492714	3.33312392235	1.74581313133	2.8247089386	6.84703016281	1.55918908119	2.6833820343	1.82111692429	0.638619184494	1.47820901871	1.48591399193	5.59752702713	
['./treeMaker/main', '-m']
0.0426959991455	0.0581932067871	0.0624310970306	0.0562429428101	0.0497200489044	0.047110080719	0.0516891479492	0.0562698841095	0.0551319122314	0.0487701892853	0.0634229183197	0.052983045578	0.0499551296234	0.0491969585419	0.0460801124573	0.0430569648743	0.0619418621063	0.0818531513214	0.0501971244812	0.0469198226929	0.0485019683838	0.0493278503418	0.0663259029388	0.0653891563416	0.0643439292908	0.0468120574951	0.0567278862	0.0494568347931	0.0427849292755	0.0418729782104	0.0754489898682	0.0547490119934	0.122720003128	0.050225019455	0.0343391895294	0.0624299049377	0.0528309345245	0.0477991104126	0.0422210693359	0.0672149658203	0.0465381145477	0.0600929260254	0.109819889069	0.0454030036926	0.0585241317749	0.0480501651764	0.0273249149323	0.040953874588	0.0420520305634	0.0935959815979	
['./treeMaker/main', '-m', '-b']
0.0443019866943	0.0630850791931	0.0655739307404	0.0517549514771	0.0524928569794	0.0489249229431	0.0532841682434	0.0582880973816	0.0583760738373	0.050764799118	0.0546000003815	0.0535500049591	0.0518419742584	0.0641930103302	0.0582821369171	0.0450441837311	0.0620880126953	0.0858008861542	0.0529088973999	0.0487070083618	0.0537440776825	0.0510721206665	0.0595459938049	0.067841053009	0.0707581043243	0.0479290485382	0.0595979690552	0.0513060092926	0.0420010089874	0.04243683815	0.081878900528	0.0556139945984	0.131367921829	0.053377866745	0.0313529968262	0.0663847923279	0.0540511608124	0.0507118701935	0.0472779273987	0.0734128952026	0.0481860637665	0.0626420974731	0.118628025055	0.0476830005646	0.0609040260315	0.0494260787964	0.028174161911	0.0424671173096	0.0426261425018	0.100831031799	
['./treeMaker/main', '-m', '-w', '1']
0.0461270809174	0.0632898807526	0.0661969184875	0.0481650829315	0.0538198947906	0.0490109920502	0.0551431179047	0.0566701889038	0.0582959651947	0.0508639812469	0.0544250011444	0.0561289787292	0.0531589984894	0.0558679103851	0.0493381023407	0.0464107990265	0.0638768672943	0.0820682048798	0.0512318611145	0.0476760864258	0.0508711338043	0.0515570640564	0.0569219589233	0.0703549385071	0.0763690471649	0.0498340129852	0.0696370601654	0.0530910491943	0.0446269512177	0.0432960987091	0.0788760185242	0.0557279586792	0.134096860886	0.0529577732086	0.03528881073	0.0653190612793	0.0543868541718	0.0513730049133	0.0472421646118	0.0686590671539	0.0447759628296	0.0603837966919	0.114761829376	0.0447299480438	0.0574839115143	0.0470440387726	0.028039932251	0.0413579940796	0.0421469211578	0.0935108661652	
['./treeMaker/main', '-m', '-w', '2']
0.0424799919128	0.0600130558014	0.0628249645233	0.0461540222168	0.0517868995667	0.0451898574829	0.0523300170898	0.0565400123596	0.0539131164551	0.0486090183258	0.0525350570679	0.0531280040741	0.0521719455719	0.051784992218	0.047553062439	0.0414831638336	0.0597839355469	0.0804259777069	0.0516259670258	0.0475368499756	0.0487880706787	0.0493240356445	0.054582118988	0.0650668144226	0.0649349689484	0.0531361103058	0.0564730167389	0.0493791103363	0.0413949489594	0.0416538715363	0.0759568214417	0.0533630847931	0.124295949936	0.0507459640503	0.0318818092346	0.064169883728	0.0531611442566	0.0499269962311	0.0428731441498	0.0673449039459	0.0451898574829	0.0659289360046	0.113188028336	0.0452160835266	0.0574669837952	0.0483849048615	0.0284521579742	0.0412840843201	0.0408010482788	0.094034910202	
['./treeMaker/main', '-m', '-c', '1']
0.0433468818665	0.0579569339752	0.0622820854187	0.0469748973846	0.051707983017	0.0436370372772	0.0513019561768	0.0551428794861	0.0545768737793	0.047290802002	0.0518360137939	0.0518682003021	0.0496079921722	0.0507810115814	0.0471289157867	0.0496671199799	0.0607199668884	0.0797071456909	0.0511410236359	0.0468170642853	0.0489890575409	0.0487999916077	0.0552639961243	0.064927816391	0.0647168159485	0.0468089580536	0.0552799701691	0.0488278865814	0.0430779457092	0.0407888889313	0.0753111839294	0.0538640022278	0.122494935989	0.0505030155182	0.0331110954285	0.0617251396179	0.0526390075684	0.0513439178467	0.0424129962921	0.0682628154755	0.0467491149902	0.0587720870972	0.109354972839	0.0456540584564	0.0582981109619	0.0477838516235	0.0307240486145	0.040855884552	0.0444509983063	0.0939900875092	
['./treeMaker/main', '-m', '-c', '2']
0.0443329811096	0.0607471466064	0.0624499320984	0.0478768348694	0.0517239570618	0.0452091693878	0.0528039932251	0.0534660816193	0.0537528991699	0.0585598945618	0.0513458251953	0.0524311065674	0.0510878562927	0.051118850708	0.0472810268402	0.042083978653	0.058779001236	0.0826981067657	0.0503709316254	0.0566210746765	0.0482630729675	0.0494561195374	0.0557851791382	0.0636379718781	0.0637059211731	0.0456049442291	0.0545670986176	0.0480809211731	0.0410451889038	0.0415971279144	0.0755369663239	0.0568740367889	0.121487855911	0.0492060184479	0.0299139022827	0.0615727901459	0.0546009540558	0.049103975296	0.0424480438232	0.0662269592285	0.0452320575714	0.0587220191956	0.115112066269	0.0442998409271	0.0584759712219	0.047877073288	0.0281910896301	0.0409369468689	0.0411818027496	0.0907018184662	
['./treeMaker/main', '-m', '-a', '1']
0.0477330684662	0.0637249946594	0.0675251483917	0.0512099266052	0.0564429759979	0.0491409301758	0.053612947464	0.0601000785828	0.0589940547943	0.0511651039124	0.0542159080505	0.0563459396362	0.0520939826965	0.0665390491486	0.0604560375214	0.0480918884277	0.0684020519257	0.0851929187775	0.0558710098267	0.0504059791565	0.0518088340759	0.0518400669098	0.0616610050201	0.0676109790802	0.0693061351776	0.0501480102539	0.0590279102325	0.052234172821	0.0453190803528	0.0460870265961	0.0774719715118	0.0574090480804	0.127353906631	0.052775144577	0.0360589027405	0.0638020038605	0.0549530982971	0.0505270957947	0.0482828617096	0.0716118812561	0.048553943634	0.0626609325409	0.11557507515	0.0479309558868	0.0610060691833	0.0508289337158	0.0313708782196	0.0435910224915	0.0471251010895	0.100154161453	
['./treeMaker/main', '-m', '-a', '2']
0.0422229766846	0.0583238601685	0.0634050369263	0.0484108924866	0.0520570278168	0.0463371276855	0.0502939224243	0.0539391040802	0.0550529956818	0.0482020378113	0.0514001846313	0.0520250797272	0.0498239994049	0.0516459941864	0.0465970039368	0.0439689159393	0.0587589740753	0.0821669101715	0.0504159927368	0.0476870536804	0.0498261451721	0.0492510795593	0.0545520782471	0.0653150081635	0.0642688274384	0.0469880104065	0.0557720661163	0.0501210689545	0.0415539741516	0.0416951179504	0.0759658813477	0.0633509159088	0.123966932297	0.0488209724426	0.0326631069183	0.0619449615479	0.0518929958344	0.0499029159546	0.0429110527039	0.0685729980469	0.0456581115723	0.0596148967743	0.112092018127	0.0438008308411	0.0586850643158	0.048063993454	0.0261950492859	0.0410530567169	0.0404798984528	0.0936710834503	
