25_1000_4.9e-10_0.0_470000000
25
1000
4.9e-10
0.0
470000000

['./treeMaker/main']
2.87449407578	2.1758248806	152.305209875	2.89556694031	7.6454539299	26.1911799908	1.91262793541	3.01077795029	13.3877019882	5.25384306908	11.2866089344	3.2163169384	7.26350402832	6.79863095284	2.95044898987	2.20393204689	6.82890605927	8.85748791695	0.213945865631	14.2593650818	1.58196282387	1.46017599106	2.14178586006	0.785869121552	30.1606469154	2.43441295624	3.63729977608	0.839439868927	1.41869091988	0.608918905258	2.35018110275	3.90352797508	0.585683822632	64.408313036	1.43159103394	1.31909298897	17.8450369835	7.79896187782	2.3002269268	6.26400995255	1.06534600258	2.01305699348	31.2391278744	3.71268320084	1.9081120491	21.5668120384	3.34643793106	1.08472299576	2.54091405869	8.19412016869	
['./treeMaker/main', '-b']
2.89115095139	2.19751000404	151.576053143	3.22000598907	7.6872279644	26.1415081024	1.94951105118	3.03215289116	13.390294075	5.26344108582	11.3052079678	3.2349190712	7.2703769207	6.81785297394	2.97920894623	2.22887086868	6.88707995415	8.93982195854	0.219795942307	14.3490250111	1.60577297211	1.4884250164	2.17454910278	0.80199098587	29.3496770859	2.47968697548	3.68866491318	0.861261129379	1.4477391243	0.625530004501	2.38300180435	3.96114397049	0.600610971451	64.6479809284	1.32342600822	1.33733391762	17.9757111073	7.88691306114	2.33827900887	6.3501830101	1.09275913239	2.09152889252	31.3350019455	3.75703907013	1.94347190857	21.7038328648	3.39225077629	1.1071999073	2.5836789608	8.2711789608	
['./treeMaker/main', '-u']
2.85918092728	2.16102910042	151.078791857	2.87183499336	7.59782886505	25.9026870728	1.90652489662	3.00286197662	13.2961471081	5.22704005241	11.216272831	3.19567894936	7.20496797562	6.74930691719	2.93316602707	2.20513319969	6.82603096962	8.88963794708	0.213510036469	14.2302701473	1.58184504509	1.46224999428	2.14413404465	0.786283969879	29.103785038	2.44083809853	3.63692593575	0.846762180328	1.41879582405	0.610771894455	2.34587001801	3.91087698936	0.583573818207	64.4296169281	1.2788310051	1.31051397324	17.8433759212	7.80969595909	2.30285692215	6.27461695671	1.09610390663	2.02638101578	31.184294939	3.70902991295	1.91950011253	21.5556168556	3.34840011597	1.09959697723	2.55494594574	8.19281792641	
['./treeMaker/main', '-t', '-r', '1']
24.5796501637	20.5997421741	246.871098995	24.0979909897	43.1197829247	97.5033240318	22.4793422222	28.4591698647	70.0753390789	39.3766539097	60.4967918396	29.4441030025	43.7740359306	38.2062580585	22.885668993	20.8897488117	43.0495700836	46.5771048069	3.36898112297	69.3613650799	16.8998911381	15.7262339592	20.2177121639	10.0658638477	110.966243982	23.7536478043	31.1758420467	12.5417490005	16.303565979	10.1612899303	23.7664940357	34.920593977	9.55311107635	164.935795069	14.2461059093	12.7596409321	72.5992441177	43.6773059368	21.1256639957	36.5702431202	12.4999890327	18.7046999931	104.926240921	28.45788908	19.7135639191	86.7180058956	27.0380959511	12.1122658253	23.6291809082	46.3022720814	
['./treeMaker/main', '-t', '-r', '2']
39.4745578766	31.4819710255	461.023188829	37.2163448334	74.9467871189	182.435399055	32.7511379719	46.9090631008	125.529490948	58.1497220993	94.4743030071	42.2034540176	70.8046119213	70.0949470997	39.3659729958	31.3691129684	66.2649729252	82.8060150146	5.44926404953	106.513623953	25.8884189129	24.0092871189	30.9288811684	15.3630971909	168.304836988	36.0551309586	46.6589641571	16.8992688656	24.1270980835	12.5451397896	34.506278038	48.2653210163	12.7569601536	272.835407972	21.2302420139	23.1961581707	125.811550856	73.8860719204	32.6684370041	65.7995250225	19.3986420631	30.6641759872	176.276139975	45.2773051262	28.9554028511	139.009140015	41.0371248722	18.5575158596	35.8738310337	74.1795020103	
['./treeMaker/main', '-t', '-r', '1', '-N']
25.1302990913	21.0675251484	250.729591131	24.6142141819	43.9605340958	95.1909389496	19.4946508408	24.3930470943	60.8373608589	33.2583959103	51.7885980606	25.0833239555	44.5925371647	39.3527719975	23.4455590248	21.6462459564	44.451925993	47.6722772121	3.47298812866	70.8321731091	17.2435278893	16.2979710102	20.9135138988	10.2665729523	96.4527111053	20.4905390739	27.4458429813	10.9028809071	14.1592769623	8.80303502083	20.6589148045	30.4636609554	8.29508686066	166.843286991	14.5790038109	13.029624939	73.2660050392	44.5453808308	21.5669579506	36.852314949	12.6729881763	18.9394199848	105.402342081	28.8157629967	20.121680975	86.7290279865	27.5341029167	12.1404149532	23.6048839092	46.9763689041	
['./treeMaker/main', '-t', '-r', '2', '-N']
39.8008899689	32.2200570107	466.910053015	37.6993911266	76.6434748173	162.948055029	28.6518750191	40.3227920532	106.229346037	56.7639679909	93.3226151466	41.9029049873	71.2162058353	69.8991270065	39.0711889267	31.4229769707	67.4037101269	82.8974359035	5.53778600693	107.715857983	26.5114459991	24.0523109436	30.6446158886	15.219037056	168.425424099	36.7594311237	47.4812300205	16.8077960014	24.1556229591	12.5836820602	34.6815431118	48.0608980656	12.7707798481	269.236093044	21.3795359135	23.1676540375	125.40219593	74.2551651001	31.8987629414	67.5137708187	20.4361329079	32.5609240532	189.134706974	46.0400772095	30.6780090332	139.554800034	41.4547359943	18.6267871857	35.652162075	74.8808469772	
['./treeMaker/main', '-m']
0.495669841766	0.44557094574	3.46556997299	0.473422050476	0.83837890625	1.44524097443	0.421401977539	0.547457933426	1.0539560318	0.682955026627	1.00188112259	0.534577131271	0.789290904999	0.761455059052	0.513135910034	0.421153068542	0.744776010513	0.866564035416	0.141700983047	1.05405807495	0.386838912964	0.349140882492	0.4232609272	0.251806020737	1.46178722382	0.460080862045	0.568139076233	0.256174087524	0.366788864136	0.232006072998	0.441017150879	0.546420097351	0.212105035782	2.15843915939	0.335952997208	0.355921030045	1.15912294388	0.816348075867	0.418521881104	0.717882871628	0.307558059692	0.429291963577	1.5339910984	0.589181900024	0.404644966125	1.26176404953	0.533982038498	0.291562080383	0.458081960678	0.821713924408	
['./treeMaker/main', '-m', '-b']
0.566696166992	0.47493481636	3.86634802818	0.536503076553	0.905115127563	1.58178496361	0.421369075775	0.554070949554	1.1497130394	0.741436004639	1.11738395691	0.587983131409	0.827247858047	0.86084485054	0.557724952698	0.443948984146	0.826171159744	0.935874938965	0.139804124832	1.12263679504	0.406851053238	0.391103029251	0.441436052322	0.292376041412	1.66389012337	0.487103939056	0.645626068115	0.293375015259	0.392939090729	0.248831987381	0.507938861847	0.6415579319	0.252137184143	2.35421705246	0.366021156311	0.381815910339	1.2653131485	0.87913107872	0.492762088776	0.806713104248	0.332872152328	0.472554206848	1.72476601601	0.61952495575	0.438820123672	1.45440292358	0.57395195961	0.311724185944	0.513316869736	0.870064020157	
['./treeMaker/main', '-m', '-w', '1']
0.488420009613	0.410229206085	3.46461296082	0.498425006866	0.830144166946	1.44448804855	0.40805888176	0.518780946732	1.06376004219	0.663403987885	1.01082396507	0.534973859787	0.78377199173	0.768577814102	0.518462896347	0.42792391777	0.748961925507	0.866672039032	0.129882097244	1.05857515335	0.356168031693	0.360413074493	0.431980133057	0.264553070068	1.51251316071	0.468830108643	0.552265882492	0.261409044266	0.356843948364	0.231555938721	0.469939947128	0.585254907608	0.210170030594	2.17612910271	0.335658073425	0.358860969543	1.17204809189	0.791604042053	0.439184904099	0.739279985428	0.296108961105	0.412781953812	1.5244820118	0.569880962372	0.400105953217	1.29391503334	0.54100894928	0.289442062378	0.444944143295	0.799316883087	
['./treeMaker/main', '-m', '-w', '2']
0.516714096069	0.413153886795	3.44663405418	0.494797945023	0.815076112747	1.44712615013	0.414205789566	0.517317056656	1.09034490585	0.664073944092	1.01357102394	0.535448074341	0.799889087677	0.764688014984	0.516304969788	0.415043115616	0.756927013397	0.880872964859	0.130640983582	1.05639100075	0.37615609169	0.361674070358	0.426254034042	0.266530990601	1.52618312836	0.469302892685	0.570412874222	0.26882982254	0.357988119125	0.239194869995	0.46586894989	0.584529161453	0.217698097229	2.11399507523	0.336579084396	0.356997966766	1.19431710243	0.835658073425	0.460969924927	0.76166510582	0.324400186539	0.443298101425	1.54530715942	0.578308820724	0.398121118546	1.29620790482	0.514183044434	0.309988021851	0.446816921234	0.79122209549	
['./treeMaker/main', '-m', '-c', '1']
0.512089014053	0.437993049622	3.44984412193	0.512902021408	0.821876049042	1.40109992027	0.404513120651	0.521055936813	1.03401899338	0.672348022461	1.00527691841	0.535099983215	0.794573783875	0.73845410347	0.519569158554	0.45444393158	0.727262020111	0.887166976929	0.128863811493	1.04713201523	0.355000019073	0.347527980804	0.415891885757	0.262723922729	1.54383802414	0.480418920517	0.58557009697	0.271152019501	0.358789205551	0.21635389328	0.45601606369	0.557896852493	0.222773075104	2.12661409378	0.322138786316	0.352853775024	1.1614151001	0.808887958527	0.436799049377	0.738286972046	0.305914163589	0.424579143524	1.54186320305	0.564998149872	0.407327890396	1.30926918983	0.520922899246	0.30154800415	0.455906152725	0.782548904419	
['./treeMaker/main', '-m', '-c', '2']
0.503133058548	0.449730873108	3.41960811615	0.500148057938	0.802732944489	1.44165205956	0.406556129456	0.512403964996	1.04625797272	0.681122779846	1.00381088257	0.535793781281	0.813471078873	0.785620927811	0.526771068573	0.420623064041	0.727260828018	0.875313997269	0.128664016724	1.0046210289	0.394834041595	0.356591939926	0.427016019821	0.257503032684	1.50606608391	0.445456027985	0.562268972397	0.269108057022	0.343737840652	0.232600927353	0.44683098793	0.55837893486	0.218234062195	2.13578605652	0.33297085762	0.352772951126	1.18195605278	0.805945158005	0.433031797409	0.715487957001	0.302316904068	0.431344985962	1.52763795853	0.570170164108	0.386219024658	1.31242585182	0.509038925171	0.288667201996	0.460157871246	0.820215940475	
['./treeMaker/main', '-m', '-a', '1']
0.491875886917	0.45140504837	3.38931202888	0.503920078278	0.838663816452	1.4727730751	0.416614055634	0.528126001358	1.02896809578	0.656661987305	0.973458051682	0.515121936798	0.758258104324	0.745989084244	0.492505073547	0.418918132782	0.719075918198	0.835178136826	0.144806146622	1.01103591919	0.365862131119	0.355605125427	0.412658929825	0.259773015976	1.46988797188	0.457175016403	0.558197021484	0.27946805954	0.353667974472	0.23094701767	0.449849128723	0.558648109436	0.226036787033	2.07650899887	0.332117080688	0.350518941879	1.1509680748	0.78363609314	0.430418014526	0.711371898651	0.305276870728	0.421633005142	1.49761295319	0.552360057831	0.398020982742	1.25440406799	0.521984100342	0.301975011826	0.452790021896	0.795230150223	
['./treeMaker/main', '-m', '-a', '2']
0.470348119736	0.407626867294	3.33327007294	0.471862077713	0.774535894394	1.41729807854	0.387750864029	0.489592075348	1.00606703758	0.640387058258	0.953027009964	0.502805948257	0.746428012848	0.735621929169	0.481768846512	0.40602684021	0.710492134094	0.832123041153	0.125066041946	1.01581597328	0.354923963547	0.343258142471	0.403075218201	0.246544122696	1.46444892883	0.443219184875	0.545289993286	0.270133972168	0.337380170822	0.234055042267	0.435396909714	0.54151391983	0.211880922318	2.06282496452	0.325501918793	0.334357976913	1.1359808445	0.771142959595	0.415493965149	0.705016851425	0.290835142136	0.407006978989	1.47742486	0.539968013763	0.383354902267	1.23860788345	0.503380060196	0.288932085037	0.439959049225	0.779522895813	
