25_1000_1.9e-10_1.9e-10_10000
25
1000
1.9e-10
1.9e-10
10000

['./treeMaker/main']
0.0625631809235	0.0634500980377	0.0557971000671	0.0662250518799	0.0630311965942	0.0642700195312	0.0588521957397	0.0595409870148	0.0542559623718	0.0595901012421	0.0728180408478	0.0547301769257	0.0583050251007	0.0823431015015	0.0536699295044	0.0581719875336	0.0666589736938	0.0556027889252	0.0814218521118	0.0697309970856	0.0609588623047	0.082230091095	0.070953130722	0.0637719631195	0.0647358894348	0.0860891342163	0.0580840110779	0.0527431964874	0.0626950263977	0.0556631088257	0.0568659305573	0.0758149623871	0.059611082077	0.0527160167694	0.0585989952087	0.0634109973907	0.0803937911987	0.0609440803528	0.0613880157471	0.057079076767	0.0605549812317	0.0726158618927	0.0598208904266	0.0640480518341	0.0688240528107	0.0530641078949	0.0553770065308	0.0793509483337	0.0543110370636	0.0603179931641	
['./treeMaker/main', '-b']
0.06205701828	0.0653569698334	0.0570321083069	0.0665249824524	0.0653359889984	0.0696859359741	0.0591449737549	0.0636520385742	0.0579121112823	0.0631580352783	0.0620579719543	0.0595850944519	0.0624470710754	0.0696749687195	0.0585110187531	0.0592219829559	0.0820269584656	0.0698640346527	0.0791640281677	0.0764398574829	0.066752910614	0.0872900485992	0.0724039077759	0.0641620159149	0.064532995224	0.0725960731506	0.0642499923706	0.0699090957642	0.0730268955231	0.0583310127258	0.0613889694214	0.0874938964844	0.0598609447479	0.057343006134	0.0749590396881	0.0694861412048	0.0805881023407	0.0812170505524	0.0625529289246	0.0587508678436	0.0632109642029	0.0881869792938	0.0680758953094	0.0727889537811	0.0771961212158	0.0623650550842	0.0655069351196	0.0842311382294	0.0569639205933	0.0667791366577	
['./treeMaker/main', '-u']
0.0652120113373	0.0649421215057	0.0596978664398	0.0661561489105	0.0618970394135	0.0650770664215	0.0579769611359	0.0607750415802	0.0556778907776	0.060968875885	0.0611588954926	0.0614628791809	0.0587890148163	0.0744869709015	0.0714991092682	0.0569968223572	0.0687780380249	0.0600779056549	0.0772800445557	0.0654051303864	0.0593149662018	0.0784571170807	0.0841031074524	0.0690379142761	0.0650358200073	0.0667729377747	0.0616970062256	0.0561048984528	0.066782951355	0.0592401027679	0.0619990825653	0.0745520591736	0.0581750869751	0.0678768157959	0.062479019165	0.0676579475403	0.0782098770142	0.0628640651703	0.0631630420685	0.0590839385986	0.0614950656891	0.0747148990631	0.0635361671448	0.0667769908905	0.0691359043121	0.055762052536	0.0622148513794	0.079439163208	0.0558040142059	0.073117017746	
['./treeMaker/main', '-t', '-r', '1']
0.990375041962	0.996419906616	0.819044828415	1.03104996681	0.866004943848	1.00651097298	0.863711118698	0.877791881561	0.787491083145	0.90025806427	0.855808019638	0.840603113174	0.876002073288	1.11351585388	0.74894118309	0.897595882416	1.05341005325	0.793669939041	1.25627207756	0.977979898453	0.823046922684	1.26064801216	1.08730506897	0.959944009781	0.960314035416	1.0346198082	0.912300109863	0.767426967621	0.99876499176	0.816984176636	0.910651922226	1.2571451664	0.883543014526	0.811478853226	0.969400167465	1.10274410248	1.30770897865	0.883987903595	0.918520927429	0.792689800262	0.904170036316	1.28004384041	0.854698896408	0.959815979004	1.05178403854	0.707977056503	0.757531881332	1.30783104897	0.746706962585	0.816632986069	
['./treeMaker/main', '-t', '-r', '2']
1.33541297913	1.37185502052	1.09226489067	1.41349506378	1.21406912804	1.38374996185	1.09835004807	1.24550294876	1.00705909729	1.22830605507	1.2047700882	1.11604595184	1.23278212547	1.59092998505	1.04092001915	1.2452712059	1.5971930027	1.14019298553	1.92429900169	1.48736786842	1.18015408516	1.89295887947	1.53706598282	1.26064300537	1.32997989655	1.48121404648	1.28119397163	1.04416489601	1.47934985161	1.18874287605	1.19834709167	1.73364901543	1.15283107758	1.09422707558	1.28239703178	1.46330499649	1.7947678566	1.3383128643	1.35972690582	1.18464899063	1.33100295067	1.78191208839	1.28146505356	1.37991309166	1.4956600666	1.02940702438	1.10206818581	1.8780632019	0.999567985535	1.23167705536	
['./treeMaker/main', '-t', '-r', '1', '-N']
0.943008899689	0.944894075394	0.852088928223	1.0853061676	0.909862041473	1.001060009	0.865082979202	0.923012018204	0.750516891479	0.896942853928	0.850857019424	0.906381845474	0.886018037796	1.11302113533	0.769117832184	0.894525051117	1.08151888847	0.786263942719	1.28476285934	1.03566908836	0.858351230621	1.27918076515	1.07068705559	0.940089941025	0.971203804016	1.01295495033	0.866450071335	0.743477106094	1.04732084274	0.817445993423	0.92467880249	1.23277902603	0.838068008423	0.798997163773	0.966290950775	1.06642699242	1.33038210869	0.921591997147	0.951319217682	0.827711105347	0.883910179138	1.24783611298	0.900070905685	0.979929924011	1.1829931736	0.748131036758	0.793954133987	1.35118412971	0.769264936447	0.837004899979	
['./treeMaker/main', '-t', '-r', '2', '-N']
1.37576699257	1.39689803123	1.11886096001	1.43993210793	1.1609442234	1.35361289978	1.09623503685	1.26058101654	1.04696512222	1.21290588379	1.26084804535	1.09772992134	1.23525595665	1.55206608772	1.03463888168	1.1915769577	1.57937407494	1.1095790863	1.86681604385	1.38843297958	1.19507288933	1.89490294456	1.58486413956	1.24837899208	1.41881394386	1.48404479027	1.26630401611	1.07927894592	1.47427797318	1.24884819984	1.23415613174	1.65651679039	1.151668787	1.02976107597	1.32678604126	1.51680517197	2.12519693375	1.60891199112	1.59372711182	1.36659097672	1.6053750515	2.15934300423	1.53877019882	1.62133002281	1.72511696815	1.32008218765	1.38569903374	2.26258707047	1.21838402748	1.52791714668	
['./treeMaker/main', '-m']
0.0776340961456	0.0783259868622	0.0666060447693	0.0748538970947	0.0695760250092	0.0733089447021	0.066782951355	0.0702791213989	0.0651898384094	0.0677568912506	0.0690679550171	0.067214012146	0.0793118476868	0.0777969360352	0.0719230175018	0.0662150382996	0.0772130489349	0.0663189888	0.0837450027466	0.0774390697479	0.0720009803772	0.083212852478	0.0762138366699	0.0704760551453	0.069962978363	0.0755710601807	0.0714359283447	0.0740828514099	0.0750088691711	0.0694119930267	0.0699520111084	0.0782089233398	0.0770130157471	0.0720200538635	0.0743298530579	0.0792531967163	0.0848340988159	0.0744740962982	0.0751619338989	0.0840089321136	0.0796208381653	0.0723841190338	0.0610449314117	0.0802757740021	0.076132774353	0.0664260387421	0.0804109573364	0.0815489292145	0.0579199790955	0.0731739997864	
['./treeMaker/main', '-m', '-b']
0.0755980014801	0.0810558795929	0.080598115921	0.0875351428986	0.0790910720825	0.0678341388702	0.0744688510895	0.0683047771454	0.0668590068817	0.0725870132446	0.0726759433746	0.0704739093781	0.0711529254913	0.0880801677704	0.0698621273041	0.0761408805847	0.080039024353	0.0751888751984	0.0788490772247	0.0799667835236	0.0761280059814	0.0873358249664	0.0827910900116	0.0847451686859	0.0739638805389	0.0918219089508	0.0762619972229	0.0731241703033	0.0800499916077	0.0740900039673	0.0733170509338	0.0907270908356	0.0721499919891	0.0735700130463	0.0813698768616	0.0785529613495	0.0895380973816	0.0777499675751	0.0813219547272	0.0719308853149	0.0817859172821	0.0818378925323	0.0742220878601	0.0773019790649	0.0948729515076	0.0713980197906	0.0700268745422	0.0948650836945	0.0717639923096	0.070375919342	
['./treeMaker/main', '-m', '-w', '1']
0.0740549564362	0.0760869979858	0.0822529792786	0.0778629779816	0.080286026001	0.0739629268646	0.0658831596375	0.0726370811462	0.076728105545	0.0750250816345	0.0741908550262	0.0674300193787	0.0724468231201	0.0799090862274	0.0711040496826	0.0720191001892	0.092759847641	0.0668430328369	0.0840079784393	0.082533121109	0.0764739513397	0.0986320972443	0.0738217830658	0.0750629901886	0.0742988586426	0.0813610553741	0.076416015625	0.061931848526	0.0785191059113	0.0730800628662	0.0735700130463	0.0834419727325	0.0764019489288	0.0749781131744	0.0733931064606	0.0828700065613	0.0861060619354	0.0884830951691	0.0709800720215	0.0774009227753	0.073704957962	0.0843071937561	0.0756409168243	0.0674970149994	0.122616052628	0.0765910148621	0.0769028663635	0.0880708694458	0.066755771637	0.072637796402	
['./treeMaker/main', '-m', '-w', '2']
0.0729069709778	0.0750441551208	0.0689799785614	0.0897591114044	0.0622639656067	0.0811810493469	0.0721671581268	0.0710310935974	0.082043170929	0.0738289356232	0.103505849838	0.0711150169373	0.0736989974976	0.0816640853882	0.080286026001	0.0645081996918	0.0792331695557	0.0736348628998	0.124803066254	0.0888020992279	0.0721440315247	0.0921790599823	0.0777339935303	0.0746550559998	0.0865299701691	0.0763058662415	0.0729379653931	0.0728170871735	0.077761888504	0.0725939273834	0.072468996048	0.0782401561737	0.0768520832062	0.069669008255	0.0723121166229	0.0845808982849	0.0815081596375	0.0791990756989	0.0823950767517	0.0744001865387	0.0761239528656	0.0847668647766	0.0815200805664	0.0761620998383	0.0803308486938	0.0702641010284	0.0829291343689	0.0776541233063	0.0699479579926	0.0743877887726	
['./treeMaker/main', '-m', '-c', '1']
0.0776741504669	0.081533908844	0.0717711448669	0.082221031189	0.0724718570709	0.108917951584	0.0714929103851	0.0733489990234	0.0679140090942	0.0719277858734	0.0700688362122	0.0721309185028	0.0721879005432	0.0784728527069	0.0639569759369	0.067330121994	0.0816659927368	0.0691061019897	0.0911269187927	0.073028087616	0.0599241256714	0.103417873383	0.0867810249329	0.0758240222931	0.0756299495697	0.0762450695038	0.0753610134125	0.0705831050873	0.0791928768158	0.0749490261078	0.0734078884125	0.0707578659058	0.0756030082703	0.0672099590302	0.0739469528198	0.0847868919373	0.0802438259125	0.0648739337921	0.071995973587	0.0688819885254	0.0756869316101	0.0812571048737	0.0770151615143	0.0914700031281	0.0819518566132	0.0676851272583	0.070209980011	0.087749004364	0.0575649738312	0.0765600204468	
['./treeMaker/main', '-m', '-c', '2']
0.0748941898346	0.0750350952148	0.0730848312378	0.0832631587982	0.0935227870941	0.0754289627075	0.0729110240936	0.0745689868927	0.0698199272156	0.0727410316467	0.0601499080658	0.069118976593	0.0700869560242	0.0777430534363	0.0688741207123	0.0847141742706	0.0702509880066	0.0704820156097	0.0915310382843	0.115792036057	0.0733458995819	0.0753810405731	0.0853600502014	0.074257850647	0.0747919082642	0.0794699192047	0.0790729522705	0.0695998668671	0.0714049339294	0.0729908943176	0.0711860656738	0.0811400413513	0.0794401168823	0.0689949989319	0.0747730731964	0.0744278430939	0.0837588310242	0.0859370231628	0.0758061408997	0.0734739303589	0.062814950943	0.0811278820038	0.0760838985443	0.075355052948	0.0832741260529	0.0704259872437	0.0583090782166	0.0738658905029	0.0672719478607	0.0733678340912	
['./treeMaker/main', '-m', '-a', '1']
0.0853810310364	0.0909340381622	0.0732719898224	0.0799670219421	0.101369142532	0.0832149982452	0.0853221416473	0.0902349948883	0.0733671188354	0.085953950882	0.0923461914062	0.0838561058044	0.0832891464233	0.0878930091858	0.0717961788177	0.0802750587463	0.0964548587799	0.0856828689575	0.0988028049469	0.103723049164	0.080855846405	0.100510835648	0.0908620357513	0.0900449752808	0.0847949981689	0.0896270275116	0.0955059528351	0.0831401348114	0.0912129878998	0.0832619667053	0.0710878372192	0.0948371887207	0.0829379558563	0.086795091629	0.0893588066101	0.0938639640808	0.101660013199	0.084939956665	0.0861020088196	0.090371131897	0.0965158939362	0.0802810192108	0.126942157745	0.0961999893188	0.0929279327393	0.0821099281311	0.0803318023682	0.0957210063934	0.0852072238922	0.0868279933929	
['./treeMaker/main', '-m', '-a', '2']
0.0748498439789	0.075560092926	0.0657000541687	0.077220916748	0.0815811157227	0.0919361114502	0.0717620849609	0.0719609260559	0.059357881546	0.0764489173889	0.0765647888184	0.0715670585632	0.0743081569672	0.0864708423615	0.0749390125275	0.060977935791	0.0802919864655	0.0754370689392	0.0845990180969	0.0766339302063	0.0748131275177	0.0806059837341	0.119459867477	0.0747230052948	0.0808100700378	0.0860569477081	0.0739009380341	0.074431180954	0.0784809589386	0.0710368156433	0.0722849369049	0.0824861526489	0.0718421936035	0.0694139003754	0.0790858268738	0.0763289928436	0.0893290042877	0.085578918457	0.0799908638	0.0731699466705	0.0615651607513	0.0864150524139	0.0730791091919	0.0826089382172	0.0800499916077	0.0684459209442	0.0653438568115	0.0905709266663	0.0684518814087	0.0775330066681	
