25_10000_4.9e-10_4.9e-10_470000000
25
10000
4.9e-10
4.9e-10
470000000

['./treeMaker/main']
4.79816794395	4.43374800682	4.0251159668	3.36217212677	7.48229789734	4.34455084801	4.98159885406	6.12168812752	7.60190010071	8.20356297493	12.219274044	5.07577490807	4.03455686569	11.7326309681	3.71823596954	3.61633300781	5.13473391533	4.98791503906	2.89650893211	3.40312194824	17.4220468998	11.3962230682	8.67109394073	5.01628994942	6.31251001358	7.58218598366	4.3173160553	7.51450896263	6.88183403015	5.97128105164	5.586602211	3.7266740799	3.54962205887	7.76415801048	3.26214194298	4.10016703606	3.11797595024	10.0624830723	4.51813983917	6.33451700211	4.90747618675	2.35541605949	2.86579680443	4.39870905876	4.05388784409	7.96207690239	11.7746350765	9.52304697037	7.87463593483	6.13700699806	
['./treeMaker/main', '-b']
4.79788899422	4.44311308861	4.03908205032	3.37577700615	7.48957490921	4.35891103745	4.99060106277	6.13411283493	7.58189797401	8.1830508709	12.092728138	5.03683495522	4.02302718163	11.6049790382	3.69664907455	3.59676790237	5.09532499313	4.94435501099	2.87969088554	3.38267087936	17.2165980339	11.280174017	8.59311699867	4.92933988571	6.20555615425	7.5163860321	4.29123020172	7.43787503242	6.81432700157	5.92118191719	5.67755699158	3.793227911	3.62976098061	7.88952302933	3.32596302032	4.24687886238	3.16902112961	10.2465288639	4.60442090034	6.43586111069	4.99339795113	2.40304684639	2.92000389099	4.48263502121	4.18699502945	8.09410190582	11.9655418396	9.77353000641	7.99268078804	6.27911400795	
['./treeMaker/main', '-u']
4.81639099121	4.45098495483	4.05040717125	3.37796998024	7.50459194183	4.36817002296	5.00376701355	6.15693807602	7.72214198112	8.25747704506	12.2853078842	5.10170507431	4.05134010315	11.7599470615	3.73559188843	3.59981989861	5.14470005035	5.0064470768	2.91323900223	3.41789984703	17.477159977	11.422960043	8.70562386513	4.94411301613	6.26668310165	7.70107603073	4.29605698586	7.46150302887	6.83277583122	5.93827199936	5.58567786217	3.73949217796	3.5610640049	7.77281403542	3.27715182304	4.1390440464	3.13025403023	10.0790970325	4.53462100029	6.33464789391	4.91997504234	2.36940598488	2.88797783852	4.4114818573	4.06517314911	7.96786808968	11.793268919	9.52916002274	7.88660478592	6.14388012886	
['./treeMaker/main', '-t', '-r', '1']
20.4535200596	19.3083779812	18.4456651211	15.9317228794	26.2284018993	18.7501628399	20.6272540092	24.0660707951	27.07574296	29.0584840775	35.2464549541	21.2424008846	17.9055919647	36.159840107	17.5711050034	16.3411300182	20.6921560764	21.0228509903	14.7934510708	16.2081050873	47.4487361908	35.1317579746	29.4204368591	20.7300388813	24.0840189457	27.5196931362	19.2537438869	26.6405789852	26.4302699566	24.1541829109	22.5591030121	17.0751831532	17.1326811314	28.0492401123	17.0114049911	16.6900560856	15.8545730114	32.7496869564	19.0231869221	24.7132709026	20.9610230923	12.1634619236	14.3635098934	19.3468000889	18.5344860554	28.6248378754	36.2477400303	32.9197661877	26.578756094	22.0283751488	
['./treeMaker/main', '-t', '-r', '2']
36.5647799969	34.4435760975	31.9087841511	28.2200300694	48.5244729519	32.856317997	37.9833641052	42.9639959335	47.9640128613	49.2778279781	70.0756380558	36.040156126	33.041218996	63.2351248264	28.8178901672	29.6790459156	37.1227669716	35.7793958187	24.8191468716	28.2796881199	81.0046479702	65.363090992	55.5870862007	36.2475311756	44.1356778145	49.0149478912	31.706993103	50.1702530384	43.0886790752	39.6404769421	38.908782959	30.6465909481	28.6822879314	49.5158569813	28.2750039101	35.0512070656	25.0786581039	60.2318930626	34.8590390682	42.9110560417	35.4614260197	22.2343959808	24.5418329239	35.0594420433	32.6982021332	50.6202330589	65.438393116	58.7015151978	53.8916010857	47.6610209942	
['./treeMaker/main', '-t', '-r', '1', '-N']
20.5057630539	19.2656309605	18.4150969982	15.9649689198	26.2688820362	18.7792069912	20.6387939453	24.1165471077	27.0850589275	29.0792000294	35.3118231297	21.2596127987	17.9602000713	36.338394165	17.5565879345	16.3934512138	20.7203938961	21.0556671619	14.7445278168	16.2484519482	47.5594580173	35.2210149765	29.5585279465	20.7459831238	24.0942118168	27.5198309422	19.3424179554	26.6541621685	26.5298271179	24.1855881214	22.6754620075	17.0488288403	17.2403740883	28.021515131	15.9283530712	16.7592229843	15.9902839661	32.9031698704	19.0577208996	24.7715802193	20.9727249146	12.1693189144	14.421238184	19.3556098938	18.5632739067	28.6093528271	36.4892017841	33.0000619888	26.6186389923	22.0385279655	
['./treeMaker/main', '-t', '-r', '2', '-N']
36.5870478153	34.3978028297	31.9720058441	28.2425541878	48.4626410007	32.9599270821	38.0428678989	43.0055480003	47.9622180462	49.1398038864	70.2652330399	36.1785409451	32.9585819244	63.2858760357	28.8163049221	29.6817109585	36.9911801815	35.8462440968	24.879532814	28.2784409523	81.0199518204	65.1353361607	55.4622519016	36.7007191181	45.1233921051	49.9113469124	32.1256837845	51.0690350533	43.7581980228	39.9447250366	40.1771650314	31.6937339306	29.4377999306	50.7249820232	28.923625946	35.4265611172	26.0034060478	61.449906826	36.3413510323	43.7560648918	36.6706750393	22.5475189686	25.0627799034	35.7237510681	33.1509211063	51.2960259914	66.6776678562	59.2493679523	54.5747971535	45.2214660645	
['./treeMaker/main', '-m']
0.887669086456	0.907357931137	0.904364109039	0.835240125656	1.05610799789	0.912076950073	0.912482976913	1.02826595306	1.11703801155	1.13540887833	1.30849504471	0.937475919724	0.902593851089	1.28765010834	0.829883098602	0.817216873169	0.954859018326	0.93610906601	0.785527944565	0.832316160202	1.50918722153	1.26195216179	1.1686899662	0.931627988815	1.04149198532	1.07093501091	0.855924844742	1.0591840744	1.05336499214	0.978837966919	0.997349023819	0.872047185898	0.815572977066	1.04607486725	0.837215185165	0.91290807724	0.784816026688	1.18622398376	0.939984083176	1.01162719727	0.961764097214	0.753196001053	0.795553922653	0.901167869568	0.881787776947	1.0868909359	1.24185991287	1.18258285522	1.15370702744	0.999862909317	
['./treeMaker/main', '-m', '-b']
0.949180841446	0.915324926376	0.876946926117	0.854961156845	1.1592540741	0.931198120117	0.997869968414	1.10604000092	1.19628691673	1.1934800148	1.38266897202	0.949573040009	0.912414073944	1.36551403999	0.83526802063	0.897144079208	0.997196912766	0.983953952789	0.784806966782	0.842957019806	1.60040688515	1.33511090279	1.23117494583	0.966598987579	1.07239699364	1.13572096825	0.894670963287	1.16886901855	1.06939101219	1.05889701843	1.01255512238	0.91833114624	0.843636035919	1.16608715057	0.8670129776	0.99839091301	0.809039115906	1.26970505714	0.955176115036	1.07164883614	0.973860025406	0.767735004425	0.794925928116	0.921722173691	0.917776107788	1.19507408142	1.3737411499	1.28628897667	1.19233989716	1.10409188271	
['./treeMaker/main', '-m', '-w', '1']
0.928198099136	0.91529583931	0.836076021194	0.790948152542	1.09108710289	0.882373094559	0.912503004074	0.995476007462	1.09010195732	1.08090376854	1.34937691689	0.933301925659	0.857417821884	1.24281287193	0.839807987213	0.82625412941	0.941315889359	0.940649986267	0.764639854431	0.833067893982	1.46562290192	1.23334598541	1.1161441803	0.905296087265	1.05039310455	1.03816699982	0.83385181427	1.06899619102	0.994295120239	0.965428113937	0.931472063065	0.869863986969	0.802602052689	1.09846520424	0.839250087738	0.935197114944	0.742403030396	1.22561883926	0.905919075012	1.03692984581	0.92199420929	0.741303920746	0.747334003448	0.882658958435	0.889550924301	1.24873900414	1.36463212967	1.21628403664	1.17494010925	1.02007889748	
['./treeMaker/main', '-m', '-w', '2']
0.919902086258	0.879040956497	0.875674962997	0.830649137497	1.06710004807	0.882182836533	0.978554964066	0.982132196426	1.07518601418	1.09906411171	1.36492800713	0.907580137253	0.879302978516	1.28169798851	0.838936090469	0.885377883911	0.993501186371	0.89692401886	0.741972923279	0.791661977768	1.5064470768	1.27720403671	1.12738990784	0.898558139801	1.00929903984	1.07921290398	0.895859003067	1.08876609802	1.00148510933	0.971580982208	1.02846598625	0.870913028717	0.874809980392	1.07772397995	0.802026033401	0.963104963303	0.765439033508	1.21245503426	0.89552283287	1.05446600914	0.935877084732	0.791423082352	0.757508039474	0.899981975555	0.890744924545	1.12134790421	1.25800991058	1.21773600578	1.16216182709	1.03369402885	
['./treeMaker/main', '-m', '-c', '1']
0.885614871979	0.87260890007	0.872663974762	0.786468029022	1.12453484535	0.852506875992	0.955621957779	0.976063966751	1.12613105774	1.07364606857	1.31636381149	0.897732973099	0.89296913147	1.30752706528	0.833089113235	0.81867313385	1.00470995903	0.940820217133	0.739625930786	0.845648050308	1.46913194656	1.26435017586	1.14883804321	0.904156923294	1.01600790024	1.08166098595	0.866307020187	1.07346606255	1.05333900452	0.956817865372	0.935639858246	0.873328924179	0.828893899918	1.08143210411	0.795164108276	0.935283899307	0.781869888306	1.2120950222	0.944294929504	0.976273059845	0.89656996727	0.75216794014	0.777626037598	0.899070978165	0.845911979675	1.08161997795	1.24390101433	1.18659090996	1.15584492683	1.00819301605	
['./treeMaker/main', '-m', '-c', '2']
0.87793803215	0.873891115189	0.867012023926	0.853204965591	1.06126499176	0.898749113083	0.981662988663	0.977263212204	1.14086508751	1.11511707306	1.30590605736	0.968163967133	0.861279010773	1.26503205299	0.824240922928	0.818983078003	0.941254138947	0.951175928116	0.785221099854	0.807327032089	1.49752497673	1.23517513275	1.15659809113	0.895746946335	0.992617845535	1.04297399521	0.861617088318	1.08121705055	1.04673981667	1.00072312355	0.990411043167	0.834757804871	0.817978858948	1.06750607491	0.79651093483	0.961494207382	0.753876209259	1.20807814598	0.919986963272	1.00642299652	0.891222953796	0.720185041428	0.800360918045	0.863377094269	0.878123998642	1.1321208477	1.26071000099	1.20747900009	1.13948893547	1.00313615799	
['./treeMaker/main', '-m', '-a', '1']
0.969134092331	1.02285599709	0.927543878555	0.917534828186	1.17167210579	0.992198944092	1.01206111908	1.11613893509	1.1425909996	1.17789196968	1.41546487808	1.0372159481	0.987551927567	1.36098790169	0.94858789444	0.957722902298	1.03683114052	1.02270007133	0.890829086304	0.927784919739	1.5445690155	1.33465695381	1.2600338459	1.02694511414	1.15360307693	1.1224091053	0.930809020996	1.18577504158	1.13027715683	1.07125592232	1.04115509987	0.929762125015	0.893805980682	1.1277551651	0.971973896027	1.04499006271	0.82509803772	1.26890301704	1.02375102043	1.05839800835	1.0306251049	0.879269123077	0.85373711586	0.985925912857	0.990957021713	1.20011281967	1.32081484795	1.23098516464	1.25574302673	1.12712693214	
['./treeMaker/main', '-m', '-a', '2']
0.936986207962	0.896501064301	0.834102153778	0.823722839355	1.07951498032	0.859195947647	0.951884031296	0.973546028137	1.09594297409	1.07655215263	1.30283713341	0.914624929428	0.853906869888	1.24765396118	0.821041107178	0.870321989059	0.933231115341	0.912465810776	0.742519140244	0.782983064651	1.47662496567	1.27321004868	1.17348909378	0.93288397789	0.993300914764	1.06305813789	0.870162010193	1.10553193092	0.995131969452	0.955082893372	1.00143384933	0.881117105484	0.84467792511	1.11417412758	0.790045022964	0.95250916481	0.77613902092	1.24474406242	0.92741394043	0.996397018433	0.901575803757	0.730352163315	0.780838012695	0.904596090317	0.896819114685	1.12703609467	1.25328493118	1.14983916283	1.1268389225	1.05027484894	
