25_1000_4.9e-10_4.9e-10_10000
25
1000
4.9e-10
4.9e-10
10000

['./treeMaker/main']
0.129601955414	0.0851709842682	0.11403799057	0.127933979034	0.182901859283	0.132258892059	0.201521158218	0.130026817322	0.114068031311	0.109426021576	0.144901990891	0.125741004944	0.115612030029	0.0960459709167	0.101650953293	0.101049900055	0.164495944977	0.126518964767	0.134243965149	0.125515937805	0.137094020844	0.121967077255	0.0742321014404	0.216192007065	0.168130874634	0.137434005737	0.11323094368	0.201139211655	0.143901109695	0.117003202438	0.152490854263	0.147198915482	0.131968021393	0.0841889381409	0.111268043518	0.136658191681	0.260660171509	0.14085483551	0.163314819336	0.0961210727692	0.110300064087	0.0789279937744	0.108561992645	0.108652830124	0.148381948471	0.109694957733	0.0985310077667	0.160759925842	0.134818792343	0.115731954575	
['./treeMaker/main', '-b']
0.132745981216	0.0874547958374	0.116204023361	0.132339954376	0.192080974579	0.136587142944	0.207051992416	0.133108854294	0.114511966705	0.11057305336	0.15030503273	0.127744913101	0.122222900391	0.100898981094	0.103595972061	0.103605031967	0.169965028763	0.125499010086	0.139517068863	0.142369031906	0.136116981506	0.129884004593	0.0763919353485	0.222052097321	0.171751976013	0.141105175018	0.117657184601	0.209632158279	0.152032852173	0.118626832962	0.161771059036	0.151477098465	0.136913061142	0.0876889228821	0.112682104111	0.142832994461	0.270769119263	0.135643005371	0.173818826675	0.0997109413147	0.111202001572	0.0825979709625	0.113377809525	0.11181306839	0.153355121613	0.113665819168	0.102533817291	0.164704084396	0.139797925949	0.123558998108	
['./treeMaker/main', '-u']
0.129992961884	0.0870850086212	0.115155935287	0.130016088486	0.184921979904	0.13266992569	0.199073791504	0.131843090057	0.113749027252	0.107799053192	0.146059036255	0.131973981857	0.116339921951	0.0982038974762	0.102981090546	0.0986411571503	0.173561096191	0.127290964127	0.1360039711	0.128606081009	0.134193897247	0.121083021164	0.0749628543854	0.219081878662	0.167036056519	0.136691093445	0.115159988403	0.199779033661	0.144267082214	0.11532998085	0.154691934586	0.145951986313	0.134031057358	0.0870270729065	0.112789869308	0.139827013016	0.262924194336	0.132390022278	0.168568849564	0.0990579128265	0.110470056534	0.0789258480072	0.109218835831	0.10866689682	0.150658845901	0.11194896698	0.101519107819	0.170424222946	0.13648891449	0.114984035492	
['./treeMaker/main', '-t', '-r', '1']
2.42445492744	1.49361109734	2.08718085289	2.31465697289	3.54598689079	2.46684384346	3.62886595726	2.43506598473	2.07682609558	1.97562408447	2.54478096962	2.28085899353	2.11786198616	1.77306413651	1.82683396339	1.84910702705	3.1432800293	2.26155400276	2.47980499268	2.27834296227	2.53048300743	2.36872982979	1.20734906197	3.97664213181	3.25687408447	2.60025405884	2.07979202271	3.66545891762	2.64123606682	2.08984613419	2.91730594635	2.69525289536	2.48855304718	1.47388291359	2.05839586258	2.41292405128	4.49351406097	2.50297689438	3.21410298347	1.76938915253	1.97831296921	1.34949493408	2.02216792107	2.01634407043	2.97669005394	1.9797809124	1.74369001389	2.9302740097	2.57162308693	2.0841691494	
['./treeMaker/main', '-t', '-r', '2']
3.66230201721	2.14642095566	2.94105601311	3.54709410667	5.13279294968	3.48194479942	5.50177502632	3.49876022339	2.93317103386	2.81218600273	4.30541419983	3.3331489563	3.21078896523	2.54044604301	2.66502285004	2.77948999405	4.58752202988	3.15229916573	3.89124178886	3.38674688339	3.46879196167	3.40769600868	1.76989603043	5.55831480026	4.63294911385	3.71293115616	3.07832789421	5.28766179085	4.27980399132	3.20113611221	4.20536708832	4.04384684563	3.493227005	2.01389789581	2.93519496918	3.96977806091	6.83279800415	3.68122887611	4.62791800499	2.51921105385	2.95252799988	1.87893915176	2.89903521538	2.86407113075	4.12411808968	2.88782000542	2.65208911896	4.40495896339	3.81416010857	3.20205998421	
['./treeMaker/main', '-t', '-r', '1', '-N']
2.4312889576	1.4941868782	2.09367203712	2.32014203072	3.56182479858	2.46234512329	3.63860011101	2.43328285217	2.08661198616	1.97736310959	2.54394197464	2.2861301899	2.11984801292	1.77664208412	1.84471583366	1.84949111938	3.15498304367	2.27431297302	2.48346710205	2.2868309021	2.52654409409	2.36805009842	1.20956397057	3.99078083038	3.30356216431	2.5617890358	2.08096313477	3.67041707039	2.65177989006	2.09220814705	2.92854499817	2.7004802227	2.49227023125	1.47706103325	2.06689095497	2.4162838459	4.49612617493	2.49137806892	3.21583986282	1.77099680901	1.98144006729	1.35080909729	2.01914095879	2.02196192741	3.04104495049	1.95376086235	1.74557495117	2.92924499512	2.57422709465	2.0948240757	
['./treeMaker/main', '-t', '-r', '2', '-N']
3.6642510891	2.14658284187	2.94362807274	3.55989217758	5.13289284706	3.47681188583	5.51278495789	3.49200201035	2.93994307518	2.81062102318	4.3098590374	3.32915592194	3.26291823387	2.56452989578	2.67172718048	2.79847884178	4.59563183784	3.14977097511	3.89002180099	3.38182687759	3.46705198288	3.39754509926	1.77337503433	5.57473683357	4.6455450058	3.7121899128	3.08384680748	5.31087899208	4.27037811279	3.21497893333	4.23072910309	4.05287003517	3.49666404724	2.01311612129	2.94859099388	3.97398900986	6.87061619759	3.4997549057	4.63145089149	2.52295088768	2.9532148838	1.88606309891	2.90596795082	2.86352300644	4.12410902977	2.87572693825	2.65875911713	4.46710014343	3.8270471096	3.20697307587	
['./treeMaker/main', '-m']
0.0846209526062	0.0653469562531	0.0780320167542	0.0820271968842	0.104079961777	0.096715927124	0.109571933746	0.0862832069397	0.0769529342651	0.0747008323669	0.095990896225	0.083359003067	0.0811071395874	0.070513010025	0.0737099647522	0.0717730522156	0.0989379882812	0.0857419967651	0.0856120586395	0.0827820301056	0.0865120887756	0.0804431438446	0.0610649585724	0.112916946411	0.0948328971863	0.0854761600494	0.0779330730438	0.110335111618	0.0920398235321	0.079803943634	0.0932009220123	0.0920040607452	0.0858330726624	0.0659999847412	0.0768420696259	0.0928208827972	0.128197908401	0.0860159397125	0.0981769561768	0.0711100101471	0.0752108097076	0.0735130310059	0.0786130428314	0.0761301517487	0.0926480293274	0.0761301517487	0.0759871006012	0.0959460735321	0.0863211154938	0.0825619697571	
['./treeMaker/main', '-m', '-b']
0.0904939174652	0.0684409141541	0.0836200714111	0.0869607925415	0.111191034317	0.0914521217346	0.11713886261	0.0900640487671	0.0834228992462	0.0811779499054	0.0998759269714	0.089262008667	0.0833230018616	0.0843231678009	0.0779309272766	0.0760769844055	0.105293989182	0.0892150402069	0.0956230163574	0.0883839130402	0.0921928882599	0.0882098674774	0.0633449554443	0.121459960938	0.102311849594	0.0912699699402	0.0829360485077	0.117404937744	0.0967609882355	0.0866119861603	0.100043058395	0.0978469848633	0.0919511318207	0.0678989887238	0.0808329582214	0.0985901355743	0.135277032852	0.0906231403351	0.1029920578	0.0745720863342	0.085608959198	0.0648880004883	0.0831270217896	0.0817301273346	0.0984070301056	0.0813419818878	0.0753848552704	0.102352142334	0.0941951274872	0.0997359752655	
['./treeMaker/main', '-m', '-w', '1']
0.0828728675842	0.0652499198914	0.0793759822845	0.0835680961609	0.103820800781	0.085902929306	0.118869066238	0.0857961177826	0.0787210464478	0.0753591060638	0.0937731266022	0.0886039733887	0.0810301303864	0.073009967804	0.073135137558	0.0728290081024	0.0974748134613	0.0826179981232	0.0863239765167	0.0827620029449	0.0871739387512	0.0822279453278	0.0600159168243	0.113332986832	0.106857061386	0.0863890647888	0.0781638622284	0.108153820038	0.0910959243774	0.0796580314636	0.0937268733978	0.0935099124908	0.0859611034393	0.0642440319061	0.0780298709869	0.094269990921	0.128483057022	0.0838859081268	0.0976071357727	0.0717039108276	0.0752859115601	0.0628499984741	0.0775699615479	0.0785050392151	0.0940849781036	0.0763781070709	0.071888923645	0.0959310531616	0.0889580249786	0.0835490226746	
['./treeMaker/main', '-m', '-w', '2']
0.095999956131	0.0664479732513	0.0801479816437	0.0836181640625	0.103059053421	0.0872330665588	0.109802007675	0.0862460136414	0.0809800624847	0.0749258995056	0.0960428714752	0.0846312046051	0.0822138786316	0.0736870765686	0.0769050121307	0.0710489749908	0.0976328849792	0.0843179225922	0.0882740020752	0.100404024124	0.0899040699005	0.0825259685516	0.0588910579681	0.125442028046	0.0979430675507	0.0875351428986	0.0798699855804	0.11012005806	0.0925059318542	0.079430103302	0.09339594841	0.0928640365601	0.0881149768829	0.0649690628052	0.0770571231842	0.0931839942932	0.130068063736	0.0868580341339	0.0985870361328	0.0700809955597	0.0775349140167	0.0638899803162	0.0766348838806	0.0765721797943	0.0935819149017	0.0768008232117	0.0724549293518	0.0980520248413	0.0892219543457	0.0813710689545	
['./treeMaker/main', '-m', '-c', '1']
0.082594871521	0.074422121048	0.0771079063416	0.0833339691162	0.103641986847	0.0869390964508	0.109573841095	0.0857598781586	0.0791099071503	0.0758681297302	0.0964591503143	0.0816750526428	0.0795431137085	0.0725598335266	0.0738310813904	0.0842561721802	0.0974400043488	0.0825479030609	0.0854160785675	0.0826809406281	0.0857179164886	0.0817949771881	0.0582721233368	0.121405124664	0.0955309867859	0.0867619514465	0.0777399539948	0.110062122345	0.0898199081421	0.0795040130615	0.0936150550842	0.0914840698242	0.0866239070892	0.0667397975922	0.0745930671692	0.0922141075134	0.128428936005	0.0837140083313	0.0961899757385	0.0684058666229	0.0768220424652	0.0629961490631	0.0775809288025	0.0758690834045	0.0927782058716	0.0759580135345	0.0725409984589	0.0969560146332	0.0873830318451	0.0821650028229	
['./treeMaker/main', '-m', '-c', '2']
0.0876350402832	0.0657489299774	0.0881690979004	0.0819711685181	0.103317975998	0.0979769229889	0.109740018845	0.083888053894	0.080235004425	0.0766749382019	0.0936589241028	0.0825729370117	0.0804710388184	0.0731041431427	0.0734670162201	0.0705761909485	0.0955109596252	0.0950131416321	0.0877199172974	0.0843441486359	0.0871438980103	0.0819699764252	0.0581448078156	0.114881038666	0.100483894348	0.0857629776001	0.078672170639	0.110477924347	0.090677022934	0.0824859142303	0.0932049751282	0.0911819934845	0.0886740684509	0.0660028457642	0.0765080451965	0.092621088028	0.126260995865	0.0834758281708	0.0954761505127	0.0682389736176	0.0767548084259	0.0629599094391	0.0772490501404	0.077210187912	0.0931529998779	0.0760719776154	0.0731070041656	0.0952970981598	0.0891461372375	0.0815150737762	
['./treeMaker/main', '-m', '-a', '1']
0.0927140712738	0.0711250305176	0.0844938755035	0.089546918869	0.111257076263	0.0923981666565	0.116048812866	0.0927331447601	0.085156917572	0.0822811126709	0.106236934662	0.0880310535431	0.0883250236511	0.0779781341553	0.0798060894012	0.0886709690094	0.104043006897	0.0898189544678	0.0955040454865	0.0917701721191	0.0934109687805	0.089793920517	0.0688350200653	0.117537021637	0.102043867111	0.0932629108429	0.0837202072144	0.116804122925	0.0994160175323	0.0877351760864	0.10116314888	0.0968041419983	0.0933170318604	0.0839838981628	0.0843801498413	0.112236976624	0.137505054474	0.0913820266724	0.103053092957	0.0763928890228	0.0827209949493	0.0682380199432	0.0861120223999	0.083615064621	0.0984148979187	0.0834691524506	0.0798399448395	0.102998971939	0.0943031311035	0.0908150672913	
['./treeMaker/main', '-m', '-a', '2']
0.0844159126282	0.0652220249176	0.0808701515198	0.0919671058655	0.103590965271	0.0880310535431	0.110523939133	0.0845239162445	0.0789179801941	0.0754270553589	0.0964632034302	0.0824031829834	0.0818321704865	0.0726969242096	0.0735981464386	0.0715320110321	0.0968019962311	0.0859799385071	0.0882670879364	0.0852560997009	0.0897829532623	0.0827250480652	0.0594608783722	0.114011049271	0.0963289737701	0.087347984314	0.0785150527954	0.110101938248	0.091933965683	0.0806319713593	0.09290599823	0.0922899246216	0.0876431465149	0.0699670314789	0.07683801651	0.0926520824432	0.128592967987	0.0837252140045	0.0973711013794	0.0681190490723	0.0794179439545	0.0622639656067	0.0788462162018	0.0773751735687	0.0932378768921	0.0763759613037	0.0734968185425	0.0951070785522	0.0875029563904	0.0808379650116	
