25_1000_4.9e-10_4.9e-10_190000000
25
1000
4.9e-10
4.9e-10
190000000

['./treeMaker/main']
0.127110958099	0.115130901337	0.0832929611206	0.0966789722443	0.0929279327393	0.116228103638	0.118041992188	0.125833034515	0.147608041763	0.117769956589	0.110574007034	0.0959210395813	0.0941960811615	0.138345003128	0.236420154572	0.128776073456	0.108870029449	0.175562143326	0.13442492485	0.132276058197	0.10583782196	0.205607175827	0.140707015991	0.16490483284	0.108021020889	0.138657093048	0.119683027267	0.147552967072	0.161675930023	0.113529920578	0.18196606636	0.202388048172	0.110707998276	0.0679919719696	0.164231061935	0.112267971039	0.0973739624023	0.117725133896	0.110249996185	0.087671995163	0.130645036697	0.13257598877	0.130596876144	0.134795188904	0.119256019592	0.103064060211	0.12255191803	0.160678863525	0.134738206863	0.161417007446	
['./treeMaker/main', '-b']
0.131774187088	0.118554115295	0.086569070816	0.102678060532	0.0942978858948	0.122417926788	0.12312412262	0.13257598877	0.153527021408	0.123869180679	0.113190889359	0.100947856903	0.0984811782837	0.142307043076	0.236425876617	0.129903078079	0.110227108002	0.18075799942	0.138240814209	0.138411998749	0.109853982925	0.215650081635	0.136507034302	0.178950071335	0.116348028183	0.143019914627	0.12401008606	0.152454137802	0.171239852905	0.115329027176	0.189242839813	0.208227872849	0.110388040543	0.0705490112305	0.169326066971	0.122721910477	0.0998890399933	0.11914396286	0.113918066025	0.0873749256134	0.137208938599	0.136178970337	0.135908842087	0.133286952972	0.112707853317	0.0973920822144	0.115743160248	0.164506912231	0.140114068985	0.174371004105	
['./treeMaker/main', '-u']
0.12796497345	0.115322828293	0.0876429080963	0.0995168685913	0.0937440395355	0.117867946625	0.119853019714	0.12840795517	0.147557973862	0.120033979416	0.111330032349	0.0992810726166	0.0986588001251	0.136723995209	0.236858129501	0.127678155899	0.111486196518	0.174565792084	0.132440090179	0.137857913971	0.108468055725	0.207110881805	0.133198976517	0.165183067322	0.110227823257	0.140611886978	0.122532129288	0.146404981613	0.162474155426	0.113237857819	0.184179067612	0.202097892761	0.107382059097	0.0692708492279	0.167132139206	0.116724014282	0.106999874115	0.13102388382	0.119673967361	0.0916588306427	0.139652013779	0.132958173752	0.131515979767	0.129348039627	0.108527898788	0.0940651893616	0.113161087036	0.158682107925	0.134476900101	0.161737203598	
['./treeMaker/main', '-t', '-r', '1']
2.15493297577	1.96793603897	1.37091898918	1.61069893837	1.55371785164	1.85980701447	2.04644107819	2.19734501839	2.34759712219	2.14201498032	1.7277469635	1.54505610466	1.62270689011	2.43796896935	3.85687804222	2.21144580841	1.79382300377	3.07337284088	2.21850800514	2.23682379723	1.67419505119	2.88569808006	2.27645611763	2.84379196167	1.95289897919	2.16187477112	2.03374791145	2.49038791656	2.66152000427	1.91875886917	3.14988589287	3.34714007378	1.74705505371	0.958233118057	2.76212787628	1.92314314842	1.57611894608	2.02870798111	1.77539300919	1.35692691803	2.3007171154	2.27367901802	2.27107095718	2.22617506981	1.83860111237	1.51909995079	1.78146004677	2.76330113411	2.26727700233	2.58428883553	
['./treeMaker/main', '-t', '-r', '2']
3.8010289669	3.27626395226	2.34015703201	2.8473649025	2.4840400219	3.48411011696	3.50466704369	3.82084107399	4.51942491531	3.39110994339	3.21839499474	2.8029551506	2.52637791634	4.13035988808	6.98855805397	3.66120886803	3.06019806862	5.17987704277	3.95451688766	4.24454903603	3.10220098495	6.5073158741	4.05935096741	4.78274917603	3.14863681793	4.36280012131	3.51470279694	4.3490459919	4.95306706429	3.40201091766	5.58892512321	6.44126987457	2.93390798569	1.53140687943	5.11941218376	3.28117513657	2.71687698364	3.3892891407	3.25482010841	2.29855418205	4.03083109856	3.95070314407	3.82170009613	3.86296415329	3.09116506577	2.66295695305	3.38290905952	4.79577589035	4.17855000496	5.01421904564	
['./treeMaker/main', '-t', '-r', '1', '-N']
2.16009998322	1.96755409241	1.37268519402	1.60297298431	1.54762601852	1.86904406548	2.04723787308	2.19788098335	2.35807418823	2.1421020031	1.73083281517	1.54898500443	1.61902308464	2.43954992294	3.85439586639	2.20596981049	1.80791401863	3.0778260231	2.22287893295	2.24095487595	1.6762919426	2.88334512711	2.27561807632	2.84858798981	1.95183300972	2.16991400719	2.05299806595	2.49757599831	2.68971395493	1.91718196869	3.14835381508	3.35578203201	1.74356985092	0.968165159225	2.77351593971	1.92764091492	1.58190798759	2.0559990406	1.78345990181	1.35434508324	2.30890703201	2.25692009926	2.27000808716	2.22904896736	1.83904385567	1.51855587959	1.77858996391	2.77865195274	2.27173113823	2.58758211136	
['./treeMaker/main', '-t', '-r', '2', '-N']
3.80277991295	3.25620293617	2.335242033	2.90559196472	2.48327803612	3.4795820713	3.50466990471	3.82853484154	4.51382303238	3.38808703423	3.22086405754	2.82733297348	2.52890396118	4.13194513321	7.04195189476	3.66363096237	2.99935388565	5.18899393082	3.9539270401	4.26612401009	3.23579597473	6.47471094131	4.25513887405	4.77904200554	3.14731407166	4.3650457859	3.51942014694	4.35238289833	4.94849205017	3.41004610062	5.61554193497	6.43691396713	2.93807792664	1.53240609169	5.11353302002	3.2849187851	2.7246119976	3.394135952	3.25881385803	2.31376004219	4.03481006622	3.95230102539	3.83546519279	3.86843490601	3.12199187279	2.66374802589	3.37880301476	4.79214906693	4.1829791069	5.01791810989	
['./treeMaker/main', '-m']
0.0882530212402	0.081465959549	0.0671570301056	0.0745089054108	0.0714800357819	0.0855240821838	0.0877931118011	0.0896339416504	0.0967559814453	0.0845198631287	0.0841748714447	0.0768599510193	0.0822010040283	0.0901160240173	0.122324943542	0.0862810611725	0.0783269405365	0.103327989578	0.0907049179077	0.0930290222168	0.0800070762634	0.125802993774	0.0903799533844	0.120730161667	0.0791280269623	0.0948879718781	0.0850479602814	0.0958318710327	0.101698875427	0.0838749408722	0.111736059189	0.118437051773	0.078409910202	0.0587909221649	0.104137897491	0.0908310413361	0.0746870040894	0.0883989334106	0.0797991752625	0.0691678524017	0.0878450870514	0.0904450416565	0.0900061130524	0.0890729427338	0.0868020057678	0.0695669651031	0.0893170833588	0.101644992828	0.0893609523773	0.104079008102	
['./treeMaker/main', '-m', '-b']
0.0926768779755	0.086804151535	0.0721919536591	0.0797989368439	0.0746560096741	0.0897228717804	0.0894448757172	0.100329875946	0.103115081787	0.0887780189514	0.0854020118713	0.0790112018585	0.0747308731079	0.098140001297	0.135269165039	0.0904359817505	0.0836360454559	0.113877058029	0.0947289466858	0.0978498458862	0.0830512046814	0.14376616478	0.100378036499	0.10773396492	0.0837459564209	0.101397037506	0.0893630981445	0.102092981339	0.108687877655	0.0837228298187	0.116827964783	0.128691911697	0.0830419063568	0.0610749721527	0.112520933151	0.0843729972839	0.0788249969482	0.0880699157715	0.0838599205017	0.0713131427765	0.0968289375305	0.0954051017761	0.0947570800781	0.0978019237518	0.0837950706482	0.0753660202026	0.086804151535	0.106770992279	0.0948979854584	0.113996982574	
['./treeMaker/main', '-m', '-w', '1']
0.0861759185791	0.0817489624023	0.0685789585114	0.0751390457153	0.0762889385223	0.0835349559784	0.0850348472595	0.0904688835144	0.0978360176086	0.0833539962769	0.0810289382935	0.0866060256958	0.0719828605652	0.0915939807892	0.123029947281	0.0867929458618	0.079048871994	0.113837003708	0.0913708209991	0.0929169654846	0.0791840553284	0.125592947006	0.0910410881042	0.104696989059	0.0784502029419	0.0954539775848	0.0842380523682	0.0959150791168	0.103032112122	0.0807180404663	0.109899997711	0.117470026016	0.0791590213776	0.0583140850067	0.103997945786	0.0806419849396	0.0738310813904	0.0819621086121	0.0808022022247	0.0680799484253	0.0865159034729	0.0907979011536	0.0876858234406	0.0893201828003	0.0776860713959	0.0717091560364	0.0819289684296	0.102243900299	0.0921099185944	0.114588975906	
['./treeMaker/main', '-m', '-w', '2']
0.0896580219269	0.0832929611206	0.0684809684753	0.0751791000366	0.0734350681305	0.085391998291	0.0842690467834	0.0890729427338	0.0990169048309	0.0834159851074	0.0819599628448	0.0760569572449	0.0724539756775	0.0927188396454	0.12422990799	0.0854787826538	0.0796830654144	0.104429006577	0.0913019180298	0.0938460826874	0.079568862915	0.125978946686	0.0918850898743	0.105592012405	0.079756975174	0.0970330238342	0.0948710441589	0.106302022934	0.10376906395	0.0825660228729	0.110981941223	0.119344949722	0.0791459083557	0.0699510574341	0.107289075851	0.0814399719238	0.0743088722229	0.0836338996887	0.0812709331512	0.0700850486755	0.0901889801025	0.0897631645203	0.0884191989899	0.090234041214	0.0793099403381	0.0723280906677	0.0835340023041	0.102908849716	0.0931301116943	0.105777025223	
['./treeMaker/main', '-m', '-c', '1']
0.0868241786957	0.0830810070038	0.0680389404297	0.0737950801849	0.0714430809021	0.0841858386993	0.0848128795624	0.0873160362244	0.0966920852661	0.0832538604736	0.0811111927032	0.0737860202789	0.0716171264648	0.0937330722809	0.121340990067	0.0864591598511	0.078852891922	0.103875875473	0.0895409584045	0.0931830406189	0.0778970718384	0.124283075333	0.0891010761261	0.102897882462	0.0800850391388	0.0950560569763	0.0840451717377	0.0960528850555	0.101462125778	0.0807428359985	0.108278989792	0.117157936096	0.0779118537903	0.0583159923553	0.104137897491	0.0805299282074	0.0752110481262	0.0817821025848	0.0810248851776	0.0686700344086	0.0864210128784	0.0899269580841	0.0898938179016	0.0899209976196	0.0796918869019	0.0711870193481	0.0814139842987	0.102312088013	0.0921671390533	0.101898193359	
['./treeMaker/main', '-m', '-c', '2']
0.087681055069	0.0828688144684	0.0681500434875	0.0735230445862	0.0724730491638	0.0843148231506	0.0833189487457	0.0892739295959	0.096834897995	0.094367980957	0.0808520317078	0.0742700099945	0.0727128982544	0.103147029877	0.125372886658	0.0853979587555	0.0815689563751	0.106449127197	0.0892341136932	0.0923190116882	0.0805468559265	0.125543832779	0.090667963028	0.101221084595	0.0791029930115	0.0949239730835	0.0842959880829	0.0941739082336	0.102623939514	0.0806858539581	0.107897043228	0.118001937866	0.0762510299683	0.0582740306854	0.103923082352	0.0802688598633	0.0736260414124	0.0828759670258	0.0794599056244	0.0687549114227	0.0901000499725	0.0896010398865	0.0895280838013	0.0911040306091	0.0797100067139	0.0719938278198	0.0835828781128	0.102116823196	0.0907280445099	0.105751991272	
['./treeMaker/main', '-m', '-a', '1']
0.0947160720825	0.0893478393555	0.0815169811249	0.0831518173218	0.0791518688202	0.0926940441132	0.0907909870148	0.0957410335541	0.107115030289	0.0904998779297	0.089607000351	0.0825729370117	0.085825920105	0.108977079391	0.130449056625	0.0937530994415	0.0844419002533	0.111299991608	0.0960640907288	0.0998041629791	0.0872950553894	0.132640838623	0.0978221893311	0.108444929123	0.0862679481506	0.100616931915	0.091863155365	0.104138851166	0.108090877533	0.0904071331024	0.117164134979	0.123718976974	0.0865170955658	0.0668060779572	0.108705997467	0.0877311229706	0.0803320407867	0.099543094635	0.0872249603271	0.0850720405579	0.0971009731293	0.0960230827332	0.0953660011292	0.0962889194489	0.0879940986633	0.0793490409851	0.0884590148926	0.108031988144	0.0973541736603	0.11057305336	
['./treeMaker/main', '-m', '-a', '2']
0.0892019271851	0.0832779407501	0.0678708553314	0.0756690502167	0.0749139785767	0.0846679210663	0.0822470188141	0.0900239944458	0.0969619750977	0.0832669734955	0.0810401439667	0.0730550289154	0.0708980560303	0.0924000740051	0.122570037842	0.0972549915314	0.0823619365692	0.104306936264	0.0910670757294	0.0928699970245	0.0831620693207	0.122869968414	0.0908780097961	0.104092121124	0.0781910419464	0.0970220565796	0.0946259498596	0.0959701538086	0.103967189789	0.0812511444092	0.107773065567	0.117755889893	0.0784740447998	0.058394908905	0.10410785675	0.0804629325867	0.0753960609436	0.0836141109467	0.0796949863434	0.0692670345306	0.0893700122833	0.0896890163422	0.0896439552307	0.0890190601349	0.0793809890747	0.0717198848724	0.0829319953918	0.100924015045	0.0910251140594	0.106519937515	
