25_1000_0_0_470000000
25
1000
0
0
470000000

['./treeMaker/main']
0.0368499755859	0.0487880706787	0.0370080471039	0.0374028682709	0.0374879837036	0.0386760234833	0.0379660129547	0.0379638671875	0.0429861545563	0.0389788150787	0.0445339679718	0.0345590114594	0.0373041629791	0.0370829105377	0.0358901023865	0.039764881134	0.038754940033	0.0368881225586	0.0365478992462	0.0404949188232	0.0373060703278	0.03502202034	0.0379691123962	0.0366311073303	0.0355138778687	0.0381500720978	0.0361762046814	0.0379390716553	0.0388729572296	0.0365591049194	0.0371189117432	0.0378749370575	0.0366261005402	0.0469579696655	0.0385639667511	0.0376558303833	0.0383670330048	0.0389199256897	0.0386350154877	0.050675868988	0.0408699512482	0.0384540557861	0.0416638851166	0.0400679111481	0.0385029315948	0.0373821258545	0.0398671627045	0.0396928787231	0.0379958152771	0.0381479263306	
['./treeMaker/main', '-b']
0.0371050834656	0.0374021530151	0.0379700660706	0.0417008399963	0.0387949943542	0.0430510044098	0.0415871143341	0.0393831729889	0.0402719974518	0.0398619174957	0.0401258468628	0.0399880409241	0.0399458408356	0.0394010543823	0.0475990772247	0.04509806633	0.0481679439545	0.0390100479126	0.0491418838501	0.0393679141998	0.0413410663605	0.0494410991669	0.0388238430023	0.0404150485992	0.0397181510925	0.0404489040375	0.0394430160522	0.0396890640259	0.0525729656219	0.0401511192322	0.0401039123535	0.0401339530945	0.0391280651093	0.0395278930664	0.0377721786499	0.0499789714813	0.04119181633	0.0387380123138	0.041396856308	0.0381891727448	0.0390291213989	0.0386719703674	0.0392141342163	0.038889169693	0.0396950244904	0.0431890487671	0.0394330024719	0.0377280712128	0.0403499603271	0.0394740104675	
['./treeMaker/main', '-u']
0.0391240119934	0.0396161079407	0.0397510528564	0.0388259887695	0.0370831489563	0.0372231006622	0.0389988422394	0.0378019809723	0.0383009910583	0.0403909683228	0.0398349761963	0.0408229827881	0.0465619564056	0.0392999649048	0.0430181026459	0.0421061515808	0.041314125061	0.0396790504456	0.0357270240784	0.0397319793701	0.0375230312347	0.0384809970856	0.0421380996704	0.0387527942657	0.0390520095825	0.0406968593597	0.0403599739075	0.0381791591644	0.0390858650208	0.0414490699768	0.0395760536194	0.0421588420868	0.0391621589661	0.0403528213501	0.0422430038452	0.0395059585571	0.0403399467468	0.0426950454712	0.0430748462677	0.0397379398346	0.0415120124817	0.0396559238434	0.039813041687	0.04141497612	0.0406291484833	0.0400919914246	0.0429348945618	0.039871931076	0.0382239818573	0.0423610210419	
['./treeMaker/main', '-t', '-r', '1']
0.348697900772	0.334388017654	0.330080032349	0.348627090454	0.341163158417	0.338514089584	0.348101139069	0.345374107361	0.333119153976	0.347409963608	0.339380979538	0.3301820755	0.357419967651	0.334587097168	0.333065032959	0.3322930336	0.332597017288	0.349359989166	0.336488962173	0.363931179047	0.330466032028	0.331326007843	0.333276033401	0.334133148193	0.368015050888	0.35235619545	0.331573009491	0.35267996788	0.350187063217	0.348168849945	0.359157085419	0.329126834869	0.355298995972	0.351986885071	0.35765504837	0.336051940918	0.347141981125	0.3560359478	0.35871386528	0.341884851456	0.328028917313	0.350219011307	0.347023963928	0.330766916275	0.350766897202	0.347509145737	0.36807513237	0.341330051422	0.341869115829	0.364219903946	
['./treeMaker/main', '-t', '-r', '2']
0.411828041077	0.411648035049	0.40748000145	0.410989999771	0.410561084747	0.395825147629	0.423544168472	0.40757894516	0.432024002075	0.396615982056	0.395719051361	0.384332895279	0.40335392952	0.387120008469	0.389420032501	0.422464847565	0.42133808136	0.413367986679	0.406556844711	0.412121772766	0.395285129547	0.39241194725	0.407598972321	0.403086900711	0.42351102829	0.397070884705	0.38733291626	0.388102054596	0.402280092239	0.393758058548	0.40319108963	0.418195009232	0.388350009918	0.391522884369	0.406153917313	0.404577970505	0.390977859497	0.400882005692	0.398586034775	0.418482065201	0.400805950165	0.39256811142	0.39458489418	0.392478942871	0.410557985306	0.417685985565	0.385497808456	0.393527030945	0.377898931503	0.410104990005	
['./treeMaker/main', '-t', '-r', '1', '-N']
0.348546981812	0.330794095993	0.341300964355	0.333020925522	0.35680103302	0.330315113068	0.350069999695	0.346748113632	0.354959964752	0.364471912384	0.350848913193	0.370514154434	0.339617967606	0.327544212341	0.328337907791	0.333474159241	0.344596862793	0.358235836029	0.330852031708	0.348925113678	0.351282835007	0.356534957886	0.355052947998	0.348315000534	0.349137067795	0.329730987549	0.33836889267	0.329618930817	0.33212685585	0.362010955811	0.335119009018	0.335635185242	0.334644794464	0.350639820099	0.329048871994	0.362020015717	0.343629837036	0.334482908249	0.34317612648	0.333510160446	0.331447124481	0.332404851913	0.347694158554	0.342339038849	0.358550071716	0.329473972321	0.329002857208	0.334676027298	0.355970859528	0.359909057617	
['./treeMaker/main', '-t', '-r', '2', '-N']
0.389885902405	0.41103386879	0.405843019485	0.382648944855	0.390814065933	0.42804479599	0.393306016922	0.392841815948	0.407980918884	0.433059930801	0.397158145905	0.40984916687	0.409060955048	0.386991024017	0.389918088913	0.395375013351	0.398823022842	0.390556812286	0.402909040451	0.413625001907	0.398941993713	0.415502071381	0.41104888916	0.409822940826	0.407677173615	0.38725399971	0.384136199951	0.400146007538	0.42108798027	0.415019989014	0.409503936768	0.401908159256	0.387290000916	0.408226013184	0.396534919739	0.42355298996	0.407544136047	0.395936965942	0.429507017136	0.416460990906	0.389255046844	0.414370059967	0.388967990875	0.386515855789	0.397323131561	0.432100057602	0.407904863358	0.389201879501	0.382043838501	0.418128967285	
['./treeMaker/main', '-m']
0.0343501567841	0.0339241027832	0.0343861579895	0.0391409397125	0.0351939201355	0.0381519794464	0.0336489677429	0.0338790416718	0.0336849689484	0.0337629318237	0.0382070541382	0.0400648117065	0.0357370376587	0.0345740318298	0.0370399951935	0.0360069274902	0.0374641418457	0.0347929000854	0.0373799800873	0.0365490913391	0.0364601612091	0.0385928153992	0.035630941391	0.0399930477142	0.0353248119354	0.0361158847809	0.0390269756317	0.0370709896088	0.0459561347961	0.0411620140076	0.0346171855927	0.0441770553589	0.0370790958405	0.0366580486298	0.0488650798798	0.0419521331787	0.0385041236877	0.0419518947601	0.0346550941467	0.0366268157959	0.0363199710846	0.0363931655884	0.0367240905762	0.0342018604279	0.0369558334351	0.0361790657043	0.0359780788422	0.0360419750214	0.0355689525604	0.0370118618011	
['./treeMaker/main', '-m', '-b']
0.0379509925842	0.045567035675	0.0346159934998	0.0391590595245	0.0376710891724	0.0365359783173	0.0398781299591	0.0344939231873	0.0364680290222	0.0371398925781	0.0363099575043	0.0359220504761	0.0345559120178	0.037159204483	0.036434173584	0.0404200553894	0.0400249958038	0.0371007919312	0.0381410121918	0.0413439273834	0.0388610363007	0.038253068924	0.0386469364166	0.0388169288635	0.0381469726562	0.0367538928986	0.037437915802	0.0351688861847	0.0383450984955	0.037712097168	0.0365769863129	0.0410370826721	0.037740945816	0.0485799312592	0.042366027832	0.047868013382	0.0410399436951	0.0390207767487	0.0380110740662	0.0380659103394	0.0404698848724	0.0375192165375	0.0379838943481	0.0425879955292	0.0383148193359	0.0461249351501	0.0373032093048	0.0412800312042	0.0376260280609	0.0382058620453	
['./treeMaker/main', '-m', '-w', '1']
0.0400769710541	0.0379478931427	0.038889169693	0.037672996521	0.0389008522034	0.0410580635071	0.0419049263	0.0357780456543	0.0377340316772	0.0364499092102	0.037125825882	0.0387101173401	0.0376410484314	0.0379149913788	0.0375850200653	0.0392289161682	0.036957025528	0.0381429195404	0.0375149250031	0.0380301475525	0.0374388694763	0.0371551513672	0.0384500026703	0.0381789207458	0.0376169681549	0.0420989990234	0.0384469032288	0.0404860973358	0.0378429889679	0.0385529994965	0.0380201339722	0.035765171051	0.036504983902	0.0381178855896	0.048837184906	0.0367131233215	0.0359179973602	0.0371859073639	0.0486450195312	0.0393588542938	0.0367379188538	0.0384488105774	0.0364379882812	0.0375318527222	0.0370700359344	0.0350470542908	0.0366280078888	0.0461299419403	0.0346109867096	0.0387201309204	
['./treeMaker/main', '-m', '-w', '2']
0.0370440483093	0.0362567901611	0.0393660068512	0.0359239578247	0.0369770526886	0.035856962204	0.0342738628387	0.0378041267395	0.0467212200165	0.0365009307861	0.0367550849915	0.0359680652618	0.0358829498291	0.0357148647308	0.036633014679	0.0367560386658	0.0401690006256	0.0367538928986	0.0373010635376	0.0363669395447	0.0375640392303	0.0365400314331	0.039717912674	0.0369329452515	0.0495128631592	0.0359618663788	0.0353949069977	0.0373420715332	0.040048122406	0.036474943161	0.0403718948364	0.0371968746185	0.0367422103882	0.0369968414307	0.0451180934906	0.0362989902496	0.0371618270874	0.0389881134033	0.0477869510651	0.0372629165649	0.0390400886536	0.0369191169739	0.0375249385834	0.038192987442	0.0401518344879	0.0373568534851	0.0379240512848	0.036386013031	0.0352990627289	0.0398349761963	
['./treeMaker/main', '-m', '-c', '1']
0.0356290340424	0.0354042053223	0.0372960567474	0.0365018844604	0.0356068611145	0.0393099784851	0.036388874054	0.0476460456848	0.0381939411163	0.0360019207001	0.0365610122681	0.0361399650574	0.0453000068665	0.0363130569458	0.0491030216217	0.0368061065674	0.0471980571747	0.0368659496307	0.0366070270538	0.0399630069733	0.037544965744	0.0364181995392	0.0377609729767	0.05020403862	0.0364460945129	0.0375769138336	0.0381481647491	0.0433669090271	0.037896156311	0.0378558635712	0.0494601726532	0.0387799739838	0.037132024765	0.0393009185791	0.0366580486298	0.0420680046082	0.0373301506042	0.0362720489502	0.0370540618896	0.0344309806824	0.0456740856171	0.0393660068512	0.0363349914551	0.0377578735352	0.0377209186554	0.0367810726166	0.0359799861908	0.0345959663391	0.0370450019836	0.0348949432373	
['./treeMaker/main', '-m', '-c', '2']
0.0489480495453	0.0364201068878	0.0382261276245	0.0368897914886	0.0369110107422	0.0379250049591	0.0367240905762	0.0361330509186	0.0375039577484	0.0373558998108	0.0369839668274	0.0366899967194	0.0367228984833	0.0367410182953	0.0365090370178	0.0455269813538	0.0380098819733	0.0371890068054	0.0368499755859	0.0411260128021	0.0372738838196	0.0368640422821	0.0496070384979	0.0373749732971	0.0372540950775	0.0367360115051	0.0369548797607	0.037269115448	0.0380661487579	0.0366659164429	0.0362877845764	0.0390839576721	0.0437350273132	0.0394659042358	0.0365660190582	0.0367012023926	0.0366561412811	0.0397579669952	0.0372219085693	0.0373778343201	0.0368139743805	0.0383839607239	0.0357100963593	0.0354628562927	0.0366978645325	0.0372250080109	0.0385160446167	0.0365428924561	0.0365889072418	0.0390911102295	
['./treeMaker/main', '-m', '-a', '1']
0.0524868965149	0.0554490089417	0.0505480766296	0.0531470775604	0.0523250102997	0.0527780056	0.0526828765869	0.0539119243622	0.0527701377869	0.0522429943085	0.066309928894	0.0537621974945	0.052463054657	0.05317902565	0.0523869991302	0.0540850162506	0.0503890514374	0.0545969009399	0.0533378124237	0.0549018383026	0.0540878772736	0.0539240837097	0.0507581233978	0.053838968277	0.0516090393066	0.0525190830231	0.0530331134796	0.0515599250793	0.0536341667175	0.0534679889679	0.0533149242401	0.0523080825806	0.0533800125122	0.0566489696503	0.051943063736	0.0528337955475	0.0536801815033	0.0531549453735	0.0528860092163	0.0634701251984	0.0530588626862	0.0523397922516	0.0537459850311	0.0527138710022	0.0541651248932	0.0527541637421	0.0524129867554	0.0541279315948	0.0533609390259	0.0552699565887	
['./treeMaker/main', '-m', '-a', '2']
0.0469408035278	0.0365269184113	0.0382859706879	0.0405218601227	0.0384750366211	0.0385928153992	0.0381190776825	0.0382349491119	0.0475380420685	0.0378098487854	0.0407950878143	0.0377271175385	0.0395479202271	0.0364360809326	0.0386781692505	0.039323091507	0.0424809455872	0.0375211238861	0.0420081615448	0.0380780696869	0.0380671024323	0.0390739440918	0.0407218933105	0.0402929782867	0.0373270511627	0.0393400192261	0.0424151420593	0.038391828537	0.0490779876709	0.0362730026245	0.0360150337219	0.0405211448669	0.0376768112183	0.0367610454559	0.0374538898468	0.0405690670013	0.0377271175385	0.0403828620911	0.0354208946228	0.0381081104279	0.0403079986572	0.0449910163879	0.0416960716248	0.0399839878082	0.0366110801697	0.0361409187317	0.0402860641479	0.036022901535	0.0376989841461	0.0405230522156	
