25_1000_1.9e-10_1.9e-10_190000000
25
1000
1.9e-10
1.9e-10
190000000

['./treeMaker/main']
0.0985500812531	0.0749230384827	0.092031955719	0.0702278614044	0.0911059379578	0.0925359725952	0.0877029895782	0.0908710956573	0.111682891846	0.0825819969177	0.0826029777527	0.0990519523621	0.116228103638	0.0820848941803	0.0894908905029	0.115347862244	0.0893619060516	0.109382152557	0.139014005661	0.107026100159	0.0950269699097	0.090441942215	0.102654933929	0.0806941986084	0.0972898006439	0.0817279815674	0.103078126907	0.0830099582672	0.0858919620514	0.0753469467163	0.0890431404114	0.0850191116333	0.150374889374	0.0831530094147	0.0851550102234	0.113185882568	0.0821530818939	0.085461139679	0.0852839946747	0.0812427997589	0.0807440280914	0.082407951355	0.0852808952332	0.0971949100494	0.090399980545	0.0988800525665	0.100655078888	0.0866470336914	0.0919301509857	0.0762779712677	
['./treeMaker/main', '-b']
0.105959892273	0.0821521282196	0.103076934814	0.0866601467133	0.0981488227844	0.096540927887	0.0891230106354	0.0933520793915	0.116865158081	0.0781519412994	0.085606098175	0.0942339897156	0.12561583519	0.0886340141296	0.0772979259491	0.114871025085	0.0954048633575	0.0891869068146	0.139311075211	0.094761133194	0.0982191562653	0.0907979011536	0.1016061306	0.140584945679	0.0745038986206	0.0810830593109	0.100740909576	0.0819721221924	0.0988318920135	0.0974669456482	0.0869278907776	0.0946989059448	0.130714893341	0.0823080539703	0.0998311042786	0.0867850780487	0.0796580314636	0.0835289955139	0.0989627838135	0.0851922035217	0.115947961807	0.0626630783081	0.0928900241852	0.102860927582	0.0946509838104	0.113933086395	0.0815451145172	0.0924170017242	0.104686021805	0.0781469345093	
['./treeMaker/main', '-u']
0.102590084076	0.0858907699585	0.0919299125671	0.0888891220093	0.100564956665	0.0990259647369	0.0882420539856	0.0754280090332	0.094642162323	0.0943031311035	0.0869240760803	0.0960140228271	0.130108118057	0.100489139557	0.0940201282501	0.111364126205	0.090539932251	0.095477104187	0.1285572052	0.0992250442505	0.0943257808685	0.0972440242767	0.104030132294	0.0963242053986	0.0748431682587	0.0828099250793	0.10800409317	0.124967098236	0.0867700576782	0.0888230800629	0.0998468399048	0.0948309898376	0.113479137421	0.0882239341736	0.0921499729156	0.112035989761	0.0848519802094	0.0971419811249	0.0837268829346	0.0666809082031	0.0972712039948	0.080962896347	0.0838680267334	0.0952200889587	0.0805270671844	0.0788578987122	0.0936801433563	0.0872461795807	0.103667974472	0.0867121219635	
['./treeMaker/main', '-t', '-r', '1']
1.21132397652	0.815248966217	1.21096897125	1.06405115128	1.19560003281	1.17743802071	1.03974890709	1.14510297775	1.44965291023	0.963824987411	0.921293020248	1.15331912041	1.51192212105	1.0552110672	1.25960087776	1.37352108955	1.07246398926	1.00547599792	1.93890094757	1.1614048481	1.13171601295	0.989037036896	1.14965605736	1.08090901375	0.756933927536	0.876558065414	1.31671118736	0.911711215973	1.07394886017	1.11029314995	1.17154598236	1.06771588326	1.52604293823	0.933578014374	1.25617980957	1.37280392647	0.885715961456	1.00671291351	1.03219795227	0.901021957397	1.3762049675	0.891066074371	1.03942680359	1.24288201332	1.0772151947	1.2631380558	1.2166800499	0.973192930222	1.22855591774	0.801677942276	
['./treeMaker/main', '-t', '-r', '2']
1.66901397705	1.11208701134	1.65368199348	1.49430012703	1.64466381073	1.54762411118	1.39314508438	1.60745692253	1.98021411896	1.37189912796	1.26476597786	1.60129880905	2.07105207443	1.57778811455	1.66802787781	1.86765694618	1.43831801414	1.3330039978	2.74655795097	1.76816391945	1.5746679306	1.39275789261	1.6333501339	1.55296206474	1.04690408707	1.23147392273	1.92734599113	1.20332813263	1.42389082909	1.5714840889	1.59913802147	1.51150393486	2.24360704422	1.27228999138	1.76672101021	1.99305605888	1.22004795074	1.47916889191	1.52361011505	1.27304601669	1.84421992302	1.2032430172	1.37684297562	1.64034605026	1.55302095413	1.67295384407	1.59890723228	1.37989807129	1.66504001617	1.07262206078	
['./treeMaker/main', '-t', '-r', '1', '-N']
1.19479298592	0.79788184166	1.18476605415	1.06080102921	1.18566608429	1.16739201546	1.08727693558	1.11048579216	1.4133169651	0.927870988846	0.936851978302	1.13316702843	1.49163389206	1.11223483086	1.20607995987	1.32261705399	1.01554012299	0.978199005127	1.9009540081	1.20317602158	1.18639802933	1.02894186974	1.19377493858	1.12674498558	0.810106992722	0.893356084824	1.32972478867	0.980806112289	1.03666806221	1.12333106995	1.19252300262	1.05983114243	1.51414585114	0.921097040176	1.28183984756	1.35084486008	0.881490945816	1.00668001175	1.00167012215	0.880697965622	1.34145784378	0.90993309021	1.00519704819	1.22302007675	1.04486012459	1.24405002594	1.18064808846	0.952758073807	1.22730493546	0.83416891098	
['./treeMaker/main', '-t', '-r', '2', '-N']
1.69253897667	1.05550193787	1.63428711891	1.4589369297	1.61774587631	1.52703499794	1.38370919228	1.55126214027	1.97578215599	1.31581997871	1.22227811813	1.59148097038	2.05585098267	1.55159807205	1.59378004074	1.85129904747	1.42605209351	1.2985200882	2.67701387405	1.72942900658	1.54379796982	1.35899305344	1.64155602455	1.51408696175	1.03351688385	1.17591094971	1.9041159153	1.20050406456	1.37871813774	1.52292585373	1.59383487701	1.46344995499	2.21926116943	1.2543489933	1.77674603462	1.98589205742	1.154337883	1.38690185547	1.3599550724	1.17544412613	1.84222698212	1.18601298332	1.38396000862	1.62263703346	1.59096908569	1.68504190445	1.61548089981	1.37874698639	1.71694302559	1.0948779583	
['./treeMaker/main', '-m']
0.0794360637665	0.0713491439819	0.0836250782013	0.0734970569611	0.0858211517334	0.0689308643341	0.0812468528748	0.0778107643127	0.0777771472931	0.0703780651093	0.0734100341797	0.0738658905029	0.0809240341187	0.0804409980774	0.087249994278	0.0784070491791	0.0733420848846	0.071347951889	0.0898320674896	0.0753011703491	0.0742080211639	0.0689527988434	0.0838649272919	0.0744819641113	0.0710861682892	0.0672931671143	0.084890127182	0.0700359344482	0.0702171325684	0.0807359218597	0.0778951644897	0.0728988647461	0.0791239738464	0.0673260688782	0.0802669525146	0.0814070701599	0.0665929317474	0.0674738883972	0.0705859661102	0.0703542232513	0.0783500671387	0.0678949356079	0.0677869319916	0.0784039497375	0.0682890415192	0.0760269165039	0.0748929977417	0.0658731460571	0.0680549144745	0.064090013504	
['./treeMaker/main', '-m', '-b']
0.0776989459991	0.0686249732971	0.0768010616302	0.0735499858856	0.0742559432983	0.0713798999786	0.0780870914459	0.087877035141	0.0816209316254	0.0664401054382	0.0759677886963	0.0755100250244	0.0807039737701	0.0809941291809	0.0746850967407	0.085914850235	0.0745930671692	0.0708351135254	0.117985963821	0.0691289901733	0.0713510513306	0.0802121162415	0.073734998703	0.0786600112915	0.0644550323486	0.065062046051	0.0775980949402	0.0713131427765	0.0728249549866	0.0755958557129	0.0827431678772	0.071347951889	0.084536075592	0.0711500644684	0.0842559337616	0.0821220874786	0.0652339458466	0.0732338428497	0.0719068050385	0.0799610614777	0.0786759853363	0.0672318935394	0.0678949356079	0.0781970024109	0.0844459533691	0.0803101062775	0.0852839946747	0.0685670375824	0.0767970085144	0.0680868625641	
['./treeMaker/main', '-m', '-w', '1']
0.0945520401001	0.0666518211365	0.0725309848785	0.0703799724579	0.0762391090393	0.0738868713379	0.0738649368286	0.0654220581055	0.078547000885	0.0719249248505	0.0682661533356	0.0771300792694	0.0790138244629	0.0691661834717	0.0764269828796	0.078556060791	0.0709309577942	0.067097902298	0.100353002548	0.0748679637909	0.0761070251465	0.0728719234467	0.0762748718262	0.0736169815063	0.0675859451294	0.0673189163208	0.0775799751282	0.0817420482635	0.0670371055603	0.0700299739838	0.0726399421692	0.0708920955658	0.083475112915	0.0702958106995	0.0752909183502	0.0774259567261	0.0720179080963	0.077173948288	0.0739669799805	0.0610949993134	0.0725088119507	0.0665609836578	0.076287984848	0.0744581222534	0.0734188556671	0.0725090503693	0.0745260715485	0.0682981014252	0.0729849338531	0.0651850700378	
['./treeMaker/main', '-m', '-w', '2']
0.0787780284882	0.0761539936066	0.0748469829559	0.0738718509674	0.0815498828888	0.0745379924774	0.0755550861359	0.0768291950226	0.0802001953125	0.067400932312	0.0686409473419	0.074728012085	0.0851531028748	0.074718952179	0.074835062027	0.0889739990234	0.0709309577942	0.0649018287659	0.0864160060883	0.0884940624237	0.0750658512115	0.0688199996948	0.0711390972137	0.0732049942017	0.063677072525	0.068253993988	0.0866379737854	0.0689458847046	0.0686368942261	0.0832471847534	0.0841159820557	0.0730481147766	0.0901429653168	0.0610740184784	0.0868499279022	0.0790901184082	0.0709629058838	0.0790150165558	0.0705180168152	0.065856218338	0.0816168785095	0.0766770839691	0.0698339939117	0.0783789157867	0.0726900100708	0.0800218582153	0.0756139755249	0.0701880455017	0.0751311779022	0.065272808075	
['./treeMaker/main', '-m', '-c', '1']
0.0744390487671	0.0748629570007	0.0751008987427	0.0720701217651	0.0791800022125	0.0705819129944	0.0700469017029	0.0779070854187	0.0887269973755	0.0698518753052	0.0661270618439	0.0751340389252	0.0808799266815	0.085953950882	0.0774319171906	0.0865540504456	0.0749289989471	0.0673980712891	0.0890018939972	0.0745351314545	0.0786528587341	0.0673079490662	0.0737080574036	0.0751910209656	0.0649428367615	0.0757670402527	0.0762310028076	0.0691947937012	0.0716578960419	0.0711240768433	0.0751140117645	0.0729470252991	0.077623128891	0.0656509399414	0.0763778686523	0.0920670032501	0.0688891410828	0.0667638778687	0.0833079814911	0.0658338069916	0.0765249729156	0.0725688934326	0.0693919658661	0.0745038986206	0.0765788555145	0.073343038559	0.0729928016663	0.0748729705811	0.0666208267212	0.0708699226379	
['./treeMaker/main', '-m', '-c', '2']
0.0756289958954	0.0723478794098	0.0780429840088	0.0719258785248	0.0778510570526	0.0745129585266	0.0715889930725	0.075747013092	0.0815801620483	0.0794610977173	0.0652689933777	0.0930919647217	0.0836670398712	0.0724828243256	0.0792140960693	0.0868351459503	0.0756769180298	0.0719361305237	0.0903780460358	0.0683641433716	0.0805900096893	0.0686769485474	0.0850310325623	0.0761549472809	0.0726370811462	0.0669701099396	0.079283952713	0.070319890976	0.0722181797028	0.0806632041931	0.0746419429779	0.0832369327545	0.0780727863312	0.063353061676	0.0744190216064	0.0821378231049	0.0661871433258	0.0667960643768	0.0693950653076	0.0632219314575	0.0758588314056	0.0659000873566	0.0672769546509	0.0726940631866	0.0895659923553	0.0775580406189	0.0686640739441	0.0719130039215	0.0700249671936	0.0667519569397	
['./treeMaker/main', '-m', '-a', '1']
0.0920660495758	0.0808479785919	0.0896129608154	0.0837059020996	0.0903429985046	0.0832901000977	0.0894591808319	0.0763280391693	0.0915448665619	0.0811488628387	0.076514005661	0.0912249088287	0.0917799472809	0.0836291313171	0.0815460681915	0.101814031601	0.0812819004059	0.082496881485	0.0972771644592	0.0959777832031	0.0862519741058	0.090626001358	0.0814368724823	0.0795049667358	0.0836288928986	0.076563835144	0.0905001163483	0.0788490772247	0.0947008132935	0.0979828834534	0.0833539962769	0.094025850296	0.0930650234222	0.0860328674316	0.0855031013489	0.113759994507	0.0826468467712	0.0817890167236	0.082102060318	0.0766820907593	0.0861577987671	0.0866041183472	0.0826680660248	0.0862219333649	0.0825219154358	0.0857291221619	0.0959191322327	0.0776128768921	0.0887479782104	0.0837419033051	
['./treeMaker/main', '-m', '-a', '2']
0.0736680030823	0.0707018375397	0.0745229721069	0.0759968757629	0.0848760604858	0.0708930492401	0.0765841007233	0.0697009563446	0.0762031078339	0.066143989563	0.0751280784607	0.0761260986328	0.0777380466461	0.0700788497925	0.0792720317841	0.083860874176	0.07053399086	0.0741758346558	0.0873548984528	0.0724561214447	0.0845160484314	0.0682649612427	0.0821340084076	0.0701401233673	0.0712289810181	0.0789039134979	0.0758318901062	0.0682048797607	0.0967488288879	0.089546918869	0.0771059989929	0.0668280124664	0.0808448791504	0.0807280540466	0.0796799659729	0.0859129428864	0.0647370815277	0.0736830234528	0.0724160671234	0.068342924118	0.073392868042	0.0673449039459	0.0680248737335	0.0723810195923	0.0736701488495	0.0794150829315	0.0761091709137	0.067458152771	0.0832998752594	0.0697660446167	
