25_1000_2.7e-10_0.0_470000000
25
1000
2.7e-10
0.0
470000000

['./treeMaker/main']
0.301295995712	0.199441194534	0.428312063217	0.303969860077	0.4222240448	0.430069923401	0.124445915222	0.304444074631	0.13028883934	1.09160494804	0.572599172592	0.939146995544	0.410076856613	0.426954030991	0.174313783646	0.25589799881	0.20355796814	0.53531908989	0.606307983398	1.18965601921	0.200878143311	0.581186056137	0.174716949463	0.613894939423	0.659665107727	0.712023973465	0.172775030136	0.380743980408	0.386822938919	0.343781232834	0.210577011108	0.155616998672	0.528779983521	1.47279906273	0.650820016861	0.294192075729	1.52299904823	0.476407051086	0.155647039413	0.306231975555	0.310324907303	1.39297914505	0.296972036362	0.377576112747	0.544393777847	0.541248083115	0.608311891556	0.377592086792	0.31710600853	0.252370834351	
['./treeMaker/main', '-b']
0.535439014435	0.204900026321	0.574918031693	0.328104019165	0.203439950943	0.676019906998	0.13628911972	0.1466588974	0.273798942566	0.468559026718	0.598381996155	1.07951784134	0.235621929169	0.461803913116	0.280303955078	0.231606960297	0.138221025467	0.868486881256	0.9553399086	1.10323786736	0.370965003967	0.400160074234	0.183035850525	0.457799911499	0.591403961182	1.16750693321	0.436110019684	0.192145824432	0.647443056107	0.583816051483	0.298928022385	0.191115140915	0.544922828674	1.32979917526	0.860230922699	0.340840101242	1.11929011345	0.497985839844	0.164307117462	0.220307826996	0.341890096664	1.41868901253	0.37882900238	0.3812520504	0.754269123077	0.42006611824	0.661989927292	0.619935035706	0.340939044952	0.267776012421	
['./treeMaker/main', '-u']
0.52091884613	0.268781900406	0.268876075745	0.465795040131	0.193273067474	0.568399906158	0.186799049377	0.167730093002	0.130989789963	0.73446893692	0.899139881134	0.685606956482	0.230786085129	0.557596921921	0.172919034958	0.245942115784	0.11939406395	0.879434108734	1.02584195137	0.821674108505	0.277359962463	0.538052082062	0.304692029953	0.366509914398	0.534441947937	0.670197963715	0.21700501442	0.178386926651	0.636541128159	0.643862962723	0.335598945618	0.299284934998	0.291234016418	1.51849722862	0.426295995712	0.245586156845	1.60088896751	0.216663837433	0.365812063217	0.362244129181	0.434782028198	1.00534391403	0.461306095123	0.421856164932	0.471661090851	0.540486097336	0.727957010269	0.370517969131	0.713223934174	0.500729084015	
['./treeMaker/main', '-t', '-r', '1']
5.9678299427	4.70600795746	6.88848686218	7.24135184288	4.80163121223	7.73668313026	2.31852197647	3.94592189789	2.56593608856	9.54626488686	9.55296182632	14.8542160988	5.57813096046	7.5786459446	2.70323204994	5.33530879021	2.49299693108	10.2525029182	13.013272047	12.9103009701	4.51201200485	6.6015188694	3.77893209457	8.00061416626	8.656924963	9.8767619133	3.94179987907	3.89394903183	8.33171105385	7.38026809692	4.38506102562	3.57159113884	6.24620509148	20.1317439079	9.3232190609	3.43267297745	19.3717470169	5.01131081581	3.58526396751	5.09322309494	6.37264704704	18.3963320255	5.25410413742	8.23508405685	10.741312027	9.22319984436	14.4040119648	8.51010203362	7.30427098274	6.66736793518	
['./treeMaker/main', '-t', '-r', '2']
7.18950915337	5.68470096588	8.24817299843	8.5959649086	5.46753501892	9.2097890377	3.51905608177	4.25702595711	4.17451190948	11.9370448589	11.3033759594	17.1628420353	6.49202299118	9.88103604317	3.78671002388	7.03507614136	2.77879595757	12.7524609566	15.7158741951	17.0902321339	6.03676891327	8.01907300949	5.13671207428	9.44141817093	10.0542821884	12.1543328762	4.89383482933	5.05168819427	10.483258009	10.0722310543	5.55796098709	4.3911511898	8.01206707954	22.8745419979	12.5504519939	4.47584700584	24.2978069782	6.76666903496	4.11140298843	6.21918416023	7.69558620453	22.9137530327	6.60895085335	10.2561209202	13.0792701244	11.4496481419	15.3663132191	10.3928489685	8.90721893311	7.46389102936	
['./treeMaker/main', '-t', '-r', '1', '-N']
6.0265390873	4.75281596184	6.3859128952	7.09546899796	4.48642706871	7.34011220932	3.07397699356	2.95186305046	2.57846784592	10.1926898956	8.69727396965	14.8034350872	5.47964787483	7.68357896805	2.85936903954	5.37454295158	2.3942129612	9.98892903328	13.2377810478	13.5148389339	4.84118199348	6.64126491547	3.58962011337	7.7826859951	7.84235501289	9.67333292961	4.4256207943	4.12643384933	8.56144690514	7.29251408577	4.38314509392	3.66898798943	6.64602303505	19.3744251728	8.80352282524	3.25983595848	18.5158700943	5.43254089355	3.37253713608	4.89420413971	4.43087506294	12.7953779697	3.25077581406	5.30185198784	6.99881792068	6.03475904465	8.50701904297	5.58633303642	4.78059482574	3.89293599129	
['./treeMaker/main', '-t', '-r', '2', '-N']
5.44240903854	4.14378809929	5.94645190239	6.38525390625	4.07952404022	6.73976802826	2.56469297409	3.08241009712	2.75155496597	8.80844306946	8.19920110703	12.661441803	4.76122713089	6.93628096581	2.8672709465	5.1010389328	2.25561285019	9.54415106773	11.4544539452	12.231703043	4.24056911469	6.04268598557	3.57264089584	6.91848707199	7.21443390846	8.86265611649	3.68285489082	3.73390579224	7.59702205658	7.1378428936	3.9231300354	3.30916595459	5.83827805519	16.6493501663	8.92521905899	3.06535196304	17.6125071049	4.76364207268	3.13460683823	4.64051795006	5.81931209564	16.9083609581	4.5896320343	7.37769389153	9.43913793564	8.33422803879	11.4105279446	7.7361600399	6.52061605453	5.53279089928	
['./treeMaker/main', '-m']
0.138828992844	0.115262985229	0.152240991592	0.146880865097	0.114477872849	0.166106939316	0.0882129669189	0.097030878067	0.0901598930359	0.182641029358	0.166019916534	0.221275091171	0.120782136917	0.147771120071	0.0895459651947	0.122809171677	0.0780792236328	0.183175086975	0.203496932983	0.219961881638	0.112566947937	0.137600898743	0.100609064102	0.147979974747	0.151242017746	0.174349069595	0.103840827942	0.104337930679	0.160426139832	0.151089906693	0.106997013092	0.0943779945374	0.134878873825	0.269934177399	0.17421412468	0.0886280536652	0.268092155457	0.1207280159	0.0931420326233	0.116130113602	0.130850076675	0.267441987991	0.117951154709	0.156457901001	0.180566072464	0.176264047623	0.203053951263	0.159769058228	0.144341945648	0.12815785408	
['./treeMaker/main', '-m', '-b']
0.139190912247	0.116667032242	0.143229007721	0.150129079819	0.115854024887	0.153727054596	0.0878911018372	0.0970661640167	0.0893659591675	0.188539981842	0.172557115555	0.235584020615	0.125555992126	0.156627893448	0.0930111408234	0.14101099968	0.0836899280548	0.196640014648	0.220664024353	0.237757921219	0.117592096329	0.145891904831	0.103782176971	0.158713102341	0.16061091423	0.185939073563	0.108646869659	0.109790086746	0.172037124634	0.159551143646	0.113293170929	0.0998320579529	0.140877008438	0.290535926819	0.187290906906	0.094162940979	0.292360067368	0.124430179596	0.095330953598	0.125150918961	0.135598897934	0.288640975952	0.122717857361	0.165601015091	0.193976163864	0.186354160309	0.218116998672	0.168449878693	0.152757167816	0.136224985123	
['./treeMaker/main', '-m', '-w', '1']
0.127108812332	0.110045909882	0.134797096252	0.137503147125	0.107664108276	0.145581007004	0.0854301452637	0.0912148952484	0.0855910778046	0.173784971237	0.16491317749	0.219689130783	0.119194984436	0.147588014603	0.089695930481	0.124460935593	0.0761649608612	0.182786941528	0.208734035492	0.220838069916	0.112786054611	0.139044046402	0.100311994553	0.148974895477	0.155130147934	0.175483942032	0.101076126099	0.103452920914	0.159895896912	0.148225069046	0.106271028519	0.0942778587341	0.134475946426	0.265617847443	0.172646999359	0.0920798778534	0.268892049789	0.121392965317	0.0910789966583	0.114413976669	0.131155967712	0.265261888504	0.117704868317	0.157861948013	0.182101011276	0.166026115417	0.201794862747	0.156662940979	0.14280796051	0.127406835556	
['./treeMaker/main', '-m', '-w', '2']
0.131417036057	0.110615968704	0.135941028595	0.141128063202	0.10679101944	0.14726805687	0.0863690376282	0.0936679840088	0.0859878063202	0.175230026245	0.165330171585	0.221288919449	0.123840093613	0.148243904114	0.0907089710236	0.124140977859	0.0795900821686	0.18215918541	0.208766937256	0.221390962601	0.127409934998	0.139359951019	0.101550102234	0.149780035019	0.156531095505	0.175889968872	0.105648994446	0.104985952377	0.163626909256	0.149704933167	0.111153841019	0.0953199863434	0.134280920029	0.272431135178	0.174993991852	0.0914978981018	0.26971912384	0.120440006256	0.0919439792633	0.127398014069	0.131044864655	0.268800973892	0.119054794312	0.157868862152	0.18369102478	0.168882846832	0.205770969391	0.169717073441	0.144726037979	0.129493951797	
['./treeMaker/main', '-m', '-c', '1']
0.127269029617	0.110902070999	0.135262012482	0.138674020767	0.107865095139	0.144232034683	0.0850219726562	0.0920898914337	0.0853881835938	0.171804904938	0.16468501091	0.219622135162	0.119271993637	0.147346019745	0.0892179012299	0.122079133987	0.077495098114	0.182114124298	0.204054117203	0.232646942139	0.11284995079	0.139033079147	0.10026884079	0.147810935974	0.150504112244	0.174676179886	0.104066848755	0.103642940521	0.175774812698	0.150355100632	0.105195045471	0.0948758125305	0.133824110031	0.266508102417	0.175045013428	0.0909020900726	0.270830869675	0.119076013565	0.0928311347961	0.116003990173	0.131362915039	0.267307043076	0.119668960571	0.153933048248	0.18888092041	0.164952039719	0.201292037964	0.160413980484	0.143393039703	0.127747058868	
['./treeMaker/main', '-m', '-c', '2']
0.131736040115	0.111348867416	0.135001897812	0.139888048172	0.107434034348	0.146743774414	0.083575963974	0.0970480442047	0.0878829956055	0.183771848679	0.172577857971	0.233475923538	0.125305175781	0.151434898376	0.0888619422913	0.124857902527	0.0767040252686	0.183210134506	0.209197998047	0.230126142502	0.111369132996	0.139248132706	0.104295015335	0.149269104004	0.155508995056	0.184432029724	0.103724956512	0.106461048126	0.161008834839	0.148611068726	0.108250141144	0.0973498821259	0.137470006943	0.285481929779	0.176637887955	0.0925419330597	0.268409013748	0.119630813599	0.0930910110474	0.116157054901	0.131086826324	0.267131090164	0.11803483963	0.15634894371	0.182820081711	0.164708137512	0.203249931335	0.15834403038	0.143256902695	0.127731084824	
['./treeMaker/main', '-m', '-a', '1']
0.145006895065	0.124013185501	0.150495052338	0.153575897217	0.122679948807	0.159931898117	0.0987858772278	0.107392072678	0.101306915283	0.18759894371	0.179432868958	0.244001865387	0.134348869324	0.161908149719	0.102213144302	0.137898921967	0.0942289829254	0.199206829071	0.218147993088	0.234574079514	0.126585006714	0.152180194855	0.114463090897	0.161792993546	0.165939092636	0.190298080444	0.117116928101	0.11825299263	0.175590991974	0.165210008621	0.119806051254	0.110131978989	0.149641990662	0.286727905273	0.187983989716	0.105880975723	0.286128044128	0.135813951492	0.109457015991	0.130110025406	0.145763158798	0.283262968063	0.128951072693	0.170181035995	0.19509601593	0.181928157806	0.21940279007	0.173133850098	0.157091140747	0.142697095871	
['./treeMaker/main', '-m', '-a', '2']
0.131821870804	0.109813928604	0.133275985718	0.139915943146	0.122264862061	0.145916223526	0.098384141922	0.0925171375275	0.086776971817	0.175197839737	0.174230098724	0.220035076141	0.120965003967	0.14959692955	0.088917016983	0.123316049576	0.0784680843353	0.181330919266	0.206940889359	0.220205068588	0.112478971481	0.139394044876	0.102709054947	0.148225069046	0.14995598793	0.176207065582	0.106382131577	0.10470700264	0.161856889725	0.150298833847	0.107100009918	0.0985260009766	0.134135007858	0.270290136337	0.175756931305	0.0910959243774	0.26916718483	0.120178937912	0.0914349555969	0.118957996368	0.130332946777	0.267442941666	0.116101980209	0.156533002853	0.183842897415	0.166825056076	0.20355796814	0.159605026245	0.144429922104	0.129134893417	
