25_1000_0_0_48000000
25
1000
0
0
48000000

['./treeMaker/main']
0.039489030838	0.0408730506897	0.037575006485	0.0354580879211	0.0368230342865	0.0365808010101	0.0386190414429	0.0370137691498	0.0451979637146	0.0377810001373	0.037880897522	0.0381169319153	0.037801027298	0.0364828109741	0.0510559082031	0.0374209880829	0.0368549823761	0.036416053772	0.0398788452148	0.0365159511566	0.0384790897369	0.0401721000671	0.0381278991699	0.037446975708	0.0376918315887	0.0379769802094	0.0371079444885	0.037563085556	0.0376131534576	0.0371339321136	0.0472679138184	0.037850856781	0.0388240814209	0.043417930603	0.03848695755	0.0384960174561	0.038115978241	0.0488419532776	0.0352430343628	0.0379278659821	0.0367059707642	0.0372920036316	0.0405790805817	0.0371541976929	0.0395259857178	0.0410101413727	0.0377421379089	0.0471770763397	0.0416209697723	0.0379719734192	
['./treeMaker/main', '-b']
0.0396161079407	0.0414590835571	0.0379929542542	0.0390799045563	0.0420730113983	0.0394740104675	0.039354801178	0.0393931865692	0.0370960235596	0.0366609096527	0.0369021892548	0.0364441871643	0.0455038547516	0.0376698970795	0.0397498607635	0.0403790473938	0.0397779941559	0.0398528575897	0.0407829284668	0.0404808521271	0.0377950668335	0.0407319068909	0.0386409759521	0.0371999740601	0.0373909473419	0.040981054306	0.0375111103058	0.0363640785217	0.0472052097321	0.0361800193787	0.0360140800476	0.036110162735	0.0367200374603	0.0464329719543	0.0371289253235	0.03768491745	0.0362901687622	0.0415170192719	0.0389559268951	0.0410239696503	0.0401709079742	0.0386040210724	0.0369889736176	0.0369119644165	0.0375850200653	0.0392789840698	0.0367691516876	0.0399270057678	0.0425379276276	0.0376329421997	
['./treeMaker/main', '-u']
0.0382838249207	0.036484003067	0.0372540950775	0.0368041992188	0.0369479656219	0.0365550518036	0.0351331233978	0.045490026474	0.0373299121857	0.0362150669098	0.0374090671539	0.0371861457825	0.0377049446106	0.0378429889679	0.0373380184174	0.0387091636658	0.037337064743	0.0416669845581	0.0360128879547	0.0351910591125	0.0342738628387	0.0372970104218	0.0359411239624	0.0370299816132	0.0356531143188	0.0360279083252	0.0370759963989	0.0370621681213	0.0371949672699	0.0369551181793	0.0386810302734	0.0447120666504	0.0369729995728	0.0401802062988	0.036689043045	0.038204908371	0.0383667945862	0.0439581871033	0.0368919372559	0.0375101566315	0.0366230010986	0.0380167961121	0.0376808643341	0.0404629707336	0.0389528274536	0.0388088226318	0.0369369983673	0.0380280017853	0.0408120155334	0.0375790596008	
['./treeMaker/main', '-t', '-r', '1']
0.360865116119	0.359302043915	0.346335887909	0.338729858398	0.350320100784	0.33275604248	0.329524993896	0.329303026199	0.365935087204	0.338842868805	0.34060716629	0.342657089233	0.351774930954	0.34247803688	0.342538833618	0.329794168472	0.352252006531	0.330106019974	0.353916883469	0.350083827972	0.368674039841	0.331115007401	0.358701944351	0.352463006973	0.327815055847	0.35224199295	0.348012208939	0.347671985626	0.351479053497	0.329033851624	0.340975999832	0.367735862732	0.360096931458	0.351670980453	0.33703994751	0.356752872467	0.353564023972	0.334587097168	0.347391843796	0.330650091171	0.328357934952	0.332208871841	0.333260059357	0.329302072525	0.349161863327	0.363787889481	0.354809045792	0.342288970947	0.339164018631	0.354216098785	
['./treeMaker/main', '-t', '-r', '2']
0.3987429142	0.438379049301	0.422889947891	0.396300077438	0.432283878326	0.426223993301	0.444626092911	0.419862031937	0.399681806564	0.395330905914	0.400092840195	0.399399995804	0.436716079712	0.411330938339	0.433698892593	0.409270048141	0.419482946396	0.397092103958	0.423828125	0.400977134705	0.464418888092	0.404175043106	0.43535399437	0.405706882477	0.39729309082	0.40460395813	0.395051002502	0.431287050247	0.410830020905	0.412650108337	0.395688056946	0.399057865143	0.401372909546	0.400115966797	0.387715816498	0.405830860138	0.404959917068	0.408536195755	0.396689176559	0.425921916962	0.412858963013	0.410521030426	0.391111850739	0.407157897949	0.410572052002	0.413342952728	0.413584947586	0.434223890305	0.405040025711	0.418684959412	
['./treeMaker/main', '-t', '-r', '1', '-N']
0.363752126694	0.343668937683	0.357481956482	0.329859972	0.331260919571	0.332113981247	0.331806898117	0.329827070236	0.340785980225	0.340557098389	0.350610017776	0.358850955963	0.355025053024	0.353609085083	0.327776908875	0.340326070786	0.327534914017	0.340861082077	0.338248968124	0.365041971207	0.361311197281	0.346534967422	0.363350868225	0.343481063843	0.346275091171	0.330163955688	0.339577913284	0.33597612381	0.356944084167	0.349211931229	0.344841957092	0.3328769207	0.345016002655	0.331692934036	0.340196847916	0.333369970322	0.332287073135	0.335852861404	0.349807024002	0.346545934677	0.329668045044	0.334656000137	0.348161935806	0.334978103638	0.335025787354	0.349339008331	0.351891994476	0.349936962128	0.337651968002	0.348015069962	
['./treeMaker/main', '-t', '-r', '2', '-N']
0.398797035217	0.44487285614	0.439808130264	0.394726991653	0.439602136612	0.439187049866	0.410995960236	0.408329963684	0.403407096863	0.400967121124	0.409570217133	0.418440103531	0.423192977905	0.403812170029	0.419399023056	0.402398109436	0.415791034698	0.398334980011	0.422516107559	0.419281005859	0.432684183121	0.42394900322	0.430504083633	0.395353078842	0.395412921906	0.425885915756	0.4159719944	0.415772914886	0.427785873413	0.415243148804	0.407576799393	0.410927057266	0.425628900528	0.418180942535	0.398571014404	0.409150123596	0.403961181641	0.418626070023	0.426891088486	0.429843187332	0.413623094559	0.411161899567	0.417768001556	0.426578998566	0.42591714859	0.422144174576	0.437916040421	0.420543909073	0.420205116272	0.416949033737	
['./treeMaker/main', '-m']
0.0365118980408	0.0349509716034	0.0340981483459	0.034460067749	0.0346140861511	0.0343580245972	0.0343639850616	0.0387070178986	0.0424251556396	0.0399858951569	0.0429978370667	0.0385148525238	0.0427720546722	0.0379858016968	0.0369579792023	0.036229133606	0.0518310070038	0.0357871055603	0.0369720458984	0.0379350185394	0.0405459403992	0.0409269332886	0.0378777980804	0.037517786026	0.041736125946	0.0399849414825	0.0347950458527	0.0351910591125	0.0461418628693	0.0368001461029	0.0354239940643	0.0394577980042	0.0398781299591	0.0374729633331	0.0364120006561	0.0383350849152	0.0389969348907	0.0362968444824	0.0364511013031	0.0390429496765	0.0404970645905	0.0350780487061	0.0377159118652	0.0387849807739	0.0470049381256	0.0382740497589	0.0379011631012	0.0395538806915	0.0386979579926	0.0379581451416	
['./treeMaker/main', '-m', '-b']
0.0413851737976	0.038134098053	0.0377039909363	0.0369129180908	0.0385971069336	0.0381309986115	0.0393009185791	0.0373921394348	0.0376679897308	0.0387890338898	0.0403301715851	0.037113904953	0.0362019538879	0.040620803833	0.044821023941	0.0376129150391	0.0378007888794	0.0489630699158	0.0376369953156	0.0431230068207	0.0399978160858	0.0383641719818	0.0389981269836	0.0369229316711	0.0379750728607	0.0375778675079	0.0402009487152	0.048192024231	0.0391249656677	0.0429840087891	0.0470349788666	0.0371840000153	0.0370850563049	0.0398459434509	0.037780046463	0.0380330085754	0.0373849868774	0.0369880199432	0.0374450683594	0.0386629104614	0.0394148826599	0.0420918464661	0.0418632030487	0.0462219715118	0.0358710289001	0.0403549671173	0.0376791954041	0.041778087616	0.0389971733093	0.0382599830627	
['./treeMaker/main', '-m', '-w', '1']
0.0372450351715	0.0404119491577	0.0372359752655	0.0469748973846	0.0371398925781	0.0368649959564	0.0379800796509	0.0399880409241	0.0367848873138	0.0366430282593	0.0385730266571	0.0369520187378	0.0367121696472	0.0479249954224	0.0365788936615	0.0350859165192	0.0362179279327	0.0403020381927	0.0372998714447	0.0379519462585	0.0371751785278	0.0374569892883	0.0397341251373	0.0504231452942	0.0383188724518	0.0422031879425	0.0396599769592	0.0392489433289	0.0424339771271	0.0402200222015	0.0361390113831	0.036052942276	0.0358891487122	0.0368328094482	0.0373599529266	0.0378999710083	0.0373110771179	0.0371959209442	0.0373368263245	0.0365920066833	0.0371158123016	0.0380079746246	0.0385529994965	0.0451941490173	0.039627790451	0.0372610092163	0.0387799739838	0.0370578765869	0.0367531776428	0.037584066391	
['./treeMaker/main', '-m', '-w', '2']
0.0368480682373	0.0374050140381	0.0471379756927	0.0363581180573	0.051931142807	0.0422921180725	0.0406849384308	0.0384860038757	0.0379190444946	0.0402581691742	0.0416641235352	0.0348749160767	0.0345668792725	0.0353479385376	0.0355031490326	0.0368719100952	0.037693977356	0.0374400615692	0.0350348949432	0.0375461578369	0.0397288799286	0.0399360656738	0.0381319522858	0.0442280769348	0.0492849349976	0.0398759841919	0.0488831996918	0.0378639698029	0.0364370346069	0.0367679595947	0.034600019455	0.0448610782623	0.0374801158905	0.0425479412079	0.0368759632111	0.0392978191376	0.0401949882507	0.0378129482269	0.0407040119171	0.0403270721436	0.038300037384	0.0369369983673	0.0405049324036	0.0450170040131	0.0374920368195	0.0384700298309	0.0368559360504	0.0402200222015	0.0374360084534	0.0382609367371	
['./treeMaker/main', '-m', '-c', '1']
0.0365869998932	0.0390520095825	0.0370481014252	0.0443201065063	0.0409269332886	0.0352160930634	0.0370969772339	0.0406169891357	0.0490348339081	0.0383009910583	0.0418040752411	0.0461602210999	0.036826133728	0.0408120155334	0.0363340377808	0.035089969635	0.0390210151672	0.0393538475037	0.0361850261688	0.037505865097	0.037456035614	0.0373299121857	0.0366361141205	0.0370359420776	0.0357520580292	0.0364480018616	0.0389499664307	0.0368521213531	0.0390079021454	0.0371861457825	0.0350511074066	0.0376381874084	0.037575006485	0.0375051498413	0.0418090820312	0.0459580421448	0.035612821579	0.0393300056458	0.0388441085815	0.0371580123901	0.0370349884033	0.0353012084961	0.0369329452515	0.0370659828186	0.0375838279724	0.0359308719635	0.0380940437317	0.0367407798767	0.039920091629	0.0367059707642	
['./treeMaker/main', '-m', '-c', '2']
0.0392851829529	0.0376398563385	0.0387308597565	0.0360579490662	0.0364711284637	0.0379250049591	0.0364809036255	0.0365960597992	0.0363719463348	0.0368130207062	0.0380930900574	0.0418028831482	0.0390930175781	0.0346829891205	0.0364961624146	0.0351150035858	0.0342140197754	0.0363419055939	0.0355398654938	0.0360720157623	0.0370590686798	0.0352849960327	0.0367918014526	0.0428478717804	0.0352168083191	0.0377759933472	0.0371088981628	0.0379250049591	0.0378251075745	0.0361559391022	0.0368299484253	0.0372138023376	0.0369520187378	0.0397560596466	0.0438959598541	0.0375800132751	0.0395500659943	0.0385799407959	0.0394849777222	0.0361878871918	0.0340847969055	0.0372941493988	0.0370478630066	0.0374879837036	0.0365228652954	0.037052154541	0.0353140830994	0.0346350669861	0.0396950244904	0.0361180305481	
['./treeMaker/main', '-m', '-a', '1']
0.052218914032	0.0528831481934	0.0508880615234	0.050822019577	0.0540800094604	0.0523629188538	0.0518980026245	0.0524990558624	0.052985906601	0.0527710914612	0.0552549362183	0.0569770336151	0.0534319877625	0.0548758506775	0.0533559322357	0.0501620769501	0.0529351234436	0.052985906601	0.0548028945923	0.0531589984894	0.0526659488678	0.0527670383453	0.0533318519592	0.052020072937	0.0524151325226	0.0520470142365	0.0519189834595	0.0505681037903	0.0524640083313	0.0552568435669	0.0559749603271	0.0532369613647	0.0530431270599	0.0523498058319	0.0530250072479	0.0548441410065	0.0525839328766	0.0514030456543	0.0528130531311	0.0527021884918	0.0526359081268	0.0538911819458	0.0659968852997	0.0558049678802	0.056648015976	0.0577170848846	0.054062128067	0.0531530380249	0.0579438209534	0.0587348937988	
['./treeMaker/main', '-m', '-a', '2']
0.0385069847107	0.0432960987091	0.0420660972595	0.0392701625824	0.0474259853363	0.0370678901672	0.034432888031	0.0360381603241	0.0382690429688	0.0354089736938	0.0363612174988	0.0387580394745	0.0385701656342	0.0359160900116	0.0361790657043	0.0380408763885	0.0462579727173	0.0380420684814	0.0366930961609	0.0503060817719	0.0408589839935	0.0385689735413	0.0375277996063	0.0408599376678	0.0362460613251	0.0396091938019	0.0372979640961	0.0358879566193	0.0394320487976	0.0347881317139	0.0375390052795	0.0371739864349	0.037446975708	0.0399470329285	0.0360748767853	0.0368719100952	0.0362710952759	0.0388829708099	0.0365018844604	0.0368070602417	0.0365998744965	0.0374038219452	0.0365271568298	0.037024974823	0.0363800525665	0.0364060401917	0.0364570617676	0.0367531776428	0.0394558906555	0.0349628925323	
