25_1000_4.9e-10_4.9e-10_470000000
25
1000
4.9e-10
4.9e-10
470000000

['./treeMaker/main']
0.109312057495	0.183523893356	0.189386844635	0.127084970474	0.134962081909	0.119229078293	0.136438846588	0.158694982529	0.146328926086	0.13201212883	0.137878894806	0.144663095474	0.143218040466	0.127997159958	0.12215089798	0.11435008049	0.159465074539	0.265190124512	0.147876977921	0.116570949554	0.132686138153	0.128319978714	0.153569936752	0.191254854202	0.197438955307	0.119812965393	0.165842056274	0.133383989334	0.105692863464	0.109352111816	0.215879917145	0.137695074081	0.460795164108	0.127514123917	0.0828099250793	0.177917003632	0.142091989517	0.122670173645	0.105502128601	0.193402051926	0.118741989136	0.172024965286	0.416281938553	0.11847615242	0.156175136566	0.122844934464	0.0723209381104	0.10456609726	0.102718830109	0.293050050735	
['./treeMaker/main', '-b']
0.111054897308	0.188359022141	0.195168018341	0.132405042648	0.141170024872	0.124231815338	0.143360137939	0.163696050644	0.150260925293	0.136672973633	0.141402006149	0.157181978226	0.137958049774	0.133988857269	0.123580932617	0.118398189545	0.170799970627	0.280018806458	0.150939941406	0.121402978897	0.139464139938	0.136728048325	0.167459011078	0.19525384903	0.196976900101	0.122539997101	0.169174909592	0.132619857788	0.109509944916	0.108240127563	0.226026058197	0.145959854126	0.471101999283	0.132776021957	0.0952789783478	0.183949947357	0.143220901489	0.125016927719	0.108783006668	0.196755170822	0.121416807175	0.177026033401	0.429594993591	0.122194051743	0.162263154984	0.125192165375	0.0726029872894	0.107583999634	0.112913131714	0.301760911942	
['./treeMaker/main', '-u']
0.109576225281	0.183288097382	0.190082073212	0.134222984314	0.135854005814	0.121963024139	0.146142959595	0.158411026001	0.14617395401	0.135001897812	0.138386011124	0.145506858826	0.13578081131	0.129521131516	0.121640205383	0.115932941437	0.160985946655	0.262902021408	0.15169095993	0.116723060608	0.135848045349	0.132108926773	0.155552864075	0.198182106018	0.190632104874	0.119476079941	0.164088010788	0.127632856369	0.106864929199	0.108545064926	0.21889591217	0.137340068817	0.460471153259	0.128114938736	0.0831899642944	0.181374073029	0.139163970947	0.12330698967	0.106576919556	0.193437814713	0.117881059647	0.17263007164	0.420457839966	0.120218038559	0.156706094742	0.121420145035	0.0725920200348	0.10693192482	0.104668140411	0.293294906616	
['./treeMaker/main', '-t', '-r', '1']
1.88841891289	3.22133708	3.18005800247	2.23773193359	2.43923282623	2.10538506508	2.5393140316	2.87069988251	2.47674012184	2.45725893974	2.39230918884	2.5109269619	2.29948806763	2.19621300697	2.18707299232	2.09639215469	2.94411206245	4.20170521736	2.47331500053	1.94608592987	2.41112494469	2.10174393654	2.78067088127	3.1684679985	3.19625115395	1.94460201263	2.94749116898	2.29889512062	1.89535999298	1.86123609543	3.80341982841	2.52436184883	7.258040905	2.32318210602	1.30007314682	3.30500292778	2.45327496529	2.19950604439	1.87932610512	3.37641906738	2.01889801025	2.91124582291	6.20752906799	2.07431697845	2.96304011345	2.17345786095	1.08071994781	1.86585116386	1.74152517319	4.49920392036	
['./treeMaker/main', '-t', '-r', '2']
2.92395806313	5.14933109283	5.22586011887	3.57457089424	3.68392705917	3.36005187035	3.68623995781	4.31561899185	4.11977791786	3.65773200989	3.97828006744	3.99580812454	3.92848491669	3.5826830864	3.26202893257	3.15897512436	4.48711490631	7.25367808342	4.10664701462	3.19818902016	3.71106505394	3.85751795769	4.23923015594	5.222219944	5.06372785568	3.41126394272	4.41174197197	3.70226287842	2.85606193542	2.96680212021	6.06809186935	3.88711500168	10.4140930176	3.50983381271	2.12273788452	5.03465104103	3.97682189941	3.4219558239	2.8845000267	5.40105700493	3.31444191933	5.01234292984	10.2722609043	3.21977496147	4.45031499863	3.29376316071	1.66843008995	2.86483097076	2.80712199211	7.66593694687	
['./treeMaker/main', '-t', '-r', '1', '-N']
1.88773202896	3.23356294632	3.18814277649	2.2458190918	2.41285896301	2.11136007309	2.54429101944	2.88171386719	2.47891592979	2.46077489853	2.39386701584	2.51159596443	2.30096292496	2.21816492081	2.1855328083	2.08550095558	2.94973087311	4.20090985298	2.46784090996	1.95111393929	2.40067410469	2.09876894951	2.83243107796	3.17213606834	3.19681596756	1.9527258873	2.95578098297	2.29696917534	1.93560099602	1.87172222137	3.80886602402	2.52700996399	7.25761198997	2.33097600937	1.30061793327	3.34075188637	2.45105195045	2.20148706436	1.88261294365	3.36863493919	2.02674722672	2.89639592171	6.25726985931	2.08742308617	2.96387696266	2.18133592606	1.07768297195	1.88209605217	1.74934101105	4.50079584122	
['./treeMaker/main', '-t', '-r', '2', '-N']
2.9334499836	5.11302113533	5.22151184082	3.57192897797	3.69404888153	3.36204814911	3.69636893272	4.3148059845	4.12222409248	3.67428302765	3.9780728817	3.98512005806	3.93317890167	3.58702397346	3.26583814621	3.15953993797	4.48622703552	7.24942207336	4.1127371788	3.21278500557	3.73704910278	3.85955691338	4.24097394943	5.22742009163	5.06815981865	3.39995193481	4.43791484833	3.69762420654	2.86269497871	2.97146391869	6.07779693604	3.91607999802	10.4072680473	3.50546789169	2.1263229847	5.0366230011	3.94846606255	3.38075399399	2.89307904243	5.40549898148	3.32390785217	5.03973507881	10.2841649055	3.20434522629	4.47062492371	3.28846502304	1.66304683685	2.94050002098	2.7934820652	7.67892313004	
['./treeMaker/main', '-m']
0.0764660835266	0.106887102127	0.106647014618	0.0866150856018	0.0884521007538	0.0827519893646	0.0872769355774	0.0969450473785	0.0937950611115	0.0850780010223	0.0900950431824	0.0916578769684	0.0921869277954	0.0969052314758	0.08336186409	0.082065820694	0.0986211299896	0.129889011383	0.0935509204865	0.0799379348755	0.0870108604431	0.0891389846802	0.0951380729675	0.106276988983	0.109826803207	0.0834329128265	0.0999691486359	0.0877408981323	0.0760180950165	0.0780999660492	0.116997003555	0.0904779434204	0.172107934952	0.0862140655518	0.0664360523224	0.104024887085	0.092120885849	0.102310180664	0.0769610404968	0.106791973114	0.0823130607605	0.104004144669	0.166211128235	0.0826079845428	0.101761817932	0.0834369659424	0.0582990646362	0.0754990577698	0.076474905014	0.14216709137	
['./treeMaker/main', '-m', '-b']
0.082466840744	0.1116771698	0.115742921829	0.092325925827	0.0935790538788	0.08948802948	0.0937271118164	0.102489948273	0.0995850563049	0.0910358428955	0.095938205719	0.0992698669434	0.0948719978333	0.0920028686523	0.088809967041	0.0844419002533	0.103619098663	0.141707897186	0.097708940506	0.0863900184631	0.0933499336243	0.0934801101685	0.10139298439	0.115056037903	0.132700204849	0.0937860012054	0.107771158218	0.097069978714	0.0809831619263	0.0822529792786	0.124626874924	0.0944249629974	0.185483932495	0.0886149406433	0.068540096283	0.111307859421	0.0956270694733	0.0869581699371	0.0806889533997	0.115459918976	0.0865590572357	0.10942697525	0.179334878922	0.0878999233246	0.103976011276	0.0873191356659	0.063257932663	0.0774009227753	0.0797519683838	0.146817922592	
['./treeMaker/main', '-m', '-w', '1']
0.0875220298767	0.104974031448	0.105932950974	0.0869989395142	0.09006690979	0.0835950374603	0.0888321399689	0.097972869873	0.0947880744934	0.0893471240997	0.0939178466797	0.0920050144196	0.0883679389954	0.09077501297	0.0819890499115	0.0808138847351	0.0981221199036	0.130905866623	0.0939159393311	0.0823729038239	0.0902841091156	0.086639881134	0.104940891266	0.106148958206	0.113499164581	0.0820109844208	0.114884853363	0.0879549980164	0.075963973999	0.07563996315	0.116939067841	0.0901930332184	0.169647932053	0.0861790180206	0.0663499832153	0.10302400589	0.0915942192078	0.0822939872742	0.0763378143311	0.106896877289	0.0822770595551	0.104016065598	0.165714025497	0.0821049213409	0.0949649810791	0.0837790966034	0.0615470409393	0.0774128437042	0.077348947525	0.139101982117	
['./treeMaker/main', '-m', '-w', '2']
0.0791480541229	0.105282068253	0.108647108078	0.0870461463928	0.0891439914703	0.0855560302734	0.0891411304474	0.0982720851898	0.0948081016541	0.0877010822296	0.0916850566864	0.0944149494171	0.100651025772	0.0880241394043	0.0853509902954	0.0800218582153	0.104170799255	0.131998062134	0.0948529243469	0.0836279392242	0.0912938117981	0.0903298854828	0.0967950820923	0.110056877136	0.110638856888	0.0850019454956	0.10390996933	0.0969450473785	0.0927720069885	0.0819098949432	0.115911960602	0.0908308029175	0.171632051468	0.0863270759583	0.0668079853058	0.107985973358	0.0934770107269	0.0856280326843	0.0793490409851	0.110069990158	0.0841479301453	0.104501008987	0.169585943222	0.0827791690826	0.0962951183319	0.0832979679108	0.0613300800323	0.0759060382843	0.0768070220947	0.1405210495	
['./treeMaker/main', '-m', '-c', '1']
0.0776948928833	0.105131149292	0.106409072876	0.0865018367767	0.0886662006378	0.0832130908966	0.08700299263	0.0973610877991	0.0935561656952	0.0863330364227	0.0897719860077	0.0927619934082	0.0890870094299	0.0877249240875	0.0836050510406	0.0796120166779	0.0962920188904	0.129762887955	0.0936560630798	0.0795719623566	0.0871767997742	0.0863959789276	0.0946412086487	0.107244968414	0.10706615448	0.0817461013794	0.0965731143951	0.0874028205872	0.0743908882141	0.0759620666504	0.117240190506	0.0906009674072	0.170580148697	0.0855188369751	0.0664229393005	0.1044921875	0.0916359424591	0.0819411277771	0.0766158103943	0.106384038925	0.082319021225	0.112650871277	0.16536283493	0.0825510025024	0.0976319313049	0.0841879844666	0.0691587924957	0.0749311447144	0.0767040252686	0.139147996902	
['./treeMaker/main', '-m', '-c', '2']
0.0767540931702	0.102653026581	0.107374191284	0.086138010025	0.0885608196259	0.0829801559448	0.0879940986633	0.115754842758	0.0940880775452	0.0861001014709	0.0900590419769	0.096184015274	0.0885291099548	0.0874729156494	0.0839879512787	0.0801298618317	0.0989599227905	0.130438804626	0.0931439399719	0.0844211578369	0.0890431404114	0.0867791175842	0.0957138538361	0.11085486412	0.118363857269	0.0830860137939	0.0991289615631	0.0881059169769	0.0757930278778	0.0792169570923	0.115593194962	0.0897760391235	0.170604944229	0.086480140686	0.0652980804443	0.111643075943	0.0912179946899	0.0837330818176	0.0763800144196	0.109601974487	0.0820150375366	0.104048967361	0.163325071335	0.0802128314972	0.0961260795593	0.0945098400116	0.0612921714783	0.0755171775818	0.075737953186	0.137436151505	
['./treeMaker/main', '-m', '-a', '1']
0.0869438648224	0.11344408989	0.115576982498	0.0963389873505	0.0957689285278	0.0883409976959	0.0969340801239	0.104854106903	0.101451873779	0.0932948589325	0.096498966217	0.0997459888458	0.0971078872681	0.0954229831696	0.0900099277496	0.0889990329742	0.104774951935	0.141298770905	0.107747077942	0.0962319374084	0.100872993469	0.115397930145	0.102727174759	0.115422964096	0.116497993469	0.0930728912354	0.106196880341	0.0942311286926	0.0830512046814	0.0855331420898	0.122081041336	0.0993800163269	0.196681976318	0.0929160118103	0.0743448734283	0.113176822662	0.0998558998108	0.0895118713379	0.0809879302979	0.115099906921	0.0998249053955	0.112375974655	0.173807859421	0.100090026855	0.102908849716	0.0925188064575	0.0672581195831	0.0830550193787	0.0842750072479	0.149988889694	
['./treeMaker/main', '-m', '-a', '2']
0.0841379165649	0.105205059052	0.109491109848	0.0866320133209	0.0886540412903	0.0826740264893	0.0885899066925	0.100917100906	0.0951290130615	0.0864610671997	0.0913510322571	0.0928418636322	0.0908420085907	0.0866470336914	0.0862579345703	0.0797159671783	0.0972590446472	0.133507966995	0.0934791564941	0.0819821357727	0.0902769565582	0.0882799625397	0.0962009429932	0.109356880188	0.108369112015	0.0848300457001	0.0999488830566	0.0875151157379	0.0762500762939	0.0790641307831	0.116525888443	0.0906159877777	0.170620918274	0.0859599113464	0.0664019584656	0.111680030823	0.0914797782898	0.0862309932709	0.0742080211639	0.109554052353	0.0826919078827	0.103749990463	0.167835950851	0.0829150676727	0.0970470905304	0.0839369297028	0.0593149662018	0.0758588314056	0.0763971805573	0.137833118439	
