25_1000_4.9e-10_4.9e-10_470000000_cut_6
25
1000
4.9e-10
4.9e-10
470000000
cut_6
['./treeMaker/main']
0.0511858463287	0.0866100788116	0.0840210914612	0.0590109825134	0.0664720535278	0.0565178394318	0.0658719539642	0.0690131187439	0.0701689720154	0.0600528717041	0.0643339157104	0.0617659091949	0.0635859966278	0.0620470046997	0.053699016571	0.0611069202423	0.0786080360413	0.124150037766	0.0642399787903	0.0559780597687	0.0692870616913	0.055869102478	0.0738160610199	0.0894858837128	0.0892009735107	0.0550549030304	0.0705630779266	0.0607709884644	0.0482840538025	0.0478057861328	0.109085083008	0.067419052124	0.244954109192	0.0623750686646	0.0350949764252	0.0854020118713	0.0626440048218	0.057590007782	0.0505700111389	0.0954179763794	0.0556230545044	0.0813570022583	0.205393075943	0.063796043396	0.0743708610535	0.0583860874176	0.0343909263611	0.0495140552521	0.0491509437561	0.139590978622	
['./treeMaker/main', '-b']
0.053768157959	0.0895349979401	0.0877501964569	0.0609290599823	0.0683031082153	0.0575568675995	0.0690310001373	0.074068069458	0.0725030899048	0.0624458789825	0.0649039745331	0.0662248134613	0.0702710151672	0.06325507164	0.057687997818	0.053747177124	0.0773890018463	0.129933834076	0.0677559375763	0.0572118759155	0.0631580352783	0.0573148727417	0.0759739875793	0.0927529335022	0.0905749797821	0.0563080310822	0.0720348358154	0.0640189647675	0.0494029521942	0.0499079227448	0.112622976303	0.0734598636627	0.257719993591	0.066819190979	0.0376160144806	0.0987091064453	0.0677978992462	0.0598001480103	0.0517778396606	0.096204996109	0.057697057724	0.0853040218353	0.214782953262	0.0557689666748	0.0788910388947	0.0611760616302	0.0294840335846	0.0522749423981	0.0514550209045	0.14358997345	
['./treeMaker/main', '-u']
0.0505368709564	0.0871348381042	0.0863971710205	0.0593278408051	0.0666627883911	0.057226896286	0.0669441223145	0.0720760822296	0.0703809261322	0.0598549842834	0.0620307922363	0.0623240470886	0.0637590885162	0.0612499713898	0.056981086731	0.053386926651	0.0792450904846	0.125674009323	0.0667049884796	0.0571870803833	0.0600180625916	0.067547082901	0.0863800048828	0.0903010368347	0.0890810489655	0.0539038181305	0.0708839893341	0.0623049736023	0.0493559837341	0.048210144043	0.107491970062	0.0665590763092	0.246156215668	0.0651659965515	0.034698009491	0.0851349830627	0.0645008087158	0.05943608284	0.0514390468597	0.0934479236603	0.0563659667969	0.0800828933716	0.204989910126	0.0556221008301	0.0752530097961	0.0596101284027	0.0328979492188	0.0488610267639	0.0497188568115	0.139713048935	
['./treeMaker/main', '-t', '-r', '1']
0.857893943787	1.68140006065	1.49933791161	1.01813793182	1.16708397865	0.951337814331	1.18207192421	1.33826112747	1.22715187073	1.13084506989	1.05126309395	1.13183689117	1.07155013084	1.06240606308	0.933223962784	0.924510002136	1.36945295334	2.22987294197	1.11323094368	0.895704984665	1.05617785454	0.965924024582	1.32393789291	1.51533913612	1.56635499001	0.893944978714	1.37043499947	1.08588814735	0.81534910202	0.757924079895	2.08782815933	1.21092605591	4.32290387154	1.10843014717	0.458338022232	1.37518501282	1.18611288071	0.988579034805	0.86039018631	1.7892870903	0.929991960526	1.44247508049	3.54470896721	0.897073984146	1.46551513672	1.0384991169	0.360553026199	0.847544908524	0.779442071915	2.30426192284	
['./treeMaker/main', '-t', '-r', '2']
1.55341291428	3.08836603165	2.77625179291	1.83043289185	2.11192893982	1.78066301346	2.00213384628	2.28468894958	2.30608296394	1.86465597153	2.26008319855	2.02867507935	2.13317394257	2.04078793526	1.64577102661	1.58541297913	2.54531097412	4.57057619095	2.14573287964	1.65889716148	1.83497405052	1.80141496658	2.46362400055	3.0980348587	3.0329580307	1.71787214279	2.33641386032	2.10948014259	1.34367609024	1.32579112053	3.87701296806	2.20314621925	7.74077916145	2.01034498215	0.816969871521	3.00400996208	2.06215786934	1.69869589806	1.48377609253	3.1861448288	1.70207810402	3.04449510574	6.82741713524	1.57703089714	2.55106401443	1.83383202553	0.610882997513	1.4982380867	1.48989200592	4.94623112679	
['./treeMaker/main', '-t', '-r', '1', '-N']
0.855918884277	1.67396521568	1.5058119297	1.01883101463	1.16309309006	0.956403017044	1.18479895592	1.33309698105	1.23396992683	1.129778862	1.05081987381	1.13311696053	1.07234311104	1.06259012222	0.936695098877	0.924757957458	1.36551904678	2.23101520538	1.11418390274	0.899101018906	1.05707907677	0.953643083572	1.33612895012	1.49951696396	1.57020187378	0.894563913345	1.371571064	1.09168100357	0.814139127731	0.760756969452	2.11765289307	1.21035480499	4.33664608002	1.10954403877	0.459918022156	1.37434005737	1.18905591965	0.988932847977	0.85683298111	1.79665088654	0.928373098373	1.43832397461	3.55060386658	0.899938106537	1.46300792694	1.04263710976	0.355442047119	0.848524808884	0.77973818779	2.29711294174	
['./treeMaker/main', '-t', '-r', '2', '-N']
1.54088306427	3.07436609268	2.79222607613	1.84494280815	2.07774591446	1.77831792831	1.99774193764	2.30160808563	2.30331707001	1.86660790443	2.20926785469	2.02081894875	2.12743520737	2.04469895363	1.64473199844	1.55793499947	2.54396820068	4.54035210609	2.15658283234	1.64927387238	1.81947278976	1.80569386482	2.46120214462	3.1007540226	3.03762793541	1.71678304672	2.27426481247	2.11150789261	1.34150195122	1.32712006569	3.87532186508	2.17825698853	7.74310803413	2.01555013657	0.815345048904	3.00953197479	2.05810213089	1.69223284721	1.48332691193	3.18630981445	1.70299100876	3.05271792412	6.82670903206	1.57644605637	2.54822993279	1.83745598793	0.614435911179	1.50423502922	1.49087190628	4.94935417175	
['./treeMaker/main', '-m']
0.0555348396301	0.0747539997101	0.0629670619965	0.048504114151	0.0516998767853	0.0471110343933	0.050714969635	0.0530619621277	0.0554487705231	0.0481820106506	0.0516021251678	0.0505218505859	0.0527799129486	0.0482020378113	0.0457789897919	0.0416851043701	0.0581851005554	0.0827121734619	0.0521268844604	0.0447561740875	0.0490620136261	0.0432951450348	0.0581071376801	0.0652151107788	0.0654430389404	0.0416488647461	0.0528790950775	0.0497891902924	0.0402629375458	0.0411291122437	0.0736360549927	0.0522389411926	0.120893955231	0.0522780418396	0.0306951999664	0.0653069019318	0.0518851280212	0.0481300354004	0.0411620140076	0.0672039985657	0.0453507900238	0.0620009899139	0.110944032669	0.0460798740387	0.0566778182983	0.0572180747986	0.0274839401245	0.0411350727081	0.0421640872955	0.0883820056915	
['./treeMaker/main', '-m', '-b']
0.0451850891113	0.0676019191742	0.06569480896	0.0496089458466	0.0533311367035	0.0486149787903	0.054212808609	0.05885887146	0.0576710700989	0.0508852005005	0.0527329444885	0.0551397800446	0.0534200668335	0.0531330108643	0.04918384552	0.0461359024048	0.0638399124146	0.0879299640656	0.0531740188599	0.0501818656921	0.0516939163208	0.0481359958649	0.0635039806366	0.0700528621674	0.070041179657	0.0461750030518	0.0577640533447	0.0529170036316	0.0432980060577	0.041296005249	0.0770330429077	0.0587208271027	0.132344007492	0.0518658161163	0.0336360931396	0.0678780078888	0.0542938709259	0.0513780117035	0.0454320907593	0.0713169574738	0.0474598407745	0.0642759799957	0.119140148163	0.047926902771	0.059513092041	0.049779176712	0.0289440155029	0.0432741641998	0.0447158813477	0.0983419418335	
['./treeMaker/main', '-m', '-w', '1']
0.0442750453949	0.0630698204041	0.0616271495819	0.0480539798737	0.052591085434	0.0466990470886	0.0518388748169	0.0533311367035	0.0528450012207	0.0479919910431	0.0521528720856	0.0505790710449	0.0508320331573	0.0498600006104	0.0465571880341	0.0439069271088	0.0579040050507	0.0832228660583	0.0526340007782	0.0459470748901	0.0487818717957	0.0437099933624	0.0576748847961	0.0634920597076	0.0639510154724	0.0427839756012	0.0533401966095	0.0497028827667	0.0403380393982	0.040647983551	0.0745038986206	0.0533471107483	0.120364904404	0.0511319637299	0.0301752090454	0.0654199123383	0.0505819320679	0.047266960144	0.0408020019531	0.0680589675903	0.0433778762817	0.0614230632782	0.110859870911	0.0445199012756	0.0565350055695	0.0455851554871	0.0368449687958	0.0403280258179	0.0405030250549	0.088063955307	
['./treeMaker/main', '-m', '-w', '2']
0.0439398288727	0.0617699623108	0.0627629756927	0.0491018295288	0.0506660938263	0.0469710826874	0.0541849136353	0.0556509494781	0.0552909374237	0.0486137866974	0.0534200668335	0.0497369766235	0.0509519577026	0.0503330230713	0.0472638607025	0.0428869724274	0.0581941604614	0.0827460289001	0.0522511005402	0.0468258857727	0.0478570461273	0.0461690425873	0.0582959651947	0.0657639503479	0.0646169185638	0.0448789596558	0.0556359291077	0.0512290000916	0.0416350364685	0.0410399436951	0.0774528980255	0.0537769794464	0.124285936356	0.0523228645325	0.032105922699	0.0655899047852	0.0508539676666	0.046854019165	0.0416219234467	0.0684628486633	0.0452210903168	0.0623979568481	0.112845897675	0.0449950695038	0.0688219070435	0.0483610630035	0.0290069580078	0.0414791107178	0.0424158573151	0.0904710292816	
['./treeMaker/main', '-m', '-c', '1']
0.0442299842834	0.062744140625	0.0613009929657	0.0485699176788	0.0522840023041	0.0454378128052	0.0515520572662	0.0555191040039	0.0554430484772	0.0483169555664	0.0508830547333	0.0502219200134	0.0505890846252	0.0497839450836	0.0463008880615	0.0437200069427	0.0584311485291	0.0819108486176	0.0516829490662	0.043802022934	0.0489900112152	0.0555231571198	0.0576820373535	0.069109916687	0.0759859085083	0.0425891876221	0.0528848171234	0.0498208999634	0.041491985321	0.0406160354614	0.0732941627502	0.0508680343628	0.122483968735	0.0504641532898	0.0307168960571	0.0652589797974	0.0519120693207	0.0468029975891	0.0408999919891	0.0670881271362	0.0430760383606	0.0612020492554	0.110689163208	0.0425930023193	0.0549559593201	0.0482411384583	0.0277688503265	0.0418531894684	0.0405628681183	0.0881459712982	
['./treeMaker/main', '-m', '-c', '2']
0.0415341854095	0.0623960494995	0.0613241195679	0.0477418899536	0.0524859428406	0.0460848808289	0.0515079498291	0.0554950237274	0.0556709766388	0.0479788780212	0.0518290996552	0.0507309436798	0.0512490272522	0.0497560501099	0.0459899902344	0.044410943985	0.0613899230957	0.0824129581451	0.0551118850708	0.046523809433	0.0493011474609	0.0446629524231	0.0577118396759	0.066290140152	0.0641460418701	0.0434429645538	0.0531928539276	0.0497541427612	0.0415329933167	0.0520839691162	0.0735909938812	0.0532751083374	0.123245954514	0.0507669448853	0.0321698188782	0.0651431083679	0.0508160591125	0.0464251041412	0.0428380966187	0.0696659088135	0.0457558631897	0.0611178874969	0.10977602005	0.0459051132202	0.0561058521271	0.0480060577393	0.0285460948944	0.0410461425781	0.0420169830322	0.0953238010406	
['./treeMaker/main', '-m', '-a', '1']
0.0468418598175	0.0670421123505	0.0661089420319	0.0516829490662	0.0567901134491	0.0491409301758	0.0541481971741	0.0583379268646	0.058825969696	0.0512979030609	0.0548770427704	0.0529661178589	0.0529520511627	0.0532569885254	0.0590090751648	0.0477969646454	0.060338973999	0.0876441001892	0.0557770729065	0.0497670173645	0.052286863327	0.0612480640411	0.0612127780914	0.0704510211945	0.0712330341339	0.0484578609467	0.0671107769012	0.0545909404755	0.0523710250854	0.0448100566864	0.077467918396	0.0570878982544	0.126803874969	0.0544760227203	0.0332221984863	0.067507982254	0.0557150840759	0.0503220558167	0.0470581054688	0.0719380378723	0.0481989383698	0.0656070709229	0.118064880371	0.0580341815948	0.0599830150604	0.0512571334839	0.0297651290894	0.0429010391235	0.0470099449158	0.09366106987	
['./treeMaker/main', '-m', '-a', '2']
0.0435750484467	0.0611670017242	0.0737190246582	0.0467939376831	0.0523600578308	0.045578956604	0.0530581474304	0.0561521053314	0.0545039176941	0.0490670204163	0.0510790348053	0.0520308017731	0.0507810115814	0.0481469631195	0.0470819473267	0.0546989440918	0.059229850769	0.0820620059967	0.0521318912506	0.0466909408569	0.0483839511871	0.0460660457611	0.0585420131683	0.0652420520782	0.0640509128571	0.0448770523071	0.0541100502014	0.0498809814453	0.0420520305634	0.0392730236053	0.0736129283905	0.0526781082153	0.123010873795	0.0492601394653	0.0327541828156	0.0657420158386	0.0608439445496	0.0475680828094	0.0440011024475	0.0671899318695	0.0540521144867	0.06121301651	0.112100124359	0.0459859371185	0.0574958324432	0.0487279891968	0.028128862381	0.0414941310883	0.0421969890594	0.0926268100739	
