25_1000_4.9e-10_4.9e-10_470000000_cut_9
25
1000
4.9e-10
4.9e-10
470000000
cut_9
['./treeMaker/main']
0.0504701137543	0.0817520618439	0.0832118988037	0.0585420131683	0.062294960022	0.0551540851593	0.0617678165436	0.0843980312347	0.0677769184113	0.0595021247864	0.062931060791	0.0615248680115	0.0618460178375	0.059602022171	0.0534429550171	0.0519578456879	0.0726280212402	0.131713151932	0.0762829780579	0.0532948970795	0.0606770515442	0.0529229640961	0.0719270706177	0.0853090286255	0.0847492218018	0.0517859458923	0.0713229179382	0.0619151592255	0.0467739105225	0.0466911792755	0.103200912476	0.066565990448	0.237962007523	0.0610518455505	0.0351178646088	0.0849709510803	0.0620090961456	0.0565848350525	0.0486569404602	0.0950219631195	0.0510959625244	0.0813598632812	0.201478004456	0.0555350780487	0.0727300643921	0.0563449859619	0.0363919734955	0.0485818386078	0.0485439300537	0.129493951797	
['./treeMaker/main', '-b']
0.0506880283356	0.0863270759583	0.0867772102356	0.0588779449463	0.0646479129791	0.0565600395203	0.0653908252716	0.0740208625793	0.07102394104	0.060791015625	0.0676050186157	0.0643720626831	0.0630230903625	0.0602779388428	0.0642170906067	0.0605931282043	0.0780670642853	0.137719869614	0.0703158378601	0.0560729503632	0.0619211196899	0.0576720237732	0.077486038208	0.0899658203125	0.0888450145721	0.0551681518555	0.0737268924713	0.0649619102478	0.0505890846252	0.0495409965515	0.107282876968	0.0712130069733	0.247713088989	0.0647399425507	0.0353779792786	0.0865488052368	0.067332983017	0.0574820041656	0.0505759716034	0.0996921062469	0.0553560256958	0.0849850177765	0.210052967072	0.0616340637207	0.075560092926	0.0586178302765	0.0302889347076	0.0505719184875	0.0510280132294	0.136714935303	
['./treeMaker/main', '-u']
0.0515191555023	0.0823469161987	0.0845990180969	0.0587229728699	0.0622570514679	0.0559530258179	0.0653009414673	0.0707128047943	0.0691511631012	0.0610508918762	0.0633070468903	0.0621428489685	0.0628111362457	0.0584700107574	0.0519230365753	0.0525569915771	0.072998046875	0.132416963577	0.0677609443665	0.0545840263367	0.0613219738007	0.0531840324402	0.0728712081909	0.0855519771576	0.0863947868347	0.05193400383	0.0713579654694	0.0627241134644	0.0474259853363	0.0494298934937	0.103693008423	0.0646398067474	0.238495111465	0.062105178833	0.035994052887	0.085606098175	0.0735681056976	0.0569629669189	0.0501999855042	0.0948688983917	0.0514531135559	0.0820980072021	0.201576948166	0.0562598705292	0.0727500915527	0.0573508739471	0.0366868972778	0.0480017662048	0.0475118160248	0.13078212738	
['./treeMaker/main', '-t', '-r', '1']
0.809403896332	1.55299305916	1.48404312134	0.988995075226	1.06243896484	0.918935060501	1.12192201614	1.36432218552	1.22370696068	1.06087493896	1.01999902725	1.0572988987	1.01834797859	0.940119028091	0.847811937332	0.906662940979	1.30623292923	2.32711386681	1.14308786392	0.842779159546	1.08940196037	0.921135902405	1.30328917503	1.40490913391	1.46932196617	0.876438140869	1.3705470562	1.10749292374	0.751518964767	0.764886140823	1.99587678909	1.15633702278	4.18743491173	1.04696893692	0.449676036835	1.35738515854	1.15787887573	0.9532289505	0.779454946518	1.76580691338	0.846839904785	1.42880797386	3.56416487694	0.921226978302	1.42202091217	0.96541595459	0.33235001564	0.782173156738	0.725607872009	2.15054607391	
['./treeMaker/main', '-t', '-r', '2']
1.49411892891	2.82099604607	2.78076505661	1.78380012512	1.91328501701	1.65789604187	1.89322519302	2.21984004974	2.27124595642	1.80636501312	2.20889496803	1.89622092247	2.03651309013	1.83498191833	1.53464818001	1.53508806229	2.38699102402	5.01121687889	2.18798494339	1.54447603226	1.90156698227	1.81851196289	2.39104223251	2.88345479965	2.84550881386	1.71291685104	2.30349302292	2.1496450901	1.26560807228	1.35572099686	3.68267583847	2.07541704178	7.43722295761	1.91711401939	0.809166908264	2.9784450531	2.02108383179	1.60211801529	1.36122488976	3.1730298996	1.57016301155	3.09877204895	6.66539597511	1.68558979034	2.52459096909	1.68917608261	0.565325021744	1.43272590637	1.40543794632	4.71554493904	
['./treeMaker/main', '-t', '-r', '1', '-N']
0.809348106384	1.56015992165	1.49451804161	0.995057106018	1.06713199615	0.910175085068	1.11656498909	1.32096099854	1.18755078316	1.06506204605	1.01917314529	1.05388998985	1.01962995529	0.943021059036	0.84548997879	0.910368919373	1.30765295029	2.34386515617	1.14282512665	0.83372092247	1.10860300064	0.963086843491	1.3341960907	1.46130990982	1.49795722961	0.887573003769	1.37452292442	1.13833808899	0.769367933273	0.764806032181	2.03087902069	1.18262600899	4.25817394257	1.06100893021	0.45431303978	1.37127518654	1.17124390602	0.932008981705	0.77871799469	1.78006005287	0.858003139496	1.4437661171	3.6090490818	0.944341897964	1.47066998482	0.992517948151	0.330431938171	0.805639982224	0.772168874741	2.13362598419	
['./treeMaker/main', '-t', '-r', '2', '-N']
1.52226114273	2.88732194901	2.80562090874	1.80771899223	1.88488984108	1.69267606735	1.946849823	2.26784801483	2.34745502472	1.84748101234	2.27181196213	2.00333595276	2.09979891777	1.88020515442	1.58866500854	1.60540390015	2.44329404831	5.09628510475	2.26281809807	1.60094189644	1.97443699837	1.85908484459	2.44211483002	2.93468904495	2.88485789299	1.74925613403	2.33858108521	2.23661899567	1.29151701927	1.39412307739	3.7304148674	2.1290037632	7.54652905464	1.96551084518	0.804813861847	3.05478310585	2.06325101852	1.64579796791	1.38042211533	3.2417678833	1.57637691498	3.13137197495	6.74895596504	1.69774317741	2.55496907234	1.69956803322	0.572512865067	1.41434907913	1.40904283524	4.78375315666	
['./treeMaker/main', '-m']
0.0415568351746	0.0596618652344	0.0601170063019	0.0459740161896	0.0489339828491	0.0437190532684	0.0497269630432	0.0529108047485	0.0534520149231	0.0460999011993	0.0547189712524	0.0497109889984	0.0503170490265	0.05917096138	0.0449819564819	0.042918920517	0.0573599338531	0.0873610973358	0.0523490905762	0.0445151329041	0.0468180179596	0.0428981781006	0.0568950176239	0.0649409294128	0.0649299621582	0.0440609455109	0.0556991100311	0.0513730049133	0.0419950485229	0.0418457984924	0.076847076416	0.0548231601715	0.126488924026	0.0560939311981	0.0332679748535	0.0679168701172	0.0531148910522	0.0498850345612	0.0438339710236	0.0678989887238	0.041629076004	0.0597720146179	0.108672857285	0.0454299449921	0.0561919212341	0.0444388389587	0.0247790813446	0.0440151691437	0.0463960170746	0.0932779312134	
['./treeMaker/main', '-m', '-b']
0.0469110012054	0.0652229785919	0.0668559074402	0.0503480434418	0.0541980266571	0.0477159023285	0.055850982666	0.0575380325317	0.0602149963379	0.0533618927002	0.0531220436096	0.0625071525574	0.055006980896	0.0541841983795	0.0470979213715	0.046334028244	0.07097697258	0.103965997696	0.0603108406067	0.0497047901154	0.05330991745	0.0598239898682	0.0626928806305	0.0740101337433	0.0680439472198	0.0465869903564	0.0671520233154	0.0529110431671	0.0413339138031	0.0443599224091	0.0754218101501	0.0546879768372	0.130100011826	0.0542440414429	0.0334641933441	0.080393075943	0.0539710521698	0.0498220920563	0.0442378520966	0.0725440979004	0.0462379455566	0.0654969215393	0.118494033813	0.0498199462891	0.057746887207	0.0505449771881	0.0277848243713	0.0423738956451	0.0449647903442	0.093034029007	
['./treeMaker/main', '-m', '-w', '1']
0.0422830581665	0.0656459331512	0.075679063797	0.0471498966217	0.0547561645508	0.0567228794098	0.0628261566162	0.0550880432129	0.0535640716553	0.0486218929291	0.054053068161	0.0510289669037	0.0516500473022	0.0491869449615	0.0468940734863	0.0440158843994	0.0631718635559	0.0865390300751	0.053946018219	0.0464160442352	0.0503399372101	0.045783996582	0.0743479728699	0.0646569728851	0.0646200180054	0.0440218448639	0.0552949905396	0.0501549243927	0.0393459796906	0.0533378124237	0.0725290775299	0.0536921024323	0.120471000671	0.0510468482971	0.0328569412231	0.0660209655762	0.0539917945862	0.0459299087524	0.0410480499268	0.0684549808502	0.0434648990631	0.0619521141052	0.12065410614	0.0506649017334	0.0609431266785	0.0501699447632	0.0257840156555	0.0401530265808	0.0413520336151	0.100750207901	
['./treeMaker/main', '-m', '-w', '2']
0.0422039031982	0.0623290538788	0.0657520294189	0.0519549846649	0.052549123764	0.0465641021729	0.0521810054779	0.0557551383972	0.0576899051666	0.0480890274048	0.0526158809662	0.0505630970001	0.0583779811859	0.0507969856262	0.048043012619	0.0458519458771	0.0607960224152	0.0905258655548	0.0520329475403	0.0459778308868	0.0496108531952	0.0484890937805	0.0599710941315	0.0653569698334	0.0793220996857	0.0473642349243	0.0565741062164	0.0509631633759	0.0404379367828	0.0429019927979	0.0751090049744	0.0525660514832	0.123781919479	0.0560109615326	0.0324559211731	0.0663068294525	0.0502669811249	0.0473411083221	0.0436840057373	0.0832331180573	0.0442359447479	0.0632569789886	0.119522094727	0.0469789505005	0.0570259094238	0.0484578609467	0.0273389816284	0.0422508716583	0.0502619743347	0.087014913559	
['./treeMaker/main', '-m', '-c', '1']
0.0516889095306	0.0620391368866	0.0617160797119	0.0479068756104	0.0521509647369	0.0437119007111	0.0525500774384	0.0562601089478	0.0553729534149	0.0593860149384	0.0517420768738	0.0529019832611	0.0518720149994	0.0495569705963	0.0475871562958	0.0448768138885	0.0595350265503	0.0902390480042	0.0544450283051	0.0460999011993	0.0489869117737	0.0460040569305	0.0599620342255	0.0630760192871	0.0668799877167	0.0454590320587	0.0566411018372	0.0503220558167	0.0404388904572	0.043881893158	0.0735960006714	0.0563809871674	0.126780986786	0.0528841018677	0.0359859466553	0.0665988922119	0.0537860393524	0.0479030609131	0.0424869060516	0.0692842006683	0.0456399917603	0.0619599819183	0.11145401001	0.0490379333496	0.0573320388794	0.0475058555603	0.0286610126495	0.0407650470734	0.0448391437531	0.0941169261932	
['./treeMaker/main', '-m', '-c', '2']
0.0514271259308	0.0635330677032	0.064218044281	0.0491909980774	0.0524220466614	0.0496320724487	0.0536251068115	0.0572850704193	0.0578088760376	0.0507509708405	0.0538740158081	0.0524771213531	0.0534651279449	0.0483691692352	0.0482149124146	0.0426859855652	0.0599150657654	0.0844140052795	0.0516300201416	0.0596408843994	0.0505890846252	0.0477261543274	0.0590319633484	0.0653860569	0.0666501522064	0.0436179637909	0.0530958175659	0.0480120182037	0.0375151634216	0.0392050743103	0.071359872818	0.0547480583191	0.123349189758	0.0496649742126	0.0290820598602	0.0636358261108	0.0488629341125	0.0446710586548	0.0393061637878	0.0685749053955	0.0414080619812	0.0596630573273	0.109747886658	0.0442671775818	0.0546309947968	0.0443661212921	0.0244200229645	0.0388669967651	0.0400800704956	0.0863130092621	
['./treeMaker/main', '-m', '-a', '1']
0.0450248718262	0.0659461021423	0.0757508277893	0.0502209663391	0.0532109737396	0.0491380691528	0.0542271137238	0.0580379962921	0.0614001750946	0.0525579452515	0.0553328990936	0.0531091690063	0.0544409751892	0.0527930259705	0.0489239692688	0.0474729537964	0.0626060962677	0.101161956787	0.0566520690918	0.0494349002838	0.0525190830231	0.0492720603943	0.0600709915161	0.0692050457001	0.0686028003693	0.050920009613	0.0670480728149	0.0534448623657	0.0454709529877	0.0440449714661	0.0780630111694	0.0590779781342	0.128462076187	0.0533721446991	0.0350131988525	0.0675349235535	0.054340839386	0.0531620979309	0.044695854187	0.0720179080963	0.0510652065277	0.0696969032288	0.118292808533	0.0514969825745	0.0609488487244	0.0561811923981	0.0335440635681	0.0474100112915	0.0467040538788	0.0956220626831	
['./treeMaker/main', '-m', '-a', '2']
0.0445101261139	0.062882900238	0.0637209415436	0.050498008728	0.0520529747009	0.0472979545593	0.0534338951111	0.0552909374237	0.0540130138397	0.0483908653259	0.051549911499	0.0499901771545	0.0512838363647	0.0486209392548	0.0460069179535	0.0449290275574	0.0583579540253	0.0885651111603	0.0640270709991	0.0454680919647	0.0482459068298	0.0527539253235	0.0706639289856	0.0673727989197	0.077507019043	0.0541470050812	0.0573170185089	0.0557968616486	0.0419838428497	0.046816110611	0.0875828266144	0.05335521698	0.124248027802	0.0506019592285	0.0370128154755	0.0662930011749	0.0522289276123	0.0517239570618	0.0422468185425	0.0686931610107	0.0516800880432	0.0616068840027	0.111622095108	0.0474119186401	0.05814909935	0.0472559928894	0.0271339416504	0.0451908111572	0.0448310375214	0.0980551242828	
