25_1000_4.9e-10_2.45e-10_470000000
25
1000
4.9e-10
2.45e-10
470000000

['./treeMaker/main']
0.482722043991	0.606997966766	0.451246976852	0.813498973846	0.422672986984	0.262122154236	0.457435131073	0.574887990952	0.79413819313	0.390424013138	0.413496017456	0.480529069901	0.662171125412	0.463629961014	0.17270898819	2.22266888618	0.65978884697	0.970805168152	0.367673873901	0.836694002151	0.720010995865	0.516201972961	0.743487119675	1.69337415695	0.484910964966	1.21566104889	0.211828947067	0.541356801987	0.630823135376	0.869760036469	0.342537879944	0.352208137512	0.702606916428	0.978677034378	0.577339172363	1.87867498398	0.184147119522	0.990320205688	0.446449995041	0.249303102493	0.186673164368	0.812186956406	0.301613092422	0.446826934814	0.31294798851	0.170161008835	0.404764890671	2.35250782967	3.35029911995	0.402517795563	
['./treeMaker/main', '-b']
0.49936580658	0.624099969864	0.463677883148	0.836202144623	0.434893846512	0.267976999283	0.471064090729	0.593529939651	0.81255698204	0.412189006805	0.451236963272	0.498720169067	0.67934179306	0.478391170502	0.178354024887	2.26996016502	0.675212860107	0.995215177536	0.3733689785	0.85568189621	0.735839128494	0.536435842514	0.767486810684	1.7225689888	0.502614974976	1.24603009224	0.221317052841	0.556335926056	0.649646043777	0.878316879272	0.352914094925	0.360412836075	0.717961072922	1.00949883461	0.599153995514	1.91354012489	0.189623117447	1.02072310448	0.462481975555	0.260210990906	0.190919876099	0.837805986404	0.313822984695	0.457180023193	0.32824587822	0.176122903824	0.417774915695	2.41265392303	3.41021895409	0.415484905243	
['./treeMaker/main', '-u']
0.482148170471	0.609036922455	0.452606916428	0.816923856735	0.426728010178	0.263794898987	0.459190130234	0.578438043594	0.797592878342	0.390965938568	0.420353889465	0.488615036011	0.667261123657	0.464832782745	0.175733089447	2.2327580452	0.663810014725	0.975322008133	0.370599985123	0.838694095612	0.717761039734	0.519892930984	0.745446920395	1.6961979866	0.489092826843	1.21466088295	0.214993953705	0.540353059769	0.63652586937	0.855389118195	0.344200849533	0.354956150055	0.703456163406	0.981678009033	0.579822063446	2.21650290489	0.185187101364	0.99466586113	0.447490930557	0.252054929733	0.186058998108	0.816242933273	0.305212020874	0.44686293602	0.31574511528	0.171080112457	0.406037092209	2.35207104683	3.35203409195	0.403446912766	
['./treeMaker/main', '-t', '-r', '1']
6.72739911079	8.13389015198	6.3424680233	9.68071293831	6.17910790443	3.93987321854	6.33095693588	7.31541705132	9.708578825	5.86767792702	5.86552095413	6.23684811592	8.75212979317	6.54746007919	2.60103797913	18.3733890057	8.90419197083	11.4803788662	5.18423676491	10.3882229328	9.2910618782	5.94232106209	9.38281202316	17.3868770599	6.97304105759	11.2977697849	3.36898589134	7.38554596901	7.83442783356	10.5092098713	4.87244081497	5.0935189724	9.33275914192	11.381622076	7.13844895363	17.6266269684	2.81027913094	11.6290509701	6.40486192703	3.88353610039	2.86382007599	9.79073190689	4.79592680931	6.411206007	4.59865117073	2.5948779583	5.94500207901	18.4514541626	26.8861708641	5.14082598686	
['./treeMaker/main', '-t', '-r', '2']
12.1063621044	14.1285631657	11.07467103	18.9052379131	10.9122779369	7.28089690208	11.9544029236	14.2607219219	17.8439691067	9.9593091011	11.1923551559	12.7222590446	14.8441250324	11.8790268898	5.21763920784	37.3093981743	15.0517728329	20.0504281521	9.43296098709	18.0758121014	16.513094902	13.7338519096	16.5991199017	30.8573949337	11.3179838657	27.1224739552	5.80567622185	12.4522008896	15.1932480335	18.7553009987	9.71312403679	9.07304000854	15.9052848816	20.5795819759	15.1758639812	34.3449599743	5.37049984932	21.7523779869	11.6753339767	6.76472902298	5.16174507141	18.0232732296	8.24619913101	11.1789219379	8.68916296959	4.93907499313	10.9588289261	45.8681268692	51.4249520302	10.9975659847	
['./treeMaker/main', '-t', '-r', '1', '-N']
6.72500705719	8.18178391457	6.3758559227	9.68678307533	6.19224905968	3.93859791756	6.35411906242	7.30367016792	9.71987700462	5.8207859993	5.85777306557	6.2423658371	8.74895596504	6.56320214272	2.63243699074	18.2976930141	8.91568684578	11.5052759647	5.17480707169	10.3638880253	9.31262803078	5.94504380226	9.38702607155	17.4156601429	6.9634950161	11.2935140133	3.36477804184	7.38412094116	7.83195304871	10.4901471138	4.87896299362	5.11340904236	9.38874197006	11.44003582	7.23520994186	17.625483036	2.81371808052	11.6453120708	6.40067601204	3.90417003632	2.87173295021	9.79845905304	4.76067090034	6.42773103714	4.60552597046	2.60211706161	5.95476102829	18.4481589794	26.898004055	5.12297201157	
['./treeMaker/main', '-t', '-r', '2', '-N']
12.1075348854	14.0981550217	11.0808210373	19.0844209194	10.8906788826	7.24397802353	11.9155249596	14.2602009773	17.849727869	9.94758701324	11.175563097	12.735984087	14.8023450375	11.8756988049	5.24294304848	37.4437608719	15.0573000908	20.0561518669	9.43644404411	18.0846669674	16.5246129036	13.7273499966	16.55006814	30.8632748127	11.3297181129	27.1439990997	5.80802702904	12.4579679966	15.1182568073	18.918544054	9.7570669651	9.06775784492	15.8773579597	20.6468629837	15.164206028	34.3715240955	5.37697815895	21.6436429024	11.6894369125	6.78454184532	5.1800570488	18.0548040867	8.21538996696	11.1867570877	8.71518397331	4.99073910713	10.965118885	45.9333131313	51.4829771519	10.9871001244	
['./treeMaker/main', '-m']
0.196821212769	0.218173980713	0.197322845459	0.265163898468	0.183475971222	0.138946056366	0.192672014236	0.21718120575	0.25568985939	0.173525094986	0.186823129654	0.19893693924	0.22968506813	0.189256906509	0.111948013306	0.438097000122	0.22568488121	0.281134128571	0.164971828461	0.261663913727	0.239781856537	0.215939998627	0.243311882019	0.376168012619	0.192276954651	0.343316793442	0.124674081802	0.203971862793	0.226595878601	0.265094995499	0.163722991943	0.165306091309	0.235295057297	0.289016962051	0.220560073853	0.403189897537	0.116145849228	0.285884141922	0.190160989761	0.137223005295	0.115885019302	0.263086080551	0.148204803467	0.180109977722	0.160069942474	0.108696937561	0.1807949543	0.504904985428	0.554515838623	0.197602033615	
['./treeMaker/main', '-m', '-b']
0.213771104813	0.238213062286	0.201448917389	0.291234016418	0.196622133255	0.149974107742	0.209408044815	0.236428976059	0.277718067169	0.184991121292	0.196209907532	0.216674089432	0.246235132217	0.205379009247	0.118488073349	0.473841905594	0.250929832458	0.307355165482	0.175889968872	0.28412103653	0.262079954147	0.236553907394	0.265444040298	0.41188788414	0.207408905029	0.380146980286	0.13393497467	0.218118190765	0.24610209465	0.289082050323	0.17901301384	0.178098917007	0.258214950562	0.316925048828	0.241138935089	0.442235946655	0.123291969299	0.320646047592	0.214828968048	0.150369882584	0.124471187592	0.283333063126	0.161216974258	0.197476863861	0.1678378582	0.11679983139	0.201229095459	0.561764955521	0.613139152527	0.203186988831	
['./treeMaker/main', '-m', '-w', '1']
0.198860168457	0.220258951187	0.186326980591	0.266615152359	0.18483710289	0.140616893768	0.196073055267	0.216428995132	0.257537841797	0.179972887039	0.181756973267	0.199538946152	0.22746515274	0.190308094025	0.112318992615	0.428457021713	0.227228879929	0.28279209137	0.167387008667	0.262532949448	0.263540029526	0.216778993607	0.244021177292	0.376050949097	0.191108942032	0.343075990677	0.124949932098	0.204491138458	0.226153850555	0.26433801651	0.165518045425	0.166045188904	0.235700845718	0.289579868317	0.221720933914	0.401068925858	0.11384510994	0.283780097961	0.188613891602	0.136276960373	0.115108013153	0.261396884918	0.147711992264	0.17962884903	0.158637046814	0.111062049866	0.176181077957	0.503676891327	0.548670053482	0.186507940292	
['./treeMaker/main', '-m', '-w', '2']
0.195711135864	0.219115018845	0.188278913498	0.269108057022	0.182145118713	0.142822980881	0.197459936142	0.234534978867	0.267206907272	0.173992872238	0.184252977371	0.199988126755	0.227662801743	0.188884019852	0.114073991776	0.433036088943	0.232780218124	0.279006958008	0.165845155716	0.264791965485	0.239333152771	0.216492891312	0.246677875519	0.389406919479	0.192917108536	0.352542161942	0.12602519989	0.206293106079	0.23002910614	0.26606297493	0.166779994965	0.166329860687	0.237731933594	0.292132139206	0.223925828934	0.404324054718	0.117847919464	0.291028022766	0.190865039825	0.136345863342	0.119251012802	0.265809059143	0.152233839035	0.187345981598	0.16126704216	0.112688064575	0.183314085007	0.506022930145	0.551752090454	0.187105894089	
['./treeMaker/main', '-m', '-c', '1']
0.19392490387	0.218292951584	0.184144973755	0.267653942108	0.182368993759	0.138424158096	0.192769050598	0.216835975647	0.254036903381	0.172917127609	0.18345117569	0.203696012497	0.238102197647	0.191843986511	0.115604877472	0.433655977249	0.229742050171	0.281820058823	0.165154933929	0.262107849121	0.238991975784	0.217738866806	0.247426986694	0.374830961227	0.191682100296	0.344444036484	0.124840974808	0.203840017319	0.22546505928	0.266834020615	0.179543018341	0.167026042938	0.24675989151	0.287465810776	0.219477176666	0.40118598938	0.118740081787	0.28698182106	0.18751502037	0.136247158051	0.115420103073	0.261416912079	0.148668050766	0.181132078171	0.158946990967	0.120002985001	0.178817987442	0.500092983246	0.547795057297	0.18675994873	
['./treeMaker/main', '-m', '-c', '2']
0.195024967194	0.219661951065	0.185796976089	0.267961025238	0.184922933578	0.144685983658	0.195713043213	0.223628997803	0.258802175522	0.189606189728	0.199314117432	0.210946083069	0.229950904846	0.190753936768	0.113037824631	0.4302110672	0.227585792542	0.283546924591	0.169239997864	0.265372037888	0.24027299881	0.215265989304	0.245630025864	0.377491950989	0.194998979568	0.345365047455	0.131712913513	0.206748962402	0.234308958054	0.268614053726	0.164038896561	0.165991783142	0.234705209732	0.286187887192	0.222099065781	0.400989055634	0.114258050919	0.28974199295	0.187513113022	0.135838985443	0.116664886475	0.263078927994	0.150954008102	0.18185710907	0.158410072327	0.108340978622	0.179623126984	0.50039601326	0.54950594902	0.186840772629	
['./treeMaker/main', '-m', '-a', '1']
0.206986904144	0.225625991821	0.196350812912	0.292349815369	0.191805839539	0.154906988144	0.204740047455	0.229061841965	0.266265869141	0.185006856918	0.193740844727	0.209651947021	0.236170053482	0.199134111404	0.124083995819	0.441721916199	0.237577915192	0.292392969131	0.177090883255	0.2719810009	0.250950098038	0.2284719944	0.256517887115	0.400911092758	0.200220108032	0.354233980179	0.135426998138	0.212382078171	0.24736905098	0.272171974182	0.177332878113	0.176591873169	0.246417999268	0.295729160309	0.230567932129	0.411997795105	0.128081798553	0.297245979309	0.202186822891	0.158576965332	0.130280971527	0.27494096756	0.160607099533	0.190998077393	0.170135974884	0.123158931732	0.189857006073	0.510944843292	0.55765414238	0.1989569664	
['./treeMaker/main', '-m', '-a', '2']
0.194848775864	0.217000007629	0.184756994247	0.277445793152	0.183816194534	0.142313957214	0.193041086197	0.220046043396	0.256604909897	0.18194103241	0.185497999191	0.201176166534	0.228577136993	0.190718173981	0.123842000961	0.43247294426	0.229454040527	0.279221057892	0.164434909821	0.263674974442	0.237837076187	0.217242002487	0.245362043381	0.404060125351	0.192301988602	0.34995508194	0.126483917236	0.206706047058	0.226797103882	0.26279592514	0.165658950806	0.165745973587	0.235180854797	0.287685871124	0.22012090683	0.400056838989	0.115671157837	0.286915063858	0.188999891281	0.135818958282	0.117418050766	0.261282920837	0.151209831238	0.18484711647	0.158843994141	0.11118888855	0.18164896965	0.499732971191	0.550220966339	0.190374135971	
