25_1000_1.9e-10_9.5e-11_470000000
25
1000
1.9e-10
9.5e-11
470000000

['./treeMaker/main']
0.0811059474945	0.113960027695	0.103116989136	0.083025932312	0.138268947601	0.451500892639	0.169877052307	0.2208070755	0.178836107254	0.0840191841125	0.0761787891388	0.0725839138031	0.0853970050812	0.0822138786316	0.100717067719	0.0933430194855	0.103523015976	0.144232988358	0.31693983078	0.242549180984	0.368757009506	0.145786046982	0.10196018219	0.0890820026398	0.0980260372162	0.160746097565	0.0851540565491	0.100227832794	0.384624004364	0.125709056854	0.117832899094	0.173169851303	0.102340936661	0.119678974152	0.124904155731	0.121623039246	0.0932338237762	0.104282855988	0.234541893005	0.0858659744263	0.174520969391	0.113689899445	0.105869054794	0.201255083084	0.203451871872	0.0987849235535	0.0999121665955	0.163472890854	0.128987073898	0.185792922974	
['./treeMaker/main', '-b']
0.160064935684	0.246656179428	0.190647125244	0.115560054779	0.154760837555	0.113867044449	0.10175204277	0.0849368572235	0.136560916901	0.170237064362	0.189540147781	0.0890100002289	0.12152504921	0.130236148834	0.131083011627	0.0906040668488	0.115540027618	0.101500988007	0.255907058716	0.18084692955	0.27432012558	0.206535816193	0.156531095505	0.169588088989	0.108735084534	0.155380010605	0.111959934235	0.206963777542	0.156147956848	0.102807998657	0.106991052628	0.137651920319	0.155071973801	0.131446123123	0.113676071167	0.171369791031	0.162744998932	0.116421937943	0.135824918747	0.166772842407	0.0951890945435	0.0812129974365	0.0888149738312	0.24554681778	0.189693927765	0.0975890159607	0.100377082825	0.352753162384	0.112631082535	0.0862720012665	
['./treeMaker/main', '-u']
0.114852905273	0.25509595871	0.111693143845	0.138651132584	0.246098041534	0.124785900116	0.0959179401398	0.0936269760132	0.123058080673	0.0850269794464	0.147867918015	0.0830690860748	0.10219502449	0.156389951706	0.116514921188	0.0847799777985	0.208037853241	0.10981798172	0.116486787796	0.106184005737	0.106627941132	0.120822906494	0.22610783577	0.114145994186	0.0979869365692	0.269441127777	0.175175189972	0.137511968613	0.161275148392	0.0698850154877	0.0864241123199	0.197040081024	0.0843300819397	0.11660194397	0.19118309021	0.224409103394	0.218116998672	0.230057001114	0.164458990097	0.101387023926	0.0847418308258	0.0736100673676	0.0825798511505	0.0882201194763	0.139703989029	0.0875120162964	0.102076053619	0.389276981354	0.222962141037	0.173346996307	
['./treeMaker/main', '-t', '-r', '1']
1.35614299774	2.74563694	1.5962870121	1.11300611496	1.89666199684	3.21677994728	1.95585298538	1.33102917671	2.23755407333	1.71851611137	1.77884602547	0.838501930237	2.42873001099	1.60419106483	2.67194199562	2.19720196724	2.74269890785	2.04656600952	2.66263580322	2.22875499725	2.10420894623	3.13569498062	2.43203401566	1.57278990746	1.80741095543	4.02977514267	1.92112898827	2.67383503914	3.63364505768	1.25721788406	1.80702710152	1.68110799789	1.21515989304	2.21677303314	2.96042394638	2.79900193214	1.92616200447	2.18205499649	2.29584503174	1.33101391792	1.00285601616	0.958532094955	1.86581397057	2.5482070446	4.38333797455	2.01690983772	2.38683605194	4.64664101601	3.13120889664	1.65949606895	
['./treeMaker/main', '-t', '-r', '2']
2.55243492126	2.91116595268	3.06541919708	1.9185731411	3.49464011192	3.16165995598	2.4885828495	2.42564296722	3.39563894272	1.83708286285	1.80199313164	1.5649960041	2.58537006378	1.70780897141	2.88616108894	1.97494411469	2.91040182114	2.23137378693	3.42408895493	3.2366130352	3.11805295944	3.94543719292	2.51284909248	1.8867650032	2.39411115646	5.06743717194	2.54259109497	3.30140781403	4.51527190208	1.63732409477	2.14840102196	1.85374593735	1.80236506462	3.10830211639	3.1961889267	3.33066606522	2.60825800896	3.21242284775	2.74861288071	2.3121612072	1.69990682602	1.64207911491	2.19321489334	2.52019000053	4.80900788307	2.23380994797	2.5216550827	4.80387210846	3.0513279438	1.75220394135	
['./treeMaker/main', '-t', '-r', '1', '-N']
1.55962300301	2.70905900002	2.54746198654	1.76265597343	2.89303898811	1.53688979149	1.61116194725	1.73396492004	2.74969792366	1.54542303085	1.02641105652	1.41836500168	1.82840394974	1.56623888016	2.04821109772	1.88408493996	1.94734191895	1.43886208534	2.63619303703	2.16250896454	2.24007916451	3.01803803444	2.08422422409	1.7950630188	2.23797893524	3.66041779518	1.83012390137	2.08270311356	3.61192297935	1.28216195107	1.74053502083	1.57965898514	1.54566597939	2.27638101578	2.37083411217	3.01803684235	1.78608202934	2.25073099136	2.65443706512	2.05990695953	1.57985496521	0.907102823257	1.67930793762	2.17884206772	3.95548009872	1.814702034	1.90129208565	3.69532513618	2.4147310257	1.77443099022	
['./treeMaker/main', '-t', '-r', '2', '-N']
2.08963489532	3.29055213928	3.35314297676	1.97486591339	3.99922394753	3.48820900917	2.13777518272	2.41033101082	3.08158302307	1.76406693459	1.54239082336	1.50539588928	2.25080394745	1.82624602318	2.49998402596	2.23760294914	2.6775290966	2.17731285095	3.02778816223	3.02373218536	3.10463404655	3.96164989471	2.51971101761	1.8911819458	2.29340600967	4.84953999519	2.22288203239	3.18168210983	4.52620792389	1.62693500519	2.16415405273	1.93646383286	1.79907011986	3.37477898598	3.20254707336	3.27126502991	2.44980406761	2.67496681213	2.96500897408	2.2010550499	1.70866203308	1.56454801559	1.9448029995	2.77773213387	4.75870704651	2.34530496597	2.84827589989	4.54699516296	3.15772986412	1.88307499886	
['./treeMaker/main', '-m']
0.159054040909	0.0940158367157	0.094172000885	0.094199180603	0.0881340503693	0.106340885162	0.102889060974	0.0770881175995	0.0875260829926	0.112683057785	0.151210069656	0.0646708011627	0.0765218734741	0.13342499733	0.103940010071	0.0760910511017	0.124701976776	0.175941944122	0.0869400501251	0.0869030952454	0.154610157013	0.153980970383	0.0786428451538	0.0703070163727	0.0818150043488	0.108687877655	0.165658950806	0.0914630889893	0.106412172318	0.123064994812	0.164371967316	0.116515159607	0.0672299861908	0.0854780673981	0.19434595108	0.112221002579	0.0769529342651	0.0821571350098	0.09215092659	0.0796549320221	0.14747595787	0.0636179447174	0.0669300556183	0.0764961242676	0.227108955383	0.0880348682404	0.0804550647736	0.12917304039	0.180392980576	0.114641904831	
['./treeMaker/main', '-m', '-b']
0.0808389186859	0.0928740501404	0.091166973114	0.0732419490814	0.0891461372375	0.103334903717	0.178749084473	0.1101770401	0.0960130691528	0.071240901947	0.148908138275	0.141788005829	0.119505167007	0.128731966019	0.088714838028	0.0797960758209	0.0871839523315	0.0679409503937	0.0863981246948	0.202621936798	0.139456033707	0.104912996292	0.0856609344482	0.114445209503	0.179615020752	0.232888936996	0.115348815918	0.0911209583282	0.11145401001	0.0690448284149	0.0767719745636	0.0672559738159	0.0746369361877	0.180058002472	0.0953860282898	0.0995221138	0.084851026535	0.328685998917	0.253710031509	0.0826051235199	0.0677819252014	0.072988986969	0.0729298591614	0.0837318897247	0.113521814346	0.174576997757	0.17901802063	0.120120048523	0.0926718711853	0.0659410953522	
['./treeMaker/main', '-m', '-w', '1']
0.146476984024	0.18919801712	0.103121042252	0.0840308666229	0.102385997772	0.0933299064636	0.0839309692383	0.0710368156433	0.19242310524	0.0692539215088	0.0645020008087	0.062206029892	0.0783431529999	0.153657913208	0.0892050266266	0.151767015457	0.138211011887	0.0835540294647	0.0985181331635	0.0837600231171	0.081465959549	0.0978388786316	0.114781856537	0.152027845383	0.0916559696198	0.11674785614	0.0709958076477	0.154340982437	0.219784021378	0.0709648132324	0.0834078788757	0.0717880725861	0.0651769638062	0.0851268768311	0.0904841423035	0.184350013733	0.140593767166	0.123805046082	0.0864980220795	0.0782890319824	0.0973210334778	0.282824039459	0.108901023865	0.0840609073639	0.10551404953	0.0818648338318	0.0839109420776	0.105016946793	0.179126977921	0.0795488357544	
['./treeMaker/main', '-m', '-w', '2']
0.074422121048	0.0834882259369	0.0911450386047	0.157036066055	0.155665159225	0.140506029129	0.0878260135651	0.0811519622803	0.0902791023254	0.0673789978027	0.0698609352112	0.0686550140381	0.079666852951	0.129577875137	0.17053103447	0.0738492012024	0.0802819728851	0.077260017395	0.0924191474915	0.186331987381	0.0906369686127	0.0994939804077	0.0734269618988	0.0726599693298	0.100339889526	0.227344989777	0.0827889442444	0.0893571376801	0.116132974625	0.13836312294	0.075336933136	0.0628490447998	0.104542970657	0.190644979477	0.0946309566498	0.0938341617584	0.169789075851	0.0841069221497	0.0936830043793	0.0738520622253	0.0763590335846	0.0928008556366	0.0962061882019	0.0874979496002	0.112341880798	0.177634000778	0.172833919525	0.139444828033	0.0842878818512	0.131307125092	
['./treeMaker/main', '-m', '-c', '1']
0.0919408798218	0.0839028358459	0.0807631015778	0.075807094574	0.135088920593	0.0944299697876	0.108778953552	0.183524847031	0.0888278484344	0.0767378807068	0.0610160827637	0.0710558891296	0.176311016083	0.105782985687	0.0779371261597	0.12450504303	0.173925161362	0.0765960216522	0.0922989845276	0.186691999435	0.194876194	0.131946086884	0.103288888931	0.122484922409	0.077693939209	0.10488986969	0.10951590538	0.16118311882	0.117565870285	0.0733251571655	0.0790350437164	0.068953037262	0.147764921188	0.143316984177	0.0903160572052	0.0883660316467	0.165946960449	0.0800399780273	0.0855958461761	0.0721211433411	0.109524965286	0.140219926834	0.078332901001	0.0766358375549	0.111822843552	0.0777680873871	0.170768022537	0.110749959946	0.0793390274048	0.177361965179	
['./treeMaker/main', '-m', '-c', '2']
0.159511089325	0.106807947159	0.0957119464874	0.0710220336914	0.0949890613556	0.0790569782257	0.116787195206	0.0797030925751	0.098738193512	0.0690660476685	0.082172870636	0.119532108307	0.0741949081421	0.140911102295	0.178818941116	0.130597114563	0.0915670394897	0.0726091861725	0.0886569023132	0.0838971138	0.194456100464	0.172071218491	0.0888800621033	0.0727670192719	0.0809998512268	0.223104000092	0.162985086441	0.0940780639648	0.226000070572	0.0837259292603	0.0877511501312	0.072774887085	0.0739028453827	0.0899188518524	0.0862250328064	0.0895309448242	0.0764470100403	0.157703876495	0.0974020957947	0.145649194717	0.0750122070312	0.0935039520264	0.154754161835	0.155172109604	0.241527080536	0.0835978984833	0.082102060318	0.112483978271	0.0863380432129	0.0651528835297	
['./treeMaker/main', '-m', '-a', '1']
0.0826890468597	0.105260133743	0.101856946945	0.204998970032	0.20638012886	0.226227045059	0.19909620285	0.199318885803	0.110333919525	0.0868489742279	0.0719530582428	0.0747361183167	0.0785880088806	0.0786280632019	0.0914900302887	0.0922789573669	0.103101015091	0.20400094986	0.196630954742	0.208311080933	0.114391803741	0.117148160934	0.0988731384277	0.0813369750977	0.081759929657	0.166994094849	0.134196996689	0.109513044357	0.125987052917	0.184102058411	0.202534198761	0.152767896652	0.0975658893585	0.101809978485	0.0965089797974	0.106189012527	0.143243074417	0.159811973572	0.113874912262	0.0871291160583	0.0776481628418	0.105712890625	0.180454015732	0.171098947525	0.125385046005	0.0907409191132	0.0890100002289	0.12172293663	0.187793970108	0.132819890976	
['./treeMaker/main', '-m', '-a', '2']
0.0752558708191	0.0841670036316	0.0975029468536	0.137130022049	0.0861051082611	0.138503074646	0.209786176682	0.149625062943	0.0978150367737	0.0690758228302	0.0607941150665	0.0682258605957	0.0774819850922	0.0744280815125	0.0872609615326	0.147675037384	0.188637018204	0.0726048946381	0.0874109268188	0.187564849854	0.0886929035187	0.196125030518	0.163991928101	0.0762529373169	0.0828449726105	0.111827135086	0.0800378322601	0.0846030712128	0.102039813995	0.148779153824	0.159269094467	0.0744471549988	0.0649299621582	0.263165950775	0.187582969666	0.125751018524	0.0949177742004	0.0843608379364	0.0855748653412	0.0747029781342	0.0733511447906	0.0556468963623	0.062007188797	0.0970301628113	0.217926025391	0.0838708877563	0.0850121974945	0.154516935349	0.114420175552	0.201123952866	
