25_1000_1.9e-10_1.9e-10_48000000
25
1000
1.9e-10
1.9e-10
48000000

['./treeMaker/main']
0.0579900741577	0.0556161403656	0.0618410110474	0.0660760402679	0.0601840019226	0.0689129829407	0.0588121414185	0.0838758945465	0.0720219612122	0.0761017799377	0.0668489933014	0.066987991333	0.0722479820251	0.0634281635284	0.0593180656433	0.0722949504852	0.0605959892273	0.0813648700714	0.0553359985352	0.0688087940216	0.0591080188751	0.0616641044617	0.057580947876	0.0548551082611	0.0698890686035	0.057767868042	0.0653519630432	0.0584759712219	0.0580408573151	0.0674109458923	0.0522568225861	0.0468120574951	0.0685379505157	0.0751361846924	0.0806081295013	0.0525329113007	0.0571789741516	0.0659639835358	0.062509059906	0.0528590679169	0.0570528507233	0.0623700618744	0.0546271800995	0.0833740234375	0.0635468959808	0.0594191551208	0.0599489212036	0.0585219860077	0.066642999649	0.0603511333466	
['./treeMaker/main', '-b']
0.0778539180756	0.0520391464233	0.0566458702087	0.0784959793091	0.0612330436707	0.0668861865997	0.0569770336151	0.0868849754333	0.0723788738251	0.0749268531799	0.0698959827423	0.0693819522858	0.0624959468842	0.0640029907227	0.0636360645294	0.0618810653687	0.0598239898682	0.0766839981079	0.0590889453888	0.0723521709442	0.0620830059052	0.0595731735229	0.0549991130829	0.0530209541321	0.0834760665894	0.0615129470825	0.0660839080811	0.0602300167084	0.064019203186	0.0762748718262	0.0519208908081	0.0513801574707	0.0727570056915	0.0883150100708	0.0892441272736	0.0612559318542	0.0656888484955	0.0746669769287	0.0700061321259	0.0581531524658	0.0634560585022	0.0783479213715	0.0587069988251	0.0715279579163	0.0660429000854	0.0576200485229	0.0581619739532	0.0553591251373	0.0612359046936	0.0574119091034	
['./treeMaker/main', '-u']
0.0593299865723	0.0673518180847	0.0756690502167	0.0683400630951	0.0748510360718	0.0670099258423	0.0574109554291	0.0821509361267	0.0813779830933	0.0756320953369	0.068619966507	0.0686259269714	0.0612730979919	0.0644021034241	0.0634379386902	0.0613281726837	0.0585598945618	0.0747690200806	0.0574848651886	0.0699460506439	0.0615630149841	0.0724930763245	0.0618629455566	0.0587520599365	0.0744359493256	0.0585489273071	0.0635991096497	0.0601379871368	0.0710711479187	0.0698637962341	0.0643320083618	0.0503780841827	0.0659539699554	0.0796880722046	0.0827829837799	0.0537180900574	0.0582358837128	0.0666439533234	0.0638179779053	0.0531938076019	0.0583028793335	0.0620670318604	0.0564041137695	0.0709781646729	0.0633499622345	0.0576369762421	0.0585920810699	0.0564661026001	0.0611848831177	0.0587530136108	
['./treeMaker/main', '-t', '-r', '1']
0.819258928299	0.694509029388	0.77032995224	0.92645907402	0.841779947281	1.06556510925	0.819126844406	1.28068995476	1.06253886223	1.12390089035	0.889787912369	0.909035205841	0.850739955902	0.863121032715	0.797155857086	0.863343954086	0.818486213684	1.11949205399	0.781577110291	1.04838991165	0.775488138199	0.759083032608	0.75549197197	0.731373071671	1.00953507423	0.740369081497	0.877018213272	0.875422000885	0.86235499382	1.12368297577	0.69958615303	0.622661113739	0.919691085815	1.20418000221	1.21248292923	0.732380867004	0.816507101059	1.0490128994	0.908442020416	0.678972005844	0.812737941742	0.926455020905	0.806121110916	1.04737997055	0.885391950607	0.766456127167	0.775635957718	0.720232009888	0.844408035278	0.726194858551	
['./treeMaker/main', '-t', '-r', '2']
1.2469959259	1.02980494499	1.21786499023	1.54684591293	1.26104402542	1.61428904533	1.19918489456	2.22340011597	1.69836211205	1.79250717163	1.51243209839	1.62500214577	1.26828503609	1.35014891624	1.33510398865	1.30349493027	1.23222303391	1.80026507378	1.13857603073	1.62519788742	1.20500683784	1.31360912323	1.10038781166	1.0802128315	1.55517196655	1.20181298256	1.43252706528	1.30425691605	1.31102204323	1.7380361557	1.08272099495	0.901272773743	1.42006993294	1.99119901657	2.09403395653	1.09533214569	1.29114985466	1.65005612373	1.44280481339	1.08142590523	1.22119307518	1.39163088799	1.22169494629	1.65969085693	1.36925816536	1.0833568573	1.22218990326	1.07840394974	1.30741381645	1.24164795876	
['./treeMaker/main', '-t', '-r', '1', '-N']
0.831676959991	0.853662967682	0.786925077438	0.928007125854	0.838766098022	1.00733184814	0.800024986267	1.24665284157	1.10945296288	1.14507007599	0.927889108658	0.946027994156	0.846369028091	0.862708806992	0.805256843567	0.866222143173	0.789980173111	1.11009693146	0.764350891113	1.03680801392	0.790897130966	0.778105020523	0.7563560009	0.739587068558	1.03866100311	0.741341114044	0.872880935669	0.89950799942	0.871800899506	1.09186911583	0.716221094131	0.654818058014	0.945561885834	1.21005797386	1.22141695023	0.733367919922	0.859068155289	1.05255007744	0.920001983643	0.687002897263	0.802467107773	0.910382032394	0.747277975082	1.00706410408	0.84618806839	0.726770162582	0.748996973038	0.707305908203	0.822812080383	0.727602005005	
['./treeMaker/main', '-t', '-r', '2', '-N']
1.18287301064	0.992025136948	1.20430397987	1.55098104477	1.26577091217	1.60351920128	1.18912100792	2.13669610023	1.72359514236	1.82039785385	1.51271605492	1.54519987106	1.22229504585	1.31537294388	1.29649591446	1.23603892326	1.21832799911	1.75557589531	1.10776591301	1.565117836	1.1763241291	1.24479198456	1.07555699348	1.03080701828	1.62836408615	1.19477200508	1.44601106644	1.32502317429	1.29285120964	1.69355678558	1.07222795486	0.874549865723	1.4113509655	2.00337696075	2.06901407242	1.10248017311	1.27639293671	1.61376190186	1.42871594429	1.03613615036	1.17631006241	1.3797390461	1.18862104416	1.60978198051	1.33739089966	1.05338692665	1.19145607948	1.05938386917	1.30300402641	1.21268200874	
['./treeMaker/main', '-m']
0.0503480434418	0.0472090244293	0.0499920845032	0.0648398399353	0.0594291687012	0.0700170993805	0.0549919605255	0.0701191425323	0.0638880729675	0.0661060810089	0.061233997345	0.0615968704224	0.0571100711823	0.0587170124054	0.0587768554688	0.0508580207825	0.0487189292908	0.0584969520569	0.0486390590668	0.0552530288696	0.0502412319183	0.0527420043945	0.0486218929291	0.0470838546753	0.0545461177826	0.0495889186859	0.0605030059814	0.0535931587219	0.0537011623383	0.0597920417786	0.050313949585	0.0472860336304	0.0565268993378	0.0676379203796	0.0660660266876	0.0508949756622	0.0547051429749	0.0587689876556	0.0562238693237	0.0493080615997	0.0526750087738	0.0537648200989	0.05548620224	0.0623950958252	0.0537889003754	0.0520820617676	0.0512518882751	0.0583429336548	0.0564820766449	0.0556519031525	
['./treeMaker/main', '-m', '-b']
0.0576031208038	0.0546410083771	0.0578088760376	0.0637991428375	0.0590090751648	0.0652430057526	0.0583789348602	0.0731220245361	0.0660881996155	0.0800700187683	0.0560081005096	0.0570540428162	0.0522480010986	0.0539228916168	0.0536811351776	0.0521099567413	0.0513339042664	0.0618078708649	0.0497119426727	0.0576131343842	0.0519428253174	0.0541031360626	0.0499198436737	0.0483031272888	0.0577068328857	0.0535681247711	0.0578179359436	0.0546729564667	0.054566860199	0.0585770606995	0.0492570400238	0.0445280075073	0.0549299716949	0.0636558532715	0.0651340484619	0.0484530925751	0.0511701107025	0.065288066864	0.073117017746	0.0481820106506	0.0520160198212	0.0609350204468	0.056999206543	0.065248966217	0.0680091381073	0.0532338619232	0.0556468963623	0.0531468391418	0.0539150238037	0.0530369281769	
['./treeMaker/main', '-m', '-w', '1']
0.0656399726868	0.0556359291077	0.0560460090637	0.0629191398621	0.0588128566742	0.0653958320618	0.0640668869019	0.0689740180969	0.0584280490875	0.0591490268707	0.054680109024	0.0578210353851	0.0600521564484	0.0589389801025	0.0591490268707	0.0582880973816	0.0566320419312	0.0672500133514	0.0548272132874	0.0628700256348	0.0568609237671	0.0602118968964	0.0561199188232	0.0519289970398	0.062352180481	0.0578808784485	0.0600941181183	0.0554261207581	0.0551879405975	0.0615739822388	0.0510921478271	0.0478329658508	0.0579240322113	0.0669431686401	0.0803871154785	0.0492980480194	0.0581061840057	0.0615730285645	0.062108039856	0.0548560619354	0.0527141094208	0.0542151927948	0.0510070323944	0.0580339431763	0.0536000728607	0.0497310161591	0.0506191253662	0.0492970943451	0.0527329444885	0.0507979393005	
['./treeMaker/main', '-m', '-w', '2']
0.0515058040619	0.0491819381714	0.0535609722137	0.0592770576477	0.0528159141541	0.0583758354187	0.0520930290222	0.0649170875549	0.0589158535004	0.0605640411377	0.0558409690857	0.0620028972626	0.0589170455933	0.063530921936	0.0607008934021	0.0654380321503	0.0543868541718	0.0655300617218	0.0520529747009	0.0763399600983	0.0568850040436	0.0593361854553	0.0551810264587	0.053563117981	0.0615890026093	0.0571191310883	0.06036901474	0.0535221099854	0.0566880702972	0.062243938446	0.0555019378662	0.0526130199432	0.0584108829498	0.0764470100403	0.0689611434937	0.0528950691223	0.0638670921326	0.0612030029297	0.0599889755249	0.0539109706879	0.0563578605652	0.0703129768372	0.0577709674835	0.06422996521	0.0606482028961	0.055634021759	0.0571022033691	0.0543441772461	0.0559051036835	0.05326795578	
['./treeMaker/main', '-m', '-c', '1']
0.0557930469513	0.0570559501648	0.0558230876923	0.0575659275055	0.0563039779663	0.0624439716339	0.0578689575195	0.069265127182	0.0611090660095	0.0642600059509	0.0577261447906	0.0696058273315	0.052873134613	0.0548858642578	0.0518939495087	0.0516288280487	0.0524978637695	0.0596430301666	0.0516338348389	0.0586121082306	0.0524499416351	0.0556490421295	0.049409866333	0.0642809867859	0.0588748455048	0.0535740852356	0.0592939853668	0.0580308437347	0.0580060482025	0.0641980171204	0.053662776947	0.0504999160767	0.0609450340271	0.069226026535	0.0677239894867	0.0507860183716	0.0535809993744	0.059485912323	0.0590810775757	0.0499711036682	0.0539000034332	0.0555508136749	0.0531480312347	0.0604400634766	0.0553801059723	0.0516901016235	0.0520629882812	0.0501430034637	0.0539999008179	0.0519800186157	
['./treeMaker/main', '-m', '-c', '2']
0.0525481700897	0.0502429008484	0.0530858039856	0.0580840110779	0.0542058944702	0.0596601963043	0.0531408786774	0.0667238235474	0.0706560611725	0.0626430511475	0.0581159591675	0.0722320079803	0.053318977356	0.0551719665527	0.0552549362183	0.0551550388336	0.0550799369812	0.0643920898438	0.0544030666351	0.0593650341034	0.0537641048431	0.0560140609741	0.0519318580627	0.0505230426788	0.0583121776581	0.0528159141541	0.0570797920227	0.0542449951172	0.0541300773621	0.0627048015594	0.0531179904938	0.0499949455261	0.0588281154633	0.0710859298706	0.0821809768677	0.0553369522095	0.0568599700928	0.0619649887085	0.062922000885	0.0491778850555	0.0535988807678	0.0551240444183	0.0523178577423	0.0593688488007	0.0548441410065	0.051197052002	0.0518660545349	0.0500800609589	0.053318977356	0.0530309677124	
['./treeMaker/main', '-m', '-a', '1']
0.0625939369202	0.0618939399719	0.0636978149414	0.0690689086914	0.0763909816742	0.0731630325317	0.0670700073242	0.0769670009613	0.0833520889282	0.074235200882	0.0687689781189	0.0691020488739	0.0645461082458	0.0774641036987	0.0694451332092	0.0672421455383	0.0630259513855	0.0737960338593	0.077919960022	0.0743730068207	0.0634369850159	0.0687770843506	0.0623579025269	0.0614469051361	0.0674059391022	0.0749061107635	0.0682120323181	0.0658488273621	0.0666868686676	0.0732908248901	0.0653209686279	0.0616750717163	0.0711379051208	0.0860290527344	0.0782880783081	0.0672898292542	0.0652730464935	0.0717308521271	0.0721909999847	0.064297914505	0.0684559345245	0.075345993042	0.0669591426849	0.073714017868	0.0708589553833	0.0683240890503	0.0680830478668	0.0653300285339	0.0708491802216	0.069492816925	
['./treeMaker/main', '-m', '-a', '2']
0.0559051036835	0.0552790164948	0.0570077896118	0.0709931850433	0.0561308860779	0.0600068569183	0.0559930801392	0.0689699649811	0.0652799606323	0.0652320384979	0.0629811286926	0.0601041316986	0.0584230422974	0.0600121021271	0.0575480461121	0.0563750267029	0.0551829338074	0.0667200088501	0.054459810257	0.0623350143433	0.0566380023956	0.0590329170227	0.0545949935913	0.0530049800873	0.0586519241333	0.053915977478	0.056923866272	0.05406498909	0.0548560619354	0.0600218772888	0.0500140190125	0.0471570491791	0.0569200515747	0.0645129680634	0.0687258243561	0.0523841381073	0.0551087856293	0.0615701675415	0.0582401752472	0.0494310855865	0.0536508560181	0.0550291538239	0.0546729564667	0.062686920166	0.0583138465881	0.0540969371796	0.0545189380646	0.0524590015411	0.0560109615326	0.0549590587616	
