25_1000_4.9e-10_4.9e-10_470000000_cut_8
25
1000
4.9e-10
4.9e-10
470000000
cut_8
['./treeMaker/main']
0.0501351356506	0.0811681747437	0.083261013031	0.0584950447083	0.0776741504669	0.0542759895325	0.0630841255188	0.0697510242462	0.068883895874	0.0601570606232	0.0627820491791	0.0615930557251	0.0611069202423	0.0586619377136	0.0537850856781	0.0523488521576	0.076947927475	0.12549996376	0.0680909156799	0.056489944458	0.0618331432343	0.056046962738	0.0750761032104	0.0862619876862	0.0871169567108	0.0550780296326	0.0704281330109	0.0611560344696	0.0465009212494	0.0485148429871	0.105087995529	0.0671598911285	0.245375156403	0.0630400180817	0.0349218845367	0.0837099552155	0.064110994339	0.0561587810516	0.0491259098053	0.0937900543213	0.0536911487579	0.0809588432312	0.206403017044	0.0545768737793	0.0725939273834	0.0567080974579	0.0294241905212	0.0488240718842	0.0490920543671	0.132802009583	
['./treeMaker/main', '-b']
0.0544240474701	0.0849010944366	0.0877289772034	0.061084985733	0.0683481693268	0.0582540035248	0.0753090381622	0.073399066925	0.071307182312	0.0724108219147	0.077574968338	0.065770149231	0.0750670433044	0.0710849761963	0.0581340789795	0.0540561676025	0.0756359100342	0.12776184082	0.0723931789398	0.0568380355835	0.0647749900818	0.0569400787354	0.0784878730774	0.0909230709076	0.0897920131683	0.0533089637756	0.0732219219208	0.0638861656189	0.0485610961914	0.0494558811188	0.111680984497	0.0690758228302	0.264577865601	0.0664539337158	0.0356137752533	0.0881478786469	0.0667741298676	0.0587449073792	0.0516741275787	0.0981171131134	0.0545868873596	0.0837059020996	0.212502002716	0.0561599731445	0.0764908790588	0.0601749420166	0.027352809906	0.0503399372101	0.0507709980011	0.139944076538	
['./treeMaker/main', '-u']
0.0529789924622	0.0831170082092	0.0831429958344	0.0572769641876	0.0650901794434	0.0576119422913	0.0653450489044	0.0727250576019	0.0703220367432	0.060781955719	0.0622899532318	0.0636088848114	0.0638110637665	0.058788061142	0.0559990406036	0.0540430545807	0.0767810344696	0.127845048904	0.0755908489227	0.0566718578339	0.060487985611	0.0567348003387	0.0770080089569	0.0879950523376	0.0864720344543	0.0549349784851	0.0710451602936	0.0622320175171	0.0493109226227	0.0489521026611	0.105622053146	0.0672738552094	0.245067119598	0.0635359287262	0.0355930328369	0.0846419334412	0.0635900497437	0.0569069385529	0.0505549907684	0.0935680866241	0.0550520420074	0.0843100547791	0.204386949539	0.0547249317169	0.0729730129242	0.0580379962921	0.0302450656891	0.0495178699493	0.0499849319458	0.134073019028	
['./treeMaker/main', '-t', '-r', '1']
0.838506937027	1.53303313255	1.50862193108	1.01042580605	1.10808396339	0.953346014023	1.15075778961	1.35060310364	1.19773793221	1.08175206184	1.03659009933	1.07695698738	1.01733613014	0.989500045776	0.904228925705	0.905544996262	1.3206140995	2.19363093376	1.15229511261	0.856732845306	1.093542099	0.95198392868	1.3401119709	1.41940903664	1.52155208588	0.869647026062	1.3791270256	1.12196207047	0.755280971527	0.768500804901	2.05054092407	1.16503405571	4.35894799232	1.08815813065	0.450921058655	1.34876918793	1.1582698822	0.929527997971	0.796586036682	1.77938008308	0.875350952148	1.40554189682	3.54105782509	0.864517211914	1.39418697357	0.992173910141	0.339157819748	0.819224834442	0.747548103333	2.20421791077	
['./treeMaker/main', '-t', '-r', '2']
1.52969408035	2.89965701103	2.77422404289	1.82458901405	1.95839500427	1.7698931694	1.95557498932	2.26236200333	2.30320096016	1.83739089966	2.19207191467	1.92211484909	2.07010698318	1.85021805763	1.62459111214	1.560795784	2.39729809761	4.50847005844	2.24265980721	1.67581510544	1.9645447731	1.81580901146	2.51082611084	2.91944694519	2.90024781227	1.69131612778	2.23433613777	2.1455078125	1.29355883598	1.34955906868	3.73835682869	2.17484092712	7.66232204437	1.98426198959	0.804322004318	2.9920759201	2.04203796387	1.61853289604	1.4151828289	3.18059706688	1.61765503883	3.00067901611	6.8666241169	1.5324139595	2.43697619438	1.69724297523	0.585497140884	1.47546195984	1.46128797531	4.88456487656	
['./treeMaker/main', '-t', '-r', '1', '-N']
0.838890075684	1.53914403915	1.51356911659	1.00552988052	1.13626885414	0.957972049713	1.14793896675	1.34560489655	1.20184516907	1.08473420143	1.03786015511	1.08144783974	1.01552414894	0.989505052567	0.902729988098	0.90433883667	1.32201480865	2.19747686386	1.15624284744	0.860110998154	1.0940759182	0.951401948929	1.34031295776	1.42429184914	1.52262306213	0.872992038727	1.38348507881	1.12196397781	0.758103132248	0.769232034683	2.05755209923	1.16740489006	4.3749229908	1.09049296379	0.449685811996	1.35119485855	1.16070699692	0.929841995239	0.804486036301	1.78055095673	0.876834869385	1.41878700256	3.54001784325	0.864686012268	1.38935899734	0.961580991745	0.341284036636	0.822422981262	0.755923032761	2.20402407646	
['./treeMaker/main', '-t', '-r', '2', '-N']
1.52485895157	2.89980196953	2.77190995216	1.82757306099	1.96150493622	1.76927089691	1.955753088	2.26464319229	2.30929803848	1.84197902679	2.15621685982	1.92774701118	2.1008810997	1.85154795647	1.624751091	1.55708384514	2.39822697639	4.54413700104	2.24381399155	1.6277141571	1.99445009232	1.81825590134	2.51782011986	2.90042901039	2.90129518509	1.69099807739	2.24111700058	2.14382886887	1.26795387268	1.34974503517	3.7436170578	2.13608598709	7.63221311569	1.99042010307	0.805271863937	2.96812200546	2.04191994667	1.62359595299	1.38624286652	3.1879940033	1.61602401733	2.99785494804	6.88145899773	1.54099392891	2.44136691093	1.69784879684	0.591214179993	1.47683906555	1.45589613914	4.85722398758	
['./treeMaker/main', '-m']
0.0444791316986	0.0710060596466	0.0634999275208	0.0473198890686	0.0515019893646	0.0443520545959	0.0518741607666	0.0549108982086	0.0554251670837	0.0475599765778	0.0512609481812	0.0498480796814	0.0505399703979	0.0486381053925	0.0444521903992	0.0433220863342	0.0579249858856	0.0858609676361	0.0508098602295	0.0465178489685	0.0508940219879	0.053817987442	0.0577821731567	0.0647659301758	0.0665588378906	0.0421080589294	0.0552740097046	0.0513200759888	0.0396399497986	0.0407831668854	0.0727591514587	0.0520191192627	0.12248301506	0.05051612854	0.0307021141052	0.0682909488678	0.0491700172424	0.0477180480957	0.0414321422577	0.0657651424408	0.0423009395599	0.0608360767365	0.114051103592	0.0427839756012	0.0559878349304	0.0472040176392	0.0272200107574	0.0535089969635	0.0415329933167	0.0877568721771	
['./treeMaker/main', '-m', '-b']
0.0452480316162	0.0651168823242	0.064306974411	0.0527658462524	0.0540719032288	0.0485038757324	0.052894115448	0.0572900772095	0.0579288005829	0.0518388748169	0.0522389411926	0.0525801181793	0.0529429912567	0.050460100174	0.0480620861053	0.0463888645172	0.0597500801086	0.0877530574799	0.0542240142822	0.0477859973907	0.0520431995392	0.0480558872223	0.0620758533478	0.0695519447327	0.06698179245	0.0476741790771	0.0583000183105	0.0536408424377	0.0425710678101	0.050831079483	0.0755939483643	0.0552771091461	0.130085945129	0.053318977356	0.0337069034576	0.0688941478729	0.0518779754639	0.0487570762634	0.0423698425293	0.0718290805817	0.0469610691071	0.0641331672668	0.124726057053	0.0479249954224	0.0592520236969	0.0497901439667	0.0291888713837	0.0423130989075	0.0449728965759	0.0957629680634	
['./treeMaker/main', '-m', '-w', '1']
0.0439820289612	0.0613279342651	0.0707092285156	0.0485529899597	0.0517070293427	0.0451500415802	0.0511109828949	0.0528650283813	0.0537300109863	0.0475451946259	0.0515599250793	0.0503339767456	0.0511388778687	0.0483770370483	0.0462369918823	0.042585849762	0.0563981533051	0.0819568634033	0.0527231693268	0.0462110042572	0.0499858856201	0.0434410572052	0.0580298900604	0.0658450126648	0.0643289089203	0.0435140132904	0.0526478290558	0.0496580600739	0.0396099090576	0.0408511161804	0.0729339122772	0.0524368286133	0.119699001312	0.0518050193787	0.0291759967804	0.0647430419922	0.049665927887	0.0474770069122	0.041403055191	0.069354057312	0.0440289974213	0.0604598522186	0.11202287674	0.0564329624176	0.0567948818207	0.0469951629639	0.0271289348602	0.0406579971313	0.041846036911	0.0867319107056	
['./treeMaker/main', '-m', '-w', '2']
0.0436770915985	0.0625250339508	0.0622670650482	0.0581839084625	0.0556128025055	0.0486900806427	0.0609810352325	0.0546541213989	0.0647840499878	0.0482530593872	0.0506939888	0.0514278411865	0.0521190166473	0.0493659973145	0.046875	0.0432860851288	0.060115814209	0.0829470157623	0.0525209903717	0.0473589897156	0.0498929023743	0.0581891536713	0.0580608844757	0.0646739006042	0.0651831626892	0.045175075531	0.0549211502075	0.0503988265991	0.0401949882507	0.0412509441376	0.0723130702972	0.0544290542603	0.121245861053	0.0513999462128	0.0328359603882	0.0635061264038	0.0509719848633	0.0471210479736	0.0415811538696	0.0686340332031	0.0479109287262	0.0611581802368	0.113015890121	0.0456101894379	0.0564489364624	0.0581550598145	0.0267009735107	0.0409691333771	0.0422790050507	0.0887951850891	
['./treeMaker/main', '-m', '-c', '1']
0.0424239635468	0.0613858699799	0.0614161491394	0.0486581325531	0.0511288642883	0.0454428195953	0.0523018836975	0.0530459880829	0.0529570579529	0.0517139434814	0.0508720874786	0.0500769615173	0.0512280464172	0.0573749542236	0.0465681552887	0.0446810722351	0.0567409992218	0.0818519592285	0.0521030426025	0.045352935791	0.0494589805603	0.0441339015961	0.0570149421692	0.062469959259	0.0630161762238	0.0473740100861	0.0583441257477	0.0520360469818	0.0410559177399	0.0410590171814	0.0743589401245	0.0527861118317	0.121229171753	0.0627110004425	0.0295870304108	0.0674710273743	0.0506629943848	0.0474760532379	0.041916847229	0.0675730705261	0.0444190502167	0.0604808330536	0.112143039703	0.0455210208893	0.0557658672333	0.0471119880676	0.0266351699829	0.0503520965576	0.0431241989136	0.0873029232025	
['./treeMaker/main', '-m', '-c', '2']
0.0416748523712	0.0623381137848	0.0615980625153	0.0476520061493	0.0511569976807	0.0463631153107	0.0516860485077	0.0550007820129	0.0555109977722	0.0481159687042	0.0490751266479	0.0497000217438	0.0574970245361	0.0483000278473	0.0468289852142	0.0442039966583	0.0596609115601	0.0820980072021	0.0519511699677	0.0455250740051	0.0494251251221	0.0434741973877	0.0582721233368	0.0752968788147	0.065603017807	0.0454020500183	0.0556719303131	0.0527338981628	0.0433528423309	0.0445559024811	0.0849821567535	0.0540080070496	0.122719049454	0.0537149906158	0.0316791534424	0.0656790733337	0.0509250164032	0.0467319488525	0.041218996048	0.06804895401	0.0548491477966	0.0591289997101	0.112520933151	0.0458149909973	0.0604248046875	0.0485811233521	0.0286378860474	0.0405139923096	0.043356180191	0.0897171497345	
['./treeMaker/main', '-m', '-a', '1']
0.0479698181152	0.0658340454102	0.0647799968719	0.0518200397491	0.0562000274658	0.0489811897278	0.0527400970459	0.0581820011139	0.0595638751984	0.0509741306305	0.0543098449707	0.0651421546936	0.0533690452576	0.0529179573059	0.0491161346436	0.0473780632019	0.060683965683	0.0860478878021	0.0565268993378	0.0496859550476	0.0539598464966	0.0483658313751	0.0609059333801	0.0682170391083	0.0697388648987	0.0473880767822	0.0561671257019	0.0528380870819	0.0412158966064	0.0451509952545	0.0761671066284	0.0542919635773	0.125444889069	0.054594039917	0.0327770709991	0.068617105484	0.055459022522	0.0499088764191	0.0458149909973	0.069354057312	0.0478131771088	0.0646259784698	0.116003990173	0.0489211082458	0.0603141784668	0.0481820106506	0.0306000709534	0.0422699451447	0.045361995697	0.0904428958893	
['./treeMaker/main', '-m', '-a', '2']
0.0442309379578	0.0625240802765	0.0604979991913	0.0479648113251	0.0499291419983	0.0457248687744	0.0603659152985	0.0551109313965	0.0535209178925	0.0480668544769	0.0517590045929	0.0504162311554	0.0504770278931	0.0489940643311	0.0438961982727	0.0417418479919	0.0600259304047	0.0804328918457	0.0522329807281	0.046993970871	0.0495030879974	0.045844078064	0.0568678379059	0.0641551017761	0.0647549629211	0.0448307991028	0.0542619228363	0.0491371154785	0.0410470962524	0.041207075119	0.0722949504852	0.0548100471497	0.120606899261	0.0507941246033	0.0329520702362	0.0647730827332	0.0504438877106	0.0473470687866	0.0397288799286	0.0686130523682	0.0459449291229	0.0607969760895	0.109403848648	0.0453958511353	0.0558612346649	0.046660900116	0.0276129245758	0.0418710708618	0.0421659946442	0.0902299880981	
