25_1000_4.9e-10_4.9e-10_470000000_cut_9
25
1000
4.9e-10
4.9e-10
470000000
cut_9
['./treeMaker/main']
0.0485820770264	0.0790321826935	0.0827920436859	0.0570690631866	0.0589451789856	0.053295135498	0.063127040863	0.0782959461212	0.0686249732971	0.0578570365906	0.0585000514984	0.0636301040649	0.0614771842957	0.0559301376343	0.0532400608063	0.0558159351349	0.0708148479462	0.127840995789	0.0655789375305	0.0511128902435	0.0621829032898	0.0536518096924	0.0778708457947	0.0843889713287	0.0825388431549	0.0492520332336	0.0687038898468	0.0588130950928	0.0459010601044	0.0482141971588	0.0975749492645	0.0611460208893	0.234095096588	0.0597059726715	0.0334448814392	0.0813119411469	0.0603148937225	0.0553369522095	0.048849105835	0.091206073761	0.0490550994873	0.0773758888245	0.198534011841	0.0545110702515	0.0699660778046	0.0550730228424	0.0278251171112	0.0464289188385	0.0465979576111	0.122757911682	
['./treeMaker/main', '-b']
0.0507731437683	0.0828108787537	0.0849778652191	0.0586488246918	0.0639100074768	0.054349899292	0.0652940273285	0.0714468955994	0.0687079429626	0.0597989559174	0.0620908737183	0.0622990131378	0.0627551078796	0.0695309638977	0.0523409843445	0.0633437633514	0.0723991394043	0.131144046783	0.0675051212311	0.051460981369	0.0614881515503	0.0561068058014	0.0730049610138	0.0876250267029	0.0836510658264	0.0544369220734	0.072005033493	0.0612509250641	0.0453541278839	0.0496900081635	0.102802991867	0.0660080909729	0.238552093506	0.0618879795074	0.0352830886841	0.0833470821381	0.0647308826447	0.0556929111481	0.0486011505127	0.0923879146576	0.0528421401978	0.0814669132233	0.204362154007	0.0540668964386	0.0757050514221	0.0574610233307	0.0272529125214	0.0475838184357	0.0465428829193	0.130887985229	
['./treeMaker/main', '-u']
0.0497190952301	0.0793349742889	0.0836479663849	0.0572090148926	0.059504032135	0.0562541484833	0.0624330043793	0.0716910362244	0.0716218948364	0.0588500499725	0.059779882431	0.0628569126129	0.058531999588	0.0569479465485	0.0536968708038	0.0532870292664	0.0693359375	0.126024961472	0.0652918815613	0.0513379573822	0.0621049404144	0.0546700954437	0.0686779022217	0.0839288234711	0.0807027816772	0.0501689910889	0.0735950469971	0.0592560768127	0.0482079982758	0.0513520240784	0.100326061249	0.0636999607086	0.23472905159	0.0587620735168	0.0325918197632	0.0809099674225	0.0679428577423	0.0532510280609	0.0483131408691	0.091607093811	0.0504109859467	0.0778498649597	0.200850963593	0.0548460483551	0.0732488632202	0.0554230213165	0.028872013092	0.0477678775787	0.0477659702301	0.121953964233	
['./treeMaker/main', '-t', '-r', '1']
0.824290037155	1.56231784821	1.50619983673	1.00979995728	1.09492397308	0.951370000839	1.14792609215	1.38296198845	1.20655608177	1.07422709465	1.05212187767	1.07388782501	1.03094100952	0.952667951584	0.889893054962	0.908152103424	1.34053397179	2.41049695015	1.15883994102	0.85246014595	1.10433697701	0.948045969009	1.32925105095	1.53941607475	1.52260494232	0.888675928116	1.40628314018	1.16128110886	0.770230054855	0.790150880814	2.02196907997	1.17467188835	4.37756299973	1.07516813278	0.453804969788	1.4511680603	1.15976595879	0.968871116638	0.787803888321	1.77475595474	0.859075069427	1.47733211517	3.6157181263	0.960675954819	1.47790598869	0.97598195076	0.332204818726	0.79611992836	0.734800100327	2.22348403931	
['./treeMaker/main', '-t', '-r', '2']
1.34960794449	2.54194092751	2.60319113731	1.65960717201	1.71638703346	1.50750899315	1.73422312737	2.06595492363	2.04801487923	1.66738605499	1.83590197563	1.75127315521	1.81683897972	1.64111280441	1.35845994949	1.45022106171	2.11362504959	4.24275302887	2.00027108192	1.38576006889	1.73514008522	1.64361000061	2.1437151432	2.59491896629	2.50417804718	1.55827403069	2.10843491554	1.92264080048	1.19777107239	1.2657430172	3.24535679817	1.89969801903	6.49923396111	1.71359014511	0.754770994186	2.62390112877	1.88828396797	1.48251390457	1.26418995857	2.90369009972	1.44983196259	2.65075016022	6.01824498177	1.50795793533	2.28633213043	1.51992487907	0.516540765762	1.29788303375	1.23285508156	3.874751091	
['./treeMaker/main', '-t', '-r', '1', '-N']
0.834466934204	1.57119894028	1.51391816139	1.02538299561	1.09928703308	0.935735940933	1.14760398865	1.35331392288	1.19759297371	1.08126401901	1.05684518814	1.07468605042	1.02945613861	0.956558942795	0.889367103577	0.913856983185	1.33873200417	2.42113113403	1.15759801865	0.839406013489	1.14055800438	0.963064193726	1.35053014755	1.59901094437	1.54527115822	0.887200117111	1.40801596642	1.18561887741	0.773027181625	0.796917915344	2.03927302361	1.18908405304	4.42692399025	1.0765850544	0.45428109169	1.46540522575	1.14927506447	0.950297117233	0.800487995148	1.81243610382	0.859113931656	1.50745296478	3.72646594048	0.987014055252	1.51852011681	0.996621131897	0.347021102905	0.829937934875	0.779650211334	2.26062202454	
['./treeMaker/main', '-t', '-r', '2', '-N']
1.39366102219	2.59597420692	2.63524198532	1.68706488609	1.767827034	1.54518294334	1.80162191391	2.10916996002	2.08816814423	1.71616601944	1.90216708183	1.82358908653	1.85466504097	1.64268994331	1.39295601845	1.4815788269	2.18203401566	4.31396484375	2.07745909691	1.43288397789	1.81014800072	1.68378591537	2.18514490128	2.65281200409	2.54433178902	1.59275603294	2.11863803864	1.98566102982	1.21257305145	1.33219718933	3.25098419189	1.94090294838	6.55268502235	1.74555897713	0.780920982361	2.68058586121	1.92724299431	1.53358793259	1.29096293449	2.96363711357	1.48967599869	2.64414215088	6.12003207207	1.51453614235	2.32260608673	1.5622549057	0.541714906693	1.28681993484	1.2596039772	3.93310809135	
['./treeMaker/main', '-m']
0.0398759841919	0.057137966156	0.0588700771332	0.0441989898682	0.0476531982422	0.0418040752411	0.0475130081177	0.0515179634094	0.0510649681091	0.0448038578033	0.0474889278412	0.048210144043	0.0480320453644	0.0482029914856	0.0430700778961	0.04217004776	0.0543489456177	0.0807149410248	0.0504579544067	0.0407750606537	0.0450918674469	0.0413429737091	0.0538010597229	0.0617270469666	0.0615179538727	0.0425379276276	0.053554058075	0.0521628856659	0.0385990142822	0.0432739257812	0.0711498260498	0.0540509223938	0.115895032883	0.0507819652557	0.031564950943	0.0634841918945	0.0527758598328	0.0488200187683	0.0417921543121	0.063099861145	0.0403020381927	0.0555589199066	0.104671001434	0.042200088501	0.0526280403137	0.0427029132843	0.0389029979706	0.0421779155731	0.0414049625397	0.0883939266205	
['./treeMaker/main', '-m', '-b']
0.0480849742889	0.0632328987122	0.0750598907471	0.0501289367676	0.0525228977203	0.0481460094452	0.0501899719238	0.0599160194397	0.0612440109253	0.0494389533997	0.0501089096069	0.0509059429169	0.0512979030609	0.0491502285004	0.0486559867859	0.0460360050201	0.0570659637451	0.0921919345856	0.0539131164551	0.047924041748	0.0516259670258	0.0582528114319	0.0609498023987	0.077919960022	0.0643560886383	0.0444898605347	0.0559439659119	0.0517630577087	0.0398170948029	0.0441880226135	0.0721879005432	0.0532288551331	0.121864795685	0.050822019577	0.0325300693512	0.0629439353943	0.0528280735016	0.0505800247192	0.0434131622314	0.0702090263367	0.0458588600159	0.0639379024506	0.113107919693	0.0460062026978	0.0577921867371	0.0504140853882	0.0271837711334	0.0434458255768	0.0427930355072	0.0860311985016	
['./treeMaker/main', '-m', '-w', '1']
0.0421271324158	0.0619280338287	0.0710320472717	0.0469369888306	0.0501778125763	0.0555050373077	0.0606799125671	0.0548429489136	0.05428814888	0.0478658676147	0.0495188236237	0.0476319789886	0.047178030014	0.0472230911255	0.0436551570892	0.0432040691376	0.0561089515686	0.0831360816956	0.0514841079712	0.0447380542755	0.0478239059448	0.0452320575714	0.0557811260223	0.0611710548401	0.0612990856171	0.0422968864441	0.0531041622162	0.048024892807	0.0380430221558	0.040894985199	0.0682229995728	0.0513389110565	0.113481998444	0.0494010448456	0.0303139686584	0.0672428607941	0.0492310523987	0.0449059009552	0.0398781299591	0.0656888484955	0.0418100357056	0.0576610565186	0.104295969009	0.0445559024811	0.0580649375916	0.0599980354309	0.0251708030701	0.0389759540558	0.0397000312805	0.0862748622894	
['./treeMaker/main', '-m', '-w', '2']
0.0433640480042	0.0614159107208	0.0619659423828	0.0472500324249	0.0501770973206	0.0445120334625	0.0493199825287	0.0534000396729	0.0526239871979	0.0472660064697	0.0481519699097	0.0587840080261	0.0503978729248	0.0477449893951	0.0486030578613	0.0465857982635	0.0581679344177	0.0859680175781	0.0496098995209	0.0449268817902	0.0504159927368	0.0459151268005	0.0536279678345	0.06196808815	0.0733897686005	0.045184135437	0.0576810836792	0.0484349727631	0.0398418903351	0.0441498756409	0.0683650970459	0.0514171123505	0.112741947174	0.056764125824	0.0318710803986	0.0620200634003	0.0500769615173	0.0466148853302	0.0409791469574	0.0792210102081	0.0452110767365	0.0615389347076	0.10501408577	0.0452461242676	0.0557608604431	0.0457191467285	0.0268068313599	0.0418989658356	0.0401360988617	0.0800230503082	
['./treeMaker/main', '-m', '-c', '1']
0.0505170822144	0.0591671466827	0.0588362216949	0.046571969986	0.0506339073181	0.0443830490112	0.0503039360046	0.0528740882874	0.0530641078949	0.0510029792786	0.0483911037445	0.0508358478546	0.0486640930176	0.047425031662	0.0457468032837	0.044282913208	0.0566029548645	0.0839059352875	0.0508708953857	0.0433859825134	0.047278881073	0.0436489582062	0.0519540309906	0.0608961582184	0.06285405159	0.0439870357513	0.0520160198212	0.0480849742889	0.0488221645355	0.0418798923492	0.0713920593262	0.0518219470978	0.116455078125	0.0506551265717	0.0314571857452	0.0654208660126	0.0518200397491	0.0475459098816	0.0402939319611	0.0680148601532	0.0424160957336	0.0568799972534	0.104754209518	0.0443749427795	0.0632510185242	0.0460441112518	0.026967048645	0.0406939983368	0.0430800914764	0.0868217945099	
['./treeMaker/main', '-m', '-c', '2']
0.0534720420837	0.0620210170746	0.0630669593811	0.0476100444794	0.0526678562164	0.0460999011993	0.0519981384277	0.0558681488037	0.0569388866425	0.04731798172	0.0517489910126	0.0519390106201	0.0512139797211	0.0474181175232	0.0441248416901	0.0443000793457	0.0572991371155	0.0801401138306	0.0490391254425	0.0565459728241	0.0519421100616	0.0459339618683	0.0553319454193	0.0671639442444	0.0632450580597	0.0402908325195	0.0513021945953	0.0459530353546	0.0366821289062	0.0386891365051	0.0656580924988	0.0497238636017	0.114507913589	0.0461440086365	0.0295579433441	0.0588409900665	0.0475809574127	0.0430841445923	0.0392129421234	0.0642478466034	0.0401120185852	0.0566499233246	0.102291107178	0.0422389507294	0.0524940490723	0.0423278808594	0.0243108272552	0.0387110710144	0.0380570888519	0.0795860290527	
['./treeMaker/main', '-m', '-a', '1']
0.0573391914368	0.0635290145874	0.0656468868256	0.0490770339966	0.0541977882385	0.0496580600739	0.0536940097809	0.0580050945282	0.0554420948029	0.0495779514313	0.0516309738159	0.051628112793	0.0519049167633	0.0542778968811	0.0471200942993	0.04860496521	0.0591108798981	0.0816419124603	0.053572177887	0.0463199615479	0.0494160652161	0.0481090545654	0.0572350025177	0.0718929767609	0.0687599182129	0.0448899269104	0.055969953537	0.0519769191742	0.0458471775055	0.0438368320465	0.0718438625336	0.0526781082153	0.1231341362	0.0532839298248	0.0342910289764	0.0654079914093	0.0531568527222	0.0497369766235	0.0446910858154	0.0699119567871	0.058180809021	0.0644719600677	0.111943006516	0.0478868484497	0.0582039356232	0.0500631332397	0.0306029319763	0.0460948944092	0.0463211536407	0.0900230407715	
['./treeMaker/main', '-m', '-a', '2']
0.0418229103088	0.059210062027	0.0638771057129	0.0473251342773	0.0497040748596	0.0476589202881	0.0501000881195	0.054151058197	0.0527667999268	0.0473320484161	0.0474619865417	0.0517020225525	0.0490231513977	0.0499999523163	0.0463058948517	0.0428199768066	0.0588011741638	0.0830450057983	0.0529441833496	0.0465970039368	0.0545489788055	0.0454888343811	0.0654740333557	0.0665209293365	0.0656709671021	0.0446679592133	0.0657510757446	0.0495240688324	0.0379641056061	0.0527429580688	0.0762820243835	0.0503389835358	0.118937969208	0.0498859882355	0.0386168956757	0.0639801025391	0.0493779182434	0.0471069812775	0.0421319007874	0.0768368244171	0.0434951782227	0.0561470985413	0.104947090149	0.0457370281219	0.0542278289795	0.0465130805969	0.0269029140472	0.0410940647125	0.0520441532135	0.0903260707855	
