25_1000_1.9e-10_1.9e-10_190000000
25
1000
1.9e-10
1.9e-10
190000000

['./treeMaker/main']
0.100470066071	0.0721499919891	0.0756008625031	0.0759410858154	0.0941278934479	0.0907001495361	0.084235906601	0.0875561237335	0.0981380939484	0.0846199989319	0.0802309513092	0.100656986237	0.113401174545	0.0928168296814	0.0976932048798	0.10044503212	0.0911109447479	0.0936970710754	0.126190900803	0.0922298431396	0.104262828827	0.0889890193939	0.0933520793915	0.0758528709412	0.0748710632324	0.0852510929108	0.115305900574	0.0861039161682	0.0704419612885	0.0719389915466	0.093071937561	0.0841159820557	0.114130973816	0.0794968605042	0.137471914291	0.112557888031	0.0879850387573	0.0884490013123	0.0867309570312	0.066370010376	0.162528991699	0.0929799079895	0.0881869792938	0.0945591926575	0.0918481349945	0.109675884247	0.0999920368195	0.0772960186005	0.0981540679932	0.0780038833618	
['./treeMaker/main', '-b']
0.101149082184	0.0791931152344	0.0980429649353	0.0800750255585	0.101748943329	0.0965750217438	0.0886628627777	0.106249094009	0.102171897888	0.0919258594513	0.0791041851044	0.106067895889	0.108247041702	0.0721600055695	0.139803171158	0.11199092865	0.0921099185944	0.0903069972992	0.13831114769	0.102384090424	0.101361036301	0.0987701416016	0.0941429138184	0.0931499004364	0.0733458995819	0.0845739841461	0.103686094284	0.108721971512	0.0894901752472	0.0917530059814	0.0931789875031	0.0908110141754	0.11331486702	0.0817580223083	0.0830180644989	0.101024866104	0.0773680210114	0.0844190120697	0.0898771286011	0.0846650600433	0.0817048549652	0.123476982117	0.090637922287	0.102660894394	0.0950021743774	0.0801668167114	0.0765199661255	0.0853571891785	0.1039249897	0.0876441001892	
['./treeMaker/main', '-u']
0.0922040939331	0.075052022934	0.098993062973	0.0921969413757	0.112025022507	0.090677022934	0.0752909183502	0.0718910694122	0.12328004837	0.0870509147644	0.0799720287323	0.106249094009	0.102335929871	0.0851781368256	0.0978169441223	0.109225988388	0.140524148941	0.0867319107056	0.135680913925	0.0965600013733	0.115052938461	0.0907959938049	0.0853500366211	0.0916140079498	0.0740048885345	0.0844669342041	0.103302955627	0.0857360363007	0.0820000171661	0.0955309867859	0.102887153625	0.0933349132538	0.173365116119	0.075092792511	0.103235006332	0.116899013519	0.0842480659485	0.0858449935913	0.0680799484253	0.0639400482178	0.0999510288239	0.0810451507568	0.083596944809	0.0948691368103	0.0722999572754	0.0934300422668	0.10431098938	0.0899519920349	0.0964500904083	0.0685420036316	
['./treeMaker/main', '-t', '-r', '1']
1.1986618042	0.788834095001	1.15367698669	1.04999899864	1.15411090851	1.11234498024	1.02399802208	1.10006594658	1.39764285088	0.941842079163	0.900823116302	1.13901805878	1.36550807953	1.11985206604	1.22577095032	1.37908911705	0.982394933701	0.931765079498	1.96373701096	1.11441111565	1.10920500755	0.946851015091	1.22041201591	1.06918811798	0.774559020996	0.850347042084	1.34675812721	0.883372068405	0.975584030151	1.09110307693	1.1725230217	1.03540301323	1.50266909599	0.905679941177	1.25065279007	1.28317284584	0.888334989548	1.00305080414	1.0066781044	0.888351917267	1.30903697014	0.852971076965	0.985419988632	1.21223497391	1.02958989143	1.21874499321	1.19050788879	0.942820072174	1.22211480141	0.769790887833	
['./treeMaker/main', '-t', '-r', '2']
1.73321199417	1.05816292763	1.64586997032	1.45984601974	1.66279196739	1.52960705757	1.41972994804	1.5851521492	2.00463795662	1.31051111221	1.18517899513	1.56268596649	2.16444301605	1.59755301476	1.63766312599	1.86480689049	1.46022796631	1.33383107185	2.79294204712	1.80133104324	1.55070590973	1.40360212326	1.61297798157	1.55999088287	1.01307106018	1.19392895699	1.92313408852	1.19192910194	1.38724994659	1.53389406204	1.65140795708	1.47907495499	2.30006098747	1.29865193367	1.77043008804	2.20682907104	1.20531010628	1.42764806747	1.44344186783	1.2178940773	1.85181903839	1.25820302963	1.3707511425	1.645581007	1.49185705185	1.67090892792	1.5561580658	1.33230519295	1.70742297173	1.06173396111	
['./treeMaker/main', '-t', '-r', '1', '-N']
1.16089892387	0.769361972809	1.15047597885	1.02135491371	1.14557814598	1.10844802856	1.00683307648	1.07881188393	1.37202596664	0.911957025528	0.88903093338	1.1142771244	1.46587991714	1.0637409687	1.17202806473	1.28159618378	0.982080936432	0.957718133926	1.87486696243	1.16613602638	1.14878892899	1.01428294182	1.17055702209	1.12206101418	0.748711109161	0.846450090408	1.32099294662	0.865567922592	0.976029872894	1.09512400627	1.1556251049	1.04981017113	1.50083518028	0.910542011261	1.24411392212	1.27470397949	0.856117963791	0.979439973831	1.00200009346	0.869627952576	1.28908395767	0.823577880859	0.994971036911	1.16735196114	1.02091503143	1.19234800339	1.14490485191	0.938653945923	1.20583105087	0.756214141846	
['./treeMaker/main', '-t', '-r', '2', '-N']
1.67419695854	1.05584406853	1.63923192024	1.44022107124	1.64528512955	1.51860189438	1.38762998581	1.55968999863	1.94268298149	1.28968095779	1.19243192673	1.58062314987	2.14575600624	1.57646894455	1.63960504532	1.83421182632	1.4210190773	1.2954750061	2.70671892166	1.74037599564	1.54177188873	1.37663507462	1.63204908371	1.54303002357	1.00095820427	1.17655181885	1.88892006874	1.19099211693	1.36072492599	1.51386809349	1.59877300262	1.44184303284	2.21848416328	1.2623269558	1.74131011963	2.07364201546	1.15539097786	1.37104892731	1.35076379776	1.20952391624	1.89892292023	1.25290703773	1.34196305275	1.68961882591	1.52391791344	1.71688389778	1.57923603058	1.38109898567	1.73889899254	1.10175299644	
['./treeMaker/main', '-m']
0.0712559223175	0.0703430175781	0.0755250453949	0.0705180168152	0.0753729343414	0.0733299255371	0.0766291618347	0.072319984436	0.0863971710205	0.0803759098053	0.0673990249634	0.0786249637604	0.0886468887329	0.0735690593719	0.0723350048065	0.0874390602112	0.0709249973297	0.0665171146393	0.0895850658417	0.0821859836578	0.0666930675507	0.066633939743	0.0744860172272	0.0712008476257	0.0636811256409	0.0670609474182	0.0795149803162	0.0714719295502	0.0722301006317	0.0745098590851	0.07674908638	0.066577911377	0.0824420452118	0.0715370178223	0.0798058509827	0.0830569267273	0.0596401691437	0.0658769607544	0.0720570087433	0.0670518875122	0.079754114151	0.0728030204773	0.0744340419769	0.0733759403229	0.07461977005	0.0747230052948	0.0739440917969	0.0684449672699	0.0728600025177	0.0616638660431	
['./treeMaker/main', '-m', '-b']
0.0776381492615	0.0655360221863	0.0781400203705	0.0684559345245	0.0763549804688	0.0826630592346	0.072536945343	0.0775549411774	0.0746150016785	0.0808789730072	0.0683250427246	0.0744521617889	0.0922448635101	0.072074174881	0.073930978775	0.0777771472931	0.0776989459991	0.080934047699	0.0916440486908	0.0748279094696	0.0727519989014	0.0693728923798	0.0770511627197	0.0731871128082	0.0609920024872	0.0660128593445	0.0800089836121	0.069020986557	0.0739450454712	0.0807049274445	0.0771660804749	0.0756189823151	0.0919749736786	0.0833239555359	0.0793359279633	0.0904669761658	0.0757570266724	0.0672619342804	0.0693650245667	0.0699679851532	0.071121931076	0.0651140213013	0.0696918964386	0.0785369873047	0.074334859848	0.0830130577087	0.0746028423309	0.0675859451294	0.0772290229797	0.0669300556183	
['./treeMaker/main', '-m', '-w', '1']
0.0772771835327	0.0852620601654	0.0691449642181	0.0715138912201	0.0773451328278	0.0727200508118	0.0628609657288	0.0875630378723	0.0782830715179	0.0712909698486	0.0684230327606	0.0738570690155	0.0772340297699	0.0794010162354	0.0726809501648	0.0781648159027	0.0733988285065	0.0675630569458	0.104204893112	0.0766031742096	0.0753509998322	0.0771820545197	0.0728061199188	0.0729138851166	0.0653479099274	0.0658888816833	0.0793220996857	0.0688199996948	0.0636548995972	0.068864107132	0.0738310813904	0.0776691436768	0.092188835144	0.0644981861115	0.0749008655548	0.0811400413513	0.0737688541412	0.0723009109497	0.0694661140442	0.0627138614655	0.0715789794922	0.067715883255	0.0681490898132	0.0733389854431	0.0727770328522	0.0767920017242	0.0756051540375	0.0645620822906	0.0742559432983	0.0676341056824	
['./treeMaker/main', '-m', '-w', '2']
0.076103925705	0.0638880729675	0.0772619247437	0.0776641368866	0.0834059715271	0.0672459602356	0.0702819824219	0.0758171081543	0.0812709331512	0.0676691532135	0.0706260204315	0.0751209259033	0.0843100547791	0.0787250995636	0.0797488689423	0.085541009903	0.0721309185028	0.0677599906921	0.0902049541473	0.0750508308411	0.0735130310059	0.0705189704895	0.0765919685364	0.076789855957	0.0718860626221	0.0809049606323	0.0813529491425	0.0629050731659	0.0779650211334	0.0730900764465	0.0752367973328	0.0800778865814	0.0817289352417	0.066474199295	0.0798981189728	0.090637922287	0.0824959278107	0.0701608657837	0.0728797912598	0.0713579654694	0.078253030777	0.0695850849152	0.0699989795685	0.0748407840729	0.0719130039215	0.0761730670929	0.0747759342194	0.0704050064087	0.0759799480438	0.069727897644	
['./treeMaker/main', '-m', '-c', '1']
0.0735640525818	0.0628311634064	0.0822460651398	0.0728030204773	0.0669310092926	0.0713679790497	0.0789368152618	0.082937002182	0.0824468135834	0.0681819915771	0.0669090747833	0.0754849910736	0.0798211097717	0.0773041248322	0.0868928432465	0.0812730789185	0.073478937149	0.0659568309784	0.0877900123596	0.0854909420013	0.081698179245	0.0685548782349	0.0749680995941	0.0739760398865	0.0661311149597	0.0679700374603	0.0773870944977	0.0655589103699	0.0671601295471	0.0745959281921	0.0718629360199	0.071515083313	0.0792150497437	0.0708079338074	0.0750720500946	0.0818769931793	0.0659959316254	0.0683801174164	0.0649399757385	0.0664019584656	0.0905342102051	0.066703081131	0.0740330219269	0.0821280479431	0.072781085968	0.0748801231384	0.0726890563965	0.0650320053101	0.0840420722961	0.0674920082092	
['./treeMaker/main', '-m', '-c', '2']
0.0833640098572	0.065062046051	0.0758202075958	0.0774230957031	0.077773809433	0.0717740058899	0.0790650844574	0.0787150859833	0.0778000354767	0.0671648979187	0.0653469562531	0.0767738819122	0.0835330486298	0.0854349136353	0.0754499435425	0.0777680873871	0.0771288871765	0.0681488513947	0.0859282016754	0.0822200775146	0.0756139755249	0.0701291561127	0.0771949291229	0.0867640972137	0.0648510456085	0.0799379348755	0.0776329040527	0.0845952033997	0.0761241912842	0.0695810317993	0.073037147522	0.067526102066	0.079628944397	0.0648980140686	0.073009967804	0.0830368995667	0.0636010169983	0.0684540271759	0.0750861167908	0.0740168094635	0.074511051178	0.0641891956329	0.0644869804382	0.0765450000763	0.0879228115082	0.0783660411835	0.0750000476837	0.0652058124542	0.080041885376	0.0637509822845	
['./treeMaker/main', '-m', '-a', '1']
0.0870871543884	0.0834541320801	0.0874481201172	0.085832118988	0.089558839798	0.0902819633484	0.08323097229	0.0841360092163	0.0936748981476	0.0762119293213	0.0847442150116	0.090891122818	0.0892779827118	0.0870559215546	0.0831158161163	0.0958588123322	0.0906689167023	0.0797390937805	0.100162029266	0.0860579013824	0.0867538452148	0.08762383461	0.081698179245	0.0996479988098	0.072961807251	0.0795900821686	0.0868670940399	0.089467048645	0.0879859924316	0.0932030677795	0.0885519981384	0.0875399112701	0.0949788093567	0.0782120227814	0.0954778194427	0.0910139083862	0.083263874054	0.0796148777008	0.0808718204498	0.0771329402924	0.0856249332428	0.0860140323639	0.0866138935089	0.0850999355316	0.0829730033875	0.0881600379944	0.0947828292847	0.0823931694031	0.0854880809784	0.0828990936279	
['./treeMaker/main', '-m', '-a', '2']
0.0824620723724	0.0627841949463	0.0862889289856	0.071533203125	0.0738859176636	0.0740768909454	0.0697891712189	0.071624994278	0.0855429172516	0.0654699802399	0.0671598911285	0.0795588493347	0.0789489746094	0.0762031078339	0.0822360515594	0.0801820755005	0.0787129402161	0.0653982162476	0.0873899459839	0.0712900161743	0.0789659023285	0.0778069496155	0.0742301940918	0.0824990272522	0.0685429573059	0.0646839141846	0.0773668289185	0.0814471244812	0.0704090595245	0.0792980194092	0.0805509090424	0.0745499134064	0.0778810977936	0.0650589466095	0.079293012619	0.0822069644928	0.0763130187988	0.0706388950348	0.0724558830261	0.0653369426727	0.0773510932922	0.0672030448914	0.0674300193787	0.0752050876617	0.0742371082306	0.0784299373627	0.0761320590973	0.0756509304047	0.0771548748016	0.0717668533325	
