25_1000_4.9e-10_4.9e-10_48000000
25
1000
4.9e-10
4.9e-10
48000000

['./treeMaker/main']
0.130636930466	0.179779052734	0.139047145844	0.194787025452	0.205918073654	0.116061925888	0.11137008667	0.0908191204071	0.128516197205	0.107833862305	0.118092060089	0.133603096008	0.12796497345	0.166506052017	0.111366033554	0.177162885666	0.158134937286	0.128662109375	0.0930550098419	0.282513141632	0.12579703331	0.127800941467	0.0829730033875	0.13245511055	0.234341144562	0.239550113678	0.155888080597	0.145421028137	0.117895841599	0.0911240577698	0.0978569984436	0.119211912155	0.116141080856	0.156240940094	0.080108165741	0.108027935028	0.120517969131	0.118029117584	0.221801996231	0.0956499576569	0.11171412468	0.150059938431	0.0981938838959	0.204381942749	0.0804917812347	0.224645137787	0.134539842606	0.126260995865	0.160498142242	0.184087991714	
['./treeMaker/main', '-b']
0.129796028137	0.178193092346	0.142059087753	0.188183069229	0.221028089523	0.12530207634	0.123426914215	0.0979039669037	0.127712011337	0.119373083115	0.133050203323	0.142534971237	0.132373809814	0.166594982147	0.11883687973	0.176095962524	0.164499044418	0.134787082672	0.0932359695435	0.28814291954	0.125488042831	0.122114896774	0.0870840549469	0.128258943558	0.246207952499	0.248874902725	0.158890962601	0.161373138428	0.128099918365	0.102437019348	0.104610919952	0.119241952896	0.116983890533	0.152266979218	0.0814011096954	0.109031915665	0.13098692894	0.122593164444	0.235455036163	0.111582994461	0.123615026474	0.161024808884	0.0981168746948	0.228078842163	0.0957388877869	0.233272075653	0.133619070053	0.130419969559	0.162506103516	0.180166959763	
['./treeMaker/main', '-u']
0.122573852539	0.175411939621	0.136654138565	0.181301832199	0.191906929016	0.117530107498	0.117983818054	0.0979249477386	0.123950004578	0.123994112015	0.125377178192	0.133619070053	0.129713058472	0.16080904007	0.122627019882	0.174013137817	0.173779964447	0.13533616066	0.0938119888306	0.280555009842	0.134212017059	0.118654966354	0.0833649635315	0.127932071686	0.239495992661	0.240256071091	0.156821012497	0.148071050644	0.116902112961	0.0915329456329	0.090824842453	0.115854024887	0.117012023926	0.145039081573	0.0691211223602	0.101505994797	0.129831790924	0.108613014221	0.216771841049	0.0982940196991	0.109848022461	0.146080970764	0.108773946762	0.205612182617	0.0802531242371	0.226603031158	0.138915061951	0.131287097931	0.158312082291	0.166510820389	
['./treeMaker/main', '-t', '-r', '1']
2.3616001606	3.21755504608	2.37904596329	3.41239190102	3.6442489624	2.0336060524	1.97796297073	1.59852194786	2.36475586891	1.91798400879	2.20809006691	2.31588506699	2.36657500267	3.03941392899	2.10945796967	3.12300109863	2.92194986343	2.38278603554	1.68789792061	5.10113501549	2.22953081131	1.94848299026	1.40105605125	2.23693704605	4.10094594955	4.05081295967	2.69233298302	2.9177570343	1.91843008995	1.60332894325	1.46110796928	1.94033718109	2.12167787552	2.77313709259	1.15548300743	1.8076338768	2.18160796165	1.94545197487	4.18372797966	1.66116404533	1.92855811119	2.92232704163	1.70909881592	3.79000782967	1.29284906387	4.17232584953	2.35826611519	2.32518696785	2.90664601326	3.10329198837	
['./treeMaker/main', '-t', '-r', '2']
3.48120117188	4.71788287163	3.65680098534	5.14184093475	5.48678612709	3.1147210598	2.98352789879	2.29978895187	3.68979287148	2.7919511795	3.09752297401	3.34693598747	3.46720695496	4.53516101837	3.19130587578	4.58313107491	4.56542801857	3.74108505249	2.39270687103	7.61671090126	3.40566802025	3.46391010284	1.96955299377	3.65477108955	6.54436516762	6.98646903038	4.21487903595	4.14573907852	3.23941111565	2.33762311935	2.48666810989	2.83274197578	3.10981202126	4.1016190052	1.59647798538	2.6820089817	3.23042011261	3.02641487122	6.38289690018	2.52311897278	3.0447769165	4.10309910774	2.52753615379	5.97815489769	1.97790288925	6.18762493134	3.6415450573	3.48013091087	4.68195700645	4.7512409687	
['./treeMaker/main', '-t', '-r', '1', '-N']
2.33703994751	3.29253792763	2.45181918144	3.51518201828	3.75179004669	2.05031180382	2.03363609314	1.6381919384	2.44780707359	2.29244208336	2.63497900963	2.69676208496	2.83187603951	3.60761404037	2.47357583046	3.87343192101	3.56979894638	2.88894820213	2.05758285522	6.23981285095	2.74143505096	2.34064888954	1.74203491211	2.77547001839	5.05751109123	5.04465985298	3.83812713623	3.56267690659	2.33382296562	1.89499878883	1.71848487854	2.30017185211	2.53447318077	3.31228208542	1.39747214317	2.09169387817	2.51586580276	2.2886929512	4.96254515648	1.99060893059	2.2922270298	3.46692991257	2.03966903687	4.4811270237	1.52251505852	4.93582701683	2.8577849865	2.76545214653	3.5536339283	3.73320913315	
['./treeMaker/main', '-t', '-r', '2', '-N']
4.18595004082	5.55742383003	4.41703295708	6.16727399826	6.56496810913	3.72915101051	3.61863994598	2.68060588837	4.33601093292	3.35190415382	3.67459082603	4.09607982635	4.23063898087	5.50061988831	3.79555606842	5.66128802299	5.61638188362	4.67975187302	2.95417308807	9.22917699814	4.28024792671	4.20718502998	2.37300491333	4.23680305481	7.52446699142	8.07350587845	4.90542602539	4.79386401176	3.9650349617	2.8008248806	2.92562103271	3.4506418705	3.7173948288	5.06345009804	1.99183702469	3.21575188637	3.77437496185	3.4501760006	7.24853992462	2.88165092468	3.6017241478	4.7617828846	2.91563892365	6.86548900604	2.30644583702	7.13778996468	4.22046399117	4.03431606293	5.37966704369	5.44923496246	
['./treeMaker/main', '-m']
0.107666015625	0.119259119034	0.103424072266	0.124622106552	0.123908042908	0.0948181152344	0.107003927231	0.088947057724	0.116240024567	0.102519035339	0.103549003601	0.113662958145	0.11746096611	0.123524904251	0.0955238342285	0.12908911705	0.125981807709	0.123456001282	0.0803968906403	0.151276111603	0.0991401672363	0.104840040207	0.0750529766083	0.10032916069	0.156476974487	0.145823955536	0.122648000717	0.118205070496	0.0953640937805	0.0932841300964	0.0872941017151	0.0938239097595	0.101356983185	0.126297950745	0.0726110935211	0.0924470424652	0.0974388122559	0.094978094101	0.136734962463	0.0852630138397	0.0932140350342	0.124068975449	0.0821120738983	0.153256893158	0.0826671123505	0.143494844437	0.0973110198975	0.0990521907806	0.122827768326	0.118873119354	
['./treeMaker/main', '-m', '-b']
0.115669965744	0.124243974686	0.122385025024	0.140784025192	0.133963108063	0.0978870391846	0.105417966843	0.0846939086914	0.120045900345	0.0942130088806	0.107761859894	0.10471701622	0.111994981766	0.122627019882	0.104439973831	0.12403512001	0.125051021576	0.107498168945	0.0980560779572	0.17391705513	0.100665092468	0.10281586647	0.0839600563049	0.102308988571	0.155132055283	0.159286022186	0.116467952728	0.115390062332	0.103915929794	0.0997271537781	0.102069139481	0.100522041321	0.113888978958	0.116841077805	0.0779740810394	0.0985119342804	0.106498003006	0.104688882828	0.155261039734	0.102606058121	0.102470874786	0.118127822876	0.0914618968964	0.148071050644	0.0855240821838	0.145074129105	0.106772184372	0.102417945862	0.121268987656	0.137866973877	
['./treeMaker/main', '-m', '-w', '1']
0.0959670543671	0.130141973495	0.116412162781	0.139051914215	0.134517908096	0.0958590507507	0.107227087021	0.0895907878876	0.100070953369	0.0895011425018	0.0937340259552	0.109278917313	0.0993208885193	0.112326860428	0.0956919193268	0.132460832596	0.121767997742	0.111017942429	0.0873641967773	0.156316995621	0.112017154694	0.108378171921	0.075147151947	0.105416059494	0.155037879944	0.161246061325	0.116767168045	0.10529088974	0.0932109355927	0.0918791294098	0.0858829021454	0.0946359634399	0.0936877727509	0.106873035431	0.0661680698395	0.0852379798889	0.108231067657	0.1127409935	0.138165950775	0.0829758644104	0.0915999412537	0.108716011047	0.0977621078491	0.142970085144	0.0814130306244	0.145493984222	0.108673095703	0.099319934845	0.124246120453	0.123389005661	
['./treeMaker/main', '-m', '-w', '2']
0.103621959686	0.121981143951	0.106868982315	0.124016046524	0.12642288208	0.0944139957428	0.0926971435547	0.0773589611053	0.110027074814	0.0973980426788	0.0946078300476	0.099289894104	0.114639997482	0.119993209839	0.102023839951	0.12720990181	0.126700162888	0.116836071014	0.0952618122101	0.153466939926	0.100995063782	0.114007949829	0.0864200592041	0.0974700450897	0.14904999733	0.146862030029	0.117908000946	0.111966133118	0.0941848754883	0.0814051628113	0.0835790634155	0.0876240730286	0.0917019844055	0.118891000748	0.0742819309235	0.0976319313049	0.110776901245	0.100571155548	0.147866010666	0.0936460494995	0.103110074997	0.111155033112	0.0845038890839	0.135156869888	0.0743291378021	0.142362833023	0.100589036942	0.111414194107	0.124191999435	0.123626947403	
['./treeMaker/main', '-m', '-c', '1']
0.1115899086	0.123656988144	0.113789081573	0.135097980499	0.125810861588	0.105401992798	0.0971782207489	0.0773000717163	0.100970029831	0.103581190109	0.101452112198	0.11731505394	0.103646039963	0.116177797318	0.101853847504	0.126775026321	0.124943971634	0.116967916489	0.0867631435394	0.162445068359	0.0998680591583	0.111167907715	0.0953989028931	0.0983319282532	0.138961076736	0.146512985229	0.107434988022	0.115316152573	0.106617927551	0.0916941165924	0.0789680480957	0.09694480896	0.0939989089966	0.125653028488	0.0746700763702	0.104318857193	0.0936951637268	0.0926029682159	0.134823083878	0.0983290672302	0.101217985153	0.129850149155	0.0825560092926	0.13914680481	0.0770740509033	0.146692991257	0.107685089111	0.105961799622	0.114759922028	0.120299816132	
['./treeMaker/main', '-m', '-c', '2']
0.0972139835358	0.114957809448	0.103862047195	0.12520980835	0.125157117844	0.09610414505	0.107679128647	0.0850529670715	0.102644920349	0.105345010757	0.103477954865	0.0997240543365	0.114118814468	0.11988902092	0.107814073563	0.117952108383	0.115868091583	0.106785058975	0.0840210914612	0.153109788895	0.0979828834534	0.0986850261688	0.0810589790344	0.106731891632	0.152631044388	0.147399187088	0.110544919968	0.105294942856	0.100642204285	0.0935788154602	0.0887608528137	0.0895349979401	0.0917549133301	0.113118886948	0.0742290019989	0.0903759002686	0.0962560176849	0.100009918213	0.143620967865	0.0876381397247	0.101497888565	0.109632968903	0.0838289260864	0.138511180878	0.0922119617462	0.139647006989	0.0985748767853	0.0978569984436	0.127375841141	0.120362997055	
['./treeMaker/main', '-m', '-a', '1']
0.120233058929	0.127952098846	0.125587940216	0.132573127747	0.13348698616	0.115571975708	0.112880945206	0.0896899700165	0.110626935959	0.099179983139	0.102967023849	0.115120887756	0.116036176682	0.129966974258	0.121270179749	0.127215147018	0.128621101379	0.114365100861	0.0921490192413	0.175525903702	0.10894203186	0.107737064362	0.0851829051971	0.12068605423	0.1553170681	0.17467713356	0.121633052826	0.122881889343	0.122772932053	0.102754116058	0.0908331871033	0.0940878391266	0.103600025177	0.122553110123	0.0880401134491	0.100265026093	0.104422807693	0.117236852646	0.157843828201	0.096498966217	0.117028236389	0.132772922516	0.0959630012512	0.148159980774	0.0933928489685	0.158742904663	0.116879940033	0.110743999481	0.130479812622	0.133952140808	
['./treeMaker/main', '-m', '-a', '2']
0.100089073181	0.119570970535	0.115665197372	0.133025884628	0.134785175323	0.105105876923	0.110346078873	0.0830988883972	0.109903097153	0.0934348106384	0.10911989212	0.109405994415	0.104241847992	0.130166053772	0.11137509346	0.13248705864	0.125594139099	0.102965116501	0.0814528465271	0.181272029877	0.10133600235	0.101537942886	0.0811228752136	0.100832939148	0.153361082077	0.153727054596	0.114413976669	0.104416847229	0.100381851196	0.0980279445648	0.0792801380157	0.0878558158875	0.108440160751	0.116142988205	0.0736088752747	0.0885200500488	0.0916421413422	0.0911431312561	0.138168811798	0.0980319976807	0.0997631549835	0.114956140518	0.0875971317291	0.129600048065	0.0798740386963	0.146209001541	0.10343503952	0.0993790626526	0.115761041641	0.119822025299	
