25_1000_0_0_10000
25
1000
0
0
10000

['./treeMaker/main']
0.0342221260071	0.0338699817657	0.0342619419098	0.0369260311127	0.0357630252838	0.0359160900116	0.0380599498749	0.0341429710388	0.0364708900452	0.0369641780853	0.0505139827728	0.0386390686035	0.0361838340759	0.0332400798798	0.0396039485931	0.0361790657043	0.042592048645	0.0416560173035	0.0370259284973	0.0364439487457	0.0367980003357	0.0349497795105	0.0394539833069	0.0372099876404	0.0359869003296	0.0374641418457	0.0356090068817	0.0351388454437	0.0360860824585	0.0351989269257	0.0401120185852	0.0400609970093	0.039244890213	0.0456640720367	0.0500409603119	0.0389838218689	0.0391387939453	0.045844078064	0.0347321033478	0.0361862182617	0.0359199047089	0.0378139019012	0.0354340076447	0.0472450256348	0.0454230308533	0.0353319644928	0.0360629558563	0.036502122879	0.0357758998871	0.037496805191	
['./treeMaker/main', '-b']
0.0373449325562	0.0376460552216	0.0456600189209	0.0383260250092	0.0382368564606	0.0395121574402	0.0372347831726	0.038074016571	0.0362429618835	0.0373549461365	0.0402829647064	0.0370409488678	0.0366010665894	0.0362360477448	0.0382671356201	0.0369169712067	0.0361530780792	0.0365519523621	0.0356879234314	0.036819934845	0.0363628864288	0.0390379428864	0.0368421077728	0.035943031311	0.042366027832	0.0356338024139	0.0450539588928	0.0370261669159	0.0374660491943	0.0358500480652	0.0366179943085	0.0398371219635	0.0371170043945	0.0368738174438	0.0363039970398	0.0351631641388	0.0383250713348	0.0365529060364	0.0357439517975	0.0486559867859	0.0381112098694	0.0386910438538	0.037232875824	0.0358459949493	0.0361580848694	0.0365900993347	0.0341989994049	0.0362391471863	0.0341482162476	0.0447080135345	
['./treeMaker/main', '-u']
0.0363960266113	0.036041021347	0.0385658740997	0.0373358726501	0.0472159385681	0.0365929603577	0.0356729030609	0.0349519252777	0.0349979400635	0.0377371311188	0.0384640693665	0.0353970527649	0.0358948707581	0.0350260734558	0.0444810390472	0.0361139774323	0.0403828620911	0.0384650230408	0.0358300209045	0.0404081344604	0.0379219055176	0.0367081165314	0.0396649837494	0.0365951061249	0.0376889705658	0.037073135376	0.0348229408264	0.0344860553741	0.0368227958679	0.035530090332	0.0370948314667	0.0365109443665	0.0344350337982	0.035178899765	0.0394740104675	0.045313835144	0.0368509292603	0.0385389328003	0.0371470451355	0.0385630130768	0.0395128726959	0.0370669364929	0.0358219146729	0.0397691726685	0.0373611450195	0.0476229190826	0.0400059223175	0.036926984787	0.0358819961548	0.0382218360901	
['./treeMaker/main', '-t', '-r', '1']
0.35982298851	0.329789161682	0.35946893692	0.330566167831	0.338363170624	0.353339195251	0.330704212189	0.350713968277	0.353714942932	0.343038082123	0.359523057938	0.340277910233	0.3354139328	0.341583013535	0.330653905869	0.326422929764	0.326781988144	0.338183879852	0.335978031158	0.337953090668	0.334203004837	0.351032018661	0.343287944794	0.32915687561	0.364239931107	0.34463095665	0.345435857773	0.345246076584	0.354853153229	0.335865020752	0.35512304306	0.354388952255	0.340539932251	0.355348110199	0.327622890472	0.353785037994	0.327164888382	0.355665922165	0.325751066208	0.342342853546	0.327947854996	0.328896045685	0.325191020966	0.330901145935	0.342336893082	0.361674070358	0.33278799057	0.344862937927	0.33678817749	0.329493999481	
['./treeMaker/main', '-t', '-r', '2']
0.419417858124	0.380576133728	0.395534992218	0.399173974991	0.374197006226	0.406150102615	0.425908088684	0.39940905571	0.394919872284	0.379061937332	0.418287038803	0.402680158615	0.373044013977	0.382219076157	0.412182807922	0.380584955215	0.37403512001	0.377395868301	0.398929834366	0.410871982574	0.399235963821	0.375934839249	0.38249206543	0.422856092453	0.425573825836	0.392868041992	0.386805772781	0.398294210434	0.394958972931	0.371018886566	0.433485031128	0.405458927155	0.395285844803	0.414304018021	0.394940137863	0.411131858826	0.398016929626	0.408175945282	0.403784990311	0.393744945526	0.404186010361	0.399668931961	0.391628026962	0.403374910355	0.402308225632	0.410675048828	0.382143974304	0.43803191185	0.421314001083	0.421542167664	
['./treeMaker/main', '-t', '-r', '1', '-N']
0.357146024704	0.354520082474	0.341814994812	0.339224100113	0.331929206848	0.339699983597	0.331925153732	0.353450059891	0.337661027908	0.359705924988	0.365974187851	0.340321063995	0.340590000153	0.354784011841	0.341579914093	0.325645923615	0.35971903801	0.327311992645	0.350617170334	0.355062007904	0.349359989166	0.352411985397	0.328007936478	0.325434207916	0.329484939575	0.349587917328	0.353965997696	0.358086109161	0.339062213898	0.352929830551	0.363562107086	0.338869094849	0.357673883438	0.354759931564	0.361183166504	0.348696947098	0.349333047867	0.36027598381	0.336464881897	0.357650995255	0.338646173477	0.353967905045	0.329005002975	0.357175827026	0.330105066299	0.35609292984	0.352988958359	0.353413105011	0.340368032455	0.330211877823	
['./treeMaker/main', '-t', '-r', '2', '-N']
0.402266025543	0.384995937347	0.397799968719	0.390184164047	0.4105219841	0.408977031708	0.401741027832	0.412994861603	0.39489197731	0.379130840302	0.429436922073	0.397597074509	0.38760304451	0.364702939987	0.419620037079	0.370461940765	0.374888181686	0.410367012024	0.4021089077	0.408028125763	0.420819997787	0.393699169159	0.403869867325	0.419242858887	0.426450014114	0.40830206871	0.392503976822	0.4232878685	0.412415981293	0.366702079773	0.410210847855	0.415141105652	0.399767875671	0.382227182388	0.400710105896	0.421236991882	0.401748180389	0.410429000854	0.386042833328	0.395985841751	0.391983985901	0.398284912109	0.382493019104	0.409494161606	0.379765033722	0.408704996109	0.373014211655	0.387701034546	0.419739961624	0.396099090576	
['./treeMaker/main', '-m']
0.0348739624023	0.0408711433411	0.0390031337738	0.0380399227142	0.0372970104218	0.0379929542542	0.0355961322784	0.0369000434875	0.0393280982971	0.035768032074	0.0466570854187	0.0384521484375	0.0360581874847	0.0361931324005	0.0361449718475	0.0362451076508	0.0432538986206	0.0368928909302	0.0367159843445	0.0454740524292	0.0353729724884	0.0351228713989	0.041953086853	0.0399889945984	0.041296005249	0.0401649475098	0.037456035614	0.0363590717316	0.0361859798431	0.0366570949554	0.0361220836639	0.0358412265778	0.0434911251068	0.036819934845	0.0365738868713	0.0374510288239	0.0373499393463	0.0360360145569	0.0373039245605	0.0349390506744	0.0365660190582	0.0362169742584	0.0364470481873	0.0361840724945	0.0366239547729	0.0369448661804	0.0368299484253	0.0367438793182	0.0373899936676	0.0454909801483	
['./treeMaker/main', '-m', '-b']
0.037544965744	0.0464708805084	0.0363399982452	0.0373389720917	0.0385210514069	0.0356328487396	0.0356650352478	0.035542011261	0.0356669425964	0.0386559963226	0.0362010002136	0.0369420051575	0.0376539230347	0.0356090068817	0.0378088951111	0.0382781028748	0.0406429767609	0.0371530056	0.0373091697693	0.0387980937958	0.0374729633331	0.0374879837036	0.0384101867676	0.0375311374664	0.0398569107056	0.0375740528107	0.0362639427185	0.0376219749451	0.0421741008759	0.0409140586853	0.0369338989258	0.0388069152832	0.0392820835114	0.0378980636597	0.0412678718567	0.038421869278	0.04141497612	0.0388009548187	0.034362077713	0.0358779430389	0.0374300479889	0.0461568832397	0.0492568016052	0.0377519130707	0.03919506073	0.0365858078003	0.0361721515656	0.0455269813538	0.0362689495087	0.0405559539795	
['./treeMaker/main', '-m', '-w', '1']
0.0388448238373	0.0402801036835	0.0374760627747	0.0347290039062	0.0360860824585	0.0381720066071	0.0379199981689	0.0403089523315	0.0369369983673	0.0364699363708	0.0410377979279	0.0479869842529	0.0364089012146	0.0349090099335	0.0356628894806	0.036073923111	0.036209821701	0.0367319583893	0.0373442173004	0.0368020534515	0.0376660823822	0.0367250442505	0.0406680107117	0.0373301506042	0.0368831157684	0.0397889614105	0.0374491214752	0.0369260311127	0.0381879806519	0.0364181995392	0.043829202652	0.03706407547	0.0358400344849	0.0376758575439	0.0370941162109	0.0366520881653	0.037300825119	0.0370650291443	0.0361299514771	0.0358197689056	0.0352590084076	0.0357081890106	0.037337064743	0.0362730026245	0.0401418209076	0.0332119464874	0.0358009338379	0.0360288619995	0.0358829498291	0.0356221199036	
['./treeMaker/main', '-m', '-w', '2']
0.0387809276581	0.0368518829346	0.0375888347626	0.0367419719696	0.0362019538879	0.0359768867493	0.0386829376221	0.0374519824982	0.0375740528107	0.0388598442078	0.0374479293823	0.0495550632477	0.0356631278992	0.0360441207886	0.0400919914246	0.04696393013	0.0422008037567	0.0388860702515	0.0377268791199	0.0376961231232	0.0438928604126	0.0362010002136	0.0379140377045	0.0368311405182	0.0396139621735	0.0361828804016	0.0338408946991	0.0369699001312	0.0361640453339	0.0364570617676	0.034893989563	0.0366461277008	0.0369439125061	0.0363299846649	0.0368430614471	0.0360980033875	0.0386929512024	0.0390191078186	0.0377118587494	0.0392220020294	0.0373799800873	0.0352540016174	0.0345270633698	0.0368599891663	0.0337929725647	0.0359551906586	0.0403881072998	0.0352709293365	0.0368518829346	0.0383620262146	
['./treeMaker/main', '-m', '-c', '1']
0.03493309021	0.0467250347137	0.0366060733795	0.0368690490723	0.0357921123505	0.035581111908	0.036365032196	0.0360579490662	0.0366649627686	0.0374348163605	0.0359671115875	0.0370190143585	0.0364570617676	0.0480968952179	0.0386121273041	0.0388300418854	0.0375409126282	0.0377190113068	0.0375599861145	0.0358629226685	0.0366818904877	0.0363569259644	0.0491609573364	0.0362739562988	0.0351419448853	0.0385060310364	0.0364379882812	0.0373048782349	0.0366151332855	0.0495159626007	0.0367929935455	0.0358390808105	0.0432538986206	0.0343818664551	0.0345861911774	0.0381569862366	0.0364151000977	0.0363500118256	0.039097070694	0.0348968505859	0.0371179580688	0.0365538597107	0.0363399982452	0.0354428291321	0.0361399650574	0.0366158485413	0.0384600162506	0.0344741344452	0.0373041629791	0.0423510074615	
['./treeMaker/main', '-m', '-c', '2']
0.0359439849854	0.0341551303864	0.0361521244049	0.0360269546509	0.0338308811188	0.0362420082092	0.0367360115051	0.0356509685516	0.0353381633759	0.0366718769073	0.0457100868225	0.0369780063629	0.0352499485016	0.0335438251495	0.0369651317596	0.035049200058	0.0455851554871	0.0353178977966	0.0365340709686	0.037425994873	0.0384421348572	0.0399391651154	0.0396549701691	0.0397980213165	0.0372331142426	0.0386807918549	0.0365991592407	0.0385179519653	0.0376579761505	0.0357010364532	0.0353679656982	0.0440127849579	0.0371549129486	0.0364401340485	0.0393240451813	0.0495221614838	0.0406877994537	0.0413658618927	0.0393781661987	0.0366280078888	0.0376529693604	0.0455708503723	0.0382299423218	0.038733959198	0.0371739864349	0.0366499423981	0.0388269424438	0.0365970134735	0.0413720607758	0.0361180305481	
['./treeMaker/main', '-m', '-a', '1']
0.0498208999634	0.0488309860229	0.0517201423645	0.0530710220337	0.0532479286194	0.059506893158	0.059935092926	0.0502510070801	0.0504360198975	0.0500731468201	0.0497899055481	0.0501890182495	0.0528090000153	0.0603020191193	0.0535840988159	0.0526611804962	0.0502171516418	0.0490231513977	0.0505709648132	0.0611119270325	0.054160118103	0.0507869720459	0.0502181053162	0.0465989112854	0.0494358539581	0.0502300262451	0.0610358715057	0.0493271350861	0.0514659881592	0.0505640506744	0.0498700141907	0.0504381656647	0.0506129264832	0.0513498783112	0.047905921936	0.0542118549347	0.0506391525269	0.0490891933441	0.0479919910431	0.055037021637	0.049497127533	0.0631470680237	0.0489270687103	0.0512981414795	0.0511381626129	0.0504999160767	0.050420999527	0.0500380992889	0.050675868988	0.0512368679047	
['./treeMaker/main', '-m', '-a', '2']
0.0346720218658	0.0344970226288	0.0365419387817	0.0350630283356	0.0356919765472	0.0360090732574	0.0371141433716	0.038703918457	0.0395591259003	0.0387778282166	0.0393860340118	0.0349872112274	0.0366280078888	0.0371088981628	0.0357232093811	0.0355889797211	0.0392580032349	0.036749124527	0.0371220111847	0.0366730690002	0.0382380485535	0.0359120368958	0.034371137619	0.0366950035095	0.0369479656219	0.038477897644	0.0412559509277	0.0371110439301	0.0393118858337	0.035581111908	0.0367920398712	0.0391919612885	0.0367391109467	0.040549993515	0.0367238521576	0.036749124527	0.0346350669861	0.0399250984192	0.0363969802856	0.0362811088562	0.0371999740601	0.0433080196381	0.0367269515991	0.0508120059967	0.0382208824158	0.038419008255	0.0411310195923	0.0468509197235	0.037929058075	0.0408411026001	
