25_1000_5.2e-11_2.6e-11_470000000
25
1000
5.2e-11
2.6e-11
470000000

['./treeMaker/main']
0.0465180873871	0.0480298995972	0.0461418628693	0.047492980957	0.0485849380493	0.0454339981079	0.0467159748077	0.0459718704224	0.0467100143433	0.0449872016907	0.0476729869843	0.0533759593964	0.0453658103943	0.0437438488007	0.055349111557	0.0512070655823	0.0460171699524	0.0511178970337	0.047737121582	0.0503718852997	0.0454480648041	0.0457739830017	0.0516049861908	0.0471768379211	0.047199010849	0.042564868927	0.0457880496979	0.0445849895477	0.043478012085	0.0478568077087	0.048684835434	0.0454111099243	0.0458300113678	0.0481770038605	0.0446438789368	0.0438570976257	0.0606529712677	0.063364982605	0.0585639476776	0.0465998649597	0.058158159256	0.057776927948	0.0498998165131	0.0600569248199	0.0479109287262	0.0578439235687	0.0572309494019	0.0490479469299	0.0575649738312	0.0497272014618	
['./treeMaker/main', '-b']
0.0500130653381	0.0483009815216	0.0563530921936	0.0479300022125	0.0496258735657	0.0472848415375	0.0459809303284	0.0528709888458	0.0489780902863	0.0499999523163	0.0492351055145	0.050323009491	0.0437381267548	0.0477590560913	0.0581459999084	0.0482039451599	0.0485718250275	0.0508589744568	0.0463619232178	0.0605478286743	0.0480041503906	0.0510909557343	0.0608520507812	0.0451200008392	0.0431859493256	0.0410690307617	0.0451521873474	0.0454390048981	0.04847407341	0.0587558746338	0.0635581016541	0.0584371089935	0.0442459583282	0.0450129508972	0.0456550121307	0.0423188209534	0.0521659851074	0.046884059906	0.0476949214935	0.0451121330261	0.0444960594177	0.04865193367	0.0447969436646	0.0455400943756	0.044762134552	0.0523359775543	0.0458099842072	0.0439012050629	0.050576210022	0.0466759204865	
['./treeMaker/main', '-u']
0.0456750392914	0.0475389957428	0.0459139347076	0.0486071109772	0.0468049049377	0.0446870326996	0.0470728874207	0.045373916626	0.0449130535126	0.0452389717102	0.046306848526	0.0541830062866	0.0444469451904	0.0571720600128	0.0508217811584	0.0473039150238	0.0450921058655	0.0502789020538	0.0450339317322	0.0478591918945	0.0455679893494	0.0447518825531	0.0503399372101	0.0442759990692	0.0547940731049	0.0419480800629	0.045793056488	0.0457329750061	0.0449090003967	0.0472249984741	0.0499219894409	0.0458109378815	0.0455899238586	0.053160905838	0.0479798316956	0.0451500415802	0.051689863205	0.0497629642487	0.0493140220642	0.0525748729706	0.045089006424	0.0492520332336	0.0475761890411	0.0476939678192	0.0455849170685	0.0538749694824	0.0482470989227	0.0426650047302	0.0527040958405	0.044665813446	
['./treeMaker/main', '-t', '-r', '1']
0.526277065277	0.542993068695	0.521366119385	0.561028003693	0.552169799805	0.51621389389	0.528797864914	0.518605947495	0.447407960892	0.526082038879	0.534923791885	0.667583942413	0.50074505806	0.514213085175	0.63757109642	0.574021816254	0.53715801239	0.623063087463	0.503661155701	0.571125030518	0.541510820389	0.510491132736	0.615753889084	0.506842136383	0.540643930435	0.432046890259	0.523420810699	0.500454902649	0.450427055359	0.57432103157	0.579946994781	0.521739959717	0.483055114746	0.472591876984	0.512388944626	0.453814029694	0.602926015854	0.569867134094	0.574023962021	0.512053012848	0.475035905838	0.557798862457	0.483089923859	0.51758813858	0.536733150482	0.647032976151	0.528999090195	0.453441143036	0.617641925812	0.526757001877	
['./treeMaker/main', '-t', '-r', '2']
0.653344869614	0.691883087158	0.630128145218	0.704075098038	0.726978063583	0.607617855072	0.637537956238	0.63866686821	0.595451831818	0.686001062393	0.684756040573	0.866171836853	0.623512029648	0.626140832901	0.828449010849	0.701792955399	0.667186021805	0.793310880661	0.657154083252	0.709329128265	0.685479879379	0.66202712059	0.832943916321	0.647936105728	0.679711103439	0.507980108261	0.656996011734	0.694162130356	0.596215009689	0.719362020493	0.779451131821	0.633456945419	0.645890951157	0.66402387619	0.660048961639	0.586465835571	0.747462034225	0.72994685173	0.791467905045	0.648813962936	0.615613937378	0.754785060883	0.594412088394	0.67049908638	0.614747047424	0.829674959183	0.634276151657	0.576891183853	0.787065982819	0.618080854416	
['./treeMaker/main', '-t', '-r', '1', '-N']
0.487163066864	0.56375002861	0.489978075027	0.543614864349	0.51645898819	0.475797891617	0.541108846664	0.546793937683	0.475553035736	0.513118982315	0.533296108246	0.642733097076	0.523972988129	0.502586841583	0.614597082138	0.557898044586	0.531620025635	0.613945960999	0.530837059021	0.573155879974	0.547790050507	0.505156040192	0.607928037643	0.5060069561	0.501597881317	0.436852931976	0.50896191597	0.521466016769	0.453740119934	0.565220832825	0.592077970505	0.52490901947	0.502779006958	0.500023126602	0.559034109116	0.464881896973	0.592432022095	0.566389083862	0.573690891266	0.523979902267	0.472361803055	0.550619125366	0.506277084351	0.528398990631	0.524264097214	0.628834009171	0.517784833908	0.435947179794	0.599638938904	0.518661022186	
['./treeMaker/main', '-t', '-r', '2', '-N']
0.631897926331	0.691299200058	0.661121845245	0.715943098068	0.703572034836	0.607923030853	0.65242099762	0.677891016006	0.573952913284	0.661718845367	0.70600104332	0.829163074493	0.614243984222	0.627212047577	0.821003913879	0.737231016159	0.678478956223	0.806972980499	0.632694005966	0.764712095261	0.658778190613	0.647619962692	0.820424079895	0.63756108284	0.686618089676	0.54282617569	0.642505884171	0.692851066589	0.570542097092	0.729319810867	0.786389112473	0.648908853531	0.653352022171	0.63467502594	0.692117929459	0.588618993759	0.764933109283	0.73108792305	0.761435031891	0.634305000305	0.614203929901	0.74587392807	0.623778820038	0.636391878128	0.654662132263	0.824723005295	0.666119098663	0.57626914978	0.77515912056	0.660462141037	
['./treeMaker/main', '-m']
0.0573260784149	0.0692381858826	0.0471911430359	0.0483829975128	0.0505089759827	0.044643163681	0.0446140766144	0.046205997467	0.045697927475	0.045982837677	0.0479090213776	0.0515902042389	0.0459988117218	0.0466108322144	0.0498628616333	0.0537719726562	0.0493271350861	0.0597031116486	0.0452899932861	0.0481331348419	0.0579378604889	0.0455632209778	0.0590300559998	0.0553059577942	0.044625043869	0.0418179035187	0.0517790317535	0.0452342033386	0.0431978702545	0.0673468112946	0.0481200218201	0.0453741550446	0.0457558631897	0.0454370975494	0.0458228588104	0.0440578460693	0.0484731197357	0.0462110042572	0.0595118999481	0.0447559356689	0.043112039566	0.0461649894714	0.0452740192413	0.0451231002808	0.0456268787384	0.0469660758972	0.0442459583282	0.042515039444	0.0489609241486	0.0439100265503	
['./treeMaker/main', '-m', '-b']
0.054839849472	0.0511059761047	0.0718569755554	0.0615220069885	0.0533471107483	0.0432989597321	0.0547358989716	0.0432789325714	0.0441219806671	0.0450549125671	0.0467870235443	0.0497760772705	0.047306060791	0.0457770824432	0.0510032176971	0.0464799404144	0.0454621315002	0.0478830337524	0.0432758331299	0.0472149848938	0.0459280014038	0.0458791255951	0.0489990711212	0.0570600032806	0.0465240478516	0.0427508354187	0.0460960865021	0.0455992221832	0.0451040267944	0.047914981842	0.0460929870605	0.0451121330261	0.0444090366364	0.047257900238	0.0467801094055	0.0430519580841	0.0481009483337	0.0467240810394	0.0473809242249	0.0482659339905	0.0431199073792	0.0502991676331	0.0458619594574	0.0463840961456	0.0464749336243	0.0525619983673	0.0455310344696	0.043585062027	0.0524439811707	0.0450670719147	
['./treeMaker/main', '-m', '-w', '1']
0.0446820259094	0.0460610389709	0.0444419384003	0.0477631092072	0.0573780536652	0.0451180934906	0.05087018013	0.0455429553986	0.0519020557404	0.0452058315277	0.0463080406189	0.0502820014954	0.0472099781036	0.0447030067444	0.050302028656	0.046795129776	0.0489659309387	0.0487070083618	0.0479080677032	0.0473399162292	0.0481469631195	0.0456969738007	0.0492389202118	0.0445339679718	0.054722070694	0.0423119068146	0.0447010993958	0.0466499328613	0.0442960262299	0.0484011173248	0.0485360622406	0.0462698936462	0.0463578701019	0.043399810791	0.0458009243011	0.0434069633484	0.0482378005981	0.0463271141052	0.0482940673828	0.0445029735565	0.0437068939209	0.0478360652924	0.044506072998	0.0440149307251	0.0542500019073	0.0477809906006	0.0462911128998	0.0400240421295	0.0449101924896	0.0440738201141	
['./treeMaker/main', '-m', '-w', '2']
0.0444428920746	0.0462138652802	0.0433070659637	0.0442070960999	0.045725107193	0.0442979335785	0.0443890094757	0.0419709682465	0.043359041214	0.0437500476837	0.0449640750885	0.0483510494232	0.0442721843719	0.0431129932404	0.0478608608246	0.045804977417	0.0448310375214	0.0639629364014	0.0436351299286	0.0453751087189	0.0442938804626	0.0434648990631	0.0470149517059	0.042829990387	0.0437769889832	0.0415380001068	0.0574879646301	0.0481240749359	0.0405290126801	0.0434172153473	0.0564980506897	0.0494749546051	0.0461361408234	0.0485329627991	0.0491199493408	0.0442759990692	0.0489659309387	0.047425031662	0.0487627983093	0.0481400489807	0.0433959960938	0.0452909469604	0.0459940433502	0.0463209152222	0.0461900234222	0.0516459941864	0.045459985733	0.0441319942474	0.0496859550476	0.0455479621887	
['./treeMaker/main', '-m', '-c', '1']
0.045933008194	0.0485188961029	0.0450270175934	0.0466001033783	0.0473220348358	0.0449011325836	0.0447778701782	0.0451998710632	0.043429851532	0.0440819263458	0.0473139286041	0.0479459762573	0.0527920722961	0.0452251434326	0.0491240024567	0.0462939739227	0.0468719005585	0.0493848323822	0.0451970100403	0.0477571487427	0.0456790924072	0.0446422100067	0.0479311943054	0.0433049201965	0.0451409816742	0.0448908805847	0.0449538230896	0.0444169044495	0.0434281826019	0.0461821556091	0.0483629703522	0.0449750423431	0.0450260639191	0.0452790260315	0.0458478927612	0.0431962013245	0.0458860397339	0.0467500686646	0.047210931778	0.0448961257935	0.0440700054169	0.0453789234161	0.044380903244	0.0450878143311	0.0452201366425	0.0483229160309	0.0452680587769	0.0446150302887	0.0487251281738	0.0443441867828	
['./treeMaker/main', '-m', '-c', '2']
0.044322013855	0.0462398529053	0.0445728302002	0.0464360713959	0.0458481311798	0.0445749759674	0.045214176178	0.0453889369965	0.0415778160095	0.0448410511017	0.0452890396118	0.0492670536041	0.0429530143738	0.0441129207611	0.049556016922	0.0447368621826	0.0462419986725	0.0484509468079	0.0461468696594	0.0453190803528	0.0458419322968	0.0447390079498	0.0485420227051	0.0449409484863	0.0454361438751	0.0420010089874	0.0414440631866	0.0417370796204	0.0396738052368	0.0422990322113	0.0446760654449	0.0408148765564	0.0424151420593	0.0551190376282	0.0432190895081	0.0429151058197	0.0501041412354	0.0462279319763	0.0479741096497	0.046530008316	0.0437951087952	0.0451312065125	0.0479521751404	0.0451078414917	0.0434539318085	0.0517139434814	0.0456290245056	0.0428531169891	0.0509707927704	0.0442218780518	
['./treeMaker/main', '-m', '-a', '1']
0.0604150295258	0.0632350444794	0.059268951416	0.0767228603363	0.0571811199188	0.0545010566711	0.0557260513306	0.0587749481201	0.056832075119	0.058158159256	0.0586130619049	0.05872797966	0.0547399520874	0.0553939342499	0.0587420463562	0.0571320056915	0.0563888549805	0.0592398643494	0.0554220676422	0.0593290328979	0.0571157932281	0.0558140277863	0.0591130256653	0.0556440353394	0.055449962616	0.0545279979706	0.0582311153412	0.0621929168701	0.0546109676361	0.071720123291	0.0673100948334	0.0595669746399	0.0621500015259	0.0610299110413	0.0742058753967	0.0563628673553	0.0604779720306	0.0589289665222	0.0597219467163	0.0577239990234	0.0565719604492	0.0599761009216	0.057687997818	0.0579528808594	0.0575602054596	0.064071893692	0.0725228786469	0.0681488513947	0.0608298778534	0.0581951141357	
['./treeMaker/main', '-m', '-a', '2']
0.0431690216064	0.0442090034485	0.0429139137268	0.0442900657654	0.0442340373993	0.0424702167511	0.0437321662903	0.053878068924	0.0421390533447	0.0433189868927	0.0439159870148	0.0482270717621	0.0424551963806	0.0437340736389	0.05974817276	0.0571119785309	0.0446388721466	0.0480561256409	0.0452399253845	0.0463199615479	0.0445959568024	0.045706987381	0.0467638969421	0.0431849956512	0.0451400279999	0.040727853775	0.0424048900604	0.0444619655609	0.0527119636536	0.047966003418	0.0453209877014	0.0432119369507	0.0443840026855	0.0498311519623	0.0449750423431	0.0418248176575	0.0501368045807	0.0449810028076	0.0456321239471	0.0448288917542	0.0520441532135	0.0449771881104	0.0449709892273	0.0425980091095	0.0444359779358	0.0474870204926	0.0517301559448	0.0441129207611	0.0483038425446	0.0457639694214	
