25_1000_4.9e-10_4.9e-10_190000000
25
1000
4.9e-10
4.9e-10
190000000

['./treeMaker/main']
0.124912023544	0.114222049713	0.0840167999268	0.0961859226227	0.0937671661377	0.113900899887	0.116600036621	0.125862121582	0.142464160919	0.120033979416	0.107084035873	0.0959579944611	0.092875957489	0.13561797142	0.220378875732	0.129100084305	0.106470108032	0.169370174408	0.138911008835	0.126110076904	0.10447716713	0.192718029022	0.126448154449	0.169078826904	0.111241817474	0.130465984344	0.118062973022	0.143847942352	0.155948162079	0.112267971039	0.175332784653	0.19082903862	0.107769012451	0.0662319660187	0.154899835587	0.111805915833	0.0936679840088	0.112257003784	0.106307029724	0.0849099159241	0.126184940338	0.128710985184	0.129473924637	0.126714944839	0.117897033691	0.102246046066	0.105240106583	0.163835048676	0.129836082458	0.148869991302	
['./treeMaker/main', '-b']
0.127065896988	0.116987943649	0.0881299972534	0.0982007980347	0.0953719615936	0.117475986481	0.117469072342	0.127398967743	0.146328926086	0.120046138763	0.109675168991	0.0976989269257	0.0973281860352	0.139883995056	0.231328010559	0.128560066223	0.110086917877	0.173642873764	0.135689020157	0.132483959198	0.106771945953	0.200971126556	0.135884046555	0.163906097412	0.113906860352	0.135269880295	0.120449781418	0.145540952682	0.162635087967	0.116549968719	0.179462909698	0.198595046997	0.111264944077	0.0735948085785	0.160404920578	0.116971969604	0.096962928772	0.118505954742	0.109127998352	0.0912508964539	0.13018488884	0.131577014923	0.135245800018	0.129456996918	0.11075592041	0.0947229862213	0.111051082611	0.157217979431	0.134078025818	0.152326822281	
['./treeMaker/main', '-u']
0.124772787094	0.117536067963	0.0850651264191	0.0974650382996	0.0939290523529	0.115943908691	0.115612030029	0.127013921738	0.142837047577	0.118609905243	0.116873979568	0.0960040092468	0.0964210033417	0.137227058411	0.230058908463	0.129776954651	0.109323978424	0.171894073486	0.130951881409	0.127351045609	0.107673883438	0.194929122925	0.132679224014	0.160117864609	0.11105799675	0.131227970123	0.120320081711	0.141800165176	0.156608819962	0.113744020462	0.176943778992	0.191910982132	0.108350992203	0.0712440013885	0.157227039337	0.113443136215	0.0976011753082	0.126080036163	0.116242170334	0.0998690128326	0.132550954819	0.130482912064	0.128978967667	0.125899076462	0.10818696022	0.0922269821167	0.108623027802	0.152095794678	0.128628969193	0.151098966599	
['./treeMaker/main', '-t', '-r', '1']
2.25408697128	2.05638217926	1.43791890144	1.70774793625	1.60383796692	1.94540500641	2.14159798622	2.31548404694	2.48109912872	2.21320199966	1.83790397644	1.64991998672	1.67460083961	2.59392595291	4.11402988434	2.30684185028	1.86861777306	3.27899503708	2.30669808388	2.41201281548	1.78231191635	3.31340003014	2.43076395988	2.99823594093	2.05600500107	2.42216801643	2.10977077484	2.66268897057	2.87946200371	1.99003791809	3.38338899612	3.51071596146	1.88027405739	1.01292204857	2.95024299622	2.00316214561	1.65289902687	2.17129397392	1.87586712837	1.4290869236	2.39599299431	2.36070919037	2.37523698807	2.35804200172	1.92228794098	1.62096500397	1.99604010582	2.87938594818	2.41539287567	2.89750289917	
['./treeMaker/main', '-t', '-r', '2']
3.33719801903	3.04144597054	2.11387491226	2.52249789238	2.268242836	3.02665805817	3.10916209221	3.37292218208	3.90066385269	3.16744804382	2.80510282516	2.53006696701	2.34332919121	3.72316908836	6.01092505455	3.39136385918	2.72312402725	4.62756299973	3.6879529953	3.46428894997	2.70792102814	5.29893708229	3.57465195656	4.24646496773	2.9551589489	3.72036099434	3.19895195961	3.82648205757	4.44346213341	3.06700706482	4.81179380417	5.1139550209	2.80940079689	1.48973894119	4.37035107613	2.9820690155	2.36553096771	3.15011787415	2.77808594704	2.11815309525	3.55670499802	3.48656892776	3.41794896126	3.33123087883	2.84798812866	2.34290599823	2.84826397896	4.09583806992	3.49073696136	4.12552189827	
['./treeMaker/main', '-t', '-r', '1', '-N']
2.25882101059	2.05504798889	1.44658207893	1.71210479736	1.60889005661	1.95478105545	2.1506729126	2.31895804405	2.48322296143	2.23033118248	1.83726406097	1.65103697777	1.67820096016	2.5938141346	4.1317679882	2.30834078789	1.87344384193	3.34916687012	2.29624819756	2.40183997154	1.79081082344	3.29724597931	2.43312001228	3.00632596016	2.04951000214	2.42391991615	2.11581206322	2.66256093979	2.93479299545	2.0125348568	3.3749499321	3.52230095863	1.91210889816	1.01496195793	2.95527291298	2.01236605644	1.64594602585	2.17223501205	1.8752219677	1.43223118782	2.40019083023	2.35530900955	2.39355516434	2.36454105377	1.92851090431	1.60597515106	1.9997677803	2.8859539032	2.41991400719	2.89828205109	
['./treeMaker/main', '-t', '-r', '2', '-N']
3.34666609764	3.0442199707	2.12877297401	2.51886820793	2.27302098274	3.01489114761	3.11518716812	3.39106297493	3.9056289196	3.17499804497	2.79181218147	2.5285589695	2.38961100578	3.72174906731	6.02318286896	3.40172791481	2.72971081734	4.62626004219	3.68680882454	3.45975804329	2.75848388672	5.2985188961	3.68137192726	4.24742484093	2.95133709908	3.7229039669	3.20272016525	3.82919502258	4.44215798378	3.06640982628	4.81040978432	5.13410997391	2.80313301086	1.46183919907	4.33808398247	2.98315906525	2.36442995071	3.14795303345	2.79088306427	2.12866091728	3.56295394897	3.48069596291	3.42103505135	3.34381079674	2.85021901131	2.32650303841	2.84819698334	4.07900881767	3.49362587929	4.13062500954	
['./treeMaker/main', '-m']
0.0868229866028	0.0789501667023	0.0647261142731	0.0721509456635	0.0698339939117	0.081050157547	0.08189702034	0.0845320224762	0.091518163681	0.0826909542084	0.0787961483002	0.0734040737152	0.0715138912201	0.10071182251	0.114154815674	0.0835077762604	0.0743730068207	0.0990250110626	0.0849919319153	0.0841779708862	0.0743160247803	0.109965085983	0.0834820270538	0.0983390808105	0.0865077972412	0.0875179767609	0.0815379619598	0.0892400741577	0.0966889858246	0.0785529613495	0.11021900177	0.105418920517	0.0766911506653	0.0606701374054	0.0960221290588	0.0872099399567	0.0722439289093	0.0867688655853	0.0768818855286	0.0672428607941	0.0835130214691	0.0831048488617	0.085284948349	0.0861911773682	0.0757689476013	0.071072101593	0.0765790939331	0.104166984558	0.0875639915466	0.0945990085602	
['./treeMaker/main', '-m', '-b']
0.0883550643921	0.0844550132751	0.0689449310303	0.0750670433044	0.073096036911	0.0838570594788	0.0835428237915	0.0904259681702	0.107313871384	0.0853769779205	0.0816009044647	0.0741400718689	0.0738580226898	0.0971250534058	0.122442960739	0.0878889560699	0.0807988643646	0.104768037796	0.0924520492554	0.0904030799866	0.0779399871826	0.122452974319	0.0983390808105	0.103621959686	0.0805130004883	0.0897278785706	0.0874419212341	0.0973999500275	0.10246014595	0.0823488235474	0.10893702507	0.113251924515	0.0816309452057	0.0583019256592	0.102079868317	0.0799689292908	0.0729901790619	0.0844709873199	0.0785639286041	0.0682651996613	0.0877819061279	0.0923728942871	0.0892448425293	0.0879440307617	0.0827560424805	0.0715699195862	0.081680059433	0.101191043854	0.0912199020386	0.0986499786377	
['./treeMaker/main', '-m', '-w', '1']
0.0832200050354	0.0780050754547	0.0643849372864	0.0715839862823	0.0696911811829	0.0809209346771	0.0788381099701	0.0841450691223	0.0922992229462	0.0812089443207	0.0754950046539	0.076024055481	0.073215007782	0.0883269309998	0.113924980164	0.0824539661407	0.0733330249786	0.0996470451355	0.0957729816437	0.0855689048767	0.0757231712341	0.110450983047	0.0832290649414	0.0980360507965	0.0795619487762	0.0867002010345	0.0813739299774	0.0908310413361	0.0964860916138	0.0789301395416	0.103798151016	0.107352972031	0.0764899253845	0.0609118938446	0.0960028171539	0.0781791210175	0.0708329677582	0.0783360004425	0.0748598575592	0.0667128562927	0.0846729278564	0.0838539600372	0.0869770050049	0.084566116333	0.0777621269226	0.0693080425262	0.0787420272827	0.0944981575012	0.0857520103455	0.100896120071	
['./treeMaker/main', '-m', '-w', '2']
0.0827538967133	0.0812609195709	0.0656609535217	0.0737550258636	0.0734519958496	0.0809910297394	0.0813179016113	0.0835919380188	0.0895109176636	0.0825531482697	0.0791430473328	0.0735900402069	0.0703461170197	0.0900690555573	0.118129014969	0.0844519138336	0.0774710178375	0.100887060165	0.0857272148132	0.0856280326843	0.0754599571228	0.110663890839	0.0865149497986	0.0973711013794	0.0778558254242	0.0869760513306	0.0823681354523	0.102550983429	0.100682020187	0.0816988945007	0.102890968323	0.109034061432	0.0774250030518	0.0676398277283	0.0969469547272	0.078516960144	0.0712919235229	0.0805790424347	0.075649023056	0.0676929950714	0.085352897644	0.0860459804535	0.0874199867249	0.0856339931488	0.0773401260376	0.0696289539337	0.0770030021667	0.0937311649323	0.0866961479187	0.092502117157	
['./treeMaker/main', '-m', '-c', '1']
0.0841479301453	0.0783269405365	0.0644919872284	0.0698251724243	0.0674691200256	0.0801079273224	0.0808889865875	0.0841019153595	0.0887382030487	0.0811839103699	0.0767238140106	0.0708079338074	0.0709300041199	0.0889339447021	0.114044904709	0.0844900608063	0.0746731758118	0.0972321033478	0.0858430862427	0.0853359699249	0.0745940208435	0.110467910767	0.0853679180145	0.0974369049072	0.0754988193512	0.0862598419189	0.0826699733734	0.0907180309296	0.0969660282135	0.0781168937683	0.100265979767	0.106310844421	0.0763339996338	0.0584077835083	0.096095085144	0.0782539844513	0.0727050304413	0.0796689987183	0.0745069980621	0.0673232078552	0.0848410129547	0.0841131210327	0.0855810642242	0.0837950706482	0.0771770477295	0.068295955658	0.0763249397278	0.0945620536804	0.0859251022339	0.0938408374786	
['./treeMaker/main', '-m', '-c', '2']
0.0837669372559	0.0815031528473	0.0645499229431	0.0707051753998	0.0735709667206	0.0804131031036	0.0801339149475	0.0840301513672	0.088751077652	0.0910139083862	0.0827829837799	0.0711889266968	0.0705161094666	0.0942018032074	0.114238977432	0.0829000473022	0.0766048431396	0.0979690551758	0.0881221294403	0.0849459171295	0.0754017829895	0.1106569767	0.0838599205017	0.0983309745789	0.0775461196899	0.0867559909821	0.0796761512756	0.0905051231384	0.101125001907	0.0782790184021	0.102224111557	0.106521844864	0.07990193367	0.0569229125977	0.096225976944	0.0780279636383	0.0710108280182	0.0781328678131	0.0756058692932	0.0675420761108	0.0854530334473	0.0835609436035	0.084902048111	0.0849461555481	0.0772349834442	0.0691299438477	0.0771260261536	0.0943639278412	0.0863108634949	0.0930910110474	
['./treeMaker/main', '-m', '-a', '1']
0.0902719497681	0.0878758430481	0.0736119747162	0.0879790782928	0.0769188404083	0.0885171890259	0.0869400501251	0.0914368629456	0.0992178916931	0.0867881774902	0.0879080295563	0.0819010734558	0.0756549835205	0.105445146561	0.121212005615	0.0886931419373	0.0805280208588	0.105425834656	0.0952250957489	0.0929551124573	0.0842669010162	0.118420124054	0.0924060344696	0.104242086411	0.0848660469055	0.0933508872986	0.0900959968567	0.0978429317474	0.105343103409	0.084440946579	0.109163999557	0.113976955414	0.0843839645386	0.0685210227966	0.102715969086	0.0854620933533	0.0797350406647	0.0944218635559	0.0826029777527	0.0840470790863	0.0895218849182	0.0914771556854	0.0928540229797	0.090451002121	0.0849788188934	0.0755558013916	0.0844190120697	0.101741075516	0.0959920883179	0.100754976273	
['./treeMaker/main', '-m', '-a', '2']
0.0833292007446	0.0814671516418	0.0641460418701	0.0726408958435	0.070864200592	0.0807299613953	0.0795850753784	0.0854690074921	0.0905129909515	0.0808680057526	0.0770809650421	0.0712242126465	0.0690910816193	0.0889101028442	0.114295959473	0.0949790477753	0.0763609409332	0.0977129936218	0.0851421356201	0.0846240520477	0.0815899372101	0.120712041855	0.0830099582672	0.0985460281372	0.0798361301422	0.0866551399231	0.0918071269989	0.0920600891113	0.0972948074341	0.0780160427094	0.10181593895	0.105791091919	0.0764260292053	0.0580101013184	0.0967869758606	0.0783550739288	0.0711560249329	0.0801458358765	0.0753619670868	0.0674929618835	0.0847189426422	0.0834028720856	0.0852770805359	0.0842280387878	0.0751819610596	0.0691711902618	0.07643699646	0.0946531295776	0.0874569416046	0.0946080684662	
