25_1000_5.2e-11_5.2e-11_470000000
25
1000
5.2e-11
5.2e-11
470000000

['./treeMaker/main']
0.043879032135	0.0442988872528	0.0439560413361	0.045089006424	0.0463409423828	0.0428538322449	0.044214963913	0.0439541339874	0.0415239334106	0.0511000156403	0.0415139198303	0.0439729690552	0.0439009666443	0.0444388389587	0.0470821857452	0.0429091453552	0.0462749004364	0.0433709621429	0.0458130836487	0.0432138442993	0.0498130321503	0.0424110889435	0.0492861270905	0.0422999858856	0.0391340255737	0.0402901172638	0.0422081947327	0.0387580394745	0.0438370704651	0.0400929450989	0.0394148826599	0.0439479351044	0.0547769069672	0.0480518341064	0.0451278686523	0.0447161197662	0.0438439846039	0.0438630580902	0.0440199375153	0.043172121048	0.0467739105225	0.0481870174408	0.0441799163818	0.0452499389648	0.044068813324	0.042918920517	0.0401978492737	0.0448698997498	0.0423219203949	0.0485851764679	
['./treeMaker/main', '-b']
0.0439729690552	0.042466878891	0.0464420318604	0.0442020893097	0.0455060005188	0.0459401607513	0.0451829433441	0.0411028862	0.0433669090271	0.0457279682159	0.0405459403992	0.0417859554291	0.0431418418884	0.0439968109131	0.051815032959	0.044399023056	0.0427050590515	0.0463449954987	0.0472009181976	0.0450270175934	0.0465469360352	0.0429148674011	0.0473418235779	0.0447850227356	0.0434048175812	0.0477800369263	0.0508930683136	0.0412349700928	0.0496671199799	0.0452971458435	0.044310092926	0.0504930019379	0.0487458705902	0.0481660366058	0.0460488796234	0.0444860458374	0.0439159870148	0.0447158813477	0.0440340042114	0.0437550544739	0.0482759475708	0.0596640110016	0.0459530353546	0.0444929599762	0.0411429405212	0.0429549217224	0.0415599346161	0.0437219142914	0.0452609062195	0.0442349910736	
['./treeMaker/main', '-u']
0.0425779819489	0.0428612232208	0.0435788631439	0.0435719490051	0.0450270175934	0.0432879924774	0.0452871322632	0.0423519611359	0.0425891876221	0.0480501651764	0.0425961017609	0.042680978775	0.0433540344238	0.0450689792633	0.0464768409729	0.0450530052185	0.041729927063	0.0425820350647	0.0555429458618	0.0447468757629	0.0570011138916	0.0436491966248	0.0489459037781	0.0429308414459	0.0408191680908	0.0434610843658	0.0462200641632	0.0437669754028	0.0485830307007	0.0418570041656	0.0436928272247	0.0461511611938	0.044056892395	0.0486741065979	0.0450918674469	0.0433671474457	0.0437119007111	0.0413811206818	0.0440390110016	0.0440449714661	0.0477941036224	0.0485770702362	0.0440831184387	0.0444369316101	0.0453469753265	0.0452070236206	0.0418789386749	0.043671131134	0.0532789230347	0.0487909317017	
['./treeMaker/main', '-t', '-r', '1']
0.476809024811	0.459496021271	0.462541103363	0.459230899811	0.50447511673	0.452567100525	0.479244947433	0.450647830963	0.455960988998	0.539422988892	0.455145835876	0.453990936279	0.473759889603	0.470180034637	0.562930107117	0.475430011749	0.46063709259	0.436522006989	0.52143907547	0.474185943604	0.518564939499	0.460269927979	0.573306083679	0.460596084595	0.445812940598	0.477965831757	0.537120819092	0.449323892593	0.549909114838	0.469407081604	0.46449303627	0.519419908524	0.476263999939	0.523143053055	0.50132393837	0.455099821091	0.441778898239	0.440896034241	0.459784030914	0.450240850449	0.544544935226	0.540008068085	0.450143098831	0.496632099152	0.457882881165	0.475620985031	0.411285877228	0.441986083984	0.481236934662	0.493315935135	
['./treeMaker/main', '-t', '-r', '2']
0.617557048798	0.596341133118	0.589653968811	0.644488096237	0.674887895584	0.596343040466	0.672827959061	0.594386100769	0.600275993347	0.723088979721	0.596650123596	0.601633071899	0.613299131393	0.615928888321	0.716751098633	0.627315998077	0.591681957245	0.582690954208	0.683259963989	0.656972885132	0.675849199295	0.571811914444	0.755862951279	0.603708028793	0.567672967911	0.585958003998	0.655614852905	0.54744386673	0.707763195038	0.61895608902	0.605485916138	0.695209026337	0.617173910141	0.724205970764	0.6500248909	0.60169005394	0.590178012848	0.583679914474	0.602084159851	0.533358812332	0.708399057388	0.717461109161	0.599344015121	0.649258136749	0.587188959122	0.624279975891	0.502228975296	0.559412956238	0.651021957397	0.651204109192	
['./treeMaker/main', '-t', '-r', '1', '-N']
0.487987995148	0.460016965866	0.453644037247	0.456238985062	0.501582145691	0.435986995697	0.497184038162	0.474946022034	0.436470985413	0.520560979843	0.44816493988	0.467071056366	0.477123022079	0.457750082016	0.525906085968	0.47643494606	0.434130907059	0.44234919548	0.529262065887	0.498118162155	0.516571998596	0.443649053574	0.545495986938	0.449072122574	0.435767173767	0.486254930496	0.511460065842	0.455785989761	0.560121059418	0.476505994797	0.449084043503	0.531589984894	0.473073005676	0.529529094696	0.52077794075	0.444131135941	0.440521001816	0.435020923615	0.461887121201	0.461771965027	0.545933008194	0.577382087708	0.44781088829	0.501733064651	0.477916955948	0.484262943268	0.416534900665	0.463001966476	0.488055944443	0.489127159119	
['./treeMaker/main', '-t', '-r', '2', '-N']
0.638262033463	0.599828958511	0.60298204422	0.630967140198	0.715813875198	0.606103181839	0.660213947296	0.612420082092	0.600982904434	0.740492105484	0.565569162369	0.592172861099	0.586814165115	0.6052069664	0.718518972397	0.601286888123	0.553020000458	0.592021942139	0.690907001495	0.610527992249	0.651437997818	0.557416915894	0.74237704277	0.609549045563	0.608859062195	0.64307308197	0.678829193115	0.597396850586	0.73233294487	0.636520147324	0.585773944855	0.709211111069	0.644102811813	0.753139972687	0.690475940704	0.629489183426	0.558450222015	0.567100048065	0.629143953323	0.535753965378	0.684904098511	0.72424697876	0.599757909775	0.621261119843	0.580899000168	0.586543083191	0.526877880096	0.619275093079	0.668037891388	0.661213159561	
['./treeMaker/main', '-m']
0.0391170978546	0.0389609336853	0.039167881012	0.0392649173737	0.0402400493622	0.0383620262146	0.0403001308441	0.0400211811066	0.041934967041	0.0472958087921	0.0419929027557	0.0427219867706	0.0448458194733	0.0434129238129	0.048467874527	0.0442988872528	0.0404510498047	0.0418739318848	0.0431790351868	0.0436849594116	0.0551879405975	0.0391640663147	0.0456578731537	0.0416190624237	0.0401389598846	0.042454957962	0.0434930324554	0.0417110919952	0.0450341701508	0.0463128089905	0.0438802242279	0.0438060760498	0.0439651012421	0.0443420410156	0.0443329811096	0.0419402122498	0.0442011356354	0.0408940315247	0.0412631034851	0.0430400371552	0.045147895813	0.0443508625031	0.040225982666	0.0425159931183	0.040097951889	0.0419919490814	0.0399041175842	0.0533950328827	0.0446989536285	0.046667098999	
['./treeMaker/main', '-m', '-b']
0.0443670749664	0.0413498878479	0.0438117980957	0.0420351028442	0.045215845108	0.0436511039734	0.0458419322968	0.043869972229	0.0430390834808	0.0445408821106	0.0432541370392	0.0432000160217	0.0437910556793	0.0425601005554	0.0462799072266	0.043655872345	0.0413620471954	0.0435280799866	0.0585918426514	0.0399339199066	0.0411429405212	0.038712978363	0.0428669452667	0.0407137870789	0.0406730175018	0.0414521694183	0.0428149700165	0.0402500629425	0.0461311340332	0.0405189990997	0.0400500297546	0.0423519611359	0.0402550697327	0.0419921875	0.0415010452271	0.0403230190277	0.039717912674	0.0394561290741	0.0395789146423	0.0390000343323	0.0425779819489	0.0428948402405	0.0391821861267	0.041435956955	0.0397279262543	0.0403180122375	0.0379638671875	0.0398988723755	0.0415859222412	0.0427749156952	
['./treeMaker/main', '-m', '-w', '1']
0.0400650501251	0.0391371250153	0.0393259525299	0.0399148464203	0.0399348735809	0.0544772148132	0.0454421043396	0.0429589748383	0.0434601306915	0.045312166214	0.0413520336151	0.0464150905609	0.0433909893036	0.0429658889771	0.0452570915222	0.0427548885345	0.0405440330505	0.04301404953	0.0448338985443	0.0437591075897	0.0476188659668	0.0424990653992	0.0468509197235	0.041934967041	0.0400161743164	0.0412199497223	0.0455939769745	0.0412950515747	0.0465440750122	0.0461599826813	0.0425369739532	0.0448648929596	0.0428159236908	0.0442900657654	0.042405128479	0.0401380062103	0.0425200462341	0.0415768623352	0.0423610210419	0.043496131897	0.0450279712677	0.0445351600647	0.0409359931946	0.043760061264	0.0420899391174	0.0433440208435	0.0389840602875	0.0430159568787	0.0437829494476	0.0428879261017	
['./treeMaker/main', '-m', '-w', '2']
0.0423359870911	0.0426349639893	0.0429749488831	0.0431380271912	0.0428690910339	0.0442881584167	0.0445079803467	0.041965007782	0.0436890125275	0.0453300476074	0.0416281223297	0.042151927948	0.0432858467102	0.0415170192719	0.0461249351501	0.0424590110779	0.0441348552704	0.0436141490936	0.0449450016022	0.0443298816681	0.0437211990356	0.0432088375092	0.0471398830414	0.0439829826355	0.0423910617828	0.0439119338989	0.0479440689087	0.0429508686066	0.0428960323334	0.0419950485229	0.041610956192	0.0421888828278	0.0409309864044	0.0438270568848	0.0434579849243	0.0459001064301	0.0442171096802	0.0416529178619	0.0426208972931	0.0415070056915	0.0447180271149	0.0451259613037	0.0422148704529	0.0430669784546	0.0537488460541	0.0445559024811	0.0418779850006	0.0429708957672	0.0450749397278	0.04856300354	
['./treeMaker/main', '-m', '-c', '1']
0.0426630973816	0.0391728878021	0.039370059967	0.0395498275757	0.040158033371	0.0387411117554	0.0401248931885	0.0394949913025	0.0391638278961	0.0418429374695	0.0389988422394	0.0390980243683	0.0400280952454	0.0392150878906	0.0422468185425	0.0398859977722	0.0386910438538	0.0390598773956	0.0401170253754	0.0393981933594	0.0408339500427	0.0379309654236	0.0420410633087	0.0387089252472	0.0380449295044	0.0388059616089	0.0403459072113	0.0377810001373	0.0476171970367	0.0438899993896	0.0428547859192	0.0452511310577	0.0439460277557	0.0444738864899	0.0443160533905	0.0441272258759	0.0403368473053	0.0376880168915	0.0389139652252	0.0387020111084	0.0415210723877	0.0420999526978	0.0385999679565	0.0406579971313	0.0387098789215	0.0400171279907	0.0383610725403	0.0398211479187	0.0421900749207	0.0421669483185	
['./treeMaker/main', '-m', '-c', '2']
0.0413119792938	0.0402021408081	0.0401980876923	0.0410690307617	0.0418219566345	0.039510011673	0.0416960716248	0.0406980514526	0.039755821228	0.0428750514984	0.0400218963623	0.0398609638214	0.041041135788	0.0402770042419	0.0429108142853	0.0421569347382	0.0404889583588	0.0398058891296	0.0418059825897	0.0412521362305	0.042090177536	0.0395059585571	0.0434219837189	0.0402450561523	0.0395622253418	0.0407168865204	0.0416150093079	0.0390729904175	0.0431950092316	0.0407519340515	0.040027141571	0.0425047874451	0.0407121181488	0.0423169136047	0.041955947876	0.0405230522156	0.0396478176117	0.0395250320435	0.0405759811401	0.0391759872437	0.042457818985	0.0431118011475	0.0395538806915	0.0415060520172	0.0401730537415	0.040522813797	0.0383307933807	0.0397348403931	0.0421929359436	0.0426530838013	
['./treeMaker/main', '-m', '-a', '1']
0.0553030967712	0.0554280281067	0.0550448894501	0.0555620193481	0.0563728809357	0.0546832084656	0.0567650794983	0.0554020404816	0.0541980266571	0.05633020401	0.0526189804077	0.0523841381073	0.05330991745	0.052826166153	0.0571050643921	0.0550808906555	0.054799079895	0.0649750232697	0.0571870803833	0.0574049949646	0.0564379692078	0.0538201332092	0.0579161643982	0.0541388988495	0.0537412166595	0.0545101165771	0.0568208694458	0.0534839630127	0.0573959350586	0.0670709609985	0.0560548305511	0.0564758777618	0.0567378997803	0.0560169219971	0.0566990375519	0.0558450222015	0.0538430213928	0.0540301799774	0.0544211864471	0.0538198947906	0.0701539516449	0.0553259849548	0.0557179450989	0.0554571151733	0.0657918453217	0.0583009719849	0.0546479225159	0.057923078537	0.059996843338	0.0600690841675	
['./treeMaker/main', '-m', '-a', '2']
0.0436909198761	0.0427968502045	0.0435881614685	0.0527379512787	0.0533018112183	0.043114900589	0.0417540073395	0.0412268638611	0.0447750091553	0.0429010391235	0.054212808609	0.0428509712219	0.0446910858154	0.043790102005	0.0464360713959	0.0432770252228	0.0462648868561	0.0419192314148	0.0450088977814	0.0449969768524	0.043133020401	0.0421600341797	0.0466439723969	0.0421459674835	0.0396220684052	0.0421998500824	0.0427498817444	0.0413360595703	0.0455241203308	0.040225982666	0.0425379276276	0.0462610721588	0.040885925293	0.0427000522614	0.0423390865326	0.0410339832306	0.040097951889	0.039938211441	0.0403220653534	0.0394220352173	0.0428848266602	0.0433790683746	0.0397469997406	0.041797876358	0.0405490398407	0.0408148765564	0.0386080741882	0.04012799263	0.0428919792175	0.044723033905	
