25_1000_4.9e-10_0.0_470000000
25
1000
4.9e-10
0.0
470000000

['./treeMaker/main']
2.87742590904	2.20704007149	151.923248053	3.18464183807	7.66633820534	26.0292520523	1.91089010239	3.01612710953	13.3977470398	5.21989512444	11.3096148968	3.21655893326	7.2494571209	6.76901912689	2.94519996643	2.21770000458	6.81548595428	8.84545397758	0.216842889786	14.2211990356	1.56910705566	1.45661377907	2.14260387421	0.781304121017	29.1484611034	2.43854498863	3.6308619976	0.846585988998	1.40692710876	0.67568397522	2.33302807808	3.91635894775	0.585783004761	64.3890721798	1.28731012344	1.29977798462	17.8815200329	7.7981710434	2.28914809227	6.27222490311	1.07411408424	2.01748681068	31.1985750198	3.6983499527	1.91148900986	21.5360200405	3.37110996246	1.08194994926	2.53998804092	8.20597195625	
['./treeMaker/main', '-b']
2.8899128437	2.20869898796	151.499571085	2.90163683891	7.67106294632	26.0588328838	1.92793822289	3.04778003693	13.3758239746	5.26544904709	11.3088710308	3.23647689819	7.23983883858	6.788615942	2.96487903595	2.22901105881	6.87859201431	8.97988986969	0.221512794495	14.3283340931	1.59885001183	1.48445820808	2.17729306221	0.806422948837	29.3471992016	2.47665500641	3.66941308975	0.866427898407	1.44266009331	0.628384828568	2.36835289001	3.97090816498	0.604916095734	64.7524180412	1.32870697975	1.35711407661	18.8470468521	7.88204908371	2.32489895821	6.34650206566	1.09847998619	2.08328509331	31.3359501362	3.74577188492	1.9478020668	21.6891129017	3.38956689835	1.09346485138	2.58185696602	8.2910618782	
['./treeMaker/main', '-u']
2.85487103462	2.16970920563	151.08235693	2.86868190765	7.60405087471	25.8876791	1.89974093437	2.99154996872	13.2853460312	5.18424606323	11.2263128757	3.19679403305	7.18398308754	6.72097086906	2.93451213837	2.20354795456	6.81449508667	8.84082198143	0.217298030853	14.2206578255	1.57208800316	1.46044278145	2.14488697052	0.783336162567	29.1623489857	2.44278597832	3.62525010109	0.849135875702	1.40852189064	0.614324092865	2.33711504936	3.92273402214	0.588703870773	64.4395639896	1.28197717667	1.29835605621	17.8715560436	7.8056499958	2.28253102303	6.27702212334	1.09814810753	2.09817910194	31.167320013	3.70005393028	1.91670489311	21.5536160469	3.34465909004	1.08237290382	2.84563183784	8.20222306252	
['./treeMaker/main', '-t', '-r', '1']
25.9281730652	21.6267700195	265.124364853	25.0866389275	47.4187531471	101.234979868	23.4607100487	30.3092598915	73.5286920071	41.5484340191	66.4466719627	30.7648279667	55.8303339481	40.1400740147	24.7916500568	21.7769570351	45.493571043	49.3900971413	3.55491900444	72.3727629185	17.8023087978	16.2508831024	21.3532161713	10.6444120407	124.012298822	25.0261459351	32.6546988487	12.9880268574	17.0730109215	10.5448961258	24.9969270229	36.4449360371	9.92782497406	213.397944927	14.6606359482	14.6373989582	75.9529700279	45.8432149887	21.9433760643	38.8993849754	12.8654401302	19.7320580482	110.758501053	30.2831640244	20.587580204	94.9759140015	28.3804190159	12.8692729473	24.3513491154	52.3010420799	
['./treeMaker/main', '-t', '-r', '2']
37.8374009132	30.9855790138	455.474470139	36.3631379604	69.4251468182	154.495640039	32.454210043	45.747426033	123.560760975	56.8910570145	91.8480639458	41.4941658974	67.9283049107	69.2781419754	38.8830840588	31.3496189117	64.9293291569	78.9160218239	5.48747396469	105.93127799	25.6673600674	23.4928719997	30.7436459064	15.4705440998	165.998484135	35.4129798412	46.7618298531	16.5876140594	23.7601940632	12.4878280163	34.7668271065	46.715282917	12.7795979977	264.294489145	21.1416800022	21.0661048889	124.387307882	73.0417859554	31.9332969189	66.4429121017	19.099203825	29.8960258961	173.635699987	44.3550779819	28.8036670685	138.372619867	41.388299942	18.221914053	34.1003739834	74.2116289139	
['./treeMaker/main', '-t', '-r', '1', '-N']
26.4256830215	21.9347300529	269.66701889	25.945141077	47.8733930588	103.508289814	19.9830460548	25.8789160252	63.2784581184	35.5319039822	56.4709129333	26.4125680923	47.7364029884	41.3748309612	25.472424984	22.3659718037	46.6007959843	50.8044879436	3.68277716637	74.4516289234	18.2126820087	16.7106070518	21.8583159447	10.9079418182	101.981923103	21.7221031189	28.2384619713	11.2635250092	14.8251781464	9.01165103912	21.8047938347	31.9093010426	8.53615403175	186.179733992	15.2005710602	14.9349629879	77.0447640419	46.5132539272	22.3454899788	39.7517790794	13.1337108612	19.800590992	112.09850502	30.2210071087	20.7653200626	95.8156878948	28.7874100208	12.9796631336	24.4873268604	52.360090971	
['./treeMaker/main', '-t', '-r', '2', '-N']
37.9855020046	31.7796370983	464.308836937	36.7880749702	70.7018668652	158.023298025	28.2641611099	39.8560600281	105.440853834	57.2315440178	92.7885828018	40.9252090454	68.2898199558	69.0507059097	39.2654640675	31.7092349529	64.9247422218	79.0163960457	5.60570001602	106.506874084	25.7799839973	23.8726840019	30.7101821899	15.0334239006	167.070480108	35.2021250725	46.3367369175	16.7948307991	23.7209639549	12.5450091362	34.2299101353	46.8807070255	12.7918469906	261.73627615	21.3716449738	21.242454052	124.883822203	73.3434388638	31.8359007835	66.3753039837	20.2258820534	32.123666048	181.267329931	47.0878620148	29.7460811138	145.238997936	41.6663150787	18.1685860157	33.8853378296	73.512583971	
['./treeMaker/main', '-m']
0.49379491806	0.431504011154	3.4563229084	0.473088026047	0.750958919525	1.39131808281	0.403523921967	0.51404094696	1.05609512329	0.678786039352	0.935850143433	0.532946109772	0.768177032471	0.729527950287	0.482209205627	0.42592382431	0.748912811279	0.863557100296	0.128702878952	1.05021905899	0.385703086853	0.346454143524	0.419257879257	0.257375955582	1.50311088562	0.442532062531	0.572025060654	0.273100137711	0.339088916779	0.239509105682	0.452002048492	0.54717206955	0.213317871094	2.09563398361	0.334602117538	0.346211910248	1.17721986771	0.781476974487	0.420058965683	0.702042818069	0.307687044144	0.422168970108	1.54227805138	0.566935062408	0.403938055038	1.28067016602	0.532160043716	0.296764135361	0.468321084976	0.81636595726	
['./treeMaker/main', '-m', '-b']
0.548500061035	0.451453924179	3.96922492981	0.545039176941	0.873883962631	1.58952498436	0.428488016129	0.561383008957	1.15370202065	0.70924782753	1.06462097168	0.575998783112	0.829288959503	0.82639503479	0.542642831802	0.447705030441	0.782141923904	0.961431026459	0.141149044037	1.15133690834	0.40273809433	0.415067911148	0.451580047607	0.267175197601	1.66546392441	0.484285116196	0.642692089081	0.306341171265	0.399278879166	0.263005971909	0.493920087814	0.654081821442	0.253721952438	2.44548988342	0.367444992065	0.363731861115	1.30576300621	0.870624065399	0.453369855881	0.809140920639	0.346714019775	0.47784614563	1.72914004326	0.618937015533	0.453722953796	1.4146399498	0.570756912231	0.323240041733	0.513911962509	0.876621007919	
['./treeMaker/main', '-m', '-w', '1']
0.496686935425	0.431603908539	3.463285923	0.509221076965	0.79009604454	1.42053294182	0.405843019485	0.515180110931	1.05556893349	0.680477142334	0.976567983627	0.53490114212	0.7580909729	0.733431100845	0.482186079025	0.441307067871	0.740451097488	0.843451976776	0.135119915009	1.03568220139	0.371089935303	0.364535093307	0.40505194664	0.26980805397	1.50086402893	0.486206054688	0.578158140182	0.273581981659	0.353673934937	0.241717815399	0.465754985809	0.567741155624	0.213724136353	2.12838101387	0.337061882019	0.342117071152	1.17113995552	0.833696126938	0.429209947586	0.746268987656	0.313353776932	0.412184000015	1.53363513947	0.543022871017	0.392791032791	1.27301502228	0.54814696312	0.291499137878	0.436377048492	0.787925958633	
['./treeMaker/main', '-m', '-w', '2']
0.501512050629	0.427742004395	3.43707799911	0.493138074875	0.761695861816	1.40713596344	0.404747962952	0.508991003036	1.04482197762	0.684698104858	0.974118947983	0.53582906723	0.748456954956	0.767727136612	0.519673109055	0.430538892746	0.734978914261	0.866703987122	0.135140180588	1.05255103111	0.386783838272	0.36899805069	0.438881158829	0.261976003647	1.51603198051	0.478348970413	0.585259914398	0.272570848465	0.370395898819	0.233595848083	0.456431865692	0.593076944351	0.225244998932	2.13483095169	0.338066101074	0.347841024399	1.1988530159	0.812644958496	0.45317697525	0.742092847824	0.308735132217	0.441210985184	1.53774690628	0.575938940048	0.407627820969	1.28127717972	0.54367017746	0.28660607338	0.470060110092	0.799273967743	
['./treeMaker/main', '-m', '-c', '1']
0.503349065781	0.428438901901	3.43603610992	0.502948999405	0.79954791069	1.40541481972	0.390762090683	0.50806593895	1.09322118759	0.674228906631	0.96009016037	0.517140865326	0.729517936707	0.749984025955	0.495419025421	0.442883968353	0.725831985474	0.865006923676	0.133713960648	1.0469379425	0.377508163452	0.357064008713	0.428081989288	0.272010087967	1.52582979202	0.462305784225	0.571120023727	0.272207021713	0.353638887405	0.239318847656	0.444957017899	0.571732997894	0.218807935715	2.13177609444	0.333611011505	0.315807819366	1.18242788315	0.830318927765	0.447324037552	0.743060827255	0.311763048172	0.425544977188	1.54423284531	0.577138900757	0.401870965958	1.28007411957	0.526170015335	0.3049929142	0.462534189224	0.821455001831	
['./treeMaker/main', '-m', '-c', '2']
0.466261148453	0.408651828766	3.39614295959	0.503400087357	0.783355951309	1.437926054	0.403336048126	0.514152050018	1.06516695023	0.643413066864	0.957202911377	0.520440101624	0.764533042908	0.773791074753	0.495050907135	0.411524057388	0.737931013107	0.864295005798	0.14217710495	1.03691387177	0.352520227432	0.3449010849	0.424088001251	0.248646974564	1.48996305466	0.471669912338	0.562871932983	0.276937007904	0.352467060089	0.21803188324	0.458293914795	0.558708190918	0.220896959305	2.09774804115	0.334260940552	0.329838991165	1.18307590485	0.816702842712	0.41787314415	0.734783172607	0.318099975586	0.417407989502	1.54412603378	0.5785779953	0.41521692276	1.26430106163	0.541837930679	0.302518129349	0.449379205704	0.782721042633	
['./treeMaker/main', '-m', '-a', '1']
0.509776830673	0.43442606926	3.41798090935	0.483913898468	0.808463096619	1.44209384918	0.41823887825	0.516865968704	1.09336495399	0.65543794632	0.943763971329	0.508993864059	0.735975980759	0.739791870117	0.489521026611	0.416507005692	0.714313983917	0.832619905472	0.144077062607	1.05441498756	0.369255065918	0.354032039642	0.411932945251	0.262366056442	1.4567360878	0.452754020691	0.554675102234	0.270685911179	0.362795114517	0.231414079666	0.44646692276	0.556926012039	0.240563869476	2.0739710331	0.335438013077	0.329921007156	1.14700388908	0.781419992447	0.429011106491	0.714962005615	0.307193040848	0.414057970047	1.4923620224	0.551436901093	0.397609949112	1.24628782272	0.516784906387	0.295920848846	0.450679063797	0.780171871185	
['./treeMaker/main', '-m', '-a', '2']
0.466152191162	0.403506040573	3.30942821503	0.471379995346	0.748059034348	1.3625729084	0.395254135132	0.484755039215	1.00221085548	0.640331983566	0.925145864487	0.49590086937	0.722711086273	0.725558996201	0.480726957321	0.403360843658	0.70130610466	0.828530073166	0.128497838974	1.0216550827	0.357604980469	0.3419880867	0.410271883011	0.251200199127	1.44548201561	0.444065093994	0.54185295105	0.257039070129	0.347167015076	0.218692064285	0.440407991409	0.543294906616	0.211369991302	2.06234097481	0.320331096649	0.312554121017	1.12788796425	0.766406059265	0.415949106216	0.700834035873	0.294039011002	0.397578954697	1.51529812813	0.533200979233	0.384327888489	1.2320330143	0.50191617012	0.284913063049	0.438413858414	0.762172937393	
