25_1000_5.2e-11_0.0_470000000
25
1000
5.2e-11
0.0
470000000

['./treeMaker/main']
0.046215057373	0.048210144043	0.0509960651398	0.048415184021	0.0496480464935	0.0517361164093	0.0559878349304	0.0493178367615	0.0494661331177	0.0518000125885	0.0516951084137	0.0566759109497	0.0513861179352	0.0568549633026	0.0507528781891	0.0523400306702	0.0566220283508	0.0577518939972	0.0550169944763	0.0554778575897	0.0561859607697	0.0568540096283	0.0566232204437	0.0590238571167	0.0636749267578	0.0522441864014	0.0528388023376	0.0627241134644	0.0488018989563	0.0451490879059	0.0509278774261	0.0554819107056	0.0555379390717	0.0493128299713	0.0535769462585	0.0637919902802	0.0491290092468	0.0525231361389	0.0507211685181	0.0496790409088	0.0524930953979	0.0497241020203	0.0509819984436	0.05779504776	0.0448269844055	0.0509610176086	0.0504338741302	0.0480220317841	0.0518898963928	0.0477650165558	
['./treeMaker/main', '-b']
0.0475008487701	0.0493688583374	0.0523850917816	0.0494449138641	0.0501010417938	0.0458319187164	0.0645749568939	0.0540580749512	0.050017118454	0.0531811714172	0.0467009544373	0.0525419712067	0.0484499931335	0.0546748638153	0.0459129810333	0.0522379875183	0.0510799884796	0.0564930438995	0.0503299236298	0.0528128147125	0.0543229579926	0.053918838501	0.0569159984589	0.0509061813354	0.0566620826721	0.0532789230347	0.0509338378906	0.0591289997101	0.0538060665131	0.0481269359589	0.052659034729	0.0553369522095	0.0561809539795	0.0623819828033	0.0544211864471	0.0546140670776	0.0472209453583	0.0477468967438	0.0479362010956	0.0488069057465	0.0482239723206	0.0489399433136	0.0484821796417	0.0554549694061	0.0498127937317	0.0553619861603	0.0542328357697	0.0524461269379	0.0568549633026	0.0521070957184	
['./treeMaker/main', '-u']
0.0510668754578	0.0524349212646	0.0674531459808	0.0505769252777	0.061919927597	0.0491359233856	0.0536839962006	0.0462870597839	0.0469641685486	0.0492789745331	0.0498239994049	0.0532500743866	0.0507869720459	0.0541710853577	0.048455953598	0.0495421886444	0.0574970245361	0.0566198825836	0.0524380207062	0.0543220043182	0.0523991584778	0.0541260242462	0.0555830001831	0.0463478565216	0.0525751113892	0.0532450675964	0.0496821403503	0.070662021637	0.0512537956238	0.0461521148682	0.0490219593048	0.0538349151611	0.0578269958496	0.0524461269379	0.0540449619293	0.0545108318329	0.047679901123	0.0479779243469	0.0478730201721	0.0486409664154	0.0608320236206	0.0440330505371	0.0591080188751	0.0597109794617	0.0454568862915	0.0514719486237	0.0513300895691	0.0485951900482	0.0532891750336	0.048159122467	
['./treeMaker/main', '-t', '-r', '1']
0.559531927109	0.53542304039	0.625226974487	0.553437948227	0.580010890961	0.497060060501	0.556987047195	0.494843006134	0.496413946152	0.524263858795	0.528147935867	0.595664024353	0.550628900528	0.620951890945	0.57993888855	0.51942896843	0.519338130951	0.663000106812	0.55836391449	0.556668996811	0.596105098724	0.619510173798	0.632190227509	0.481548070908	0.561737060547	0.569254875183	0.546630144119	0.625051021576	0.532082080841	0.479738950729	0.547562122345	0.591770887375	0.673017978668	0.576760053635	0.591429948807	0.573511123657	0.485148906708	0.519257068634	0.458646059036	0.534538030624	0.485371112823	0.511592149734	0.520555019379	0.616853952408	0.518737077713	0.575314998627	0.57624912262	0.55214881897	0.654129981995	0.539757966995	
['./treeMaker/main', '-t', '-r', '2']
0.759071111679	0.779316186905	0.876961946487	0.774946928024	0.830790042877	0.691864967346	0.831248044968	0.691568136215	0.661839962006	0.743821144104	0.760299921036	0.834624052048	0.714540958405	0.900907993317	0.693942070007	0.723037004471	0.716492891312	1.01135802269	0.757665872574	0.755349159241	0.877337932587	0.889689922333	0.849030971527	0.703634023666	0.783859014511	0.723751783371	0.735138893127	0.946666002274	0.699378013611	0.598310947418	0.716799020767	0.786318063736	0.962264060974	0.785510063171	0.84379196167	0.820512056351	0.605093002319	0.671611070633	0.613534927368	0.700644016266	0.661067008972	0.694747924805	0.666305065155	0.910037994385	0.692921161652	0.857465028763	0.845892906189	0.811698198318	0.92741894722	0.748391866684	
['./treeMaker/main', '-t', '-r', '1', '-N']
0.54442191124	0.558017969131	0.623812198639	0.582762956619	0.593245983124	0.527482032776	0.594399213791	0.476011037827	0.504614114761	0.545245170593	0.505218029022	0.604654788971	0.529852867126	0.623561859131	0.524440050125	0.509361982346	0.576215982437	0.688935041428	0.589303016663	0.585671901703	0.574698925018	0.61066198349	0.608730077744	0.500591039658	0.605045080185	0.541607141495	0.558822870255	0.622555971146	0.507643938065	0.482007026672	0.542645215988	0.59231710434	0.676844120026	0.532662153244	0.556005001068	0.557427883148	0.491879940033	0.503116130829	0.46021604538	0.506572008133	0.492449045181	0.477483987808	0.505414962769	0.615201950073	0.52544093132	0.593058109283	0.590296030045	0.536809921265	0.641498088837	0.512201786041	
['./treeMaker/main', '-t', '-r', '2', '-N']
0.745671987534	0.768703937531	0.837884902954	0.750653982162	0.833276033401	0.714735031128	0.776340007782	0.683021068573	0.674880027771	0.724274873734	0.744070053101	0.816764116287	0.723801136017	0.8829870224	0.706556081772	0.692528963089	0.716229915619	1.01386094093	0.806679964066	0.768268108368	0.837903022766	0.875643968582	0.847316026688	0.689347028732	0.79907989502	0.727313995361	0.74250793457	0.918419837952	0.682462930679	0.639472007751	0.738488912582	0.78932094574	0.971536874771	0.786550998688	0.836270093918	0.839473009109	0.633000850677	0.651792049408	0.630222082138	0.704499006271	0.651847839355	0.677371025085	0.659484863281	0.890712022781	0.733197927475	0.823957920074	0.800823926926	0.793812990189	0.912587165833	0.770481109619	
['./treeMaker/main', '-m']
0.0454728603363	0.0460939407349	0.0482239723206	0.0458331108093	0.0471270084381	0.044606924057	0.0471830368042	0.0428349971771	0.0424809455872	0.0445718765259	0.0443379878998	0.0465559959412	0.0440349578857	0.0496289730072	0.0454211235046	0.0458090305328	0.0586199760437	0.0533921718597	0.0485491752625	0.0487420558929	0.0495800971985	0.0494949817657	0.0513451099396	0.0433130264282	0.0463140010834	0.0443799495697	0.0463938713074	0.0519590377808	0.0458688735962	0.0436029434204	0.046226978302	0.049152135849	0.0506601333618	0.0457901954651	0.0517029762268	0.0534009933472	0.0447101593018	0.0453250408173	0.0461559295654	0.0467388629913	0.0455439090729	0.0455389022827	0.0500218868256	0.0514400005341	0.0482392311096	0.0519568920135	0.050173997879	0.0493991374969	0.0523860454559	0.0507190227509	
['./treeMaker/main', '-m', '-b']
0.0476038455963	0.0491409301758	0.0528609752655	0.0492658615112	0.0475420951843	0.0469059944153	0.0496218204498	0.045156955719	0.0452330112457	0.0487351417542	0.0465841293335	0.0523641109467	0.0472178459167	0.0636749267578	0.0476880073547	0.0483419895172	0.0488841533661	0.054379940033	0.0493929386139	0.0534760951996	0.0515658855438	0.0512099266052	0.0544428825378	0.0484981536865	0.0499670505524	0.0509808063507	0.0461421012878	0.0542750358582	0.0504779815674	0.0436019897461	0.0484437942505	0.0526599884033	0.0520141124725	0.0536119937897	0.0507090091705	0.0512700080872	0.0457549095154	0.0457890033722	0.0458590984344	0.0468208789825	0.0469188690186	0.0463531017303	0.0489168167114	0.0547459125519	0.0483958721161	0.0510931015015	0.05406498909	0.0488250255585	0.0512869358063	0.0531151294708	
['./treeMaker/main', '-m', '-w', '1']
0.0480809211731	0.049192905426	0.0503859519958	0.0468890666962	0.0490119457245	0.0468590259552	0.0499699115753	0.0457270145416	0.0453758239746	0.0506689548492	0.0476009845734	0.0499188899994	0.0469350814819	0.052218914032	0.0462908744812	0.0470349788666	0.0476670265198	0.0549290180206	0.0489609241486	0.0483911037445	0.0501990318298	0.0602040290833	0.0522830486298	0.0464971065521	0.0523488521576	0.0486619472504	0.0502500534058	0.0519378185272	0.0468230247498	0.0455749034882	0.0478639602661	0.0508630275726	0.052099943161	0.0479028224945	0.0491061210632	0.0630450248718	0.0422720909119	0.0581791400909	0.0419719219208	0.04354596138	0.0426001548767	0.0434939861298	0.0432190895081	0.0477559566498	0.0439929962158	0.0472900867462	0.0467510223389	0.0469391345978	0.0510761737823	0.0471789836884	
['./treeMaker/main', '-m', '-w', '2']
0.0467410087585	0.0478670597076	0.0498099327087	0.0473880767822	0.048583984375	0.0444190502167	0.0471730232239	0.0435860157013	0.043548822403	0.0459809303284	0.0451052188873	0.0482149124146	0.0448698997498	0.0485789775848	0.0445740222931	0.0594971179962	0.0479688644409	0.0516149997711	0.0474059581757	0.0487580299377	0.0483109951019	0.049103975296	0.0497751235962	0.0444610118866	0.0481100082397	0.0455029010773	0.0455448627472	0.0510501861572	0.0454959869385	0.0429420471191	0.0456421375275	0.0481441020966	0.0626261234283	0.0488970279694	0.0509040355682	0.0513741970062	0.0445690155029	0.0469489097595	0.0443708896637	0.0458431243896	0.0488591194153	0.0443389415741	0.045814037323	0.0537331104279	0.0503559112549	0.0506999492645	0.0534479618073	0.0476710796356	0.0524020195007	0.0541198253632	
['./treeMaker/main', '-m', '-c', '1']
0.0481989383698	0.0476939678192	0.0499019622803	0.0484130382538	0.0501029491425	0.047385931015	0.0490131378174	0.0455181598663	0.0457439422607	0.0477819442749	0.0503430366516	0.0505168437958	0.0456018447876	0.050076007843	0.046688079834	0.0463418960571	0.047180891037	0.0521190166473	0.0492458343506	0.0500271320343	0.0487880706787	0.0532908439636	0.0527470111847	0.0455708503723	0.0497450828552	0.0598649978638	0.0485818386078	0.0546419620514	0.0554780960083	0.042219877243	0.0449831485748	0.0475430488586	0.0504651069641	0.0459318161011	0.0470077991486	0.0612189769745	0.0428309440613	0.0426840782166	0.0543320178986	0.0466349124908	0.0456619262695	0.0464339256287	0.0458419322968	0.0484960079193	0.0492630004883	0.0493512153625	0.0529661178589	0.0473041534424	0.0508511066437	0.0486371517181	
['./treeMaker/main', '-m', '-c', '2']
0.0452749729156	0.0530540943146	0.0495660305023	0.047779083252	0.0496139526367	0.0464818477631	0.0465698242188	0.043053150177	0.0433270931244	0.0452129840851	0.0449879169464	0.0474460124969	0.044575214386	0.0479109287262	0.0439479351044	0.0458319187164	0.0476069450378	0.0511839389801	0.0467948913574	0.0471649169922	0.0478188991547	0.0484471321106	0.0488390922546	0.0437572002411	0.0468530654907	0.0449090003967	0.0450460910797	0.0500807762146	0.0592558383942	0.0421979427338	0.0457301139832	0.0493369102478	0.0519211292267	0.0473737716675	0.0492169857025	0.0496590137482	0.0549790859222	0.0443971157074	0.0439360141754	0.0462818145752	0.0551300048828	0.0460510253906	0.0494699478149	0.0508937835693	0.0463829040527	0.0513920783997	0.05215883255	0.0476479530334	0.0530230998993	0.052365064621	
['./treeMaker/main', '-m', '-a', '1']
0.0618867874146	0.0653710365295	0.0663890838623	0.064013004303	0.0787799358368	0.0609469413757	0.064071893692	0.0597839355469	0.0603260993958	0.0617611408234	0.0620028972626	0.0641689300537	0.0616528987885	0.0652129650116	0.0605809688568	0.0607669353485	0.0624539852142	0.0810270309448	0.0650360584259	0.0655999183655	0.0660839080811	0.0656988620758	0.0655059814453	0.0606489181519	0.0629968643188	0.0612380504608	0.0620369911194	0.0672240257263	0.0632050037384	0.0582349300385	0.0618019104004	0.0643360614777	0.0674090385437	0.0631158351898	0.064337015152	0.0714600086212	0.0595960617065	0.0613391399384	0.0605778694153	0.0614681243896	0.0623180866241	0.0656940937042	0.0752828121185	0.0625641345978	0.0594308376312	0.0646800994873	0.0644819736481	0.0623450279236	0.0669429302216	0.0632729530334	
['./treeMaker/main', '-m', '-a', '2']
0.0452899932861	0.0463740825653	0.0584421157837	0.0439159870148	0.0451519489288	0.0426089763641	0.0475609302521	0.0434617996216	0.0444128513336	0.0455479621887	0.0454959869385	0.047924041748	0.0454130172729	0.048663854599	0.0576820373535	0.0446231365204	0.0468368530273	0.0505120754242	0.0478129386902	0.0470910072327	0.054477930069	0.0482878684998	0.0492260456085	0.044175863266	0.0473690032959	0.0453560352325	0.0453379154205	0.0504720211029	0.0449750423431	0.0425660610199	0.0449450016022	0.0456230640411	0.0488178730011	0.0441610813141	0.045695066452	0.0464601516724	0.0421319007874	0.0570409297943	0.0448961257935	0.0462291240692	0.04731798172	0.0462069511414	0.0458381175995	0.0515840053558	0.0478830337524	0.0501520633698	0.0506870746613	0.0480630397797	0.0524830818176	0.0515429973602	
