25_1000_4.9e-10_4.9e-10_470000000_cut_4
25
1000
4.9e-10
4.9e-10
470000000
cut_4
['./treeMaker/main']
0.0499429702759	0.0824151039124	0.0845000743866	0.0573039054871	0.0660600662231	0.0577399730682	0.0657398700714	0.0732791423798	0.0703611373901	0.0610740184784	0.0746569633484	0.0641160011292	0.0626080036163	0.0647070407867	0.0561339855194	0.0608038902283	0.0781230926514	0.118484973907	0.0664160251617	0.0699820518494	0.0603640079498	0.0532469749451	0.0670480728149	0.0874481201172	0.0873489379883	0.0544700622559	0.0718891620636	0.0607500076294	0.0495002269745	0.0493879318237	0.109900951385	0.0692479610443	0.242160081863	0.068263053894	0.0368099212646	0.0773949623108	0.0654048919678	0.0582730770111	0.0495619773865	0.0932490825653	0.0562200546265	0.0751898288727	0.197243928909	0.0555329322815	0.0737819671631	0.0589408874512	0.029953956604	0.0488798618317	0.0462219715118	0.134943962097	
['./treeMaker/main', '-b']
0.0537672042847	0.0826301574707	0.0868558883667	0.0574560165405	0.0679249763489	0.058895111084	0.0664949417114	0.0882239341736	0.0729930400848	0.0648000240326	0.0656471252441	0.0780971050262	0.070652961731	0.0759780406952	0.0592498779297	0.052237033844	0.0787460803986	0.123105049133	0.0694551467896	0.0585408210754	0.0645890235901	0.0670671463013	0.0725820064545	0.0913488864899	0.12029004097	0.0597259998322	0.0758450031281	0.0645887851715	0.0509650707245	0.0509231090546	0.125855922699	0.072329044342	0.247523069382	0.0711979866028	0.0385820865631	0.0816349983215	0.0662331581116	0.0604069232941	0.0525329113007	0.0980849266052	0.0580720901489	0.0792989730835	0.2066218853	0.0560760498047	0.0744941234589	0.0615618228912	0.0306718349457	0.0506460666656	0.0509679317474	0.141649961472	
['./treeMaker/main', '-u']
0.0538070201874	0.0829288959503	0.0859360694885	0.0587689876556	0.0667309761047	0.0551550388336	0.0665190219879	0.0721290111542	0.0704939365387	0.0612800121307	0.0657029151917	0.0656790733337	0.0655698776245	0.0637180805206	0.0576078891754	0.0530369281769	0.0802099704742	0.118708848953	0.0674068927765	0.0573561191559	0.0612890720367	0.0537438392639	0.0678129196167	0.0879609584808	0.0876219272614	0.0549299716949	0.0737662315369	0.0612308979034	0.049968957901	0.0502228736877	0.106740951538	0.0696110725403	0.240032911301	0.0668931007385	0.0376238822937	0.0795300006866	0.0655789375305	0.058424949646	0.0523190498352	0.0932490825653	0.0700879096985	0.0766448974609	0.197025060654	0.0551571846008	0.0743319988251	0.062530040741	0.0308339595795	0.0499131679535	0.0477540493011	0.1350440979	
['./treeMaker/main', '-t', '-r', '1']
0.893643856049	1.71363091469	1.61484599113	1.03287887573	1.26139307022	1.04726290703	1.28061294556	1.44002485275	1.42033600807	1.30948710442	1.31290102005	1.34260702133	1.25072002411	1.21892786026	1.12816405296	1.02127194405	1.64399814606	2.42983102798	1.22087693214	1.01175498962	1.18037009239	1.00030899048	1.36836004257	1.87398600578	1.71370196342	0.968334913254	1.56752300262	1.23642897606	0.883619070053	0.872656106949	2.27263903618	1.34300494194	4.68329811096	1.2375330925	0.531845092773	1.62938785553	1.30118513107	1.11852884293	0.951240062714	1.88077306747	0.969720840454	1.47630000114	3.68339300156	0.95756316185	1.60167002678	1.08166909218	0.391415834427	0.917474985123	0.804415941238	2.73029589653	
['./treeMaker/main', '-t', '-r', '2']
1.38223719597	2.59314489365	2.69137907028	1.67019605637	1.94385504723	1.73022198677	1.90974497795	2.15092396736	2.19531679153	1.83035802841	2.27161097527	2.12181687355	2.03039503098	1.906457901	1.59595298767	1.46565103531	2.38536000252	3.84661698341	1.96415805817	1.57983493805	1.76604390144	1.8353831768	2.01621699333	2.78385996819	2.68964791298	1.67013597488	2.24010896683	1.90343284607	1.40030312538	1.38003802299	3.58537888527	2.10496711731	6.69590687752	1.85935807228	0.862213134766	2.5202498436	1.98301720619	1.70263981819	1.44054102898	2.99695897102	1.61340904236	2.57025885582	5.96124100685	1.51836204529	2.39806294441	1.63601899147	0.609032869339	1.38885998726	1.24645805359	4.4862010479	
['./treeMaker/main', '-t', '-r', '1', '-N']
0.896589994431	1.66659402847	1.62023806572	1.03645515442	1.26706910133	1.05201792717	1.27601099014	1.44818806648	1.3188431263	1.22358703613	1.21805906296	1.24927711487	1.1965649128	1.15930914879	1.07446193695	0.97033405304	1.56145310402	2.26533198357	1.21072077751	1.02183485031	1.17095112801	0.959131002426	1.34296703339	1.90004491806	1.71990394592	0.97309589386	1.51971793175	1.19696092606	0.889479875565	0.871672868729	2.27413797379	1.344217062	4.69084405899	1.23940992355	0.534241914749	1.63715100288	1.27460098267	1.11945414543	0.938043117523	1.88393306732	0.973261117935	1.47478294373	3.69052195549	0.956575870514	1.59846305847	1.0795519352	0.393281936646	0.915125846863	0.805323123932	2.6866300106	
['./treeMaker/main', '-t', '-r', '2', '-N']
1.40819120407	2.598747015	2.66465902328	1.63586902618	1.94027519226	1.68519997597	1.90581083298	2.16320800781	2.23875212669	1.83500099182	2.0153939724	1.9822280407	2.02750396729	1.89136099815	1.59665608406	1.46480703354	2.38528704643	3.84693408012	1.94721603394	1.57023310661	1.76693892479	1.58562207222	2.04944491386	2.79774188995	2.68333506584	1.65428090096	2.24310994148	1.96273207664	1.33762598038	1.37330579758	3.48824691772	2.11853003502	6.72684311867	1.85467195511	0.85955619812	2.5214869976	1.98730802536	1.68368911743	1.4402589798	2.99690794945	1.61025905609	2.57135105133	5.96317100525	1.45461797714	2.36803102493	1.63730692863	0.610138893127	1.39014387131	1.2513229847	4.65147614479	
['./treeMaker/main', '-m']
0.0447461605072	0.0606961250305	0.0601530075073	0.0456581115723	0.0517551898956	0.0448479652405	0.0516631603241	0.0567469596863	0.0520901679993	0.0462529659271	0.0479218959808	0.0504651069641	0.0494711399078	0.0480229854584	0.045236825943	0.0410330295563	0.0580079555511	0.0777778625488	0.0507290363312	0.0447251796722	0.0489060878754	0.0418989658356	0.0520548820496	0.0631809234619	0.0624008178711	0.0441691875458	0.0530869960785	0.048858165741	0.0400519371033	0.041023015976	0.0698201656342	0.0519599914551	0.112226963043	0.052726984024	0.0314018726349	0.0583329200745	0.0511150360107	0.0464129447937	0.0422158241272	0.0659449100494	0.0425109863281	0.054713010788	0.10348200798	0.0577371120453	0.0652549266815	0.0480239391327	0.026927947998	0.0407838821411	0.0407960414886	0.0835518836975	
['./treeMaker/main', '-m', '-b']
0.0460321903229	0.0634751319885	0.0633490085602	0.0462281703949	0.0547709465027	0.0451500415802	0.0589270591736	0.0665361881256	0.057049036026	0.0542600154877	0.053395986557	0.0524759292603	0.0507819652557	0.0505709648132	0.0470888614655	0.0447680950165	0.0610280036926	0.0815570354462	0.051805973053	0.0455331802368	0.0499141216278	0.0457010269165	0.0683889389038	0.067284822464	0.0702378749847	0.0458009243011	0.0588030815125	0.05064702034	0.0419158935547	0.0428349971771	0.0759110450745	0.0544648170471	0.123184919357	0.0525829792023	0.0326461791992	0.0619020462036	0.0515141487122	0.0486600399017	0.0542850494385	0.0684587955475	0.0466270446777	0.0593659877777	0.120627164841	0.0455341339111	0.0590500831604	0.0485608577728	0.0281229019165	0.0438928604126	0.0403070449829	0.0894877910614	
['./treeMaker/main', '-m', '-w', '1']
0.0434188842773	0.0575580596924	0.0610280036926	0.0470099449158	0.0515470504761	0.0446429252625	0.0504469871521	0.0546889305115	0.0547049045563	0.0509021282196	0.0487320423126	0.0498461723328	0.0619819164276	0.04838514328	0.0452392101288	0.0418901443481	0.0571048259735	0.0855438709259	0.0499200820923	0.0453350543976	0.047593832016	0.0414559841156	0.051726102829	0.0617210865021	0.0617790222168	0.0417940616608	0.0560410022736	0.0487790107727	0.0405638217926	0.0416810512543	0.0718629360199	0.0530531406403	0.115829944611	0.0529999732971	0.0319349765778	0.0574269294739	0.050696849823	0.0466370582581	0.0421249866486	0.0655291080475	0.0447330474854	0.0576751232147	0.10321187973	0.0427851676941	0.0547029972076	0.0466840267181	0.027843952179	0.0403640270233	0.043487071991	0.0834209918976	
['./treeMaker/main', '-m', '-w', '2']
0.0439200401306	0.0608510971069	0.0622231960297	0.0451300144196	0.0520639419556	0.0449540615082	0.0516340732574	0.05601811409	0.0529420375824	0.0469589233398	0.0526149272919	0.0509419441223	0.0494349002838	0.0511040687561	0.0455069541931	0.0423991680145	0.0580279827118	0.0773019790649	0.0500581264496	0.0452129840851	0.049309015274	0.0441482067108	0.0541150569916	0.0620760917664	0.061635017395	0.044095993042	0.0656650066376	0.0489559173584	0.0405361652374	0.041405916214	0.0703060626984	0.0520210266113	0.114562034607	0.0507760047913	0.032112121582	0.0579090118408	0.0507328510284	0.0468280315399	0.0423560142517	0.0667870044708	0.0450479984283	0.0552599430084	0.105022907257	0.0426790714264	0.0551931858063	0.0582718849182	0.0270850658417	0.0419139862061	0.0402359962463	0.0832757949829	
['./treeMaker/main', '-m', '-c', '1']
0.0431430339813	0.0597729682922	0.061497926712	0.0464289188385	0.0517830848694	0.0446691513062	0.0516159534454	0.0517399311066	0.0667889118195	0.0584518909454	0.0492269992828	0.0507071018219	0.0510439872742	0.0494749546051	0.0452868938446	0.0430471897125	0.0551600456238	0.0853590965271	0.0523109436035	0.0451679229736	0.0463051795959	0.0433118343353	0.0529317855835	0.0605700016022	0.0616929531097	0.0434210300446	0.0562398433685	0.0491058826447	0.0405559539795	0.0412950515747	0.071928024292	0.0521409511566	0.114470005035	0.0536181926727	0.0326149463654	0.0717718601227	0.0531270503998	0.0482139587402	0.0436930656433	0.0679650306702	0.0450320243835	0.054878950119	0.104839086533	0.0454831123352	0.056104183197	0.0470721721649	0.0280039310455	0.0411670207977	0.0410971641541	0.0825910568237	
['./treeMaker/main', '-m', '-c', '2']
0.0405430793762	0.0638508796692	0.0615298748016	0.0443902015686	0.0508580207825	0.0451550483704	0.0520160198212	0.0538148880005	0.0542199611664	0.0487201213837	0.0511767864227	0.0505399703979	0.0496261119843	0.0480370521545	0.0449879169464	0.0435280799866	0.0572390556335	0.0766849517822	0.0506851673126	0.0448369979858	0.0484380722046	0.0434949398041	0.0513899326324	0.0770928859711	0.0637259483337	0.0420379638672	0.0560250282288	0.0467920303345	0.040470123291	0.0427260398865	0.0729510784149	0.0543920993805	0.11394405365	0.0480761528015	0.0313229560852	0.0583589076996	0.0499579906464	0.0471410751343	0.0433239936829	0.0663261413574	0.0450170040131	0.0657839775085	0.103253126144	0.043487071991	0.0533888339996	0.0467250347137	0.0273900032043	0.0403530597687	0.0400919914246	0.0836579799652	
['./treeMaker/main', '-m', '-a', '1']
0.0456969738007	0.0620238780975	0.0632472038269	0.0476410388947	0.054673910141	0.0472748279572	0.0544450283051	0.0556969642639	0.0575199127197	0.0517179965973	0.0507740974426	0.0544631481171	0.0543110370636	0.0528490543365	0.0478010177612	0.0449209213257	0.0613520145416	0.0816481113434	0.0518119335175	0.0493941307068	0.0513842105865	0.0466411113739	0.0568020343781	0.0661659240723	0.0762197971344	0.0469760894775	0.0582740306854	0.049957036972	0.0427839756012	0.0440800189972	0.0727620124817	0.0562689304352	0.118673801422	0.0571320056915	0.0338940620422	0.0608229637146	0.0634348392487	0.0506870746613	0.0454339981079	0.079164981842	0.0486719608307	0.0607450008392	0.108485937119	0.048189163208	0.0618059635162	0.0520088672638	0.0298840999603	0.044340133667	0.0458278656006	0.0920000076294	
['./treeMaker/main', '-m', '-a', '2']
0.0476591587067	0.0605709552765	0.0617039203644	0.0468299388885	0.0523290634155	0.0445959568024	0.0516200065613	0.0630180835724	0.0552220344543	0.0481910705566	0.0513181686401	0.0512599945068	0.0501232147217	0.0489490032196	0.0450019836426	0.0427341461182	0.0579979419708	0.0770220756531	0.0588479042053	0.0449159145355	0.0464389324188	0.0433838367462	0.0511620044708	0.0608839988708	0.0619819164276	0.0435330867767	0.0553801059723	0.0476591587067	0.0408091545105	0.0397958755493	0.070604801178	0.051677942276	0.113151073456	0.050341129303	0.0327060222626	0.0591099262238	0.0517439842224	0.0465688705444	0.0431408882141	0.0658550262451	0.044811964035	0.0573627948761	0.103320121765	0.0432679653168	0.0537490844727	0.0467319488525	0.0283069610596	0.0410270690918	0.0402688980103	0.0830512046814	
