25_1000_4.9e-10_4.9e-10_470000000_cut_3
25
1000
4.9e-10
4.9e-10
470000000
cut_3
['./treeMaker/main']
0.051383972168	0.0839838981628	0.0885238647461	0.0600209236145	0.0693891048431	0.0564479827881	0.0684180259705	0.0725140571594	0.0708191394806	0.061949968338	0.0670900344849	0.0647931098938	0.0679349899292	0.0633678436279	0.0589048862457	0.0516130924225	0.0794241428375	0.124806880951	0.0650041103363	0.0581820011139	0.0709261894226	0.0538878440857	0.0720980167389	0.0945909023285	0.0916559696198	0.0554821491241	0.0755789279938	0.0613329410553	0.0484209060669	0.050262928009	0.110691070557	0.0697910785675	0.260422945023	0.0653131008148	0.0368599891663	0.0861129760742	0.0818300247192	0.0620160102844	0.054114818573	0.095113992691	0.0558779239655	0.0821900367737	0.212378978729	0.0518860816956	0.0786340236664	0.060693025589	0.0307431221008	0.0503511428833	0.0479290485382	0.152323007584	
['./treeMaker/main', '-b']
0.0555429458618	0.0885989665985	0.0929419994354	0.0608420372009	0.0690059661865	0.0606269836426	0.0710599422455	0.0736749172211	0.0722501277924	0.0644359588623	0.06968998909	0.068746805191	0.0698339939117	0.0668110847473	0.0612459182739	0.0530848503113	0.0843119621277	0.128561019897	0.06813788414	0.0610408782959	0.0632109642029	0.0574960708618	0.0753769874573	0.0983707904816	0.0951118469238	0.0566279888153	0.0798029899597	0.063117980957	0.0528450012207	0.0537621974945	0.1153819561	0.0733509063721	0.266844034195	0.0664761066437	0.0387620925903	0.08744597435	0.070246219635	0.0664689540863	0.0553870201111	0.101052045822	0.0618989467621	0.0846800804138	0.222759962082	0.0586891174316	0.0806460380554	0.0616500377655	0.033438205719	0.0518069267273	0.0518898963928	0.156991004944	
['./treeMaker/main', '-u']
0.0526249408722	0.0849540233612	0.0881609916687	0.0580830574036	0.0675628185272	0.0703690052032	0.0688772201538	0.0728588104248	0.0713880062103	0.0627501010895	0.0691769123077	0.0653190612793	0.0674629211426	0.0642809867859	0.0602719783783	0.0523459911346	0.0798790454865	0.124316930771	0.066468000412	0.0590560436249	0.0631909370422	0.0566101074219	0.0726850032806	0.0944859981537	0.0914990901947	0.055449962616	0.0776600837708	0.0611610412598	0.048928976059	0.0513348579407	0.115404129028	0.0737891197205	0.261707782745	0.0677390098572	0.0371558666229	0.0855798721313	0.0672640800476	0.0697441101074	0.0518839359283	0.0970590114594	0.0570001602173	0.0815958976746	0.212424993515	0.0545170307159	0.0783050060272	0.0615229606628	0.0293810367584	0.0503950119019	0.048192024231	0.149483919144	
['./treeMaker/main', '-t', '-r', '1']
0.895214080811	1.60470104218	1.60888719559	1.01025915146	1.22635602951	1.04771184921	1.27350902557	1.39654898643	1.2685379982	1.1930501461	1.15967798233	1.18411779404	1.21888303757	1.13517689705	1.22353482246	1.1012339592	1.50234508514	2.20592403412	1.1291217804	0.98281788826	1.15820193291	0.949572086334	1.32174706459	1.59984302521	1.71506690979	0.918458938599	1.52652287483	1.09219908714	0.839540958405	0.86533498764	2.16149187088	1.30051803589	4.56516909599	1.17604112625	0.542339086533	1.36397719383	1.26924395561	1.09286499023	0.936460971832	1.89638185501	0.966672182083	1.47123789787	3.70218515396	0.892597913742	1.55531716347	1.04702496529	0.407263040543	0.928255081177	0.788679838181	2.56748986244	
['./treeMaker/main', '-t', '-r', '2']
1.56811404228	2.94892811775	2.95681905746	1.82996106148	2.13299322128	1.92581105232	2.20417809486	2.34836101532	2.48587703705	2.04704999924	2.58866786957	2.10617113113	2.36722302437	2.15402197838	1.84791207314	1.54263591766	2.7330789566	4.40983605385	2.09679889679	1.82421398163	2.02698493004	1.75119805336	2.38788604736	3.29606294632	3.24310112	1.85078692436	2.55694890022	2.02944397926	1.3867380619	1.5117430687	3.94060897827	2.30610990524	8.03322315216	2.12971305847	0.953762054443	3.00134515762	2.2036511898	1.89511299133	1.61295199394	3.31058096886	1.77298307419	3.00770401955	7.02436995506	1.54246401787	2.68598508835	1.86490797997	0.726077079773	1.58560490608	1.49570178986	5.63314199448	
['./treeMaker/main', '-t', '-r', '1', '-N']
0.897796869278	1.60762310028	1.61516094208	1.01737499237	1.23070716858	1.02046513557	1.26938605309	1.39097809792	1.27001190186	1.19376587868	1.15658712387	1.18031787872	1.18492102623	1.13771605492	1.05158805847	0.936472892761	1.49922204018	2.24980592728	1.13054203987	0.976949930191	1.15792894363	0.950239896774	1.29912400246	1.60498905182	1.69000005722	0.928940057755	1.5268599987	1.07899594307	0.836091995239	0.868577957153	2.1617770195	1.30284285545	4.57027983665	1.18210601807	0.545792102814	1.36125802994	1.26496005058	1.10550904274	0.938579082489	1.90234994888	0.975518226624	1.47809290886	3.69875907898	0.883275985718	1.54426908493	1.04759716988	0.412795066833	0.903563022614	0.782510995865	2.55641508102	
['./treeMaker/main', '-t', '-r', '2', '-N']
1.56531596184	2.9511950016	2.90017604828	1.84648680687	2.16630196571	1.88882994652	2.20590996742	2.34611296654	2.39394402504	2.02345299721	2.55594420433	2.10592579842	2.36888098717	2.15340900421	1.84609103203	1.5538918972	2.82552289963	4.49438095093	2.10776591301	1.82170510292	2.02825713158	1.83241891861	2.41941094398	3.39281702042	3.35833692551	1.83362579346	2.58375000954	2.03162312508	1.3886680603	1.50926208496	3.92572379112	2.30048584938	8.04398488998	2.13650512695	0.96093583107	3.00602507591	2.20423603058	1.89299106598	1.60238480568	3.31627511978	1.76184010506	3.011936903	7.03719806671	1.5801551342	2.69039607048	1.87388086319	0.696208953857	1.5668721199	1.47898507118	5.63738012314	
['./treeMaker/main', '-m']
0.0427141189575	0.0758738517761	0.0648519992828	0.0484008789062	0.0511789321899	0.0485458374023	0.0530190467834	0.05490899086	0.0536098480225	0.0477430820465	0.0541708469391	0.0495450496674	0.0525541305542	0.0512900352478	0.056725025177	0.0444159507751	0.0648319721222	0.0830919742584	0.0515761375427	0.0472609996796	0.0481050014496	0.0430409908295	0.0559020042419	0.0679199695587	0.065299987793	0.0451560020447	0.0581259727478	0.0500700473785	0.0411360263824	0.0417110919952	0.0749390125275	0.0541689395905	0.125863075256	0.0589201450348	0.0333089828491	0.0642650127411	0.0531208515167	0.0481750965118	0.0418009757996	0.0682768821716	0.0447969436646	0.0606820583344	0.11273598671	0.0457360744476	0.0581901073456	0.0481309890747	0.0313720703125	0.0421261787415	0.0437138080597	0.095174074173	
['./treeMaker/main', '-m', '-b']
0.0454511642456	0.0656321048737	0.067568063736	0.0500361919403	0.0545430183411	0.0491878986359	0.0575499534607	0.0592651367188	0.058219909668	0.0517950057983	0.0566749572754	0.0517339706421	0.0540878772736	0.0674920082092	0.0520160198212	0.0482881069183	0.065927028656	0.0926768779755	0.0548119544983	0.0521340370178	0.0533809661865	0.0498850345612	0.0616819858551	0.0758221149445	0.0743908882141	0.0489411354065	0.0632770061493	0.0522210597992	0.0443289279938	0.047394990921	0.0937881469727	0.0591578483582	0.143366098404	0.0551061630249	0.032289981842	0.0707499980927	0.0535769462585	0.051607131958	0.0464720726013	0.0731492042542	0.0483868122101	0.0688400268555	0.127725839615	0.0470550060272	0.0607540607452	0.0503940582275	0.0286040306091	0.0423378944397	0.0452980995178	0.101655960083	
['./treeMaker/main', '-m', '-w', '1']
0.0417881011963	0.0619840621948	0.0725181102753	0.0481669902802	0.0521428585052	0.0477869510651	0.0607249736786	0.0538899898529	0.0562088489532	0.0495109558105	0.0544099807739	0.0518760681152	0.0533738136292	0.0510289669037	0.0476901531219	0.0416741371155	0.0625550746918	0.0817179679871	0.0518221855164	0.0472238063812	0.0493350028992	0.0459878444672	0.0566148757935	0.0653150081635	0.0654001235962	0.045905828476	0.0581648349762	0.0492000579834	0.0413229465485	0.0415570735931	0.0742218494415	0.0541069507599	0.122870922089	0.0507259368896	0.0346598625183	0.064560174942	0.0501260757446	0.0507659912109	0.043429851532	0.0686790943146	0.0470979213715	0.0611081123352	0.112512111664	0.0462849140167	0.0595529079437	0.0494389533997	0.0296659469604	0.0416131019592	0.0419518947601	0.0953571796417	
['./treeMaker/main', '-m', '-w', '2']
0.0558741092682	0.0632071495056	0.0642831325531	0.0463879108429	0.054062128067	0.0479919910431	0.0523209571838	0.0552458763123	0.0555720329285	0.0498759746552	0.0541160106659	0.0511109828949	0.0532069206238	0.0619740486145	0.0484681129456	0.0427031517029	0.0613059997559	0.0836579799652	0.0515050888062	0.0488231182098	0.0512959957123	0.0462241172791	0.0578720569611	0.0689079761505	0.0686988830566	0.0430808067322	0.0588119029999	0.0475080013275	0.0406050682068	0.0571579933167	0.0758280754089	0.0525190830231	0.12583899498	0.0516319274902	0.0313000679016	0.0655910968781	0.0505588054657	0.0488469600677	0.0421249866486	0.070426940918	0.0466909408569	0.0624330043793	0.113232851028	0.0438709259033	0.0567419528961	0.0490899085999	0.0280349254608	0.0456359386444	0.0406978130341	0.105598926544	
['./treeMaker/main', '-m', '-c', '1']
0.0419521331787	0.0738031864166	0.0629968643188	0.048150062561	0.0508120059967	0.0481269359589	0.0530998706818	0.0562889575958	0.055823802948	0.049131155014	0.0521910190582	0.0508780479431	0.0516500473022	0.050843000412	0.0477290153503	0.0422580242157	0.0614919662476	0.082065820694	0.0510449409485	0.0484030246735	0.0497071743011	0.0429148674011	0.0568759441376	0.0652568340302	0.0655100345612	0.0456509590149	0.0573859214783	0.0472140312195	0.0432372093201	0.0435588359833	0.0739841461182	0.053130865097	0.125545978546	0.0516111850739	0.0325710773468	0.0645260810852	0.0523269176483	0.0498340129852	0.0423030853271	0.0680990219116	0.046863079071	0.0603170394897	0.113640069962	0.0451738834381	0.0581438541412	0.0492670536041	0.0287818908691	0.0419080257416	0.0418708324432	0.0952591896057	
['./treeMaker/main', '-m', '-c', '2']
0.0431280136108	0.0615808963776	0.0667519569397	0.0467140674591	0.0536589622498	0.0473489761353	0.053368806839	0.054976940155	0.0556910037994	0.0490839481354	0.0536029338837	0.0493128299713	0.0540161132812	0.0501890182495	0.0484280586243	0.0413799285889	0.0594201087952	0.0818881988525	0.0511958599091	0.0480179786682	0.0509569644928	0.0440998077393	0.0698058605194	0.0699529647827	0.066193819046	0.0426781177521	0.0580508708954	0.0499160289764	0.0401618480682	0.0415949821472	0.0756061077118	0.0520749092102	0.125399112701	0.0513939857483	0.0315980911255	0.0645289421082	0.0526669025421	0.0467250347137	0.042811870575	0.0683951377869	0.0448279380798	0.0608780384064	0.11254119873	0.0454330444336	0.0585169792175	0.0485491752625	0.0280299186707	0.0419409275055	0.0409700870514	0.109016895294	
['./treeMaker/main', '-m', '-a', '1']
0.0457489490509	0.0646131038666	0.0680270195007	0.0514409542084	0.0571780204773	0.0611958503723	0.0581078529358	0.0587561130524	0.0593531131744	0.0525159835815	0.0588519573212	0.055526971817	0.0554008483887	0.0528841018677	0.0509068965912	0.0486929416656	0.0665941238403	0.0845758914948	0.053297996521	0.0526130199432	0.0522980690002	0.0490281581879	0.0618691444397	0.0711979866028	0.0712220668793	0.0490717887878	0.0608088970184	0.0525240898132	0.0453059673309	0.0474910736084	0.0782721042633	0.0570230484009	0.128610134125	0.0539789199829	0.0361909866333	0.0805811882019	0.0569469928741	0.0505969524384	0.0481839179993	0.0813360214233	0.0515360832214	0.0666499137878	0.116104841232	0.0502700805664	0.0620920658112	0.0518021583557	0.0307629108429	0.0432178974152	0.0552649497986	0.0991950035095	
['./treeMaker/main', '-m', '-a', '2']
0.0451219081879	0.0618858337402	0.0789539813995	0.0482220649719	0.0662188529968	0.0456550121307	0.0528440475464	0.0566511154175	0.0565519332886	0.0499241352081	0.0558109283447	0.0521001815796	0.0543849468231	0.0506091117859	0.0466578006744	0.0418400764465	0.0687100887299	0.0817718505859	0.0524530410767	0.0468759536743	0.0504941940308	0.0448331832886	0.0570540428162	0.0663199424744	0.0671510696411	0.045688867569	0.0571599006653	0.0492830276489	0.0404889583588	0.041778087616	0.0735218524933	0.0533218383789	0.12429189682	0.0544998645782	0.0306980609894	0.0660519599915	0.064131975174	0.0490219593048	0.0446801185608	0.0683040618896	0.0458810329437	0.0616900920868	0.112064123154	0.0455050468445	0.0578050613403	0.0487859249115	0.0275161266327	0.0407919883728	0.0407531261444	0.0936689376831	
