25_1000_4.9e-10_4.9e-10_470000000_cut_3
25
1000
4.9e-10
4.9e-10
470000000
cut_3
['./treeMaker/main']
0.0493359565735	0.0820860862732	0.0895471572876	0.0571579933167	0.0650370121002	0.0576059818268	0.0660388469696	0.0709521770477	0.0707190036774	0.0595650672913	0.0642118453979	0.064749956131	0.0631330013275	0.0602178573608	0.060436964035	0.0498719215393	0.0754179954529	0.122038125992	0.0644290447235	0.0558609962463	0.0664219856262	0.0545299053192	0.0691878795624	0.0912001132965	0.0884840488434	0.0524961948395	0.0759799480438	0.0584061145782	0.0481531620026	0.0525228977203	0.10595202446	0.0692188739777	0.25359582901	0.0655369758606	0.0359668731689	0.0821139812469	0.0763170719147	0.0596559047699	0.0524289608002	0.0944240093231	0.0527410507202	0.079598903656	0.218384027481	0.0498728752136	0.0735900402069	0.0573031902313	0.0283589363098	0.0480580329895	0.0475549697876	0.140376091003	
['./treeMaker/main', '-b']
0.053875207901	0.0845539569855	0.0898191928864	0.0587151050568	0.0686349868774	0.0581998825073	0.0719928741455	0.0744860172272	0.0697588920593	0.0637738704681	0.0665829181671	0.0669410228729	0.0677659511566	0.0653898715973	0.0584590435028	0.0540940761566	0.0788221359253	0.124678134918	0.0660409927368	0.0575711727142	0.0635941028595	0.0544419288635	0.0732500553131	0.0940690040588	0.0918040275574	0.0556719303131	0.078134059906	0.0619740486145	0.049779176712	0.0526208877563	0.113267183304	0.0703370571136	0.257793903351	0.0654861927032	0.0351569652557	0.0842370986938	0.0664389133453	0.0616509914398	0.0534729957581	0.0972039699554	0.0564670562744	0.0821919441223	0.215909957886	0.0528929233551	0.0780251026154	0.0578680038452	0.0314829349518	0.0496599674225	0.0493190288544	0.149979114532	
['./treeMaker/main', '-u']
0.052661895752	0.0829329490662	0.0959589481354	0.0572009086609	0.0663948059082	0.0679571628571	0.0668058395386	0.0701439380646	0.0737059116364	0.0597879886627	0.0638401508331	0.0647020339966	0.0652101039886	0.0626292228699	0.0590779781342	0.0499927997589	0.0759270191193	0.121580839157	0.0648441314697	0.0566670894623	0.0613799095154	0.0533769130707	0.0686500072479	0.0904350280762	0.0864660739899	0.0531039237976	0.0764608383179	0.0592360496521	0.0478029251099	0.0533039569855	0.107182979584	0.0690140724182	0.252723932266	0.0650599002838	0.0369329452515	0.0825810432434	0.0780861377716	0.0587060451508	0.0509052276611	0.0953371524811	0.054044008255	0.0788230895996	0.209615945816	0.0528969764709	0.076817035675	0.0578100681305	0.0291290283203	0.0517239570618	0.0484719276428	0.145030975342	
['./treeMaker/main', '-t', '-r', '1']
0.901084899902	1.62957000732	1.62849187851	1.03262782097	1.2715549469	1.04844808578	1.31604003906	1.42595791817	1.29240489006	1.23948097229	1.21423697472	1.20006394386	1.2330520153	1.19076108932	1.4583671093	1.01106715202	1.55017518997	2.28997087479	1.14499211311	0.981568098068	1.16868591309	0.977326869965	1.33129405975	1.7578830719	1.79634809494	0.950647830963	1.57129788399	1.11953282356	0.86786198616	0.892239093781	2.21901607513	1.31962800026	4.68768692017	1.22751879692	0.540323972702	1.46169996262	1.27133893967	1.13660216331	0.952470064163	1.90868711472	0.965734004974	1.50928211212	3.76603007317	0.92106795311	1.59036397934	1.06396007538	0.409524917603	0.9501080513	0.79669380188	2.77829217911	
['./treeMaker/main', '-t', '-r', '2']
1.44830107689	2.63703417778	2.74738693237	1.70715308189	1.97082901001	1.69828414917	1.97499012947	2.20011997223	2.57206392288	1.90484189987	2.17951011658	1.94262599945	2.15431308746	1.91213297844	1.66065192223	1.43685483932	2.42639899254	3.91382098198	1.9153637886	1.60063695908	1.80376696587	1.63664197922	2.11924505234	2.93534493446	2.82702112198	1.63237905502	2.33684206009	1.87762784958	1.31044793129	1.42199492455	3.45020079613	2.10702013969	6.95101714134	1.9200091362	0.893696069717	2.81372904778	2.04469108582	1.75688290596	1.49534010887	3.10070800781	1.65002512932	2.63898301125	6.25067901611	1.39216208458	2.4720249176	1.66704893112	0.642112016678	1.43472790718	1.30296301842	4.74938106537	
['./treeMaker/main', '-t', '-r', '1', '-N']
0.903781890869	1.63062691689	1.63217186928	1.03406786919	1.27272987366	1.03933691978	1.31936812401	1.43078303337	1.29460597038	1.22109389305	1.21862411499	1.20695590973	1.22987389565	1.14928793907	1.08695006371	0.933158874512	1.55155706406	2.24328517914	1.14649605751	0.977743148804	1.16761898994	0.977022886276	1.33543300629	1.75450706482	1.76264381409	0.945472002029	1.57673001289	1.12348794937	0.862840175629	0.88981795311	2.22638082504	1.3247320652	4.69219708443	1.22715091705	0.547585964203	1.4670009613	1.27456021309	1.14437007904	0.954111099243	1.91495895386	0.967385053635	1.51777386665	3.7678129673	0.904351949692	1.58879709244	1.05911493301	0.41706609726	0.923388957977	0.793818950653	2.69335985184	
['./treeMaker/main', '-t', '-r', '2', '-N']
1.45164084435	2.63908696175	2.76675891876	1.66443514824	1.95099902153	1.67418408394	1.9770450592	2.19340205193	2.16950798035	1.86060094833	2.1502969265	1.94450902939	2.15159010887	1.90819811821	1.72727894783	1.44772195816	2.43976092339	3.91397285461	1.91369199753	1.6039390564	1.80639100075	1.90016698837	2.12987494469	3.03898501396	2.80755996704	1.67948198318	2.34778904915	1.86108207703	1.31205201149	1.43841099739	3.45417189598	2.10578989983	6.97562479973	1.93007087708	0.897471904755	2.81220412254	2.05038809776	1.79613494873	1.49177312851	3.0735578537	1.61309099197	2.64101600647	6.25400018692	1.39545106888	2.51922988892	1.65867900848	0.629907846451	1.42721509933	1.31287312508	4.76224899292	
['./treeMaker/main', '-m']
0.0435497760773	0.0692129135132	0.0613739490509	0.04665184021	0.0497419834137	0.0467140674591	0.0504279136658	0.054239988327	0.0529019832611	0.0472459793091	0.0497879981995	0.0493271350861	0.049201965332	0.0590450763702	0.0470621585846	0.0415210723877	0.0587558746338	0.0778880119324	0.0487959384918	0.0450677871704	0.0486431121826	0.0444550514221	0.0540709495544	0.062570810318	0.0632560253143	0.0435609817505	0.0560400485992	0.0475680828094	0.0378217697144	0.0395028591156	0.0711479187012	0.0501079559326	0.116013050079	0.0477180480957	0.0325951576233	0.0614159107208	0.057806968689	0.0470559597015	0.0409569740295	0.0651791095734	0.0442669391632	0.057403087616	0.105084896088	0.043998003006	0.0556271076202	0.0459990501404	0.0258121490479	0.039146900177	0.0411088466644	0.0867249965668	
['./treeMaker/main', '-m', '-b']
0.0447030067444	0.0630581378937	0.065896987915	0.0479769706726	0.0634789466858	0.0488080978394	0.0541460514069	0.05677485466	0.0586459636688	0.0494029521942	0.0526401996613	0.0530889034271	0.054435968399	0.06360912323	0.0503678321838	0.0460422039032	0.0625340938568	0.0874900817871	0.0542500019073	0.0489621162415	0.053365945816	0.0478188991547	0.0576729774475	0.0703179836273	0.0711569786072	0.0485091209412	0.0620532035828	0.0511059761047	0.0436108112335	0.0452599525452	0.0847120285034	0.0589528083801	0.130949020386	0.0531780719757	0.0341439247131	0.0669798851013	0.0543019771576	0.0485169887543	0.0452020168304	0.0681819915771	0.04629778862	0.0607459545135	0.116994142532	0.0457811355591	0.0583939552307	0.0474960803986	0.027872800827	0.0430209636688	0.0423738956451	0.0916249752045	
['./treeMaker/main', '-m', '-w', '1']
0.0412299633026	0.0721871852875	0.0612428188324	0.045905828476	0.0522420406342	0.0451800823212	0.0608599185944	0.0547099113464	0.0535881519318	0.0472810268402	0.0504331588745	0.0481460094452	0.0492780208588	0.0488460063934	0.0454928874969	0.0405249595642	0.0568749904633	0.0769081115723	0.0473940372467	0.0452218055725	0.0476059913635	0.0440320968628	0.052983045578	0.0634820461273	0.0633759498596	0.0425820350647	0.0561618804932	0.0562160015106	0.0407919883728	0.0396540164948	0.0695629119873	0.0524990558624	0.114724874496	0.0487329959869	0.0326600074768	0.0621569156647	0.050302028656	0.0451271533966	0.0409171581268	0.0652060508728	0.0444710254669	0.0607969760895	0.105645895004	0.0440089702606	0.0558359622955	0.045923948288	0.0257639884949	0.0385549068451	0.0397040843964	0.0886869430542	
['./treeMaker/main', '-m', '-w', '2']
0.0541307926178	0.061781167984	0.0642631053925	0.0465738773346	0.0511929988861	0.0464289188385	0.0494899749756	0.0543510913849	0.0531229972839	0.0478019714355	0.0490667819977	0.0508301258087	0.0620269775391	0.049348115921	0.0466728210449	0.0426700115204	0.0578401088715	0.0786130428314	0.0484280586243	0.0435330867767	0.0488867759705	0.0436470508575	0.0533428192139	0.0634350776672	0.0648121833801	0.0437738895416	0.0559051036835	0.0472300052643	0.0398170948029	0.0519649982452	0.0694899559021	0.0501890182495	0.117210149765	0.0491528511047	0.0303928852081	0.0625991821289	0.0496299266815	0.0469439029694	0.041207075119	0.0654780864716	0.0454769134521	0.0580611228943	0.108365058899	0.0435650348663	0.0560820102692	0.0466520786285	0.0267939567566	0.0404050350189	0.0405151844025	0.0969769954681	
['./treeMaker/main', '-m', '-c', '1']
0.0417060852051	0.070690870285	0.059415102005	0.0460240840912	0.0498459339142	0.0459408760071	0.0490210056305	0.0531361103058	0.0522019863129	0.0474200248718	0.0490050315857	0.049546957016	0.0488901138306	0.0479960441589	0.0450460910797	0.0409009456635	0.057923078537	0.0773501396179	0.0488269329071	0.0456659793854	0.0483918190002	0.0441498756409	0.0528519153595	0.0629298686981	0.0713341236115	0.0436098575592	0.0549170970917	0.0471720695496	0.0405440330505	0.0420551300049	0.0708720684052	0.0497350692749	0.126649856567	0.0494689941406	0.0323140621185	0.0624759197235	0.0488200187683	0.0467789173126	0.0410130023956	0.0651910305023	0.0441918373108	0.0574679374695	0.106187820435	0.0427989959717	0.0552830696106	0.0462238788605	0.027575969696	0.0385689735413	0.0390009880066	0.0890369415283	
['./treeMaker/main', '-m', '-c', '2']
0.0433249473572	0.0583810806274	0.0632450580597	0.0469708442688	0.0525472164154	0.0482521057129	0.0519840717316	0.0545840263367	0.0528039932251	0.0472979545593	0.0507299900055	0.0512180328369	0.0504751205444	0.0477278232574	0.0458950996399	0.040374994278	0.0564000606537	0.0798439979553	0.0489358901978	0.0433239936829	0.0483419895172	0.044084072113	0.0631999969482	0.0621168613434	0.0631749629974	0.0433950424194	0.0545878410339	0.0474059581757	0.0400688648224	0.0423719882965	0.0686881542206	0.0496661663055	0.116247177124	0.0492479801178	0.0299241542816	0.0604989528656	0.0517659187317	0.0468108654022	0.0433230400085	0.0650050640106	0.0442559719086	0.057391166687	0.106698989868	0.0416250228882	0.0558598041534	0.0464508533478	0.028137922287	0.0385711193085	0.0402948856354	0.0955328941345	
['./treeMaker/main', '-m', '-a', '1']
0.0454058647156	0.0637080669403	0.0663611888885	0.0492010116577	0.0557987689972	0.0592420101166	0.0556499958038	0.0580859184265	0.0570850372314	0.0487899780273	0.0523149967194	0.0514888763428	0.0559780597687	0.0529789924622	0.0477640628815	0.0456910133362	0.0584998130798	0.0824859142303	0.053878068924	0.0470349788666	0.0500469207764	0.0466887950897	0.0554990768433	0.0669279098511	0.0676369667053	0.0469698905945	0.058228969574	0.0497469902039	0.0434889793396	0.0462071895599	0.0742008686066	0.0551550388336	0.12041592598	0.0534579753876	0.0352649688721	0.0745887756348	0.0548260211945	0.048620223999	0.0466661453247	0.0796730518341	0.0574820041656	0.0649969577789	0.11095905304	0.0449850559235	0.0588099956512	0.0484249591827	0.0282859802246	0.0557599067688	0.043820142746	0.0910120010376	
['./treeMaker/main', '-m', '-a', '2']
0.0428919792175	0.0579051971436	0.07088804245	0.0477330684662	0.0607178211212	0.0482401847839	0.0500340461731	0.0520279407501	0.0542500019073	0.0474660396576	0.050274848938	0.0527930259705	0.0508399009705	0.0480189323425	0.054878950119	0.0407321453094	0.0664570331573	0.0786969661713	0.0500040054321	0.0475170612335	0.0511741638184	0.0447120666504	0.0517489910126	0.0671689510345	0.0637919902802	0.0415489673615	0.0584909915924	0.0473868846893	0.0396249294281	0.0422229766846	0.0696878433228	0.0528700351715	0.116180181503	0.049379825592	0.0329279899597	0.076397895813	0.0510611534119	0.0468440055847	0.0425961017609	0.0660500526428	0.044312953949	0.0559139251709	0.108728170395	0.04270195961	0.0551841259003	0.0455369949341	0.0274968147278	0.0425539016724	0.0431590080261	0.086611032486	
