25_1000_1.9e-10_9.5e-11_470000000
25
1000
1.9e-10
9.5e-11
470000000

['./treeMaker/main']
0.0834679603577	0.115421056747	0.115392923355	0.0813658237457	0.148271083832	0.446876049042	0.19078207016	0.196485042572	0.134757995605	0.0839858055115	0.0785350799561	0.0699939727783	0.0870969295502	0.083202123642	0.0992591381073	0.0909359455109	0.106844902039	0.244481086731	0.307831048965	0.24619102478	0.253172874451	0.193786859512	0.101572036743	0.0887629985809	0.0862350463867	0.149894952774	0.0965569019318	0.114639997482	0.349274158478	0.147536993027	0.277465105057	0.109666109085	0.0876080989838	0.120451927185	0.128142118454	0.124430179596	0.109165906906	0.103817939758	0.25679397583	0.0937390327454	0.16096997261	0.114838838577	0.0894780158997	0.194102048874	0.166301965714	0.105132818222	0.0958368778229	0.169104099274	0.152825832367	0.0852410793304	
['./treeMaker/main', '-b']
0.0945618152618	0.23685503006	0.192404031754	0.167265892029	0.143834114075	0.110414028168	0.10057592392	0.0971369743347	0.194972038269	0.254230976105	0.128681898117	0.196539878845	0.185832023621	0.126457929611	0.11572098732	0.0874609947205	0.108721971512	0.123634815216	0.160857915878	0.27651309967	0.185395002365	0.174309015274	0.182645797729	0.173692941666	0.104871988297	0.160382986069	0.218005895615	0.117207050323	0.210057020187	0.134840011597	0.0951628684998	0.131567001343	0.137716054916	0.131978034973	0.12131690979	0.239720821381	0.112445116043	0.109002113342	0.200037956238	0.1047270298	0.0807819366455	0.0789549350739	0.162866830826	0.237579107285	0.17675614357	0.0983071327209	0.114756822586	0.337067842484	0.104636907578	0.0774989128113	
['./treeMaker/main', '-u']
0.170950174332	0.112031936646	0.108219861984	0.198868989944	0.2535841465	0.116949081421	0.0965960025787	0.0999019145966	0.117758989334	0.10747885704	0.164664030075	0.0777859687805	0.101230859756	0.184462070465	0.118640899658	0.290848016739	0.167876005173	0.105793952942	0.124737977982	0.102935791016	0.118153095245	0.119825839996	0.229060173035	0.0863049030304	0.0941369533539	0.393676042557	0.133917808533	0.132071971893	0.163788080215	0.0777850151062	0.149494886398	0.172427177429	0.0846991539001	0.111899852753	0.184371948242	0.197690010071	0.20182800293	0.217586040497	0.223232984543	0.105945110321	0.085019826889	0.0733389854431	0.0833320617676	0.0890219211578	0.138977050781	0.0966670513153	0.102663040161	0.562418937683	0.190017938614	0.173366785049	
['./treeMaker/main', '-t', '-r', '1']
1.12282395363	1.54639005661	2.94337701797	2.53265690804	3.49529600143	1.52772402763	1.40689706802	2.2139840126	2.76334190369	1.62681388855	1.10145401955	1.08990097046	1.31589794159	0.991160869598	1.38908815384	1.17659687996	1.5273270607	1.24627900124	2.39116597176	2.11657500267	2.47517704964	3.02877998352	1.76386594772	1.61204910278	1.80810618401	3.0989010334	2.08879303932	2.1022810936	3.28550004959	1.41943001747	1.67412185669	1.67662811279	1.6008849144	2.15347599983	2.29736685753	2.08570194244	2.1393661499	2.46842002869	2.15179204941	2.1229300499	1.53376317024	0.942445039749	1.37566590309	2.13400006294	3.47240209579	2.37019491196	2.26601886749	3.76607704163	1.59677004814	0.955645799637	
['./treeMaker/main', '-t', '-r', '2']
2.14080500603	3.53583884239	3.386729002	2.26217412949	4.17118692398	3.1264359951	2.8765141964	2.53766298294	3.52564001083	1.73136210442	1.63775801659	1.56663608551	2.37270021439	1.74010896683	2.72296690941	2.27778911591	3.02077412605	2.2931599617	3.90434288979	3.34080290794	3.39466691017	4.35612106323	2.60582208633	1.93654918671	2.85789990425	5.37228703499	2.48755216599	3.18224692345	5.53391003609	1.66549801826	2.3882689476	2.16569399834	2.03437900543	3.34896993637	3.34701490402	3.67689085007	2.36341500282	3.23314094543	3.03806900978	2.28742790222	1.54611206055	1.55947589874	1.92378091812	2.42783904076	4.81928181648	2.53688597679	3.05747294426	5.70083022118	3.00698494911	2.22446608543	
['./treeMaker/main', '-t', '-r', '1', '-N']
1.89830803871	2.27706718445	2.22458696365	1.63266301155	2.33016204834	2.70225906372	1.87028884888	1.97419095039	2.41413903236	1.10399484634	1.35163593292	0.845421075821	1.77659392357	1.39064908028	2.45415282249	1.95688390732	2.23242902756	2.08852887154	2.40854907036	2.46888494492	2.25097417831	2.4038310051	2.1822988987	1.49460792542	1.80922412872	3.05792999268	1.88960886002	2.21900486946	3.44736409187	1.03419303894	1.53911185265	1.11194014549	1.02343606949	2.71515703201	2.59841609001	2.29116106033	2.21236515045	2.21162605286	1.72092199326	1.56389093399	1.64760899544	1.45176696777	1.39746308327	2.00885891914	3.36771512032	1.87826395035	2.03229308128	3.73740005493	2.29300189018	1.42560100555	
['./treeMaker/main', '-t', '-r', '2', '-N']
2.45156002045	3.58280801773	3.13872718811	2.37964105606	3.47656202316	3.11316990852	2.87253904343	2.33095788956	3.79187011719	2.02437186241	1.89603900909	1.66664910316	2.28164887428	2.18495893478	3.15332388878	2.13209104538	3.16937303543	2.5695040226	3.80892491341	3.43017888069	3.89726090431	4.23820400238	2.6245238781	2.07721495628	2.80043888092	5.66340279579	2.76065301895	2.90736889839	5.87892794609	1.68498802185	2.48368000984	1.95313215256	1.9312980175	3.63262104988	3.100730896	3.85068202019	2.34112906456	3.3780040741	3.31062197685	2.45205307007	1.95310091972	1.84024119377	1.96780705452	2.59051299095	5.10398006439	2.89191508293	2.63898515701	5.46904706955	3.10078191757	2.23911786079	
['./treeMaker/main', '-m']
0.159957170486	0.087394952774	0.162497997284	0.097363948822	0.135138034821	0.172224998474	0.0799520015717	0.0768361091614	0.0897810459137	0.0957059860229	0.0662069320679	0.0726480484009	0.107799053192	0.16804599762	0.106267929077	0.0748391151428	0.110518932343	0.0793330669403	0.0895988941193	0.156097888947	0.137104988098	0.138599157333	0.0817270278931	0.0761611461639	0.0860488414764	0.216126918793	0.114845991135	0.0932521820068	0.111716032028	0.0826098918915	0.165858030319	0.12093091011	0.0651988983154	0.0911719799042	0.173540115356	0.10408782959	0.0775458812714	0.0844058990479	0.0932898521423	0.115360021591	0.14651799202	0.0778360366821	0.0707259178162	0.0886161327362	0.227038145065	0.0801849365234	0.0795528888702	0.175225973129	0.159550905228	0.123418092728	
['./treeMaker/main', '-m', '-b']
0.0816531181335	0.0944509506226	0.0929298400879	0.0727059841156	0.105192899704	0.190039873123	0.14936709404	0.095046043396	0.0987119674683	0.0961680412292	0.149671077728	0.0617740154266	0.15341091156	0.161105871201	0.100522041321	0.0828409194946	0.0871810913086	0.0788760185242	0.126514911652	0.186830997467	0.145977973938	0.112205028534	0.0903449058533	0.162492036819	0.182564020157	0.20023393631	0.0906939506531	0.0931529998779	0.120492935181	0.0707440376282	0.0690951347351	0.0799670219421	0.165237903595	0.183737039566	0.0973079204559	0.103111028671	0.0859940052032	0.304074048996	0.11870598793	0.0930819511414	0.0657820701599	0.0773820877075	0.0744941234589	0.0856130123138	0.130325078964	0.182703971863	0.112088918686	0.123180866241	0.0862739086151	0.0862009525299	
['./treeMaker/main', '-m', '-w', '1']
0.140775918961	0.168653011322	0.0964388847351	0.0785660743713	0.114379167557	0.095253944397	0.0702049732208	0.117877006531	0.194822072983	0.0807690620422	0.0662310123444	0.0607709884644	0.12257194519	0.151246070862	0.103700876236	0.101049184799	0.154780864716	0.0896019935608	0.0966048240662	0.0877678394318	0.0815920829773	0.0957329273224	0.174530982971	0.0994880199432	0.0907549858093	0.128910064697	0.121428012848	0.185424804688	0.167840957642	0.0779631137848	0.0835728645325	0.0786850452423	0.0766549110413	0.0911209583282	0.0907740592957	0.20351600647	0.117620944977	0.0888121128082	0.0971519947052	0.101703882217	0.150749921799	0.128604888916	0.0927879810333	0.0962791442871	0.106204032898	0.0846171379089	0.0877161026001	0.160312891006	0.178755044937	0.0759801864624	
['./treeMaker/main', '-m', '-w', '2']
0.075042963028	0.106904983521	0.0846660137177	0.163671970367	0.150411128998	0.0977749824524	0.0886800289154	0.0761661529541	0.183176994324	0.0699119567871	0.0686309337616	0.064759016037	0.0748820304871	0.129701852798	0.0889291763306	0.0746340751648	0.0859289169312	0.0711431503296	0.180886983871	0.0958530902863	0.153681993484	0.0974199771881	0.100205898285	0.07137799263	0.172743082047	0.220844984055	0.0850458145142	0.0817089080811	0.202368021011	0.127874135971	0.085638999939	0.0619461536407	0.0908908843994	0.170897006989	0.0919671058655	0.11331486702	0.163716077805	0.117789983749	0.0935959815979	0.0719938278198	0.0873780250549	0.135950088501	0.0721261501312	0.0762379169464	0.155247926712	0.17654800415	0.0904321670532	0.114829063416	0.0854289531708	0.134386062622	
['./treeMaker/main', '-m', '-c', '1']
0.0763690471649	0.0867619514465	0.0916268825531	0.0778069496155	0.235266923904	0.0910680294037	0.113460063934	0.183251142502	0.112849235535	0.0681409835815	0.0684869289398	0.10123705864	0.128289937973	0.0663468837738	0.0846340656281	0.110062122345	0.0917699337006	0.0764260292053	0.137049913406	0.199094057083	0.0869150161743	0.0979971885681	0.123734951019	0.116289138794	0.0871860980988	0.104980230331	0.169018983841	0.15984916687	0.126784086227	0.0733659267426	0.0814499855042	0.0727970600128	0.144664049149	0.150269031525	0.0972859859467	0.151561021805	0.163260936737	0.0831890106201	0.0929520130157	0.0808680057526	0.114720106125	0.123331069946	0.0800240039825	0.082808971405	0.112323045731	0.144371032715	0.171323060989	0.115993022919	0.0816202163696	0.106211900711	
['./treeMaker/main', '-m', '-c', '2']
0.160274982452	0.10696387291	0.0915131568909	0.0697989463806	0.0913569927216	0.0924620628357	0.171805858612	0.0873401165009	0.0899610519409	0.0686221122742	0.104258060455	0.118674993515	0.0836961269379	0.104974031448	0.171710014343	0.0797848701477	0.0876121520996	0.0767910480499	0.0902080535889	0.0817730426788	0.159285068512	0.146533966064	0.0839819908142	0.079521894455	0.0766150951385	0.177695989609	0.0974950790405	0.081818819046	0.229774951935	0.106870889664	0.0822019577026	0.0775668621063	0.0623281002045	0.0876529216766	0.0864839553833	0.103974819183	0.120043992996	0.192389011383	0.0932269096375	0.128810882568	0.13609290123	0.0667750835419	0.153731822968	0.171519994736	0.190002918243	0.0771949291229	0.0879650115967	0.118721961975	0.0916669368744	0.0696811676025	
['./treeMaker/main', '-m', '-a', '1']
0.0823497772217	0.108081102371	0.0977499485016	0.198466062546	0.211694955826	0.215822935104	0.178809165955	0.171447038651	0.107675075531	0.0804529190063	0.0711340904236	0.0757501125336	0.0804541110992	0.0990438461304	0.0959208011627	0.0926229953766	0.146338939667	0.20307803154	0.23247385025	0.155255079269	0.111423015594	0.112463951111	0.0941050052643	0.0808091163635	0.0861299037933	0.278262853622	0.105454206467	0.121893882751	0.122263908386	0.187643051147	0.14879488945	0.093496799469	0.0872011184692	0.105320930481	0.0897550582886	0.104954957962	0.212389945984	0.114383935928	0.108552932739	0.0890882015228	0.0793299674988	0.179458141327	0.12158703804	0.171487808228	0.127912044525	0.0905628204346	0.0990550518036	0.116734981537	0.210813045502	0.109704017639	
['./treeMaker/main', '-m', '-a', '2']
0.0844371318817	0.0906109809875	0.12859416008	0.160567045212	0.153730869293	0.119704008102	0.16864991188	0.0854370594025	0.101047039032	0.0692858695984	0.0699229240417	0.0664019584656	0.0837621688843	0.0653381347656	0.0897469520569	0.0797832012177	0.117360115051	0.0760600566864	0.0830690860748	0.173425912857	0.0875468254089	0.211734056473	0.0892210006714	0.078164100647	0.0904450416565	0.110404968262	0.0859849452972	0.0931930541992	0.109920978546	0.143674850464	0.0788969993591	0.0750360488892	0.0896830558777	0.239677906036	0.106386899948	0.174327850342	0.16147518158	0.0943140983582	0.0858879089355	0.0733771324158	0.0713758468628	0.055811882019	0.0769131183624	0.148445129395	0.11091709137	0.0793590545654	0.093358039856	0.243566989899	0.184851884842	0.112804174423	
