25_1000_4.9e-10_4.9e-10_470000000_cut_2
25
1000
4.9e-10
4.9e-10
470000000
cut_2
['./treeMaker/main']
0.0551729202271	0.0850510597229	0.0864419937134	0.0609788894653	0.0696620941162	0.0547211170197	0.0650949478149	0.0734441280365	0.0688560009003	0.0635640621185	0.0691349506378	0.0673899650574	0.0655999183655	0.0641179084778	0.0568740367889	0.051372051239	0.0791471004486	0.120830059052	0.0643019676208	0.0557789802551	0.062420129776	0.0548629760742	0.0727391242981	0.0895729064941	0.0901091098785	0.0567638874054	0.0756089687347	0.0615739822388	0.0488288402557	0.0512399673462	0.106612920761	0.0700631141663	0.249102830887	0.0678479671478	0.0387909412384	0.0790109634399	0.0648200511932	0.0593688488007	0.053848028183	0.0946168899536	0.0573949813843	0.0760190486908	0.20367193222	0.0539281368256	0.0758950710297	0.0562520027161	0.0298759937286	0.047828912735	0.0493609905243	0.149817943573	
['./treeMaker/main', '-b']
0.0589859485626	0.0980222225189	0.0923309326172	0.060870885849	0.0682110786438	0.0559420585632	0.0705869197845	0.0752260684967	0.0722069740295	0.0665969848633	0.0681400299072	0.068717956543	0.0658400058746	0.0655810832977	0.0589971542358	0.0535488128662	0.0815098285675	0.124892950058	0.0676341056824	0.0573220252991	0.0634942054749	0.0550739765167	0.0745751857758	0.0928599834442	0.0943059921265	0.0549278259277	0.0800790786743	0.061233997345	0.0498459339142	0.0528090000153	0.110562086105	0.0711390972137	0.26358795166	0.0719590187073	0.0387001037598	0.0814490318298	0.0670051574707	0.0760178565979	0.055554151535	0.101649999619	0.0589399337769	0.0785610675812	0.21404004097	0.0556399822235	0.0802481174469	0.070455789566	0.0316209793091	0.0504200458527	0.0531928539276	0.14651799202	
['./treeMaker/main', '-u']
0.0557360649109	0.0857059955597	0.0894291400909	0.0592980384827	0.0715870857239	0.0553419589996	0.0656139850616	0.0736439228058	0.0803780555725	0.0638411045074	0.0693709850311	0.0689589977264	0.0669040679932	0.0648097991943	0.0590908527374	0.0524990558624	0.0798311233521	0.121047973633	0.0648980140686	0.0574591159821	0.0630991458893	0.0538129806519	0.0727860927582	0.089607000351	0.0909559726715	0.0548617839813	0.0763301849365	0.0617489814758	0.048506975174	0.0517160892487	0.104897022247	0.0705199241638	0.247819900513	0.0665168762207	0.0386900901794	0.0796160697937	0.0658440589905	0.0598790645599	0.0554258823395	0.0976159572601	0.057825088501	0.0772469043732	0.205128908157	0.0566649436951	0.0744428634644	0.0585730075836	0.0324349403381	0.0626900196075	0.0526878833771	0.149450063705	
['./treeMaker/main', '-t', '-r', '1']
0.977500915527	1.77492690086	1.72117090225	1.08303022385	1.3763821125	0.973659038544	1.37814593315	1.46731305122	1.34189891815	1.29358196259	1.29226398468	1.31368589401	1.23805809021	1.17751717567	1.10931301117	0.963622093201	1.62754511833	2.35228085518	1.15588593483	1.01708602905	1.2307138443	1.03422307968	1.4285030365	1.90450310707	1.82989907265	0.96537399292	1.60000300407	1.18743085861	0.86344408989	0.941215991974	2.29464197159	1.34960198402	4.8760740757	1.27544808388	0.579965114594	1.66676402092	1.26634311676	1.17953705788	1.01807618141	1.98918294907	1.03452682495	1.46741700172	3.87303113937	0.944036960602	1.66943311691	1.04314208031	0.420291900635	0.940497875214	0.87629199028	2.8180410862	
['./treeMaker/main', '-t', '-r', '2']
1.50510311127	2.76802301407	2.8196978569	1.71600794792	2.06238698959	1.52126502991	2.02285194397	2.23632311821	2.20729994774	1.94033288956	2.13552117348	2.07983016968	2.08910608292	1.90462803841	1.64270401001	1.43203186989	2.45744895935	4.00358319283	1.866314888	1.66934084892	1.86297893524	1.70577096939	2.14002799988	2.82886505127	2.83544683456	1.63778710365	2.42425513268	1.85884714127	1.27786493301	1.46508193016	3.47137594223	2.08365797997	6.91460299492	1.93283510208	0.926280021667	2.55669283867	1.97797608376	1.7848649025	1.53648400307	3.19979906082	1.72827291489	2.5176820755	6.32487392426	1.41469287872	2.48763799667	1.58328795433	0.647160053253	1.39646601677	1.36672306061	4.59814810753	
['./treeMaker/main', '-t', '-r', '1', '-N']
0.980015993118	1.77733492851	1.72592687607	1.08276295662	1.34603214264	0.976193904877	1.40252184868	1.47393298149	1.35074996948	1.30585312843	1.29242897034	1.31696677208	1.28445100784	1.19207119942	1.11227178574	0.966502904892	1.67747092247	2.36489796638	1.21971678734	1.01587104797	1.28291106224	1.05475997925	1.43186593056	1.89476203918	1.83265995979	0.967862844467	1.62265491486	1.19293808937	0.868278980255	0.94232583046	2.34905219078	1.35345005989	4.88517403603	1.27198314667	0.579061985016	1.71531486511	1.28420805931	1.25357079506	1.05749297142	2.07494592667	1.0789809227	1.53247904778	3.93497109413	0.93542599678	1.65925216675	1.04167294502	0.422433137894	0.941800832748	0.876530170441	2.81784391403	
['./treeMaker/main', '-t', '-r', '2', '-N']
1.50540685654	2.75891399384	2.82318878174	1.71662688255	2.05837583542	1.52181696892	2.02483916283	2.19965291023	2.21046614647	1.98365902901	2.14041900635	2.08273410797	2.0938539505	1.93258786201	1.64547491074	1.42785191536	2.4704618454	4.00872898102	1.87774801254	1.63010382652	1.85383105278	1.70563292503	2.1273560524	2.86076307297	2.83586001396	1.70233106613	2.38156700134	1.8736371994	1.27749300003	1.46916007996	3.54467082024	2.07019901276	7.02502703667	1.89489412308	0.933902025223	2.55287885666	1.97916316986	1.76294493675	1.54397416115	3.14579987526	1.70025897026	2.51389217377	6.25565004349	1.43550896645	2.47279119492	1.57966780663	0.643318891525	1.40459489822	1.35703492165	4.62520313263	
['./treeMaker/main', '-m']
0.0472941398621	0.0612030029297	0.0623550415039	0.0446820259094	0.0528249740601	0.0437619686127	0.0498638153076	0.053601026535	0.0645191669464	0.0473670959473	0.0497009754181	0.0509190559387	0.0513179302216	0.0483701229095	0.0455770492554	0.0418200492859	0.0572221279144	0.0782840251923	0.049418926239	0.0455279350281	0.0485439300537	0.044783115387	0.0545539855957	0.0617921352386	0.0621960163116	0.0414521694183	0.0543129444122	0.047474861145	0.0396440029144	0.0420570373535	0.0714049339294	0.0514099597931	0.11462187767	0.0532350540161	0.0320098400116	0.0705761909485	0.0509648323059	0.0482721328735	0.0433919429779	0.0684809684753	0.0452771186829	0.0545101165771	0.105607032776	0.0438938140869	0.0552821159363	0.0451121330261	0.0274360179901	0.0402619838715	0.0420031547546	0.084419965744	
['./treeMaker/main', '-m', '-b']
0.0567171573639	0.0639429092407	0.0672900676727	0.0484170913696	0.0565609931946	0.0455470085144	0.0553071498871	0.0580899715424	0.0573449134827	0.0509941577911	0.0537159442902	0.0538330078125	0.0537660121918	0.0541551113129	0.0475308895111	0.0445151329041	0.0617790222168	0.0838539600372	0.0519959926605	0.0487520694733	0.0510070323944	0.0448801517487	0.0569448471069	0.0666859149933	0.0678219795227	0.0459229946136	0.060298204422	0.0497601032257	0.0394849777222	0.044821023941	0.0761611461639	0.0549440383911	0.122661113739	0.0525221824646	0.034884929657	0.0623459815979	0.0646910667419	0.0506608486176	0.0494439601898	0.0722348690033	0.0456709861755	0.0602040290833	0.114604949951	0.0440790653229	0.0594902038574	0.0478630065918	0.032292842865	0.0522229671478	0.0424859523773	0.0898470878601	
['./treeMaker/main', '-m', '-w', '1']
0.0446748733521	0.061840057373	0.0630950927734	0.0494771003723	0.053426027298	0.0449810028076	0.0504610538483	0.0532619953156	0.0669419765472	0.048642873764	0.050687789917	0.0513269901276	0.0508699417114	0.0490899085999	0.0456600189209	0.0436902046204	0.0558972358704	0.0785090923309	0.0499911308289	0.0451970100403	0.0494499206543	0.0475418567657	0.0525999069214	0.0621321201324	0.0632779598236	0.0436339378357	0.0559849739075	0.0482318401337	0.0422599315643	0.0418989658356	0.071916103363	0.0517199039459	0.114282131195	0.0524179935455	0.0331799983978	0.0573799610138	0.0528268814087	0.0471410751343	0.0431940555573	0.0765228271484	0.0454549789429	0.0546789169312	0.105641841888	0.0445210933685	0.0559101104736	0.0456109046936	0.0283739566803	0.0403528213501	0.0412669181824	0.0831298828125	
['./treeMaker/main', '-m', '-w', '2']
0.0428459644318	0.061231136322	0.0630679130554	0.0467419624329	0.0555000305176	0.0449039936066	0.0523338317871	0.0551910400391	0.0556621551514	0.0471699237823	0.0513300895691	0.0511729717255	0.0553679466248	0.0488781929016	0.0530989170074	0.0431821346283	0.0584759712219	0.0791170597076	0.0499129295349	0.0466239452362	0.0493130683899	0.0444359779358	0.0547020435333	0.0638430118561	0.0704731941223	0.0419030189514	0.0549318790436	0.0476980209351	0.0397129058838	0.0492849349976	0.070188999176	0.0521240234375	0.117653846741	0.0513651371002	0.0321431159973	0.0593039989471	0.0512020587921	0.0480198860168	0.0438840389252	0.0664401054382	0.0463230609894	0.0667548179626	0.117979764938	0.0451281070709	0.0547008514404	0.0461120605469	0.0277869701385	0.0391430854797	0.0415761470795	0.0845448970795	
['./treeMaker/main', '-m', '-c', '1']
0.0428698062897	0.0598919391632	0.0622930526733	0.0457592010498	0.0517439842224	0.0434119701385	0.0524880886078	0.0537719726562	0.0648651123047	0.0466029644012	0.0493772029877	0.0616879463196	0.0498878955841	0.0481021404266	0.0441119670868	0.0431048870087	0.0575091838837	0.080029964447	0.0494508743286	0.0452229976654	0.0494360923767	0.0424001216888	0.0553820133209	0.0609800815582	0.063127040863	0.0438470840454	0.0557270050049	0.0471589565277	0.0392899513245	0.0418949127197	0.0704929828644	0.0511529445648	0.116556167603	0.0565960407257	0.0332250595093	0.0575859546661	0.0525951385498	0.0477528572083	0.0437729358673	0.0674002170563	0.0451200008392	0.0544860363007	0.107264995575	0.0433278083801	0.054368019104	0.0451159477234	0.0272541046143	0.0401411056519	0.0410408973694	0.0840439796448	
['./treeMaker/main', '-m', '-c', '2']
0.0436389446259	0.0605881214142	0.0624799728394	0.0461640357971	0.0518889427185	0.0441248416901	0.0530350208282	0.0547518730164	0.0538730621338	0.0468809604645	0.0520710945129	0.0515949726105	0.0495131015778	0.0488169193268	0.0457699298859	0.0433731079102	0.0559568405151	0.0781691074371	0.0535299777985	0.0450229644775	0.0490381717682	0.0438230037689	0.0533800125122	0.0636830329895	0.0631890296936	0.0442569255829	0.0547158718109	0.0481917858124	0.0519800186157	0.0473370552063	0.0689170360565	0.0512509346008	0.116064786911	0.050586938858	0.0323038101196	0.058522939682	0.0499110221863	0.0468339920044	0.0441019535065	0.0652849674225	0.044713973999	0.0561389923096	0.106496095657	0.0416851043701	0.0546300411224	0.0462501049042	0.0280900001526	0.0501639842987	0.0414569377899	0.0865819454193	
['./treeMaker/main', '-m', '-a', '1']
0.0451941490173	0.0640189647675	0.0646920204163	0.0534708499908	0.0554778575897	0.0460569858551	0.055557012558	0.0557050704956	0.0583930015564	0.0527019500732	0.0537910461426	0.0528228282928	0.0552411079407	0.0526039600372	0.0498831272125	0.0446019172668	0.0610768795013	0.0819330215454	0.0541939735413	0.0494899749756	0.0525448322296	0.0478551387787	0.0590329170227	0.0679540634155	0.0777499675751	0.0481259822845	0.059201002121	0.0499119758606	0.0428938865662	0.0465559959412	0.0737218856812	0.0533540248871	0.120692014694	0.0580911636353	0.0354020595551	0.06272315979	0.0561759471893	0.0507688522339	0.0450141429901	0.0730020999908	0.0494909286499	0.0608770847321	0.112257003784	0.0483839511871	0.0599761009216	0.0495851039886	0.0309479236603	0.0437009334564	0.046352148056	0.0905640125275	
['./treeMaker/main', '-m', '-a', '2']
0.0440270900726	0.0619430541992	0.0633218288422	0.049369096756	0.0573949813843	0.0444159507751	0.052826166153	0.053288936615	0.0530571937561	0.0500118732452	0.0512208938599	0.0512449741364	0.0519089698792	0.0495882034302	0.0461120605469	0.0431311130524	0.0578811168671	0.0789608955383	0.0511019229889	0.045939207077	0.0497140884399	0.0446560382843	0.0548939704895	0.064530134201	0.0625829696655	0.0432159900665	0.0660591125488	0.0479800701141	0.0396449565887	0.0427639484406	0.0694160461426	0.0516250133514	0.116637945175	0.0618121623993	0.0310580730438	0.0586459636688	0.0507459640503	0.0460691452026	0.0436828136444	0.0684831142426	0.0451700687408	0.0576238632202	0.10678601265	0.0414650440216	0.0551080703735	0.0461988449097	0.0286560058594	0.0404951572418	0.0508470535278	0.0842108726501	
