25_1000_2.7e-10_2.7e-11_470000000
25
1000
2.7e-10
2.7e-11
470000000

['./treeMaker/main']
0.250216007233	0.15506196022	0.15639591217	0.144071102142	0.199022054672	0.278904914856	0.271919965744	0.1828789711	0.418443918228	0.357347011566	0.17970085144	0.447102069855	0.221879959106	0.73436498642	0.19632101059	0.35467505455	0.21125793457	0.18591094017	0.446759939194	0.277854919434	0.260871887207	0.218329906464	0.218528032303	0.201321125031	0.409181833267	0.286943912506	0.35641503334	0.237744092941	0.142241001129	0.370221853256	0.169461011887	0.160804033279	0.223007917404	0.242665052414	0.241032123566	0.194619178772	0.162407875061	0.220062017441	0.181683063507	0.375616073608	0.477669000626	0.459391832352	0.373519897461	0.314687013626	0.511950969696	0.17297410965	0.187873125076	0.341212034225	0.211467981339	0.215251922607	
['./treeMaker/main', '-b']
0.25276517868	0.146303892136	0.161479949951	0.145626068115	0.207316160202	0.295567035675	0.292575120926	0.186981916428	0.426826000214	0.361582994461	0.18279004097	0.479187011719	0.237507820129	0.752449989319	0.194164037704	0.361150026321	0.218100070953	0.187459945679	0.452714920044	0.28252696991	0.267322063446	0.234213113785	0.221642971039	0.206521987915	0.418945074081	0.300924062729	0.37007188797	0.255953073502	0.144022941589	0.379244804382	0.176590204239	0.166792869568	0.23270201683	0.25585103035	0.253296136856	0.208232879639	0.175986051559	0.230778932571	0.190703868866	0.401634931564	0.472316980362	0.441711902618	0.379006147385	0.318779945374	0.521899938583	0.175552845001	0.194384098053	0.360602140427	0.207764863968	0.225378036499	
['./treeMaker/main', '-u']
0.24523806572	0.139600038528	0.158753871918	0.147753953934	0.19423699379	0.285054922104	0.276802062988	0.18167591095	0.421154022217	0.373317956924	0.179407119751	0.45271897316	0.228564977646	0.755625009537	0.188175916672	0.351660966873	0.207379102707	0.179083108902	0.437297105789	0.283289909363	0.273143053055	0.227689027786	0.224897861481	0.201909065247	0.408421039581	0.289505958557	0.351449966431	0.258452177048	0.143501996994	0.382028102875	0.176199913025	0.154719114304	0.233588933945	0.235116004944	0.253918170929	0.199959993362	0.171478033066	0.220454931259	0.204488039017	0.38481092453	0.469744920731	0.449826002121	0.377475976944	0.314091920853	0.511377096176	0.175442934036	0.203271150589	0.35216999054	0.203346014023	0.230351209641	
['./treeMaker/main', '-t', '-r', '1']
3.34117698669	1.95987391472	2.18757796288	1.87549877167	2.76479697227	3.92873001099	3.87442708015	2.44772601128	5.6577129364	5.15805506706	2.45598006248	5.35923600197	3.1370279789	8.45671701431	2.68048095703	4.73510313034	2.80226206779	2.53605484962	5.92580604553	3.7098300457	3.44961690903	2.69215703011	3.10804200172	2.79650497437	5.58180904388	3.62677001953	4.84901309013	3.3062069416	1.86644887924	5.27079892159	2.22392201424	1.74758005142	2.6357448101	2.90833497047	2.8709499836	2.27138996124	2.16292190552	2.90513896942	2.50523209572	5.08106517792	5.88784694672	5.9765021801	4.99139690399	4.20401215553	6.50118803978	2.19585084915	2.67775702477	3.87092399597	2.33669900894	2.48445487022	
['./treeMaker/main', '-t', '-r', '2']
4.6548409462	2.5749669075	2.94935703278	2.60785102844	3.90193200111	5.60347509384	5.21000003815	3.40144109726	8.1597430706	6.86549091339	3.38564109802	9.28029894829	4.31772398949	12.6431188583	3.76383304596	7.27709102631	4.02749609947	3.47050499916	8.05812501907	5.54967284203	5.22724890709	4.45456504822	4.47908401489	3.96356296539	7.65128302574	5.94163203239	7.26345396042	4.71594285965	2.6274189949	7.06354284286	3.2736890316	2.95548915863	4.32790398598	4.8270380497	4.79570508003	3.79211187363	3.13914012909	4.64432811737	3.47369480133	7.08995819092	8.84010195732	8.3324379921	7.25500917435	6.13477301598	8.99028301239	3.1609389782	3.76001882553	7.09582996368	3.79123997688	4.42366290092	
['./treeMaker/main', '-t', '-r', '1', '-N']
2.86661195755	1.60802483559	1.75753498077	1.56319522858	2.35151696205	3.30659604073	3.30071496964	2.0660469532	4.76277017593	4.3565788269	1.99863195419	4.53949213028	2.68145418167	7.20650100708	2.30068993568	4.06399202347	2.41636013985	2.16982316971	5.09948015213	3.21799707413	2.98156881332	2.22164297104	2.64364504814	2.3998811245	4.77838587761	3.11187314987	4.13983011246	2.82941317558	1.58941888809	4.47785496712	1.89809703827	1.74054193497	2.63044691086	2.8712720871	2.87863397598	2.27348995209	1.87507915497	2.46688389778	2.11377620697	4.37431001663	5.04969000816	5.13300919533	4.32816195488	3.69969081879	5.76692485809	2.0166220665	2.31006622314	3.85456299782	2.33468604088	2.48616409302	
['./treeMaker/main', '-t', '-r', '2', '-N']
4.67772984505	2.58107113838	2.95091199875	2.61620807648	3.84390091896	5.62266206741	5.22322201729	3.40747499466	8.13937306404	6.87268185616	3.41540884972	9.28290200233	4.31213307381	12.6544649601	3.76627588272	7.27214813232	3.9868850708	3.47196388245	8.09590291977	5.56010103226	5.23343896866	4.4474170208	4.47585320473	4.00440502167	7.66078996658	5.97242093086	7.26179289818	4.71978116035	2.62188005447	7.0782699585	3.271900177	2.91226696968	4.33560395241	4.8420548439	4.77464413643	3.78903603554	3.17514181137	4.44877886772	3.48272609711	7.10221791267	8.84605407715	8.26824593544	7.25817799568	6.09849405289	9.0185611248	3.16426801682	3.77051615715	7.08810901642	3.79788398743	4.43527007103	
['./treeMaker/main', '-m']
0.114464998245	0.0820260047913	0.0977880954742	0.0819590091705	0.100672006607	0.129647016525	0.123537063599	0.0936839580536	0.156121015549	0.145906925201	0.0937690734863	0.173432826996	0.109946966171	0.212826013565	0.102298974991	0.147646903992	0.105549812317	0.0938260555267	0.159743070602	0.1266040802	0.120036125183	0.113963842392	0.111582040787	0.103796958923	0.155047893524	0.131522893906	0.150924921036	0.113263845444	0.0824329853058	0.145313978195	0.0896370410919	0.0896670818329	0.109925985336	0.120115995407	0.115977048874	0.110257148743	0.0904159545898	0.111768960953	0.0961699485779	0.159339904785	0.166743993759	0.160687923431	0.166492938995	0.133211135864	0.175415992737	0.0936801433563	0.100255966187	0.139845132828	0.103318929672	0.108436822891	
['./treeMaker/main', '-m', '-b']
0.122429132462	0.0870430469513	0.0917580127716	0.0836448669434	0.109212875366	0.13379907608	0.130707025528	0.0986549854279	0.168833017349	0.153698921204	0.0992920398712	0.185445070267	0.11665391922	0.231353998184	0.105768918991	0.158631086349	0.12033700943	0.0995860099792	0.168617963791	0.142934083939	0.128010988235	0.120886087418	0.113860845566	0.11397600174	0.171387195587	0.145612955093	0.166910886765	0.121984004974	0.0902488231659	0.161828041077	0.0960371494293	0.0924661159515	0.114686012268	0.122199058533	0.120954990387	0.105365991592	0.0940110683441	0.117769002914	0.101784944534	0.157004117966	0.17843914032	0.173890829086	0.155107021332	0.202216863632	0.186979055405	0.0961220264435	0.104428052902	0.150986909866	0.108620882034	0.116430997849	
['./treeMaker/main', '-m', '-w', '1']
0.119890928268	0.0840470790863	0.104497909546	0.0822420120239	0.106238126755	0.126919031143	0.126763820648	0.0954151153564	0.15819811821	0.14352107048	0.0934309959412	0.174114942551	0.110490083694	0.21305513382	0.101629972458	0.151324987411	0.103770017624	0.0941979885101	0.157210111618	0.125738143921	0.119822025299	0.111873149872	0.110749959946	0.103641986847	0.153300046921	0.133007049561	0.15159702301	0.113884925842	0.0828049182892	0.145864009857	0.0924370288849	0.0898699760437	0.108907938004	0.118129968643	0.115226984024	0.100956201553	0.0910699367523	0.111571073532	0.0974409580231	0.148396015167	0.167840003967	0.162286043167	0.146859169006	0.133311986923	0.173271894455	0.0926871299744	0.117141008377	0.142090082169	0.115078926086	0.115397930145	
['./treeMaker/main', '-m', '-w', '2']
0.123517990112	0.0881760120392	0.0929958820343	0.0835809707642	0.105291128159	0.127033948898	0.12591791153	0.0976929664612	0.160153865814	0.145804166794	0.0971691608429	0.174947023392	0.111154079437	0.216051101685	0.101975917816	0.148697137833	0.107596158981	0.0944399833679	0.158950090408	0.1268658638	0.123158931732	0.114111185074	0.111279964447	0.104429006577	0.1552298069	0.132373094559	0.150207042694	0.11704993248	0.0835199356079	0.146603822708	0.0904800891876	0.0905220508575	0.110929965973	0.116935968399	0.115112066269	0.101207017899	0.0909109115601	0.112034797668	0.0987191200256	0.149182081223	0.169002056122	0.163858175278	0.147405147552	0.133549928665	0.178942918777	0.108654975891	0.110696792603	0.143435955048	0.102654933929	0.116147994995	
['./treeMaker/main', '-m', '-c', '1']
0.123943090439	0.0877110958099	0.0926840305328	0.0847699642181	0.101284980774	0.127027988434	0.126369953156	0.0945599079132	0.160811901093	0.145725011826	0.0931689739227	0.173624038696	0.109179973602	0.214304208755	0.102016925812	0.148401021957	0.10630106926	0.093868970871	0.159778118134	0.133183002472	0.122622013092	0.111405849457	0.110477924347	0.103030920029	0.155014038086	0.149405956268	0.15759396553	0.118635177612	0.0824279785156	0.145834922791	0.0910880565643	0.0897090435028	0.109669923782	0.120319843292	0.112460851669	0.100001096725	0.0896880626678	0.110093832016	0.0976009368896	0.14745092392	0.166376113892	0.161417961121	0.147363901138	0.133689880371	0.175412893295	0.0918610095978	0.0992879867554	0.139443159103	0.10156083107	0.107481002808	
['./treeMaker/main', '-m', '-c', '2']
0.115833997726	0.0848879814148	0.0867500305176	0.0804669857025	0.102516174316	0.126834869385	0.134767055511	0.106539011002	0.159599065781	0.146270990372	0.0968008041382	0.173676967621	0.107589006424	0.218252897263	0.113078832626	0.148277044296	0.107001066208	0.0937130451202	0.158208847046	0.125861883163	0.122420072556	0.111544132233	0.107906103134	0.100841999054	0.154717922211	0.132506132126	0.149272918701	0.114117145538	0.0827288627625	0.14684510231	0.091118812561	0.0894849300385	0.110024929047	0.114280939102	0.11474108696	0.104007959366	0.0905871391296	0.11140704155	0.0969200134277	0.148782014847	0.167314052582	0.160713911057	0.14426112175	0.132311820984	0.175884008408	0.0919828414917	0.100525140762	0.140151023865	0.100832939148	0.108901023865	
['./treeMaker/main', '-m', '-a', '1']
0.131469011307	0.0990982055664	0.104455947876	0.0970180034637	0.114425897598	0.142256975174	0.141030073166	0.111405134201	0.17401599884	0.160282850266	0.109440088272	0.188870191574	0.125684022903	0.228867053986	0.117110013962	0.166109800339	0.120283126831	0.111476898193	0.174376010895	0.141075849533	0.13702583313	0.129593849182	0.124667882919	0.128113031387	0.168027162552	0.14720916748	0.163881063461	0.130521059036	0.0979518890381	0.15832400322	0.107846975327	0.103933095932	0.123872041702	0.135442018509	0.129062891006	0.115296840668	0.104930877686	0.12669801712	0.112314939499	0.163461923599	0.182527065277	0.176259040833	0.16317486763	0.146689891815	0.190186023712	0.107982158661	0.114371061325	0.157824039459	0.118143796921	0.127081155777	
['./treeMaker/main', '-m', '-a', '2']
0.11589884758	0.0820319652557	0.0885410308838	0.0831959247589	0.104052066803	0.126996994019	0.134749889374	0.0966811180115	0.156728029251	0.145127058029	0.105771064758	0.173915863037	0.107880115509	0.217131853104	0.101398944855	0.167418956757	0.110729932785	0.0968298912048	0.159483194351	0.127307891846	0.122034072876	0.113390207291	0.110753059387	0.102495908737	0.154159069061	0.131249189377	0.150397062302	0.114394903183	0.0826089382172	0.148027896881	0.0944230556488	0.0891208648682	0.107959985733	0.117313861847	0.114756822586	0.101320028305	0.0884721279144	0.112082004547	0.0960249900818	0.147562980652	0.167132139206	0.162180900574	0.145951986313	0.132095098495	0.175141811371	0.0922689437866	0.0997478961945	0.140378952026	0.102282047272	0.108556032181	
