25_1000_2.7e-10_1.35e-10_470000000
25
1000
2.7e-10
1.35e-10
470000000

['./treeMaker/main']
0.112525939941	0.201999902725	0.320853948593	0.0886690616608	0.0969598293304	0.152287960052	0.0863049030304	0.168318986893	0.142469167709	0.163637876511	0.0795760154724	0.10432600975	0.0999491214752	0.708539962769	0.0841009616852	0.0883021354675	0.142440080643	0.213765859604	0.134882926941	0.117038011551	0.117851018906	0.156224012375	0.148185014725	0.12939286232	0.137320995331	0.264021873474	0.0897080898285	0.126271009445	0.14697098732	0.180266857147	0.123649120331	0.102304935455	0.081022977829	0.128834962845	0.0849599838257	0.155737876892	0.119940042496	0.169164896011	0.171946048737	0.123291015625	0.112177848816	0.175827026367	0.109843015671	0.101960897446	0.141231060028	0.104740858078	0.102774858475	0.166517019272	0.100167989731	0.0825090408325	
['./treeMaker/main', '-b']
0.11878490448	0.207981109619	0.323758125305	0.0896570682526	0.0978598594666	0.154356002808	0.0877521038055	0.173262834549	0.13226890564	0.161217927933	0.0806438922882	0.106304168701	0.10391497612	0.720726966858	0.0846199989319	0.0892391204834	0.144291877747	0.223559141159	0.139371871948	0.119139909744	0.119389057159	0.162668943405	0.148707151413	0.132597923279	0.139708995819	0.271378040314	0.092561006546	0.133120059967	0.149847984314	0.185397863388	0.127619028091	0.106385946274	0.0846090316772	0.134017944336	0.095831155777	0.159258842468	0.12592291832	0.18168592453	0.180063009262	0.124607086182	0.11504483223	0.181441068649	0.116315841675	0.104509115219	0.140496969223	0.106669902802	0.10502576828	0.172823190689	0.100598812103	0.0814030170441	
['./treeMaker/main', '-u']
0.115432977676	0.202064990997	0.321950912476	0.0920691490173	0.100368976593	0.156054973602	0.0899438858032	0.170033931732	0.136116027832	0.156262874603	0.0815320014954	0.105952978134	0.104211091995	0.70521402359	0.0857858657837	0.0891351699829	0.144073963165	0.214400053024	0.135292053223	0.120591878891	0.117988109589	0.15593791008	0.148727178574	0.129962921143	0.13840007782	0.266020059586	0.0915169715881	0.129297971725	0.146446943283	0.18071603775	0.125097990036	0.107289075851	0.0837500095367	0.131789922714	0.0866439342499	0.156900882721	0.11887717247	0.177432060242	0.172749042511	0.123862981796	0.112795829773	0.178482055664	0.112774133682	0.105365991592	0.136828899384	0.106906175613	0.11360001564	0.167183160782	0.101330041885	0.0841629505157	
['./treeMaker/main', '-t', '-r', '1']
1.90186190605	3.26240801811	4.7690448761	1.37763190269	1.61353111267	2.59874296188	1.30377078056	2.96596598625	2.21194195747	2.67756295204	1.20609807968	1.70353198051	1.68312501907	9.7702600956	1.33833694458	1.39971613884	2.45760011673	3.69333410263	2.4920399189	1.83873581886	2.0485830307	2.41217803955	2.56587386131	2.12031006813	2.41126203537	4.33647704124	1.39636492729	2.12485718727	2.55193996429	3.02373600006	2.08314108849	1.69945383072	1.29432296753	2.26671910286	1.30405783653	2.5987598896	2.07015705109	2.79419493675	3.0831849575	1.99714016914	1.82167601585	3.06256699562	1.98052000999	1.62024998665	2.32790899277	1.90309882164	1.93678689003	3.49367213249	1.83194613457	1.4371278286	
['./treeMaker/main', '-t', '-r', '2']
3.4560251236	6.42794013023	9.18351483345	2.4954791069	2.83645796776	4.45899915695	2.34024500847	5.25981998444	3.8679151535	4.97608709335	2.06857991219	2.98146605492	2.82547903061	16.9336941242	2.47067594528	2.43373894691	4.32710909843	6.20993804932	4.04737687111	3.5981771946	3.6685500145	5.33977913857	4.52062296867	3.88282608986	4.21091604233	7.8868830204	2.54812502861	3.73984408379	4.45525217056	5.51015996933	3.61833405495	3.05332899094	2.19660496712	4.02624082565	2.30767321587	4.7470998764	3.59053516388	5.1003279686	5.28399610519	3.56869697571	3.28049206734	5.24141216278	3.24190998077	2.75441098213	4.15904092789	2.93880009651	3.02587890625	5.14024090767	2.79167318344	2.15563201904	
['./treeMaker/main', '-t', '-r', '1', '-N']
2.23047304153	3.83499097824	5.57274985313	1.60803508759	1.89752697945	3.06838703156	1.55437397957	3.4588329792	2.59713292122	3.12328696251	1.41178798676	1.99506402016	1.96667194366	11.4566860199	1.56610107422	1.64819407463	2.88231110573	4.31374406815	2.72427821159	1.96754789352	2.06036806107	2.41751599312	2.56795287132	2.1268620491	2.42128801346	4.33337903023	1.41216802597	2.14185500145	2.55051589012	3.01754403114	2.09262704849	1.69716095924	1.29798197746	2.27913212776	1.3102209568	2.60609698296	2.07060694695	2.78750801086	3.08925890923	1.99548220634	1.80963087082	3.07340979576	1.89568686485	1.6183450222	2.33362817764	1.72705698013	1.6493730545	2.94445514679	1.51059412956	1.21620607376	
['./treeMaker/main', '-t', '-r', '2', '-N']
2.85000801086	5.33434200287	7.78112006187	2.10533881187	2.3482940197	3.87065505981	1.98745894432	4.37504816055	3.30302715302	4.26120305061	1.74660301208	2.51553916931	2.47766494751	14.3394761086	2.07873415947	2.06833696365	3.69648385048	5.33001899719	3.44887304306	3.09940719604	3.13176012039	4.75193095207	3.82840108871	3.32155799866	3.59983205795	6.68180608749	2.1618680954	3.18044400215	3.78413295746	4.70218801498	3.08719110489	2.63229894638	1.89018106461	3.43530797958	1.97278404236	4.09975600243	3.07947301865	4.35170888901	4.72690606117	3.40984892845	3.27448797226	5.38713312149	3.31579208374	2.8825609684	4.30251288414	3.07407402992	3.17060899734	5.1883149147	2.82731699944	2.13558316231	
['./treeMaker/main', '-m']
0.103992938995	0.150701999664	0.178400039673	0.0916278362274	0.0942740440369	0.139403104782	0.0969760417938	0.130235910416	0.115149021149	0.132663011551	0.084489107132	0.0962197780609	0.0984790325165	0.277327060699	0.0853660106659	0.0898241996765	0.116360187531	0.150922060013	0.114398956299	0.105890035629	0.10547709465	0.130832910538	0.123347043991	0.110340118408	0.126152992249	0.174910068512	0.091787815094	0.111873149872	0.122483968735	0.139242887497	0.115965843201	0.0981111526489	0.0886459350586	0.114370107651	0.0884339809418	0.133558034897	0.109380960464	0.13932299614	0.14573597908	0.116123914719	0.110358953476	0.141015052795	0.111255168915	0.098109960556	0.113032102585	0.0986068248749	0.0999429225922	0.131093025208	0.0963878631592	0.0862109661102	
['./treeMaker/main', '-m', '-b']
0.119509935379	0.159484148026	0.19199514389	0.0939857959747	0.10290312767	0.126922130585	0.10142493248	0.13884305954	0.124575853348	0.133543014526	0.08580493927	0.103583097458	0.103692054749	0.292011976242	0.092111825943	0.0955200195312	0.129410028458	0.152078151703	0.119289875031	0.112670898438	0.1140229702	0.135795116425	0.134882926941	0.120917081833	0.12439084053	0.179800033569	0.0925581455231	0.121263980865	0.12791800499	0.142381191254	0.117197036743	0.104006052017	0.0891711711884	0.122895002365	0.097430229187	0.13347196579	0.112009048462	0.145471096039	0.146306037903	0.1137778759	0.109568119049	0.141119003296	0.111678123474	0.109601020813	0.121599912643	0.106406211853	0.104416131973	0.139086961746	0.103340864182	0.0978720188141	
['./treeMaker/main', '-m', '-w', '1']
0.108188867569	0.146410942078	0.180764913559	0.0921649932861	0.0946907997131	0.123113155365	0.0865738391876	0.130828857422	0.113240003586	0.127737045288	0.0810079574585	0.0996739864349	0.105926036835	0.267076969147	0.0900869369507	0.090656042099	0.118759870529	0.152119874954	0.114553928375	0.108840942383	0.108672857285	0.132617950439	0.12139582634	0.125545978546	0.126137018204	0.171256065369	0.0907738208771	0.115661144257	0.124022960663	0.151606082916	0.109270095825	0.101109981537	0.0880959033966	0.114674091339	0.0883619785309	0.122624158859	0.109624147415	0.132508039474	0.138022899628	0.108747959137	0.104876041412	0.137473106384	0.103713989258	0.10324382782	0.118097066879	0.10137796402	0.097118139267	0.131633996964	0.101188898087	0.0878579616547	
['./treeMaker/main', '-m', '-w', '2']
0.106564998627	0.144838809967	0.181875944138	0.0915050506592	0.096127986908	0.127723932266	0.0937509536743	0.132384061813	0.119629144669	0.127365112305	0.0887291431427	0.10148692131	0.0990469455719	0.273546934128	0.0904178619385	0.0905249118805	0.120932817459	0.149408102036	0.1177110672	0.10772395134	0.109919071198	0.131203889847	0.122758150101	0.11563205719	0.118969202042	0.169924974442	0.0933740139008	0.114132165909	0.125351190567	0.13853597641	0.112483024597	0.103632211685	0.0896739959717	0.116598129272	0.0901141166687	0.127333164215	0.110754013062	0.133501052856	0.140377044678	0.110929965973	0.10698890686	0.135378837585	0.103316068649	0.101003885269	0.117464065552	0.103282928467	0.101369857788	0.13516497612	0.0993912220001	0.0879201889038	
['./treeMaker/main', '-m', '-c', '1']
0.108045101166	0.152621030807	0.179358959198	0.0903179645538	0.0975680351257	0.123568058014	0.0901548862457	0.130885839462	0.115895986557	0.125539064407	0.0892729759216	0.100558996201	0.0994610786438	0.278124809265	0.0885629653931	0.0915911197662	0.119292974472	0.150490045547	0.116064071655	0.10839009285	0.108133792877	0.133105993271	0.12606215477	0.118375062943	0.130079030991	0.174479007721	0.0939888954163	0.11377286911	0.121753931046	0.138726949692	0.112972021103	0.103344917297	0.0875091552734	0.114421129227	0.0887200832367	0.127607107162	0.108122825623	0.138793945312	0.13263297081	0.10936999321	0.101871013641	0.131846904755	0.102416992188	0.0997259616852	0.115460157394	0.100028038025	0.0964539051056	0.129878997803	0.10037779808	0.0866210460663	
['./treeMaker/main', '-m', '-c', '2']
0.107417106628	0.141434907913	0.186674118042	0.0870418548584	0.0934751033783	0.120985031128	0.0867149829865	0.129317045212	0.111397981644	0.124371051788	0.0810239315033	0.0902969837189	0.0884609222412	0.269713878632	0.0923690795898	0.0888381004333	0.120531082153	0.147729158401	0.117441892624	0.108165025711	0.109499931335	0.129907131195	0.118103027344	0.11337184906	0.118304014206	0.170830011368	0.0956599712372	0.114840984344	0.123756170273	0.137075901031	0.109338998795	0.0992040634155	0.0867629051208	0.11493897438	0.0871260166168	0.124686956406	0.112680912018	0.134562015533	0.136420965195	0.112946033478	0.109627962112	0.137699127197	0.102187871933	0.100430011749	0.118042945862	0.101782083511	0.0965340137482	0.131283998489	0.10146689415	0.089164018631	
['./treeMaker/main', '-m', '-a', '1']
0.122895956039	0.159109115601	0.195611953735	0.105351924896	0.10879611969	0.138385057449	0.107188940048	0.146901130676	0.126595973969	0.142004966736	0.106718063354	0.11571097374	0.112492084503	0.290832996368	0.103408098221	0.104736089706	0.12957406044	0.159152984619	0.128687143326	0.119412183762	0.123909950256	0.140232801437	0.138986825943	0.130604028702	0.140195131302	0.183341026306	0.107386112213	0.140158176422	0.134649038315	0.151221036911	0.125478029251	0.114656925201	0.10954284668	0.126618862152	0.104390859604	0.148714065552	0.121678113937	0.143689870834	0.147033929825	0.126292943954	0.116698980331	0.146910905838	0.120558977127	0.115320920944	0.131235122681	0.113919019699	0.112788200378	0.146005153656	0.117803096771	0.106333017349	
['./treeMaker/main', '-m', '-a', '2']
0.104901075363	0.148416996002	0.184000015259	0.0874071121216	0.0961339473724	0.129934072495	0.0892429351807	0.133519887924	0.119019985199	0.130304813385	0.0848500728607	0.100825071335	0.100301980972	0.265874862671	0.0883748531342	0.0906991958618	0.124094009399	0.145380973816	0.113638877869	0.110314846039	0.115357875824	0.12965798378	0.125356912613	0.112051010132	0.12143611908	0.167333841324	0.0941820144653	0.111518144608	0.12265586853	0.13877415657	0.112451076508	0.098396062851	0.0935890674591	0.117073059082	0.0890300273895	0.121927976608	0.105848073959	0.133529901505	0.137475013733	0.111134052277	0.10474395752	0.135883808136	0.104575872421	0.0974400043488	0.114818811417	0.0952589511871	0.100397109985	0.139021158218	0.0991168022156	0.0894660949707	
