25_1000_4.9e-10_4.9e-10_470000000_cut_8
25
1000
4.9e-10
4.9e-10
470000000
cut_8
['./treeMaker/main']
0.0512969493866	0.0821418762207	0.0822858810425	0.0588850975037	0.0654540061951	0.0561580657959	0.0634648799896	0.0708310604095	0.0679409503937	0.0595519542694	0.0635159015656	0.060467004776	0.0592060089111	0.05823802948	0.0542039871216	0.0610640048981	0.0726799964905	0.11844420433	0.0708701610565	0.0539121627808	0.0583820343018	0.0544769763947	0.0708339214325	0.0850028991699	0.0841100215912	0.052316904068	0.0693781375885	0.0620520114899	0.0470571517944	0.0481081008911	0.101444005966	0.0665791034698	0.234206914902	0.0644378662109	0.0350069999695	0.0792510509491	0.0625529289246	0.0546278953552	0.0478360652924	0.0915510654449	0.0528779029846	0.0755250453949	0.198601961136	0.0546090602875	0.0696930885315	0.0564560890198	0.0300588607788	0.0482709407806	0.0475740432739	0.124768972397	
['./treeMaker/main', '-b']
0.053827047348	0.0821421146393	0.0857779979706	0.0603020191193	0.0650479793549	0.0575938224792	0.0758440494537	0.0749039649963	0.0727200508118	0.0627439022064	0.074786901474	0.0649309158325	0.0625898838043	0.06285405159	0.0556709766388	0.0545330047607	0.0734269618988	0.121741056442	0.0707790851593	0.0561759471893	0.0623109340668	0.0578939914703	0.0752801895142	0.08425116539	0.0857310295105	0.0539190769196	0.0714139938354	0.0639328956604	0.0489568710327	0.0498478412628	0.105243206024	0.0670011043549	0.250029802322	0.0685389041901	0.0369288921356	0.0826148986816	0.0677170753479	0.0549111366272	0.0519258975983	0.0962491035461	0.0557429790497	0.0787019729614	0.205630064011	0.0558881759644	0.0758681297302	0.0606920719147	0.0302109718323	0.0506658554077	0.0525240898132	0.129265069962	
['./treeMaker/main', '-u']
0.0534870624542	0.0830900669098	0.0830609798431	0.0602598190308	0.0667629241943	0.0558898448944	0.0625739097595	0.0729451179504	0.0697600841522	0.0603580474854	0.0631408691406	0.0618991851807	0.0601739883423	0.0591819286346	0.0537710189819	0.0526728630066	0.0746569633484	0.119004964828	0.0677440166473	0.0545461177826	0.0601789951324	0.0556178092957	0.0729539394379	0.0841279029846	0.0858302116394	0.051342010498	0.0704228878021	0.0621860027313	0.0476279258728	0.0492680072784	0.102705955505	0.066123008728	0.236215114594	0.067125082016	0.034548997879	0.0808660984039	0.0653820037842	0.0551660060883	0.0504491329193	0.0917057991028	0.0527350902557	0.0777361392975	0.199460983276	0.0555100440979	0.071585893631	0.0563440322876	0.0304131507874	0.0486919879913	0.0486521720886	0.125180006027	
['./treeMaker/main', '-t', '-r', '1']
0.863770961761	1.60191893578	1.56364297867	1.06142401695	1.16330194473	0.990884780884	1.18774700165	1.39873409271	1.25607395172	1.1063079834	1.09503293037	1.1082649231	1.06137299538	1.00444793701	0.949122905731	0.941843032837	1.370885849	2.25563812256	1.1952188015	0.884431123734	1.14861702919	0.990070104599	1.4012131691	1.66688394547	1.64473199844	0.893779993057	1.49802803993	1.1959939003	0.781337976456	0.797403097153	2.12949085236	1.21311402321	4.55224204063	1.14825415611	0.463005065918	1.63693618774	1.20827507973	0.982095956802	0.824445962906	1.84467387199	0.900615930557	1.49704384804	3.74510192871	0.908494949341	1.50335907936	0.988044977188	0.347394943237	0.857398986816	0.786370992661	2.38737893105	
['./treeMaker/main', '-t', '-r', '2']
1.347219944	2.52250385284	2.61546301842	1.71183919907	1.81050300598	1.61181306839	1.77892279625	2.11162209511	2.07210612297	1.69090914726	1.84754085541	1.77394485474	1.81064295769	1.66240119934	1.44598388672	1.45194792747	2.1152639389	3.88100790977	2.01835298538	1.44584798813	1.76017403603	1.70494890213	2.14333295822	2.51853299141	2.59434080124	1.53097891808	2.075704813	1.91755008698	1.20040178299	1.2875430584	3.27522301674	1.92965102196	6.64555096626	1.74570584297	0.749222040176	2.54026198387	1.89736580849	1.4959499836	1.30012202263	2.92427015305	1.49732899666	2.61802601814	6.06351208687	1.40128016472	2.22778391838	1.52285408974	0.537386894226	1.31527495384	1.25696206093	3.95932412148	
['./treeMaker/main', '-t', '-r', '1', '-N']
0.865576028824	1.59937906265	1.56704807281	1.0596549511	1.17710113525	0.990957975388	1.18590188026	1.39834213257	1.24876403809	1.1091299057	1.09976196289	1.10845685005	1.05979990959	1.00748991966	0.952654838562	0.942206859589	1.36989402771	2.25456190109	1.20062112808	0.886047840118	1.14051699638	0.990787982941	1.39978194237	1.67873215675	1.61243391037	0.89781999588	1.40299701691	1.19868707657	0.784841060638	0.800539970398	2.12103414536	1.21630692482	4.59272193909	1.14950704575	0.466225147247	1.63882398605	1.2089869976	0.988855838776	0.833339929581	1.8439450264	0.901052951813	1.52233695984	3.74790096283	0.90704202652	1.48832297325	0.988677024841	0.348489999771	0.856329917908	0.790381908417	2.38786578178	
['./treeMaker/main', '-t', '-r', '2', '-N']
1.35301113129	2.51453399658	2.6152009964	1.71302008629	1.81244087219	1.60360383987	1.78721785545	2.11248898506	2.08079695702	1.6944038868	1.8401761055	1.77420401573	1.82770991325	1.66749811172	1.44497394562	1.45759320259	2.13878202438	3.89630389214	2.01772999763	1.45069885254	1.75864601135	1.71450400352	2.14343380928	2.51533198357	2.57072019577	1.53857588768	2.07946896553	1.92107892036	1.2013528347	1.26588201523	3.28275489807	1.93258094788	6.57598781586	1.74538302422	0.757668018341	2.54138588905	1.8964369297	1.49373197556	1.30897402763	2.92119908333	1.49780106544	2.62157607079	6.05365896225	1.40331196785	2.22674393654	1.52484107018	0.541054964066	1.31756401062	1.26034402847	3.96572494507	
['./treeMaker/main', '-m']
0.0456008911133	0.0584261417389	0.0601599216461	0.0462410449982	0.0500462055206	0.0441191196442	0.050332069397	0.0554769039154	0.053857088089	0.0500769615173	0.0476438999176	0.0481178760529	0.048849105835	0.0473299026489	0.0453660488129	0.0440309047699	0.0529038906097	0.0767271518707	0.0515470504761	0.0444579124451	0.0491600036621	0.0534658432007	0.0532569885254	0.0610358715057	0.0619130134583	0.0425028800964	0.0526430606842	0.0496919155121	0.0393238067627	0.0401949882507	0.0672419071198	0.0503530502319	0.112982034683	0.051568031311	0.0303580760956	0.0590190887451	0.0509901046753	0.0451819896698	0.041622877121	0.0661759376526	0.0432221889496	0.0572462081909	0.105094194412	0.0418860912323	0.0550329685211	0.0488569736481	0.0249400138855	0.0512931346893	0.0402860641479	0.0791730880737	
['./treeMaker/main', '-m', '-b']
0.0461130142212	0.0633399486542	0.063285112381	0.0472619533539	0.0538501739502	0.0465741157532	0.0524280071259	0.0587170124054	0.0560178756714	0.0490710735321	0.0522689819336	0.0512490272522	0.0505287647247	0.0512521266937	0.0459980964661	0.0444149971008	0.0607748031616	0.0829880237579	0.0525639057159	0.0450420379639	0.0503489971161	0.0462419986725	0.058837890625	0.0649659633636	0.0660541057587	0.0457880496979	0.0547540187836	0.0515208244324	0.0408711433411	0.0511558055878	0.0720028877258	0.0517711639404	0.120028972626	0.0512537956238	0.0304689407349	0.0629899501801	0.050910949707	0.0453538894653	0.042897939682	0.0672669410706	0.0450041294098	0.0605089664459	0.111378192902	0.0460879802704	0.0575320720673	0.0478291511536	0.0284109115601	0.0424220561981	0.0435481071472	0.0834550857544	
['./treeMaker/main', '-m', '-w', '1']
0.046080827713	0.057580947876	0.0699479579926	0.0463228225708	0.0490801334381	0.0441248416901	0.049859046936	0.0534579753876	0.0530271530151	0.046993970871	0.0473699569702	0.0479488372803	0.0488381385803	0.0461208820343	0.0441040992737	0.0430238246918	0.0558438301086	0.0755889415741	0.0517199039459	0.043573141098	0.0474240779877	0.0442688465118	0.0546729564667	0.0584008693695	0.0644638538361	0.0433068275452	0.0515859127045	0.04807305336	0.040228843689	0.0405740737915	0.0677168369293	0.0513479709625	0.113600969315	0.0526411533356	0.0314021110535	0.0588481426239	0.0509600639343	0.0448842048645	0.0416941642761	0.0656719207764	0.0439569950104	0.0583908557892	0.104534864426	0.0543122291565	0.0552091598511	0.0476341247559	0.0267088413239	0.0409679412842	0.0429449081421	0.0804388523102	
['./treeMaker/main', '-m', '-w', '2']
0.0430781841278	0.0616459846497	0.0622050762177	0.0596241950989	0.0605890750885	0.0460510253906	0.0619299411774	0.0572259426117	0.0633680820465	0.0454640388489	0.0496370792389	0.0489258766174	0.0489180088043	0.0480198860168	0.044450044632	0.0428941249847	0.0563850402832	0.077399969101	0.051500082016	0.0426771640778	0.0465188026428	0.0444040298462	0.0644450187683	0.0588250160217	0.0633850097656	0.0427398681641	0.05393409729	0.0492639541626	0.0392479896545	0.0406701564789	0.0693230628967	0.0511569976807	0.114805936813	0.0476250648499	0.030953168869	0.0613150596619	0.0500791072845	0.045902967453	0.0419690608978	0.0656309127808	0.0442900657654	0.056174993515	0.104716062546	0.0419471263885	0.0531630516052	0.0457239151001	0.0369749069214	0.0405340194702	0.0404851436615	0.0797579288483	
['./treeMaker/main', '-m', '-c', '1']
0.0419571399689	0.0583579540253	0.0601878166199	0.0444798469543	0.0494840145111	0.0440731048584	0.0510249137878	0.052857875824	0.0529999732971	0.0474200248718	0.0477969646454	0.0484828948975	0.0478570461273	0.0577149391174	0.0445640087128	0.0436618328094	0.0544369220734	0.0774731636047	0.0516209602356	0.0441510677338	0.0459699630737	0.0427029132843	0.0558040142059	0.0703868865967	0.0617468357086	0.041454076767	0.0582230091095	0.0516529083252	0.0409049987793	0.0417101383209	0.0714020729065	0.0525209903717	0.114921092987	0.0526828765869	0.0420248508453	0.0572369098663	0.0501320362091	0.0448830127716	0.0416831970215	0.0662100315094	0.0437710285187	0.0553340911865	0.104719161987	0.0435450077057	0.0520758628845	0.0458290576935	0.0274078845978	0.0409359931946	0.0428440570831	0.0795059204102	
['./treeMaker/main', '-m', '-c', '2']
0.0418221950531	0.057285785675	0.0600371360779	0.0461459159851	0.0500719547272	0.0442471504211	0.0500609874725	0.0557570457458	0.0539748668671	0.04678606987	0.0502359867096	0.0481369495392	0.0480139255524	0.0467710494995	0.0445189476013	0.0430951118469	0.0553689002991	0.0780448913574	0.0506219863892	0.0453588962555	0.046098947525	0.0438199043274	0.0535991191864	0.0610690116882	0.0724258422852	0.0424201488495	0.0535199642181	0.0491361618042	0.0423619747162	0.0407068729401	0.0833029747009	0.0523788928986	0.114580154419	0.0498869419098	0.0326972007751	0.0628418922424	0.0496621131897	0.0452761650085	0.0412080287933	0.0650730133057	0.0483708381653	0.0668230056763	0.104907989502	0.0424189567566	0.0531771183014	0.0486841201782	0.0383269786835	0.0410270690918	0.0405089855194	0.0800077915192	
['./treeMaker/main', '-m', '-a', '1']
0.0453150272369	0.0636651515961	0.0655419826508	0.0509159564972	0.0528829097748	0.0457019805908	0.0517380237579	0.0575141906738	0.0661242008209	0.0505871772766	0.0509769916534	0.0633630752563	0.0510420799255	0.0511600971222	0.0477228164673	0.0467171669006	0.0595879554749	0.0814158916473	0.0542950630188	0.0477650165558	0.0513689517975	0.0456728935242	0.0585601329803	0.0641119480133	0.0661549568176	0.0465550422668	0.0578689575195	0.0525221824646	0.0430750846863	0.0434460639954	0.0734369754791	0.053915977478	0.115363121033	0.053612947464	0.0318999290466	0.0633249282837	0.054759979248	0.0465278625488	0.043888092041	0.0692248344421	0.0462410449982	0.0614738464355	0.108495950699	0.0473380088806	0.0581908226013	0.0514581203461	0.0289549827576	0.0429818630219	0.044597864151	0.081561088562	
['./treeMaker/main', '-m', '-a', '2']
0.0429720878601	0.0585689544678	0.0613160133362	0.046168088913	0.0518260002136	0.0450901985168	0.0491518974304	0.0544919967651	0.0535609722137	0.047061920166	0.048938035965	0.048583984375	0.0485239028931	0.047553062439	0.0451469421387	0.0411221981049	0.0554621219635	0.0785150527954	0.0511331558228	0.0443360805511	0.0485281944275	0.0443398952484	0.0562391281128	0.0588548183441	0.0601608753204	0.0435988903046	0.0537071228027	0.0482919216156	0.0396258831024	0.0404779911041	0.0689511299133	0.0506329536438	0.113414049149	0.0487971305847	0.030914068222	0.0590839385986	0.0509371757507	0.044713973999	0.040454864502	0.0655150413513	0.0437960624695	0.0558161735535	0.103837013245	0.0419340133667	0.053375005722	0.0448660850525	0.0276260375977	0.0400490760803	0.0411379337311	0.079253911972	
