25_1000_1.9e-10_1.9e-10_48000000
25
1000
1.9e-10
1.9e-10
48000000

['./treeMaker/main']
0.0595858097076	0.0642302036285	0.0576288700104	0.0690550804138	0.0599019527435	0.0675649642944	0.0579769611359	0.090882062912	0.0729739665985	0.0881249904633	0.0638439655304	0.0656199455261	0.0592410564423	0.059378862381	0.0599570274353	0.0581040382385	0.060455083847	0.0730049610138	0.0588791370392	0.0695660114288	0.0609428882599	0.0596940517426	0.0563449859619	0.0546391010284	0.0675160884857	0.0561528205872	0.0657570362091	0.0572748184204	0.0563740730286	0.0665330886841	0.0505709648132	0.0469188690186	0.0616610050201	0.0745739936829	0.0766611099243	0.0549907684326	0.0551660060883	0.063805103302	0.0610938072205	0.0517218112946	0.0562028884888	0.0602719783783	0.0538749694824	0.0638468265533	0.0619628429413	0.0599989891052	0.0590178966522	0.0591790676117	0.0722689628601	0.0579659938812	
['./treeMaker/main', '-b']
0.0666289329529	0.0509901046753	0.0546550750732	0.0774450302124	0.0622050762177	0.0684900283813	0.058051109314	0.0816249847412	0.0737729072571	0.0754070281982	0.0706708431244	0.0690059661865	0.0617911815643	0.0624098777771	0.0618851184845	0.0612368583679	0.0594429969788	0.0755589008331	0.0594410896301	0.0722169876099	0.0736382007599	0.0582458972931	0.0543019771576	0.0529670715332	0.0656671524048	0.0629899501801	0.0716168880463	0.0585291385651	0.0733551979065	0.0736448764801	0.0524668693542	0.0631411075592	0.0717170238495	0.0849859714508	0.084949016571	0.0593597888947	0.0608730316162	0.0713131427765	0.0684850215912	0.0578110218048	0.0655100345612	0.0663108825684	0.0557000637054	0.0695469379425	0.0630300045013	0.0564241409302	0.0577800273895	0.0551130771637	0.0606999397278	0.0656111240387	
['./treeMaker/main', '-u']
0.0593929290771	0.0552401542664	0.0616910457611	0.067085981369	0.0607099533081	0.0662138462067	0.0566170215607	0.0770280361176	0.0822010040283	0.0759079456329	0.0821290016174	0.0670139789581	0.060760974884	0.0620250701904	0.0616848468781	0.0604639053345	0.058403968811	0.0726099014282	0.0603301525116	0.0678400993347	0.0630378723145	0.0726540088654	0.0607950687408	0.0558760166168	0.0703890323639	0.0576128959656	0.0644609928131	0.0589330196381	0.0599191188812	0.0684010982513	0.0522248744965	0.0503079891205	0.0651988983154	0.0769309997559	0.0803179740906	0.0570909976959	0.0571630001068	0.0653920173645	0.0615692138672	0.0526368618011	0.0572869777679	0.0609250068665	0.0556588172913	0.0712699890137	0.0624010562897	0.0569939613342	0.0583689212799	0.0563430786133	0.0608439445496	0.0575258731842	
['./treeMaker/main', '-t', '-r', '1']
0.86369395256	0.731772899628	0.798948049545	1.00782799721	0.874923229218	1.08263993263	0.855270862579	1.37030506134	1.12249088287	1.18467903137	0.973200082779	0.987681150436	0.875440835953	0.931523799896	0.860477924347	0.876399040222	0.85413813591	1.18736219406	0.842757225037	1.0808429718	0.836264848709	0.866079092026	0.764524936676	0.737722873688	1.05535197258	0.780811071396	0.951114177704	0.905689001083	0.888547897339	1.15828585625	0.734085083008	0.657592058182	0.935611963272	1.25615310669	1.30575895309	0.768618106842	0.865808963776	1.10139989853	0.936125040054	0.724133968353	0.85447716713	0.942464828491	0.820451974869	1.10728192329	0.910883188248	0.774728059769	0.821457862854	0.763871908188	0.892487049103	0.776735067368	
['./treeMaker/main', '-t', '-r', '2']
1.14158916473	0.963526010513	1.12997102737	1.40101790428	1.17331790924	1.49491715431	1.09246087074	1.91265296936	1.55586099625	1.65388894081	1.35375404358	1.44441008568	1.21327090263	1.18977308273	1.21892905235	1.18612289429	1.17017793655	1.63615393639	1.08197879791	1.4434068203	1.07402801514	1.23420619965	1.05639791489	0.966738939285	1.50608801842	1.07168102264	1.3011610508	1.15030193329	1.18892598152	1.52373409271	0.945642948151	0.860692977905	1.28440904617	1.78230690956	1.79531884193	1.03192710876	1.1804151535	1.43961620331	1.2841770649	0.93665099144	1.15643811226	1.26765608788	1.17250108719	1.48507404327	1.2511780262	0.997740030289	1.14730405807	0.996834039688	1.22672200203	1.08908295631	
['./treeMaker/main', '-t', '-r', '1', '-N']
0.834624052048	0.747474193573	0.842811107635	1.00333499908	0.865438938141	1.05142903328	0.806773900986	1.32553505898	1.11088395119	1.20581793785	0.968684911728	1.02194285393	0.891736030579	0.87193608284	0.833015918732	0.892919063568	0.819155216217	1.14263415337	0.788753032684	1.0571911335	0.817185163498	0.864283084869	0.778408050537	0.77018904686	1.05591893196	0.808403968811	0.98056101799	0.880482196808	0.896395206451	1.15609288216	0.702806949615	0.663065195084	0.974071979523	1.29197502136	1.30040788651	0.780745983124	0.88129401207	1.09663200378	0.927921056747	0.714876890182	0.828192949295	0.932499170303	0.7892370224	1.0678730011	0.887365102768	0.768064975739	0.788289070129	0.785696029663	0.918772935867	0.759066820145	
['./treeMaker/main', '-t', '-r', '2', '-N']
1.09318900108	0.961860895157	1.13350892067	1.42771792412	1.18061208725	1.46628379822	1.06030201912	1.96084809303	1.52799582481	1.64673185349	1.32363891602	1.41419506073	1.17063188553	1.16203093529	1.17221903801	1.14836716652	1.11710190773	1.58464980125	1.02401590347	1.39128112793	1.14527702332	1.18181586266	1.02801704407	0.960340023041	1.488104105	1.03760290146	1.28904795647	1.2031519413	1.17597317696	1.49975204468	0.949620962143	0.85483288765	1.31637001038	1.73235297203	1.80525898933	1.03518509865	1.17564892769	1.43535399437	1.24833106995	0.92963886261	1.11976695061	1.25016093254	1.08723592758	1.46065306664	1.19695997238	0.998391866684	1.105905056	0.996447086334	1.23616504669	1.07682204247	
['./treeMaker/main', '-m']
0.0502979755402	0.0464220046997	0.0483980178833	0.069669008255	0.0567169189453	0.0632708072662	0.0541260242462	0.0665330886841	0.0618069171906	0.0640609264374	0.0586500167847	0.0593540668488	0.0560009479523	0.0565369129181	0.0565540790558	0.0523359775543	0.0480489730835	0.0561451911926	0.0472350120544	0.053169965744	0.0487761497498	0.0496618747711	0.0474951267242	0.0459630489349	0.0532820224762	0.0468401908875	0.0619370937347	0.0597500801086	0.0547502040863	0.060487985611	0.0481629371643	0.0452110767365	0.0556890964508	0.0639209747314	0.0629081726074	0.0479950904846	0.0500299930573	0.0558772087097	0.0545561313629	0.0479180812836	0.0519578456879	0.051276922226	0.0507550239563	0.0552141666412	0.0521531105042	0.0490388870239	0.0502300262451	0.0482380390167	0.0549528598785	0.0530791282654	
['./treeMaker/main', '-m', '-b']
0.0565218925476	0.0537140369415	0.0560531616211	0.061851978302	0.0580921173096	0.0633981227875	0.0565440654755	0.0694079399109	0.0637130737305	0.0660429000854	0.052983045578	0.0549130439758	0.0508439540863	0.0511119365692	0.0524230003357	0.0507991313934	0.0522420406342	0.059250831604	0.0484640598297	0.0554909706116	0.0503759384155	0.050940990448	0.0501341819763	0.0487189292908	0.0551130771637	0.0481510162354	0.0556371212006	0.052759885788	0.0533180236816	0.0572860240936	0.045520067215	0.0437150001526	0.0549569129944	0.060389995575	0.06218791008	0.046991109848	0.0492360591888	0.07297706604	0.0589160919189	0.0459561347961	0.0507600307465	0.069295167923	0.0553197860718	0.0630619525909	0.058333158493	0.0508258342743	0.0516700744629	0.0506589412689	0.0539469718933	0.0499858856201	
['./treeMaker/main', '-m', '-w', '1']
0.0646231174469	0.0532479286194	0.056972026825	0.0615229606628	0.0572440624237	0.062922000885	0.0634081363678	0.061774969101	0.0609560012817	0.0609200000763	0.0534389019012	0.0548579692841	0.0581181049347	0.05770611763	0.0589210987091	0.0573949813843	0.0559070110321	0.0637941360474	0.0549669265747	0.0607750415802	0.0571570396423	0.0624430179596	0.0547978878021	0.0516090393066	0.0611550807953	0.0545389652252	0.0730571746826	0.0531730651855	0.054151058197	0.059544801712	0.049113035202	0.0470471382141	0.0566010475159	0.0631411075592	0.0651271343231	0.0477578639984	0.0566589832306	0.0581300258636	0.0577108860016	0.0526258945465	0.0502109527588	0.0521738529205	0.0499939918518	0.0561149120331	0.0553939342499	0.0486779212952	0.0498769283295	0.0478811264038	0.0512108802795	0.0483338832855	
['./treeMaker/main', '-m', '-w', '2']
0.050155878067	0.0482640266418	0.0504059791565	0.0552768707275	0.0515611171722	0.0565490722656	0.0504908561707	0.0618588924408	0.056608915329	0.0588669776917	0.0536730289459	0.0601119995117	0.0576338768005	0.0576691627502	0.0615501403809	0.0637238025665	0.0518140792847	0.0622410774231	0.0575559139252	0.0592119693756	0.0549781322479	0.056694984436	0.0543971061707	0.0522050857544	0.0600590705872	0.0531249046326	0.0584719181061	0.0551240444183	0.0541279315948	0.0598521232605	0.0499639511108	0.0481190681458	0.0576710700989	0.071671962738	0.0633549690247	0.0524070262909	0.0541989803314	0.0576150417328	0.0582849979401	0.0591108798981	0.053405046463	0.0672099590302	0.0534100532532	0.0624129772186	0.0585379600525	0.0556869506836	0.056403875351	0.0512571334839	0.0535750389099	0.0495920181274	
['./treeMaker/main', '-m', '-c', '1']
0.0557231903076	0.0557029247284	0.0562229156494	0.0599927902222	0.0521249771118	0.0617170333862	0.0564548969269	0.066742181778	0.0595641136169	0.0626220703125	0.0540561676025	0.0662701129913	0.061408996582	0.0515949726105	0.0517241954803	0.0516998767853	0.0513231754303	0.060348033905	0.0522050857544	0.0582790374756	0.0522220134735	0.054004907608	0.0507469177246	0.0480690002441	0.0572371482849	0.0506370067596	0.0562019348145	0.056147813797	0.0568201541901	0.0622429847717	0.0513470172882	0.0495870113373	0.0593690872192	0.0657260417938	0.0644299983978	0.0497019290924	0.0513780117035	0.0567581653595	0.0547709465027	0.0481550693512	0.0518867969513	0.0537011623383	0.0507709980011	0.0578048229218	0.0537939071655	0.0501070022583	0.051038980484	0.0490520000458	0.0521790981293	0.0495600700378	
['./treeMaker/main', '-m', '-c', '2']
0.0511300563812	0.0489099025726	0.0510170459747	0.0562529563904	0.0523908138275	0.0575110912323	0.0516338348389	0.0629069805145	0.0578031539917	0.0593650341034	0.0541429519653	0.055869102478	0.0512850284576	0.0525979995728	0.0568308830261	0.0536420345306	0.0528371334076	0.0624010562897	0.068578004837	0.0562829971313	0.0524110794067	0.052983045578	0.0505549907684	0.0490829944611	0.0566592216492	0.0502099990845	0.0551490783691	0.0526089668274	0.0528969764709	0.0706660747528	0.0507519245148	0.0481119155884	0.0565659999847	0.0667657852173	0.0666229724884	0.0546669960022	0.0539610385895	0.0584290027618	0.0581040382385	0.0486171245575	0.0519528388977	0.0537710189819	0.050390958786	0.0574519634247	0.0531008243561	0.0505561828613	0.0522911548615	0.0494239330292	0.0520799160004	0.0497138500214	
['./treeMaker/main', '-m', '-a', '1']
0.0599889755249	0.0587751865387	0.0609240531921	0.0657119750977	0.062028169632	0.0693609714508	0.0778870582581	0.071121931076	0.0665199756622	0.0707950592041	0.0782799720764	0.0656578540802	0.0638098716736	0.07426404953	0.0667600631714	0.0743401050568	0.0606801509857	0.0771470069885	0.0596871376038	0.0709450244904	0.0626358985901	0.0628468990326	0.0600848197937	0.0588369369507	0.0648648738861	0.061026096344	0.0642900466919	0.063022851944	0.0642728805542	0.0699920654297	0.0615870952606	0.059947013855	0.0689930915833	0.0738542079926	0.0734920501709	0.0749759674072	0.0609591007233	0.0673089027405	0.0680589675903	0.0605089664459	0.0646281242371	0.0653960704803	0.0625731945038	0.0687489509583	0.0669960975647	0.0637090206146	0.0643129348755	0.0640690326691	0.0673930644989	0.0639128684998	
['./treeMaker/main', '-m', '-a', '2']
0.0596489906311	0.0532021522522	0.0550150871277	0.0602509975433	0.0545291900635	0.0597009658813	0.0557808876038	0.0660529136658	0.0621430873871	0.0628719329834	0.0586898326874	0.0596108436584	0.0637490749359	0.0555710792542	0.0595440864563	0.0541501045227	0.053573846817	0.0781919956207	0.053288936615	0.05992603302	0.055163860321	0.0558800697327	0.0536210536957	0.0513100624084	0.0676531791687	0.0494830608368	0.0548069477081	0.0523800849915	0.0527241230011	0.0591819286346	0.0478069782257	0.0460679531097	0.056184053421	0.0612730979919	0.0670230388641	0.051139831543	0.0531470775604	0.0587379932404	0.0693759918213	0.0481638908386	0.0520842075348	0.0533490180969	0.0546929836273	0.0601270198822	0.0562651157379	0.0526649951935	0.0532619953156	0.0515871047974	0.0546741485596	0.0521931648254	
