25_1000_5.2e-11_0.0_470000000
25
1000
5.2e-11
0.0
470000000

['./treeMaker/main']
0.0459270477295	0.0477101802826	0.0505139827728	0.0479040145874	0.065220117569	0.0508790016174	0.0560719966888	0.050901889801	0.0508198738098	0.0505039691925	0.049064874649	0.0557770729065	0.049772977829	0.0559468269348	0.0500330924988	0.0507481098175	0.0527260303497	0.0583050251007	0.0550830364227	0.0543448925018	0.0573999881744	0.0557019710541	0.0582368373871	0.0549399852753	0.0574378967285	0.0551528930664	0.0531289577484	0.064444065094	0.046247959137	0.0454440116882	0.0472888946533	0.0515460968018	0.0551869869232	0.0502970218658	0.0511498451233	0.0548830032349	0.0511131286621	0.0487589836121	0.0479998588562	0.0517539978027	0.0483648777008	0.0500900745392	0.0472509860992	0.0675318241119	0.0446929931641	0.0504570007324	0.0491390228271	0.0470929145813	0.0516800880432	0.0477709770203	
['./treeMaker/main', '-b']
0.0462241172791	0.0485789775848	0.0516970157623	0.0484931468964	0.0495271682739	0.0458099842072	0.0647690296173	0.0497899055481	0.0523059368134	0.0596740245819	0.0473821163177	0.0524818897247	0.0476660728455	0.0523629188538	0.0489480495453	0.0487990379333	0.0490598678589	0.0577352046967	0.0511600971222	0.0521700382233	0.0539910793304	0.0533540248871	0.0564770698547	0.0528500080109	0.0542590618134	0.053169965744	0.0523362159729	0.057708978653	0.0516729354858	0.0520589351654	0.0521450042725	0.0535190105438	0.0595669746399	0.0533998012543	0.0539791584015	0.0540490150452	0.0472140312195	0.047532081604	0.0472660064697	0.0489461421967	0.0477759838104	0.047728061676	0.0482649803162	0.0544610023499	0.0492949485779	0.0545032024384	0.0536201000214	0.0520780086517	0.0562109947205	0.0515611171722	
['./treeMaker/main', '-u']
0.0501430034637	0.0518980026245	0.0575201511383	0.0540702342987	0.059268951416	0.0483319759369	0.0522508621216	0.0482449531555	0.0499339103699	0.0502469539642	0.0475981235504	0.0518679618835	0.0489139556885	0.0533947944641	0.047868013382	0.0487399101257	0.0527548789978	0.0556571483612	0.0501930713654	0.0547149181366	0.0516908168793	0.0531599521637	0.054358959198	0.0474429130554	0.0526988506317	0.0503060817719	0.0492329597473	0.0559048652649	0.0516440868378	0.0486259460449	0.0509579181671	0.052708864212	0.0573298931122	0.0519738197327	0.0534670352936	0.0538649559021	0.0472989082336	0.0477550029755	0.0479979515076	0.0480191707611	0.0471651554108	0.0440421104431	0.0488140583038	0.0569951534271	0.0451378822327	0.0509939193726	0.0499951839447	0.0480959415436	0.053099155426	0.0483529567719	
['./treeMaker/main', '-t', '-r', '1']
0.535743951797	0.542740106583	0.627847909927	0.558089971542	0.551695108414	0.498955011368	0.59022808075	0.479840040207	0.494826078415	0.550545930862	0.516215085983	0.610262870789	0.551469087601	0.634131908417	0.512205839157	0.522784233093	0.52375292778	0.665884017944	0.567492008209	0.563014030457	0.599070072174	0.617781162262	0.606920957565	0.485306024551	0.569990873337	0.559947013855	0.543131113052	0.639026880264	0.529252052307	0.48260307312	0.541172027588	0.599573850632	0.658914804459	0.537253856659	0.592858076096	0.597275018692	0.501006126404	0.474986076355	0.460948944092	0.507040023804	0.469676017761	0.506529092789	0.50665807724	0.614962100983	0.529193162918	0.597592115402	0.595900058746	0.580112934113	0.651877164841	0.558661937714	
['./treeMaker/main', '-t', '-r', '2']
0.70857000351	0.756089925766	0.820223093033	0.726981878281	0.789425134659	0.662532806396	0.788921833038	0.650438070297	0.624373912811	0.715486049652	0.661262989044	0.78263092041	0.698992013931	0.794255971909	0.68107008934	0.71200799942	0.738202095032	0.950767993927	0.735280990601	0.761947154999	0.784662008286	0.795674085617	0.805028915405	0.675201892853	0.785624980927	0.7184009552	0.722055912018	0.884275913239	0.689730167389	0.584644794464	0.709931850433	0.780500888824	0.921689033508	0.749157190323	0.802639007568	0.82471203804	0.612854957581	0.632133960724	0.597972154617	0.66234588623	0.602073192596	0.629076004028	0.662574052811	0.798305988312	0.681393861771	0.776633024216	0.758920907974	0.759228944778	0.827799081802	0.732674121857	
['./treeMaker/main', '-t', '-r', '1', '-N']
0.534684896469	0.549391031265	0.632255077362	0.54403591156	0.574980974197	0.525491952896	0.583465099335	0.47470498085	0.502385139465	0.554932832718	0.508672952652	0.609884977341	0.544135093689	0.598451137543	0.5134100914	0.525866031647	0.566139936447	0.70957493782	0.680715084076	0.600572824478	0.604007005692	0.582256793976	0.644190073013	0.512429952621	0.601042985916	0.568771123886	0.561933040619	0.622115135193	0.532826900482	0.491157054901	0.5444419384	0.578797101974	0.67670583725	0.533627986908	0.575590848923	0.595379829407	0.498831987381	0.469079971313	0.491494894028	0.524986982346	0.49103307724	0.502466917038	0.507976055145	0.624618053436	0.513772964478	0.608217954636	0.582797050476	0.541918992996	0.64361000061	0.518321037292	
['./treeMaker/main', '-t', '-r', '2', '-N']
0.709053039551	0.751890897751	0.819796800613	0.733408927917	0.781553030014	0.660356044769	0.752665042877	0.640919208527	0.655755996704	0.708477020264	0.660139083862	0.817076921463	0.686637163162	0.85435795784	0.649981021881	0.685593128204	0.703683137894	0.944437026978	0.770267009735	0.768517017365	0.82265996933	0.79273891449	0.82251906395	0.653043031693	0.796192884445	0.724361181259	0.729761123657	0.873549938202	0.679425954819	0.608793020248	0.714195966721	0.773492097855	0.932379961014	0.737119913101	0.801568984985	0.796086072922	0.626528024673	0.652917146683	0.639106988907	0.666501998901	0.600849866867	0.635180950165	0.633296012878	0.8584420681	0.666630983353	0.801666975021	0.776715040207	0.795562982559	0.842170953751	0.737229824066	
['./treeMaker/main', '-m']
0.0443937778473	0.0454850196838	0.0478820800781	0.0448958873749	0.0465250015259	0.0449140071869	0.0465259552002	0.0599508285522	0.0426640510559	0.044331073761	0.0432150363922	0.0464150905609	0.0430998802185	0.0484459400177	0.0450329780579	0.0452389717102	0.046993970871	0.0556650161743	0.0481820106506	0.0477409362793	0.0518388748169	0.049516916275	0.0461850166321	0.0431430339813	0.0454161167145	0.043741941452	0.0461041927338	0.0506069660187	0.0450758934021	0.0437250137329	0.0442788600922	0.0482439994812	0.0613021850586	0.0476009845734	0.0478518009186	0.0496928691864	0.0452539920807	0.0456280708313	0.044490814209	0.044909954071	0.0443890094757	0.0460870265961	0.0471909046173	0.0518188476562	0.0507478713989	0.0490851402283	0.0497398376465	0.0479362010956	0.0523860454559	0.0450580120087	
['./treeMaker/main', '-m', '-b']
0.0479190349579	0.046266078949	0.0506420135498	0.0483119487762	0.0490770339966	0.0455100536346	0.0484631061554	0.0451560020447	0.0469319820404	0.0475220680237	0.0473430156708	0.050931930542	0.0470550060272	0.0591628551483	0.0458290576935	0.0469269752502	0.0480189323425	0.0543940067291	0.0494799613953	0.0494821071625	0.047966003418	0.0535800457001	0.0505208969116	0.045755147934	0.0492038726807	0.0472149848938	0.0468299388885	0.052472114563	0.0467929840088	0.0453670024872	0.0474691390991	0.048061132431	0.0535261631012	0.0587830543518	0.0499501228333	0.0495491027832	0.0433769226074	0.04523396492	0.0460689067841	0.0473239421844	0.0436179637909	0.0460839271545	0.0452148914337	0.0509629249573	0.0482370853424	0.0539309978485	0.0491201877594	0.0479049682617	0.0495269298553	0.0558459758759	
['./treeMaker/main', '-m', '-w', '1']
0.0475959777832	0.0460557937622	0.0517549514771	0.0469000339508	0.0489339828491	0.0457668304443	0.0490651130676	0.0430080890656	0.0448269844055	0.0450699329376	0.0468170642853	0.0527400970459	0.0455899238586	0.047858953476	0.0476629734039	0.0443179607391	0.0471169948578	0.0550651550293	0.0479369163513	0.0480928421021	0.0526528358459	0.0504109859467	0.0499999523163	0.0487260818481	0.0502009391785	0.0456411838531	0.0485939979553	0.0508060455322	0.0462880134583	0.0455739498138	0.0462560653687	0.047492980957	0.0532081127167	0.0470960140228	0.0487270355225	0.0603020191193	0.0425658226013	0.0433778762817	0.0418620109558	0.0432510375977	0.0424399375916	0.0421969890594	0.0425679683685	0.0470888614655	0.0434501171112	0.0462968349457	0.0459790229797	0.0445709228516	0.0495641231537	0.046205997467	
['./treeMaker/main', '-m', '-w', '2']
0.0457670688629	0.0470259189606	0.0491490364075	0.0464608669281	0.0599820613861	0.0435118675232	0.0464169979095	0.0426781177521	0.0429680347443	0.0454020500183	0.0441689491272	0.0470900535583	0.0444688796997	0.0474801063538	0.0434329509735	0.0468170642853	0.0457999706268	0.0513639450073	0.0475070476532	0.0483200550079	0.0474619865417	0.0482029914856	0.048309803009	0.0439200401306	0.0471019744873	0.0448749065399	0.0449130535126	0.0497081279755	0.0447850227356	0.0423080921173	0.0448338985443	0.0468859672546	0.0520081520081	0.0508680343628	0.0479378700256	0.0524799823761	0.0454161167145	0.0455119609833	0.0452079772949	0.0471501350403	0.0561971664429	0.0456230640411	0.0472989082336	0.0505621433258	0.0472369194031	0.0494699478149	0.0498850345612	0.0473618507385	0.0500068664551	0.0514419078827	
['./treeMaker/main', '-m', '-c', '1']
0.046493768692	0.0472068786621	0.0515539646149	0.0473968982697	0.0512809753418	0.0499930381775	0.0485379695892	0.0424840450287	0.0447361469269	0.0457398891449	0.0473380088806	0.0530800819397	0.0455679893494	0.049446105957	0.0462160110474	0.0472021102905	0.0504319667816	0.0522890090942	0.0478980541229	0.0587770938873	0.0504260063171	0.0496790409088	0.0503611564636	0.048751115799	0.0486869812012	0.0563781261444	0.0517830848694	0.0522489547729	0.0469081401825	0.0425701141357	0.0442681312561	0.0478279590607	0.0501849651337	0.0450239181519	0.0465540885925	0.0502388477325	0.0421118736267	0.0425770282745	0.0549840927124	0.0464000701904	0.0432929992676	0.0453789234161	0.0447161197662	0.0498189926147	0.0450129508972	0.0495479106903	0.0489900112152	0.0479171276093	0.0510630607605	0.0525648593903	
['./treeMaker/main', '-m', '-c', '2']
0.0473909378052	0.0498480796814	0.0486650466919	0.0503180027008	0.0470650196075	0.049772977829	0.0459518432617	0.0422670841217	0.0425779819489	0.0454170703888	0.0439429283142	0.0466909408569	0.0436539649963	0.0467441082001	0.0439410209656	0.0449998378754	0.0454978942871	0.0510649681091	0.0460598468781	0.0467510223389	0.0469610691071	0.0479748249054	0.0476360321045	0.0434370040894	0.0461580753326	0.0444440841675	0.044371843338	0.0489189624786	0.0461528301239	0.0421619415283	0.0441019535065	0.0479259490967	0.0511829853058	0.0466299057007	0.0480210781097	0.0486710071564	0.0469930171967	0.0450439453125	0.0453560352325	0.0434300899506	0.0531499385834	0.0431778430939	0.0466449260712	0.047483921051	0.0463201999664	0.0479180812836	0.0485138893127	0.0465359687805	0.0511310100555	0.0514740943909	
['./treeMaker/main', '-m', '-a', '1']
0.060791015625	0.0632309913635	0.0662879943848	0.0637829303741	0.0652611255646	0.0603368282318	0.0628170967102	0.0590059757233	0.0596590042114	0.0609560012817	0.060711145401	0.0630640983582	0.0599730014801	0.0634858608246	0.0592279434204	0.0599548816681	0.0610308647156	0.0675308704376	0.0653300285339	0.063677072525	0.0820260047913	0.0642418861389	0.0639619827271	0.0611348152161	0.062371969223	0.0602879524231	0.0607779026031	0.0657169818878	0.0594820976257	0.057941198349	0.0605590343475	0.0628468990326	0.0663211345673	0.061919927597	0.0748829841614	0.0819129943848	0.0596780776978	0.060250043869	0.0599720478058	0.0728540420532	0.0608031749725	0.0648851394653	0.0605218410492	0.0614819526672	0.0584239959717	0.0638031959534	0.0628390312195	0.0610971450806	0.0668020248413	0.0619430541992	
['./treeMaker/main', '-m', '-a', '2']
0.0445559024811	0.0458090305328	0.0477249622345	0.0433168411255	0.044606924057	0.0418031215668	0.0468430519104	0.0429990291595	0.0436789989471	0.0451300144196	0.0444400310516	0.0474848747253	0.0442459583282	0.0472888946533	0.0449059009552	0.0441188812256	0.0447959899902	0.0498518943787	0.0465130805969	0.0462100505829	0.0493800640106	0.0480558872223	0.0481050014496	0.0444660186768	0.0465669631958	0.0446200370789	0.0448260307312	0.0492560863495	0.044004201889	0.0419518947601	0.0444829463959	0.0447790622711	0.0479640960693	0.0435481071472	0.044597864151	0.045313835144	0.0406270027161	0.0459730625153	0.0451431274414	0.0471379756927	0.0459699630737	0.0454859733582	0.0454928874969	0.0516850948334	0.0502231121063	0.0512571334839	0.0516028404236	0.0469529628754	0.0485110282898	0.0508191585541	
