25_1000_1.9e-10_1.9e-10_10000
25
1000
1.9e-10
1.9e-10
10000

['./treeMaker/main']
0.0642020702362	0.0641720294952	0.0570418834686	0.0679850578308	0.0737612247467	0.0661737918854	0.0769150257111	0.0609209537506	0.0555839538574	0.0604419708252	0.0692949295044	0.0604610443115	0.0582430362701	0.0698139667511	0.055251121521	0.0583341121674	0.0679969787598	0.0565330982208	0.0837569236755	0.067794084549	0.0597178936005	0.0936679840088	0.073832988739	0.0638880729675	0.0651631355286	0.0700881481171	0.0615382194519	0.0540578365326	0.0641150474548	0.0567810535431	0.0585920810699	0.0778870582581	0.0735840797424	0.0553379058838	0.0600688457489	0.0649521350861	0.0928530693054	0.0628790855408	0.0629329681396	0.0588970184326	0.0611209869385	0.0746338367462	0.0616710186005	0.0737750530243	0.0832788944244	0.0617640018463	0.0560419559479	0.0787580013275	0.0544929504395	0.0607430934906	
['./treeMaker/main', '-b']
0.0661039352417	0.0685889720917	0.057755947113	0.0680019855499	0.0714349746704	0.0687940120697	0.061644077301	0.0655188560486	0.0596809387207	0.0707030296326	0.0627369880676	0.064887046814	0.0734100341797	0.0714299678802	0.0567798614502	0.0596709251404	0.070384979248	0.0572218894958	0.0794630050659	0.0697348117828	0.0704398155212	0.0985441207886	0.0747179985046	0.0654699802399	0.0660669803619	0.0722320079803	0.0655889511108	0.0596799850464	0.0701639652252	0.0619208812714	0.0630300045013	0.0846738815308	0.0625569820404	0.0619530677795	0.0760819911957	0.0713140964508	0.0830078125	0.0688700675964	0.0642778873444	0.05943608284	0.0630040168762	0.0909671783447	0.0685958862305	0.0741639137268	0.081071138382	0.0610620975494	0.0685391426086	0.0896670818329	0.0628118515015	0.066351890564	
['./treeMaker/main', '-u']
0.0812640190125	0.0711438655853	0.0676021575928	0.0705349445343	0.0625360012054	0.0662930011749	0.0594990253448	0.0621478557587	0.0567128658295	0.0616118907928	0.0660448074341	0.0606691837311	0.0621891021729	0.0722229480743	0.0585899353027	0.0586869716644	0.0680420398712	0.0743010044098	0.078467130661	0.0675001144409	0.0608720779419	0.0810461044312	0.0721328258514	0.075376033783	0.0659070014954	0.0723979473114	0.0625159740448	0.0573110580444	0.0682950019836	0.0610280036926	0.0686829090118	0.0775411128998	0.060154914856	0.0709588527679	0.0657160282135	0.0698959827423	0.0844860076904	0.0646109580994	0.0645160675049	0.0602090358734	0.0628159046173	0.0758469104767	0.0775201320648	0.0650730133057	0.0703978538513	0.0575020313263	0.0591349601746	0.0826480388641	0.0578470230103	0.0658488273621	
['./treeMaker/main', '-t', '-r', '1']
0.98393201828	0.989890098572	0.806896924973	1.00325512886	0.857918024063	0.998146057129	0.832502126694	0.889830112457	0.73369717598	0.869536161423	0.861802101135	0.806150913239	0.8575258255	1.09530806541	0.755087137222	0.877352952957	1.0781390667	0.749941110611	1.29852390289	0.987818002701	0.796012878418	1.16385507584	1.01817512512	0.911455154419	0.947171926498	0.975635051727	0.915345191956	0.766901016235	0.991395950317	0.840645074844	0.904198884964	1.18559288979	0.842633962631	0.820330142975	0.95259809494	1.06823682785	1.28970217705	0.882126808167	0.914528131485	0.788030147552	0.842837095261	1.16986894608	0.847028017044	0.937831163406	1.05311203003	0.694222927094	0.7429459095	1.2553999424	0.738579034805	0.789971828461	
['./treeMaker/main', '-t', '-r', '2']
1.4716861248	1.43813514709	1.17670798302	1.60743999481	1.29400515556	1.44867300987	1.22599387169	1.26786184311	1.05566096306	1.26815199852	1.25860309601	1.23483181	1.31338310242	1.67931389809	1.09776997566	1.32995009422	1.68637800217	1.18281793594	2.10232400894	1.63644695282	1.28946685791	2.20478010178	1.68653297424	1.28732800484	1.40425109863	1.57080101967	1.28659391403	1.14281201363	1.58987998962	1.26821613312	1.334389925	1.89571499825	1.30622577667	1.19431400299	1.39368200302	1.60215592384	2.06855416298	1.46934604645	1.47851204872	1.25440716743	1.39783883095	1.95487117767	1.3830010891	1.49078607559	1.59457397461	1.11277699471	1.14588212967	2.04601979256	1.08390903473	1.36211800575	
['./treeMaker/main', '-t', '-r', '1', '-N']
0.935641050339	0.978087902069	0.811581134796	1.02967810631	0.85301399231	0.99971985817	0.856359958649	0.907945871353	0.772482872009	0.85085105896	0.866723060608	0.806248903275	0.876853942871	1.10158014297	0.760344028473	0.883196115494	1.06616091728	0.777853012085	1.27129912376	1.01783204079	0.855132102966	1.22446703911	1.07627296448	0.921357154846	0.962837934494	0.972439050674	0.902008056641	0.789546966553	0.962317943573	0.802270889282	0.891857147217	1.19839596748	0.82605099678	0.815145015717	0.892741918564	1.06515979767	1.23321604729	0.919871091843	0.919243097305	0.82991194725	0.843406915665	1.22484111786	0.852957010269	0.965178966522	1.06841993332	0.73073887825	0.784547805786	1.32264900208	0.759817123413	0.814311981201	
['./treeMaker/main', '-t', '-r', '2', '-N']
1.48754405975	1.45266914368	1.21484589577	1.63348197937	1.31295490265	1.49499607086	1.21495699883	1.34028792381	1.10648083687	1.24636983871	1.31120014191	1.2081489563	1.27489900589	1.66765809059	1.08774995804	1.24705600739	1.64400792122	1.17806601524	2.06755304337	1.54769897461	1.30543422699	2.13801598549	1.72126603127	1.31554603577	1.43103814125	1.64670109749	1.35776400566	1.17164897919	1.62024188042	1.3251311779	1.39144587517	1.92147612572	1.2960729599	1.17765498161	1.37525606155	1.64045596123	2.21534085274	1.74940299988	1.80463695526	1.46848201752	1.67803692818	2.29196000099	1.63725113869	1.77779984474	1.81233096123	1.39242005348	1.42311406136	2.48593306541	1.31980395317	1.65448403358	
['./treeMaker/main', '-m']
0.0978980064392	0.0798118114471	0.067281961441	0.0777521133423	0.0724449157715	0.0757019519806	0.0716569423676	0.0695281028748	0.0684750080109	0.0715188980103	0.0696909427643	0.0691509246826	0.0685830116272	0.0809111595154	0.0798950195312	0.0699520111084	0.0786700248718	0.0680408477783	0.0901050567627	0.080559015274	0.0725982189178	0.0922329425812	0.079950094223	0.071475982666	0.0725190639496	0.0771827697754	0.0734140872955	0.0833580493927	0.0784358978271	0.0777730941772	0.0693669319153	0.081020116806	0.08451795578	0.0746278762817	0.0786778926849	0.0837860107422	0.0883159637451	0.0751090049744	0.0730829238892	0.0749218463898	0.0706980228424	0.0807580947876	0.0648801326752	0.0709729194641	0.0762910842896	0.0662598609924	0.0713641643524	0.087366104126	0.0620219707489	0.0886058807373	
['./treeMaker/main', '-m', '-b']
0.0810759067535	0.0885300636292	0.0816719532013	0.086718082428	0.0821919441223	0.074432849884	0.080512046814	0.0720479488373	0.0692970752716	0.0705559253693	0.0838990211487	0.0743319988251	0.0732820034027	0.0817968845367	0.0747678279877	0.0861141681671	0.0831408500671	0.0804390907288	0.0862600803375	0.0759282112122	0.0891690254211	0.0906109809875	0.0843119621277	0.075052022934	0.0751750469208	0.083615064621	0.0774619579315	0.0737340450287	0.0815899372101	0.0794470310211	0.0737800598145	0.0974979400635	0.0748529434204	0.0775671005249	0.0770311355591	0.0794250965118	0.0995888710022	0.0800111293793	0.0900599956512	0.0765819549561	0.0806150436401	0.0882799625397	0.0832669734955	0.0814290046692	0.0867991447449	0.071907043457	0.0751280784607	0.0972318649292	0.0726840496063	0.073429107666	
['./treeMaker/main', '-m', '-w', '1']
0.0781500339508	0.0764088630676	0.0693969726562	0.0817949771881	0.10241985321	0.079363822937	0.0715918540955	0.0730109214783	0.0740242004395	0.0768659114838	0.074774980545	0.0750918388367	0.0775909423828	0.081857919693	0.0726737976074	0.0739109516144	0.0833899974823	0.0763881206512	0.0859332084656	0.0807540416718	0.111878871918	0.0940599441528	0.0769250392914	0.0762579441071	0.0752401351929	0.0820608139038	0.0811839103699	0.0764429569244	0.0745220184326	0.0763330459595	0.0771579742432	0.0922811031342	0.0802710056305	0.0628771781921	0.0817239284515	0.11785197258	0.0915188789368	0.0759499073029	0.0684189796448	0.0743501186371	0.077968120575	0.0869519710541	0.0785601139069	0.0756750106812	0.0804369449615	0.0763778686523	0.0715630054474	0.089017868042	0.0761330127716	0.0660331249237	
['./treeMaker/main', '-m', '-w', '2']
0.07781291008	0.0771310329437	0.0736401081085	0.080020904541	0.0702149868011	0.0783228874207	0.0751729011536	0.0744869709015	0.0726749897003	0.0762820243835	0.0620718002319	0.0874869823456	0.0735960006714	0.0804691314697	0.0753009319305	0.0715379714966	0.0768477916718	0.0739638805389	0.0874829292297	0.0815200805664	0.0741300582886	0.134253025055	0.0837440490723	0.0742990970612	0.0773718357086	0.0847079753876	0.0815351009369	0.0697710514069	0.0826759338379	0.0747799873352	0.0828649997711	0.0853819847107	0.073940038681	0.0773739814758	0.0753247737885	0.0864961147308	0.0872161388397	0.0820958614349	0.0749971866608	0.0736589431763	0.079873085022	0.096419095993	0.0756158828735	0.0828161239624	0.080579996109	0.0714991092682	0.0728220939636	0.0767149925232	0.0680871009827	0.0766520500183	
['./treeMaker/main', '-m', '-c', '1']
0.0791640281677	0.0836598873138	0.0738110542297	0.0876779556274	0.0739388465881	0.0767540931702	0.0742521286011	0.074786901474	0.0703458786011	0.0711071491241	0.0789380073547	0.071958065033	0.0800859928131	0.0840451717377	0.0715780258179	0.0728831291199	0.0804340839386	0.0697138309479	0.0965020656586	0.0781919956207	0.062392950058	0.112864017487	0.079577922821	0.0775990486145	0.0818719863892	0.0820958614349	0.0809860229492	0.0736510753632	0.0815169811249	0.0764009952545	0.0772049427032	0.0760798454285	0.0748150348663	0.0721499919891	0.0761821269989	0.0839278697968	0.0925650596619	0.065269947052	0.0731811523438	0.0727288722992	0.0765798091888	0.0826909542084	0.0775780677795	0.0747470855713	0.0886969566345	0.0726881027222	0.0782339572906	0.0944838523865	0.0603239536285	0.074038028717	
['./treeMaker/main', '-m', '-c', '2']
0.0760319232941	0.0794909000397	0.071398973465	0.0926959514618	0.0794680118561	0.0772120952606	0.0809190273285	0.0777730941772	0.0731360912323	0.0737190246582	0.0799679756165	0.0713260173798	0.0791079998016	0.0800340175629	0.0735709667206	0.0749261379242	0.0752041339874	0.076938867569	0.0892908573151	0.0786399841309	0.0733098983765	0.0894818305969	0.0895049571991	0.0749778747559	0.0758681297302	0.0839321613312	0.0852382183075	0.0789489746094	0.0769770145416	0.0750780105591	0.0749809741974	0.0851421356201	0.0755801200867	0.0711770057678	0.0814590454102	0.0771770477295	0.0903210639954	0.0748798847198	0.0769400596619	0.0756649971008	0.0661509037018	0.0718779563904	0.0751819610596	0.080130815506	0.116050004959	0.0719628334045	0.0706679821014	0.0775628089905	0.0692341327667	0.0711510181427	
['./treeMaker/main', '-m', '-a', '1']
0.0914869308472	0.097804069519	0.0807778835297	0.0790438652039	0.0885450839996	0.0885190963745	0.0921580791473	0.108112096786	0.0824279785156	0.0889430046082	0.0833389759064	0.0878961086273	0.0883691310883	0.0954840183258	0.073294878006	0.0888438224792	0.0976428985596	0.0884358882904	0.107274055481	0.0886077880859	0.0787508487701	0.10897898674	0.0968441963196	0.12717294693	0.106652021408	0.0919539928436	0.0868279933929	0.0863139629364	0.0944550037384	0.0910000801086	0.078202009201	0.0907909870148	0.0837059020996	0.0945460796356	0.0881509780884	0.0966410636902	0.0983591079712	0.0902810096741	0.0935339927673	0.0932729244232	0.0905740261078	0.0880289077759	0.0819120407104	0.0890309810638	0.095067024231	0.0847568511963	0.0821619033813	0.113121032715	0.0869801044464	0.0944788455963	
['./treeMaker/main', '-m', '-a', '2']
0.0798501968384	0.076761007309	0.0694761276245	0.0742528438568	0.0766768455505	0.0801870822906	0.073765039444	0.0743460655212	0.0718939304352	0.0702528953552	0.0780899524689	0.0728089809418	0.0727400779724	0.0828709602356	0.072979927063	0.0650498867035	0.0797140598297	0.0715599060059	0.0866940021515	0.0796489715576	0.077437877655	0.0889759063721	0.0761981010437	0.0743279457092	0.0845019817352	0.0834739208221	0.079118013382	0.0755388736725	0.076051235199	0.0713238716125	0.0749061107635	0.0906178951263	0.0769150257111	0.0735509395599	0.0713651180267	0.0770928859711	0.0893199443817	0.0767388343811	0.0832669734955	0.0720410346985	0.0640439987183	0.0878179073334	0.0734860897064	0.0771169662476	0.0874500274658	0.0729069709778	0.0683798789978	0.0945360660553	0.0680048465729	0.079432964325	
