25_1000_5.2e-11_5.2e-12_470000000
25
1000
5.2e-11
5.2e-12
470000000

['./treeMaker/main']
0.0631878376007	0.0431499481201	0.0526280403137	0.0449621677399	0.0472269058228	0.0463218688965	0.0465829372406	0.0442888736725	0.044597864151	0.0473139286041	0.0462899208069	0.0475389957428	0.0575881004333	0.0472159385681	0.0450241565704	0.043741941452	0.0605149269104	0.0482788085938	0.0493521690369	0.0490651130676	0.0497858524323	0.0436367988586	0.0492718219757	0.0454881191254	0.0445640087128	0.0413792133331	0.0559711456299	0.044792175293	0.0442011356354	0.0514061450958	0.0593309402466	0.0486378669739	0.0552868843079	0.0485289096832	0.0489621162415	0.0552470684052	0.0437748432159	0.049103975296	0.0442509651184	0.0449550151825	0.0473320484161	0.0447220802307	0.0450448989868	0.0517001152039	0.0554180145264	0.0448219776154	0.05295586586	0.0479590892792	0.0440409183502	0.0496108531952	
['./treeMaker/main', '-b']
0.0516979694366	0.0458860397339	0.0565140247345	0.0484249591827	0.0536251068115	0.0485858917236	0.0493199825287	0.0496320724487	0.049959897995	0.0520420074463	0.0512390136719	0.0498127937317	0.0625360012054	0.0602548122406	0.0482971668243	0.0470778942108	0.049262046814	0.0507020950317	0.0526938438416	0.0510139465332	0.0528838634491	0.045047044754	0.0514221191406	0.0456190109253	0.046893119812	0.0421390533447	0.047415971756	0.0437850952148	0.0447690486908	0.0519239902496	0.0618448257446	0.0516469478607	0.0531418323517	0.0491309165955	0.0467720031738	0.0547399520874	0.0462019443512	0.0506999492645	0.0457439422607	0.0474350452423	0.0470869541168	0.0437891483307	0.0466690063477	0.052276134491	0.056930065155	0.0455470085144	0.0530529022217	0.0480999946594	0.04611992836	0.0577249526978	
['./treeMaker/main', '-u']
0.0534591674805	0.0447750091553	0.0553081035614	0.0507481098175	0.0502169132233	0.0515360832214	0.0523180961609	0.0478599071503	0.0471041202545	0.0515100955963	0.0511388778687	0.0539689064026	0.0595500469208	0.0523450374603	0.0487270355225	0.0477478504181	0.0518090724945	0.0523300170898	0.049211025238	0.0512099266052	0.0533268451691	0.0443930625916	0.0521328449249	0.0478920936584	0.04731798172	0.0437030792236	0.0506839752197	0.0481648445129	0.0480241775513	0.0553929805756	0.061793088913	0.0469040870667	0.0506229400635	0.0470261573792	0.0464189052582	0.051521062851	0.0427689552307	0.047837972641	0.042515039444	0.0430998802185	0.044853925705	0.0412609577179	0.0426430702209	0.0478520393372	0.0524570941925	0.0432450771332	0.0501179695129	0.0453450679779	0.0435140132904	0.0492589473724	
['./treeMaker/main', '-t', '-r', '1']
0.571595907211	0.462948083878	0.651920080185	0.548979997635	0.577754020691	0.545697927475	0.537255048752	0.545301914215	0.540874004364	0.578577041626	0.580111980438	0.57945895195	0.814985990524	0.603219985962	0.567688941956	0.544961929321	0.55645608902	0.588938951492	0.61558508873	0.610006093979	0.60879278183	0.461745977402	0.577343940735	0.530112028122	0.523537158966	0.440312862396	0.537005186081	0.489995002747	0.467200994492	0.578423023224	0.802900075912	0.58335018158	0.673915147781	0.587098121643	0.573063135147	0.63550901413	0.505650043488	0.595538139343	0.504679918289	0.52974486351	0.552062034607	0.485417127609	0.51084280014	0.601713895798	0.659932136536	0.487914800644	0.640455007553	0.532747983932	0.488923072815	0.579959154129	
['./treeMaker/main', '-t', '-r', '2']
0.724303007126	0.594543218613	0.914364099503	0.668832063675	0.808063983917	0.68953704834	0.697242021561	0.677231788635	0.710370063782	0.725168943405	0.720314979553	0.76942896843	1.13481903076	0.80256986618	0.729480028152	0.691111087799	0.756906986237	0.778652906418	0.812841892242	0.732878923416	0.809809923172	0.608819961548	0.812452077866	0.667247056961	0.676152944565	0.596415996552	0.697172880173	0.60577917099	0.608330011368	0.774751901627	1.07452106476	0.788270950317	0.840986013412	0.718696117401	0.742271184921	0.878951072693	0.64657497406	0.782425880432	0.653813838959	0.672702074051	0.72087597847	0.600584030151	0.674579143524	0.812261104584	0.954586029053	0.648185968399	0.86526799202	0.72614812851	0.59566617012	0.762797117233	
['./treeMaker/main', '-t', '-r', '1', '-N']
0.558231115341	0.495393037796	0.66904091835	0.535341978073	0.567821025848	0.550829172134	0.535420179367	0.525948047638	0.535769939423	0.547461032867	0.575899839401	0.579200029373	0.829925060272	0.589103937149	0.570960998535	0.549944162369	0.576496124268	0.557102203369	0.589437961578	0.595742940903	0.588104963303	0.454864025116	0.599707126617	0.521270990372	0.540941953659	0.472111940384	0.501011133194	0.463217973709	0.453252077103	0.579793214798	0.78329706192	0.579556941986	0.629302024841	0.539967060089	0.533715963364	0.620618104935	0.484044075012	0.571887969971	0.511333942413	0.530393123627	0.542296886444	0.496826171875	0.49244093895	0.588063001633	0.702180862427	0.48815202713	0.608546972275	0.517488002777	0.474763154984	0.56932592392	
['./treeMaker/main', '-t', '-r', '2', '-N']
0.716814041138	0.648880004883	0.908499956131	0.658435106277	0.723660945892	0.696270942688	0.707894086838	0.69824886322	0.717868089676	0.753775119781	0.722186088562	0.756394863129	1.12760901451	0.787329912186	0.731682062149	0.707362890244	0.743242025375	0.787292003632	0.804957866669	0.780689001083	0.789269924164	0.588544845581	0.77578997612	0.716555833817	0.661791086197	0.585571050644	0.699486970901	0.612813949585	0.594780921936	0.824949026108	1.04741811752	0.775793075562	0.850587129593	0.720876932144	0.738496780396	0.88751912117	0.638408899307	0.769255876541	0.640960931778	0.657361030579	0.725476980209	0.606616973877	0.681775093079	0.797971963882	0.929933071136	0.655808925629	0.873329877853	0.729140043259	0.622180938721	0.780108213425	
['./treeMaker/main', '-m']
0.0455658435822	0.0422837734222	0.0490620136261	0.0438148975372	0.0454490184784	0.0442171096802	0.0442008972168	0.0437381267548	0.042328119278	0.0440258979797	0.0435950756073	0.0453658103943	0.053964138031	0.0465919971466	0.0573289394379	0.0414559841156	0.043594121933	0.0441720485687	0.0448989868164	0.0448288917542	0.0449259281158	0.0566611289978	0.0471110343933	0.0475080013275	0.0457348823547	0.0437707901001	0.0463089942932	0.0448451042175	0.0420141220093	0.0492238998413	0.0563650131226	0.0499150753021	0.0517590045929	0.0507960319519	0.0482380390167	0.0521171092987	0.0467340946198	0.052234172821	0.0449080467224	0.0453329086304	0.0468320846558	0.0456190109253	0.0449769496918	0.0481908321381	0.0504639148712	0.0458278656006	0.0503380298615	0.0447750091553	0.0452840328217	0.052973985672	
['./treeMaker/main', '-m', '-b']
0.0484068393707	0.0454721450806	0.0521500110626	0.0467460155487	0.0478730201721	0.0495040416718	0.0505659580231	0.0484998226166	0.0510280132294	0.0508670806885	0.0465471744537	0.0468890666962	0.0598468780518	0.0505239963531	0.0513579845428	0.0561761856079	0.0467798709869	0.0495681762695	0.0496051311493	0.0477728843689	0.0531840324402	0.0434300899506	0.0519740581512	0.0490739345551	0.044303894043	0.0429389476776	0.0499091148376	0.0451638698578	0.0473630428314	0.0526819229126	0.0569808483124	0.0480749607086	0.0542020797729	0.0468130111694	0.0503761768341	0.0526220798492	0.0453429222107	0.0491099357605	0.0465018749237	0.0459818840027	0.0481748580933	0.0442719459534	0.0437541007996	0.0490529537201	0.0525650978088	0.0431489944458	0.0521428585052	0.0456500053406	0.045037984848	0.0483109951019	
['./treeMaker/main', '-m', '-w', '1']
0.046707868576	0.0442368984222	0.0498728752136	0.0451879501343	0.047886133194	0.0458519458771	0.0458850860596	0.0474760532379	0.0460090637207	0.0480818748474	0.0492670536041	0.0485718250275	0.0558800697327	0.0491580963135	0.0487339496613	0.0457611083984	0.0488209724426	0.0484118461609	0.0503790378571	0.0518879890442	0.0487818717957	0.0445840358734	0.0472807884216	0.0442650318146	0.0463979244232	0.043203830719	0.0444297790527	0.043949842453	0.0444450378418	0.0516550540924	0.0567200183868	0.0492789745331	0.0501420497894	0.0492382049561	0.0463221073151	0.0535299777985	0.0451200008392	0.0482349395752	0.0447270870209	0.0455269813538	0.0456421375275	0.0418090820312	0.0424909591675	0.0459170341492	0.0502669811249	0.0441761016846	0.0490891933441	0.0451848506927	0.0439729690552	0.0504739284515	
['./treeMaker/main', '-m', '-w', '2']
0.0467190742493	0.0446100234985	0.0519549846649	0.0446259975433	0.0469110012054	0.0468440055847	0.0476319789886	0.0439291000366	0.0477170944214	0.0454051494598	0.0499110221863	0.0472819805145	0.0549848079681	0.0471880435944	0.0493869781494	0.0455448627472	0.045294046402	0.0466740131378	0.0482459068298	0.0469880104065	0.0478320121765	0.0423798561096	0.0471889972687	0.0448019504547	0.0439889431	0.0410389900208	0.0563600063324	0.0415771007538	0.042555809021	0.0507400035858	0.0548868179321	0.0504319667816	0.0505218505859	0.0481081008911	0.0470869541168	0.0531401634216	0.0442469120026	0.0480670928955	0.0436148643494	0.0433750152588	0.0468349456787	0.0438859462738	0.0446281433105	0.0479979515076	0.0499889850616	0.0443880558014	0.0582129955292	0.0455160140991	0.0441949367523	0.0455191135406	
['./treeMaker/main', '-m', '-c', '1']
0.0483169555664	0.0432369709015	0.0496718883514	0.0438768863678	0.0467810630798	0.044625043869	0.0472989082336	0.045508146286	0.0450179576874	0.0476009845734	0.0462920665741	0.0459229946136	0.053943157196	0.0503220558167	0.04634308815	0.0447449684143	0.0459299087524	0.0476958751678	0.0463600158691	0.0454878807068	0.0472600460052	0.0423018932343	0.0453679561615	0.0443940162659	0.0430150032043	0.0423979759216	0.0454709529877	0.0438508987427	0.0429430007935	0.0472509860992	0.0654668807983	0.0586950778961	0.0501639842987	0.0509159564972	0.0474388599396	0.0511689186096	0.0441122055054	0.047199010849	0.0453510284424	0.0444779396057	0.0469381809235	0.0444910526276	0.044291973114	0.0466890335083	0.0508408546448	0.044921875	0.0514719486237	0.0536069869995	0.0423820018768	0.0490849018097	
['./treeMaker/main', '-m', '-c', '2']
0.0460338592529	0.0441999435425	0.0506420135498	0.0451951026917	0.0471539497375	0.0458300113678	0.0445551872253	0.0448200702667	0.0463409423828	0.0468230247498	0.0474898815155	0.0466558933258	0.0557041168213	0.0501940250397	0.047474861145	0.0447618961334	0.0463199615479	0.0487079620361	0.0478119850159	0.0476591587067	0.0495691299438	0.0431079864502	0.049427986145	0.0480518341064	0.0456120967865	0.0423719882965	0.0477311611176	0.0429899692535	0.0422539710999	0.0486800670624	0.0533299446106	0.0460758209229	0.0520439147949	0.0459730625153	0.0480527877808	0.0492100715637	0.042937040329	0.047473192215	0.0428488254547	0.047061920166	0.046117067337	0.0424790382385	0.0444350242615	0.0485708713531	0.0509269237518	0.0447571277618	0.0508379936218	0.0460240840912	0.0436840057373	0.0512781143188	
['./treeMaker/main', '-m', '-a', '1']
0.0664839744568	0.0625581741333	0.0672678947449	0.0577189922333	0.05974817276	0.0575971603394	0.0578458309174	0.0572228431702	0.0577600002289	0.0596148967743	0.0701100826263	0.0622098445892	0.0732448101044	0.0740458965302	0.0594079494476	0.0595881938934	0.065370798111	0.0625329017639	0.0782408714294	0.062511920929	0.0747308731079	0.0590839385986	0.0632619857788	0.0610980987549	0.0593948364258	0.0570139884949	0.0600340366364	0.0698330402374	0.0587270259857	0.0639290809631	0.0705587863922	0.062077999115	0.0650079250336	0.0627491474152	0.0615730285645	0.0619928836823	0.0562748908997	0.0603501796722	0.0564141273499	0.0566551685333	0.0633540153503	0.0587480068207	0.0627219676971	0.0624358654022	0.0633239746094	0.0560200214386	0.0666978359222	0.076131105423	0.0559079647064	0.0616009235382	
['./treeMaker/main', '-m', '-a', '2']
0.044447183609	0.0408267974854	0.0478341579437	0.0423858165741	0.0437870025635	0.0439419746399	0.0429420471191	0.0425992012024	0.0435791015625	0.044438123703	0.0444991588593	0.044704914093	0.0517311096191	0.0451049804688	0.045982837677	0.0440618991852	0.0450549125671	0.0468249320984	0.0469129085541	0.046756029129	0.0471720695496	0.0420608520508	0.0472071170807	0.0600140094757	0.0430490970612	0.0408601760864	0.043466091156	0.0423820018768	0.0414650440216	0.0471150875092	0.0541479587555	0.0456349849701	0.0487940311432	0.0451560020447	0.0448219776154	0.0488929748535	0.0426518917084	0.0472362041473	0.0418989658356	0.0420050621033	0.0432939529419	0.0407121181488	0.0417730808258	0.0454168319702	0.0483138561249	0.0412118434906	0.0465178489685	0.0432529449463	0.0414199829102	0.0455269813538	
