25_1000_1.9e-10_1.9e-11_470000000
25
1000
1.9e-10
1.9e-11
470000000

['./treeMaker/main']
0.102056026459	0.0806500911713	0.136724948883	0.0952961444855	0.145481109619	0.183849096298	0.10310792923	0.115319013596	0.103688955307	0.0859339237213	0.11710190773	0.211843967438	0.0832328796387	0.123597145081	0.0978109836578	0.262959003448	0.0885090827942	0.149841070175	0.115459918976	0.450255155563	0.215604066849	0.133826971054	0.101214885712	0.128571033478	0.187969923019	0.13295507431	0.134174108505	0.0999479293823	0.155699968338	0.254588842392	0.110831975937	0.0879640579224	0.130061864853	0.128969192505	0.137846946716	0.111485004425	0.147790908813	0.0910289287567	0.107973814011	0.102762937546	0.121509075165	0.110114097595	0.0802128314972	0.201556921005	0.145910978317	0.14825797081	0.0892119407654	0.289458990097	0.110599040985	0.119644165039	
['./treeMaker/main', '-b']
0.0975298881531	0.0783290863037	0.15535402298	0.0986740589142	0.138345956802	0.219789028168	0.104104042053	0.106007099152	0.108119010925	0.0898699760437	0.130989074707	0.209008932114	0.0909337997437	0.119653940201	0.0943009853363	0.249455928802	0.0937781333923	0.140577077866	0.11221909523	0.423753023148	0.216203927994	0.141997814178	0.101738929749	0.129185914993	0.190250873566	0.144460916519	0.126075029373	0.099170923233	0.167809009552	0.25553894043	0.118971824646	0.0909051895142	0.121589899063	0.136157989502	0.136245965958	0.11674618721	0.128668069839	0.103196144104	0.115304946899	0.109803915024	0.11393404007	0.10960483551	0.0858538150787	0.187303066254	0.130972146988	0.152406930923	0.0986490249634	0.31033205986	0.123002052307	0.112031936646	
['./treeMaker/main', '-u']
0.0958430767059	0.077308177948	0.133041858673	0.0940930843353	0.140752077103	0.186727046967	0.105070114136	0.10601401329	0.100878000259	0.0907580852509	0.126127004623	0.212587118149	0.0952270030975	0.11755490303	0.0888609886169	0.239384174347	0.0953180789948	0.143275022507	0.109701871872	0.394628047943	0.202616930008	0.137460947037	0.100757837296	0.131764888763	0.171800136566	0.124269962311	0.128184080124	0.0994400978088	0.160084962845	0.227689981461	0.110634088516	0.0820310115814	0.116782903671	0.118880033493	0.129635095596	0.113773107529	0.124503135681	0.0840890407562	0.110265016556	0.107366085052	0.103513002396	0.0985610485077	0.0797200202942	0.189901828766	0.146763801575	0.130084991455	0.0857899188995	0.27019405365	0.104302167892	0.113397121429	
['./treeMaker/main', '-t', '-r', '1']
1.45983505249	1.1335310936	2.00425982475	1.31284403801	2.21725893021	2.92764401436	1.59472799301	1.44487214088	1.45320987701	1.13100409508	1.96213984489	3.60665798187	1.19852399826	1.79680514336	1.33772087097	3.69677710533	1.27425909042	2.20960593224	1.57928991318	6.11265921593	3.52055716515	2.1643269062	1.57659912109	2.00538110733	2.79083800316	2.12763810158	2.04014396667	1.52707314491	2.57178020477	3.69210791588	1.80664086342	1.20594501495	1.89052510262	1.95404195786	2.01686286926	1.65807008743	2.16965794563	1.15540599823	1.73255395889	1.56133508682	1.64736795425	1.47244811058	1.12799191475	2.99302101135	2.10155105591	2.08514499664	1.32542204857	4.26879906654	1.54438495636	1.76793694496	
['./treeMaker/main', '-t', '-r', '2']
2.27230596542	1.62883710861	3.02396297455	1.92601084709	3.63181591034	4.52606320381	2.32941794395	2.16629290581	2.04617094994	1.63060498238	2.80117797852	5.02994990349	1.7171318531	2.686398983	1.97021794319	5.6701169014	1.8076839447	3.42165517807	2.43960690498	8.66869592667	4.90436697006	3.22245001793	2.30682897568	3.07848882675	4.05887413025	2.93607902527	2.88466310501	2.19492506981	3.63967490196	5.56361699104	2.61946487427	1.69235301018	2.92357993126	2.79772591591	2.86478996277	2.62915587425	2.94584107399	1.7874019146	2.51552319527	2.43024301529	2.2872338295	2.21256184578	1.50411581993	4.47740316391	2.96595001221	3.08272004128	1.74572896957	6.37934112549	2.26310110092	2.50529885292	
['./treeMaker/main', '-t', '-r', '1', '-N']
1.44316506386	1.06737399101	1.99294304848	1.30801200867	2.15674710274	2.90813207626	1.53365707397	1.43542098999	1.40356206894	1.09103608131	1.89954686165	3.50116801262	1.17641115189	1.79921603203	1.31527495384	3.6241312027	1.26341414452	2.19583296776	1.56597399712	6.02422904968	3.39972782135	2.10356616974	1.49715995789	1.96685194969	2.77507805824	2.01624917984	2.02580094337	1.47449994087	2.5819838047	3.66852211952	1.77933096886	1.19883489609	1.87509584427	1.91259884834	1.99873018265	1.62955713272	2.16289496422	1.14131593704	1.67121815681	1.53475999832	1.59049320221	1.46897482872	1.07040405273	2.88921022415	2.003937006	2.03972005844	1.23701190948	4.14919900894	1.5178668499	1.65690302849	
['./treeMaker/main', '-t', '-r', '2', '-N']
2.11327791214	1.57402300835	3.0116519928	1.88199400902	3.53891897202	4.42758607864	2.33582997322	2.17831897736	2.10732293129	1.61833119392	2.76597094536	5.05107998848	1.75707983971	2.6217250824	1.92116880417	5.73373603821	1.9491648674	3.3797519207	2.40479111671	9.23706483841	4.94444394112	3.68234491348	2.33940577507	3.12431287766	4.18489694595	2.94638681412	2.89728093147	2.18939089775	3.64608502388	6.77645683289	3.15517091751	1.77350497246	3.30029606819	3.31802797318	3.42042708397	2.75913000107	3.93991804123	3.18930506706	3.6720662117	2.65915203094	3.24744486809	3.82818484306	1.94862914085	6.24316191673	3.85700702667	4.23108196259	2.29922890663	8.78179597855	3.23588204384	3.3134059906	
['./treeMaker/main', '-m']
0.147202968597	0.104419231415	0.102437019348	0.187458992004	0.194687843323	0.132782936096	0.091826915741	0.0984001159668	0.0833399295807	0.166645050049	0.123328924179	0.142908096313	0.0821352005005	0.226812124252	0.151299953461	0.143107175827	0.0931730270386	0.119213819504	0.0961170196533	0.35348200798	0.153548002243	0.10321187973	0.104125976562	0.222206830978	0.167792081833	0.104514122009	0.104493141174	0.101635932922	0.310730934143	0.144789934158	0.193471908569	0.124129056931	0.098072052002	0.0960719585419	0.215162992477	0.107884883881	0.113209962845	0.0927700996399	0.091334104538	0.0946290493011	0.110198020935	0.0968329906464	0.0822849273682	0.12902879715	0.130120992661	0.119196891785	0.0819640159607	0.2018430233	0.09938621521	0.1033680439	
['./treeMaker/main', '-m', '-b']
0.109884023666	0.169303894043	0.111475229263	0.0889229774475	0.118443965912	0.180269956589	0.184870958328	0.0873210430145	0.0976159572601	0.158723115921	0.220348119736	0.142343044281	0.184525966644	0.180300951004	0.0873861312866	0.157956123352	0.0893092155457	0.243935108185	0.100347042084	0.277478933334	0.214690923691	0.110305070877	0.164702892303	0.208722829819	0.13087105751	0.102983951569	0.196931123734	0.150316953659	0.130789995193	0.167311906815	0.220818996429	0.185296058655	0.117712020874	0.109008073807	0.225733995438	0.109410047531	0.107206106186	0.130334854126	0.192557096481	0.101203918457	0.0948779582977	0.173398017883	0.168142080307	0.143903017044	0.110419034958	0.23906493187	0.0912528038025	0.161050796509	0.0935111045837	0.235240936279	
['./treeMaker/main', '-m', '-w', '1']
0.0993208885193	0.0756421089172	0.0988199710846	0.0850641727448	0.128446102142	0.126520872116	0.091215133667	0.0903658866882	0.186632156372	0.0792319774628	0.105089902878	0.21418595314	0.0885531902313	0.0986070632935	0.0920879840851	0.145861148834	0.174340009689	0.222477912903	0.102437019348	0.187199115753	0.2813808918	0.106990098953	0.0895440578461	0.100797176361	0.232090950012	0.119516134262	0.166696071625	0.165052890778	0.137130022049	0.261862039566	0.143696784973	0.079176902771	0.107186794281	0.138894081116	0.102458953857	0.153591871262	0.185697078705	0.0800809860229	0.0938839912415	0.150387048721	0.199028015137	0.173918008804	0.0813541412354	0.127372026443	0.112915992737	0.210384845734	0.115196943283	0.167598009109	0.0962309837341	0.156059026718	
['./treeMaker/main', '-m', '-w', '2']
0.108313083649	0.109721899033	0.19819188118	0.0862739086151	0.11650800705	0.12789106369	0.0942769050598	0.141992092133	0.0936810970306	0.0788388252258	0.0933978557587	0.245174884796	0.162115812302	0.131851911545	0.137739896774	0.143822908401	0.135839939117	0.210000991821	0.123262882233	0.208321809769	0.245637893677	0.111222982407	0.106882095337	0.164186954498	0.122950077057	0.0930020809174	0.13011598587	0.186885118484	0.13298201561	0.147154092789	0.103553056717	0.160506010056	0.203090906143	0.102216005325	0.100764989853	0.180535078049	0.110733032227	0.143256902695	0.187566995621	0.0930609703064	0.10516500473	0.0946412086487	0.127892017365	0.178312063217	0.11363196373	0.112221956253	0.0761110782623	0.344601154327	0.100267887115	0.155807971954	
['./treeMaker/main', '-m', '-c', '1']
0.197532892227	0.086049079895	0.108551979065	0.0795829296112	0.229460000992	0.143115997314	0.10030913353	0.0765051841736	0.108425140381	0.167124986649	0.108321905136	0.179609060287	0.156345129013	0.0992059707642	0.0807821750641	0.16263794899	0.170365095139	0.114063978195	0.0919160842896	0.2476811409	0.165105819702	0.103960990906	0.0974028110504	0.2179210186	0.119789123535	0.153930902481	0.198568105698	0.0926101207733	0.11722612381	0.16215801239	0.20143198967	0.0927209854126	0.114120006561	0.105057001114	0.248623132706	0.101948022842	0.106146812439	0.0919191837311	0.11779499054	0.138396978378	0.100448131561	0.10068488121	0.170763969421	0.136147022247	0.102260112762	0.110542058945	0.180854082108	0.197244882584	0.0926349163055	0.0972101688385	
['./treeMaker/main', '-m', '-c', '2']
0.116635084152	0.162284135818	0.106281042099	0.0873351097107	0.28043794632	0.138715028763	0.0948231220245	0.127012968063	0.140725851059	0.0814278125763	0.0998640060425	0.153989076614	0.0781328678131	0.187453985214	0.0945279598236	0.164921045303	0.178991794586	0.111479997635	0.0927290916443	0.333082914352	0.13926410675	0.10053396225	0.13050198555	0.192491054535	0.121319055557	0.148676872253	0.214900970459	0.0921399593353	0.121154069901	0.303787946701	0.115088939667	0.085932970047	0.164703130722	0.234590053558	0.107298135757	0.100844144821	0.202771902084	0.10787987709	0.0960998535156	0.0895221233368	0.213710069656	0.160233020782	0.0752651691437	0.251057863235	0.120792150497	0.103919029236	0.156409025192	0.216821193695	0.0874152183533	0.166910171509	
['./treeMaker/main', '-m', '-a', '1']
0.155004024506	0.0998799800873	0.15367102623	0.157363891602	0.130436897278	0.240171909332	0.130922079086	0.101637125015	0.208782911301	0.155682086945	0.117421865463	0.310828924179	0.148086071014	0.117090940475	0.145138978958	0.192209005356	0.0958790779114	0.238727092743	0.121832847595	0.32756114006	0.213777065277	0.129729032516	0.134845018387	0.118498086929	0.14315199852	0.162909984589	0.156514883041	0.106827974319	0.128852128983	0.252566099167	0.119116067886	0.100071907043	0.115648031235	0.254910945892	0.119275093079	0.180746793747	0.156649112701	0.0950849056244	0.115720033646	0.230075120926	0.117675065994	0.112015962601	0.100219011307	0.139404058456	0.234619855881	0.170336961746	0.103717088699	0.367862939835	0.0981950759888	0.245724916458	
['./treeMaker/main', '-m', '-a', '2']
0.102941036224	0.078999042511	0.100885152817	0.0825641155243	0.106715202332	0.130589008331	0.189851045609	0.119252920151	0.0808379650116	0.111273050308	0.162437915802	0.311336994171	0.0848259925842	0.104361057281	0.0793089866638	0.143140077591	0.090234041214	0.10887503624	0.112718105316	0.188345193863	0.259522914886	0.199183940887	0.143681049347	0.111340999603	0.119575023651	0.0913050174713	0.106587171555	0.0929930210114	0.222574949265	0.149695158005	0.100342035294	0.133665084839	0.288672924042	0.107110977173	0.113116979599	0.103180885315	0.111403942108	0.0847980976105	0.146583080292	0.136595010757	0.0971441268921	0.0906419754028	0.0697109699249	0.27171087265	0.215306997299	0.21037197113	0.0854771137238	0.15806388855	0.0883820056915	0.0967960357666	
