25_1000_4.9e-10_4.9e-10_190000000
25
1000
4.9e-10
4.9e-10
190000000

['./treeMaker/main']
0.1211810112	0.110231876373	0.0835039615631	0.094174861908	0.0896368026733	0.114478111267	0.114800930023	0.124431848526	0.138576030731	0.116468906403	0.10514998436	0.0946321487427	0.0950610637665	0.132640123367	0.22438287735	0.125500202179	0.103913068771	0.171611785889	0.128921985626	0.127821207047	0.0991079807281	0.197811841965	0.135065078735	0.161353111267	0.107730865479	0.13109588623	0.123298168182	0.138740062714	0.155143976212	0.109619140625	0.177796840668	0.191580057144	0.108164072037	0.0662500858307	0.155995845795	0.110528945923	0.0912480354309	0.113276004791	0.106714963913	0.0852110385895	0.125907897949	0.129040956497	0.126613140106	0.134682178497	0.106233119965	0.0988068580627	0.117722988129	0.152456998825	0.127925872803	0.151073932648	
['./treeMaker/main', '-b']
0.126303911209	0.115153074265	0.0860819816589	0.095752954483	0.0947329998016	0.121536970139	0.119922876358	0.127541065216	0.148268938065	0.118642091751	0.106906175613	0.0974090099335	0.0965690612793	0.138884067535	0.227245092392	0.126640081406	0.10666012764	0.177258968353	0.133712768555	0.130564928055	0.106010913849	0.206437826157	0.130973100662	0.176393032074	0.112508058548	0.136828899384	0.122331142426	0.14388012886	0.164652109146	0.11344408989	0.184718132019	0.197784900665	0.112083911896	0.0677280426025	0.161488056183	0.114390134811	0.0957849025726	0.117563009262	0.108870029449	0.0868849754333	0.13071513176	0.132616996765	0.129367113113	0.126130819321	0.106288909912	0.0935959815979	0.113003015518	0.155086040497	0.132519006729	0.16560292244	
['./treeMaker/main', '-u']
0.121882200241	0.113472938538	0.0825879573822	0.0966429710388	0.0934691429138	0.115621089935	0.116167068481	0.1251039505	0.14159822464	0.12962603569	0.110123157501	0.0962500572205	0.095153093338	0.137042045593	0.225074052811	0.12536907196	0.106009960175	0.168596982956	0.127880096436	0.127582073212	0.104516029358	0.200921058655	0.12708902359	0.163367986679	0.108459949493	0.129776954651	0.1190969944	0.142767906189	0.157152175903	0.11131310463	0.177875995636	0.192859888077	0.106181144714	0.0676629543304	0.157358884811	0.112085819244	0.102159976959	0.119741201401	0.120537996292	0.0898869037628	0.129389047623	0.127203941345	0.12722492218	0.127264022827	0.106916904449	0.0916140079498	0.109282016754	0.15190410614	0.129924058914	0.15273308754	
['./treeMaker/main', '-t', '-r', '1']
2.20604991913	2.01267194748	1.40614414215	1.68092489243	1.57586407661	1.89971208572	2.09469485283	2.27583217621	2.41961693764	2.17337489128	1.78592610359	1.60468006134	1.64170122147	2.52746701241	4.00993800163	2.24558091164	1.85026907921	3.20279312134	2.25175189972	2.31160616875	1.73549199104	3.07100605965	2.41311097145	2.94711089134	1.98827505112	2.33831000328	2.09096908569	2.57973909378	2.78484106064	1.98899698257	3.35687398911	3.41357302666	1.82492804527	0.988705158234	2.88479804993	1.9515068531	1.62807893753	2.17126703262	1.82798194885	1.40632987022	2.35178589821	2.29949212074	2.30849289894	2.33152484894	1.89813995361	1.56478786469	1.86216688156	2.84523582458	2.35313415527	2.76754498482	
['./treeMaker/main', '-t', '-r', '2']
3.37947297096	3.02999520302	2.0656349659	2.51553988457	2.38765096664	3.0611770153	3.10836386681	3.42515492439	3.92312312126	3.21967315674	2.79827404022	2.48595714569	2.32163786888	3.72536110878	6.10821700096	3.36588716507	2.74152588844	4.65010809898	3.69869399071	3.60067200661	2.74902391434	5.67691421509	3.56240415573	4.30636405945	2.9395210743	3.7835791111	3.19637584686	3.837651968	4.39040279388	3.06866502762	4.89720106125	5.49017286301	2.76323604584	1.44231891632	4.4584839344	3.14539909363	2.41128110886	3.08556103706	2.7922949791	2.10629487038	3.60490989685	3.50020599365	3.43554592133	3.36100697517	2.93106603622	2.33222198486	3.06925606728	4.16080594063	3.58191895485	4.18558692932	
['./treeMaker/main', '-t', '-r', '1', '-N']
2.20886206627	2.01808309555	1.40556716919	1.67700409889	1.58258008957	1.90163803101	2.09849095345	2.27353692055	2.42572116852	2.17982912064	1.78895711899	1.61694717407	1.64629292488	2.53244304657	4.0132689476	2.24890899658	1.84002304077	3.22835206985	2.2501950264	2.3199300766	1.74004602432	3.07285809517	2.40807104111	2.9412958622	1.99184894562	2.33095121384	2.10538387299	2.5825510025	2.94548416138	1.98660492897	3.30642795563	3.41152000427	1.829652071	0.990896940231	2.87735295296	1.95501708984	1.62335991859	2.1333129406	1.8275539875	1.39500188828	2.35146689415	2.30506777763	2.30801320076	2.3276758194	1.89704799652	1.56642198563	1.86181402206	2.84989905357	2.35639309883	2.78330993652	
['./treeMaker/main', '-t', '-r', '2', '-N']
3.37902212143	3.03155517578	2.06569194794	2.53239917755	2.26645302773	3.08676409721	3.12821698189	3.41422390938	3.91228580475	3.180134058	2.80188298225	2.49667406082	2.3232960701	3.72512388229	6.11418199539	3.37615299225	2.74677491188	4.64746212959	3.69134712219	3.63116598129	2.74453520775	5.69138598442	3.60296297073	4.27546286583	2.93200492859	3.82574510574	3.19980502129	3.84089303017	4.41299319267	3.07061100006	4.88170003891	5.47699403763	2.76904702187	1.44284915924	4.46219205856	3.00239706039	2.41649794579	3.08407402039	2.79529595375	2.1218059063	3.61066389084	3.49048185349	3.44031500816	3.36708593369	2.85085701942	2.38435411453	3.07595014572	4.12107014656	3.58769798279	4.18154001236	
['./treeMaker/main', '-m']
0.0833342075348	0.0774998664856	0.0654580593109	0.0722258090973	0.0717849731445	0.0821390151978	0.0796298980713	0.0837371349335	0.0938580036163	0.0804200172424	0.0765669345856	0.0717840194702	0.0798850059509	0.087406873703	0.115909099579	0.0840671062469	0.0761029720306	0.0990810394287	0.0875618457794	0.0859038829803	0.0745351314545	0.114598035812	0.0834629535675	0.10796713829	0.0752038955688	0.088091135025	0.0824480056763	0.0910210609436	0.0963399410248	0.0777840614319	0.10226893425	0.114348888397	0.0788381099701	0.0568358898163	0.0963490009308	0.0868611335754	0.0713520050049	0.0892450809479	0.0750942230225	0.0666601657867	0.0845539569855	0.0855011940002	0.0853350162506	0.0835049152374	0.0784289836884	0.0675141811371	0.0871469974518	0.0933299064636	0.0855491161346	0.0945098400116	
['./treeMaker/main', '-m', '-b']
0.0860497951508	0.0835700035095	0.0671241283417	0.0763440132141	0.0731859207153	0.0827980041504	0.0840470790863	0.0986819267273	0.0960130691528	0.0832941532135	0.0812771320343	0.0744500160217	0.0735628604889	0.0933940410614	0.123185157776	0.0876269340515	0.0808310508728	0.105188131332	0.0925071239471	0.0902059078217	0.0765931606293	0.131901979446	0.0887658596039	0.104041099548	0.0807631015778	0.0914559364319	0.085058927536	0.0957660675049	0.101688146591	0.0829041004181	0.109634876251	0.11493897438	0.0797169208527	0.0592238903046	0.100667953491	0.0812520980835	0.0745539665222	0.0816969871521	0.0802729129791	0.0709588527679	0.0888438224792	0.0902061462402	0.0898840427399	0.086639881134	0.0794920921326	0.0706760883331	0.0826818943024	0.0999579429626	0.0913758277893	0.105264902115	
['./treeMaker/main', '-m', '-w', '1']
0.0832550525665	0.0791208744049	0.0654108524323	0.0727291107178	0.0694279670715	0.0813779830933	0.0809669494629	0.0847940444946	0.0915281772614	0.0796110630035	0.0766198635101	0.0803751945496	0.0691540241241	0.0877509117126	0.115705013275	0.0826289653778	0.0734219551086	0.111274003983	0.0877480506897	0.0852069854736	0.0751359462738	0.1144759655	0.0831229686737	0.101833820343	0.0766959190369	0.0867531299591	0.0823059082031	0.091166973114	0.0961170196533	0.0799770355225	0.102405071259	0.109005212784	0.0767018795013	0.0572080612183	0.0965461730957	0.0771141052246	0.0695271492004	0.0774669647217	0.0760447978973	0.0659251213074	0.0838980674744	0.0829689502716	0.0843892097473	0.0832087993622	0.0756168365479	0.0674810409546	0.0773339271545	0.0957849025726	0.0861020088196	0.10201382637	
['./treeMaker/main', '-m', '-w', '2']
0.0833940505981	0.0800220966339	0.0651009082794	0.0731689929962	0.069776058197	0.0823299884796	0.0791590213776	0.0829930305481	0.0921649932861	0.0831649303436	0.076896905899	0.0717480182648	0.0682821273804	0.0875749588013	0.113728046417	0.0841069221497	0.0753209590912	0.0994319915771	0.0878491401672	0.0861601829529	0.0733768939972	0.116271018982	0.0866091251373	0.0981571674347	0.0769259929657	0.101006984711	0.0934600830078	0.0930180549622	0.0974540710449	0.0797100067139	0.103031158447	0.11035490036	0.0836811065674	0.0553851127625	0.0972969532013	0.0817849636078	0.0720338821411	0.0779130458832	0.0759439468384	0.0666129589081	0.0855190753937	0.0831019878387	0.0850999355316	0.0864050388336	0.0757858753204	0.0676109790802	0.0795001983643	0.0955638885498	0.090115070343	0.0999619960785	
['./treeMaker/main', '-m', '-c', '1']
0.0829498767853	0.0775370597839	0.0630218982697	0.0712459087372	0.0689799785614	0.0814929008484	0.0791199207306	0.0840020179749	0.0909459590912	0.0819919109344	0.0773208141327	0.0718998908997	0.0685338973999	0.0858528614044	0.114278078079	0.0840489864349	0.0756599903107	0.100672006607	0.0873098373413	0.0855841636658	0.07493019104	0.114697933197	0.0861179828644	0.0993609428406	0.0766580104828	0.0884008407593	0.081090927124	0.0909430980682	0.0965609550476	0.0803370475769	0.102046012878	0.109219074249	0.0801601409912	0.0565490722656	0.0960910320282	0.0774548053741	0.0711779594421	0.0777881145477	0.0750551223755	0.0647940635681	0.083878993988	0.0852708816528	0.0843918323517	0.0848181247711	0.0752518177032	0.0679569244385	0.0774350166321	0.0952830314636	0.0865969657898	0.0932710170746	
['./treeMaker/main', '-m', '-c', '2']
0.082808971405	0.0791590213776	0.0625698566437	0.0731179714203	0.0702381134033	0.0817439556122	0.0776898860931	0.0820298194885	0.102915048599	0.0809810161591	0.0759530067444	0.0713911056519	0.0693190097809	0.0968060493469	0.117918014526	0.0828719139099	0.0759379863739	0.101811885834	0.0855011940002	0.0846729278564	0.0737500190735	0.115061044693	0.0845239162445	0.0955460071564	0.076730966568	0.0885610580444	0.0813529491425	0.0917320251465	0.0979428291321	0.0772500038147	0.105516910553	0.109014034271	0.0757279396057	0.0579841136932	0.0960340499878	0.0767819881439	0.0694658756256	0.0796070098877	0.0749189853668	0.0641508102417	0.0823810100555	0.0839800834656	0.0845160484314	0.0839638710022	0.0760328769684	0.067186832428	0.0768618583679	0.0952038764954	0.0839660167694	0.0983781814575	
['./treeMaker/main', '-m', '-a', '1']
0.0908200740814	0.086599111557	0.082594871521	0.0786209106445	0.0766630172729	0.0914628505707	0.0866990089417	0.0920438766479	0.101363897324	0.0875549316406	0.0841548442841	0.0811789035797	0.0814280509949	0.0939738750458	0.122084856033	0.0906658172607	0.0832600593567	0.105616092682	0.0949139595032	0.0942180156708	0.083692073822	0.122555971146	0.0910999774933	0.10467004776	0.0848290920258	0.0952079296112	0.0884110927582	0.0994491577148	0.104197025299	0.085883140564	0.107605934143	0.116183996201	0.0850250720978	0.0666890144348	0.103421926498	0.0844171047211	0.0783350467682	0.0851099491119	0.0828821659088	0.0719969272614	0.0908401012421	0.0916950702667	0.0920610427856	0.090224981308	0.0832288265228	0.0752880573273	0.0848240852356	0.101883172989	0.0939431190491	0.104365110397	
['./treeMaker/main', '-m', '-a', '2']
0.0832209587097	0.0805008411407	0.0647549629211	0.0725169181824	0.0695579051971	0.0813109874725	0.0812981128693	0.0851418972015	0.0910880565643	0.0810651779175	0.0790688991547	0.0713930130005	0.0696070194244	0.0874660015106	0.129991054535	0.0828809738159	0.075767993927	0.0995559692383	0.0868771076202	0.0854949951172	0.0804688930511	0.112375974655	0.0844569206238	0.0975699424744	0.0771389007568	0.0878140926361	0.0916528701782	0.0908958911896	0.0964469909668	0.0775990486145	0.102342128754	0.109112977982	0.0762720108032	0.0566320419312	0.0950818061829	0.0770881175995	0.0704319477081	0.0775940418243	0.0744180679321	0.0670249462128	0.0824661254883	0.0825018882751	0.0842728614807	0.0834450721741	0.0757451057434	0.0679819583893	0.0760409832001	0.0959718227386	0.0855088233948	0.0986161231995	
