25_1000_4.9e-10_4.9e-11_470000000
25
1000
4.9e-10
4.9e-11
470000000

['./treeMaker/main']
2.08831620216	6.59239506721	1.41406202316	2.40329313278	15.3116149902	0.701892852783	1.84416794777	0.787925958633	6.58458995819	10.6045570374	4.42056179047	0.432578086853	0.57688498497	4.03212594986	0.681470870972	1.84272098541	7.73844099045	17.6492898464	2.97212314606	0.847106933594	7.28835201263	1.56450104713	2.89503002167	0.766582965851	0.995490074158	0.453263998032	67.4922549725	14.1726508141	2.48717617989	16.873249054	6.77448487282	24.3325381279	5.15237617493	0.404360055923	4.83025217056	4.1723780632	6.02632308006	1.56401491165	2.29999995232	0.986101150513	0.517926931381	1.3079059124	1.75654101372	10.8803617954	0.684314966202	3.31786584854	2.62244510651	3.48223996162	0.410026788712	0.756322145462	
['./treeMaker/main', '-b']
2.39842295647	7.4275829792	1.22576093674	2.7433860302	14.995857954	0.75257396698	1.58985900879	0.823598146439	6.65099596977	10.7040901184	5.10607004166	0.446969032288	0.661334991455	4.4014339447	0.600336074829	1.58492898941	7.69106912613	17.4882998466	3.01085495949	0.801490068436	7.97438311577	1.34255194664	2.8849170208	0.758594989777	1.13351202011	0.459693908691	67.6711249352	14.7479870319	2.70922589302	16.6995429993	6.51138687134	25.7219250202	5.13452601433	0.435853004456	5.15840983391	4.27454710007	5.548869133	1.43679690361	1.92063713074	0.961874961853	0.502676963806	1.46541881561	2.0178000927	11.1713709831	0.693233013153	3.08029198647	2.39798116684	3.56321287155	0.424884080887	0.675853013992	
['./treeMaker/main', '-u']
2.43248414993	6.93841600418	1.40757393837	2.64568400383	15.1029100418	0.713643074036	1.81879496574	0.80322599411	6.54995083809	10.3911988735	4.57336997986	0.4341609478	0.585359096527	4.0199971199	0.59965801239	1.81589579582	7.06763601303	17.8415429592	3.06699490547	0.747129917145	7.81741690636	1.43550395966	2.61537694931	0.682115077972	1.00019812584	0.450245141983	66.5873999596	14.0541958809	2.66346502304	15.9864900112	6.22411704063	24.3976140022	4.8889632225	0.40708899498	4.65684294701	3.71275115013	5.30018091202	1.39226484299	1.88744211197	0.891872882843	0.445618867874	1.45964193344	2.15984582901	10.321048975	0.596181869507	3.17380905151	2.4688000679	3.54172110558	0.412446975708	0.767606973648	
['./treeMaker/main', '-t', '-r', '1']
23.3161950111	49.3253700733	15.969602108	25.6195831299	78.8565099239	10.5654389858	19.2958590984	12.025865078	48.7990250587	58.6477451324	36.4433288574	6.72479081154	8.77883005142	35.3784301281	9.37523889542	19.5071568489	50.2121391296	84.5235331059	27.5743441582	11.4481499195	54.805273056	16.1744449139	25.3509500027	10.1191899776	13.8522920609	7.08468294144	204.722846031	82.6826338768	25.4449000359	81.5158979893	48.4514081478	99.8701558113	38.9757208824	6.10118699074	37.8389370441	32.4176948071	38.7063000202	17.6689898968	22.1847751141	11.6306190491	7.27301692963	17.317414999	21.9170460701	66.498636961	9.13718914986	29.2087869644	25.0222492218	33.1088089943	6.53789377213	10.0034239292	
['./treeMaker/main', '-t', '-r', '2']
33.8780369759	73.0381309986	23.3371958733	37.017660141	122.414916039	15.9492049217	28.7535669804	17.337526083	69.136398077	86.0679850578	43.709223032	9.01143813133	11.0994679928	43.0320980549	11.2771070004	24.0118308067	62.5408620834	103.008525133	35.5147168636	13.9205379486	67.087266922	22.1914060116	35.3120629787	12.626595974	16.5943620205	8.39710998535	269.225517035	100.335805178	30.1136438847	109.716912985	56.4708690643	153.10897994	50.357943058	7.74487400055	47.1002278328	42.4338438511	55.8764560223	22.4662120342	28.8607280254	15.7233848572	9.01443195343	20.7845818996	24.8978431225	80.524230957	11.2572481632	34.7032520771	30.0921008587	40.0513129234	8.43457984924	12.3761241436	
['./treeMaker/main', '-t', '-r', '1', '-N']
20.0100550652	42.094247818	13.8114309311	21.9209020138	67.4435369968	9.14946103096	16.2758860588	10.0951519012	41.4448959827	50.1237270832	31.5194759369	5.6331808567	7.3487610817	29.8153948784	7.85621500015	16.5717918873	42.5440981388	70.5629630089	23.2529261112	9.6726000309	46.069434166	13.7529838085	21.6667041779	8.65832304955	11.8133640289	5.63831496239	172.846001863	69.0852689743	21.4060220718	68.7089648247	40.8627309799	83.7464220524	33.5182080269	5.17078900337	32.158468008	27.6171770096	33.0356531143	15.0288150311	18.9749488831	9.8456389904	6.1120929718	14.6137030125	18.139318943	55.3426959515	7.66260695457	24.7864789963	20.9009108543	27.7705519199	5.35923981667	8.35660409927	
['./treeMaker/main', '-t', '-r', '2', '-N']
28.4350368977	61.4803688526	19.477766037	30.8987030983	104.067143202	13.340200901	24.1988918781	14.5151429176	57.8886520863	85.080026865	43.7072980404	8.94980287552	11.067139864	42.9390289783	11.224864006	24.3805429935	62.4349000454	102.575834036	35.6310110092	13.8696739674	67.0390880108	22.0639209747	35.2991878986	12.408908844	17.1693561077	8.38852286339	270.43125701	101.744696856	30.3129200935	107.773339033	56.7225589752	151.260540009	49.5680949688	7.76516509056	48.0164501667	42.3181970119	55.8447890282	22.6378200054	28.1421480179	15.5091691017	9.01363396645	21.1209359169	25.2584869862	81.9071121216	11.1859970093	34.6208701134	30.6579639912	40.6836240292	8.47027897835	12.2116298676	
['./treeMaker/main', '-m']
0.395491123199	0.655875921249	0.296551942825	0.396823167801	0.998028993607	0.223210096359	0.337908029556	0.236092805862	0.638060808182	0.850898981094	0.566642999649	0.168864011765	0.197715997696	0.523143053055	0.201385974884	0.35782790184	0.704853057861	1.03371906281	0.450162887573	0.225641965866	0.723366975784	0.323837995529	0.430158853531	0.219274044037	0.292573928833	0.16078710556	2.1103348732	0.986274003983	0.400944948196	1.07215380669	0.623392105103	1.3063621521	0.582283973694	0.157350063324	0.591457843781	0.564741134644	0.647909164429	0.333670139313	0.372045993805	0.278527975082	0.172075986862	0.324305057526	0.370327949524	0.858423948288	0.200958967209	0.464153051376	0.422845840454	0.525720834732	0.182460069656	0.2213139534	
['./treeMaker/main', '-m', '-b']
0.457339048386	0.778099060059	0.349035978317	0.456025838852	1.14034199715	0.252427816391	0.374564170837	0.271589994431	0.702251195908	0.955825090408	0.582700014114	0.183212041855	0.226837158203	0.579655885696	0.227149963379	0.377152919769	0.741003990173	1.19216108322	0.478903055191	0.255589962006	0.793329000473	0.361325979233	0.466797113419	0.24911403656	0.287899971008	0.17565703392	2.39611411095	1.06641411781	0.449882030487	1.1840338707	0.685650110245	1.50665092468	0.636914014816	0.167041063309	0.600938081741	0.561255931854	0.690324068069	0.379104137421	0.437052965164	0.285284042358	0.207992076874	0.345585107803	0.399724006653	0.937026977539	0.213888883591	0.480581998825	0.428718090057	0.548239946365	0.179159164429	0.241675853729	
['./treeMaker/main', '-m', '-w', '1']
0.401480913162	0.688957929611	0.304351091385	0.411859989166	1.02682209015	0.222448825836	0.36225605011	0.257742881775	0.657238006592	0.881543874741	0.549717187881	0.173537969589	0.210724115372	0.548556804657	0.209981918335	0.35179400444	0.676830053329	1.05763721466	0.468950986862	0.233397006989	0.724586963654	0.314551830292	0.444186210632	0.219972133636	0.279963970184	0.165250062943	2.14643001556	1.00741791725	0.439247131348	1.09416389465	0.659953832626	1.36646914482	0.605064153671	0.164073944092	0.667819976807	0.531064033508	0.633266925812	0.328927993774	0.392217159271	0.261937141418	0.182404994965	0.326969146729	0.369316101074	0.873322963715	0.234848976135	0.458297014236	0.405648946762	0.51713180542	0.174241065979	0.215409040451	
['./treeMaker/main', '-m', '-w', '2']
0.398933887482	0.667541027069	0.318581819534	0.416030883789	1.01022291183	0.23222899437	0.354452848434	0.256683111191	0.670612096786	0.863467931747	0.541944980621	0.173607110977	0.219951152802	0.537725925446	0.210736989975	0.337210893631	0.703839063644	1.08324790001	0.462035894394	0.241421937943	0.74290394783	0.346760034561	0.461758136749	0.233585119247	0.279803991318	0.166622877121	2.11874008179	1.00078201294	0.421181917191	1.08122706413	0.656186103821	1.34601187706	0.580924034119	0.159223079681	0.609138965607	0.525833845139	0.622782230377	0.32919383049	0.376410007477	0.272013902664	0.184311151505	0.32218003273	0.362231016159	0.866248130798	0.225762844086	0.460835933685	0.405574083328	0.50236582756	0.179141044617	0.229820966721	
['./treeMaker/main', '-m', '-c', '1']
0.410191059113	0.684900999069	0.31105017662	0.421162128448	1.00978684425	0.235215902328	0.342350959778	0.239511966705	0.641132831573	0.870742082596	0.568145990372	0.17924118042	0.217240810394	0.543913125992	0.209890127182	0.352980136871	0.705467939377	1.04205298424	0.44212603569	0.236524820328	0.747065067291	0.328462839127	0.449655056	0.229030132294	0.281852006912	0.172518968582	2.10600709915	0.97508597374	0.434311151505	1.09388184547	0.640436887741	1.32850217819	0.602321147919	0.158185005188	0.563503980637	0.530439853668	0.644666194916	0.331378936768	0.388363838196	0.250748872757	0.181578159332	0.30731511116	0.365995883942	0.890045881271	0.202534914017	0.474034070969	0.406337022781	0.503961086273	0.183588027954	0.240312814713	
['./treeMaker/main', '-m', '-c', '2']
0.41276717186	0.68714594841	0.312718868256	0.429957866669	1.0471432209	0.233822107315	0.365190029144	0.257556915283	0.674442052841	0.894768953323	0.568154811859	0.189652919769	0.215419054031	0.54940700531	0.200041055679	0.362123966217	0.722939968109	1.07468295097	0.481019973755	0.241536140442	0.747140169144	0.326669931412	0.452532052994	0.215862989426	0.275943040848	0.17670583725	2.12833309174	0.989947080612	0.437123060226	1.10977005959	0.671346187592	1.31831598282	0.603392124176	0.164280891418	0.590332984924	0.522744894028	0.631958007812	0.330682992935	0.385887145996	0.266645908356	0.189069986343	0.329181909561	0.366878986359	0.883049964905	0.212333202362	0.456218957901	0.39156293869	0.510843992233	0.174400806427	0.233834981918	
['./treeMaker/main', '-m', '-a', '1']
0.418140888214	0.717863082886	0.323848009109	0.430638074875	1.03966784477	0.246273994446	0.349795103073	0.264556884766	0.680114030838	0.898741960526	0.582762002945	0.186262130737	0.224891901016	0.568185091019	0.225222826004	0.370911836624	0.737663030624	1.04705691338	0.486241102219	0.238350868225	0.757500171661	0.324846029282	0.475625991821	0.244292020798	0.284271001816	0.191807985306	2.16660308838	0.969236135483	0.431098937988	1.10286903381	0.675607919693	1.36033201218	0.615149974823	0.175123929977	0.561939001083	0.542242050171	0.63313794136	0.341830015182	0.414355039597	0.280663967133	0.1870200634	0.320209026337	0.380456924438	0.884772062302	0.237439155579	0.479648828506	0.410063028336	0.521979093552	0.18951010704	0.228870868683	
['./treeMaker/main', '-m', '-a', '2']
0.400954008102	0.679183006287	0.296457767487	0.396676063538	1.00749588013	0.221616029739	0.361243009567	0.263043165207	0.679872989655	0.873008012772	0.534666061401	0.170278072357	0.216881036758	0.545814990997	0.220935821533	0.356958150864	0.708062171936	1.06442093849	0.472643136978	0.227498054504	0.738436937332	0.32759308815	0.448318958282	0.232321023941	0.286911964417	0.167558908463	2.12850785255	1.00423407555	0.40349316597	1.10392403603	0.669975996017	1.33750200272	0.575888156891	0.161836862564	0.584203958511	0.506667137146	0.617949008942	0.313795804977	0.372119903564	0.269559144974	0.190086841583	0.324216127396	0.368104934692	0.879340171814	0.202173948288	0.439929008484	0.419537067413	0.495118141174	0.168308019638	0.229357004166	
