25_250_4.9e-10_4.9e-10_470000000
25
250
4.9e-10
4.9e-10
470000000

['./treeMaker/main']
0.0312340259552	0.0267879962921	0.0294940471649	0.0395278930664	0.045177936554	0.038941860199	0.0468120574951	0.0361919403076	0.0460081100464	0.0326960086823	0.0225319862366	0.0358929634094	0.0397050380707	0.0386459827423	0.0366909503937	0.043389081955	0.034567117691	0.0444979667664	0.0377640724182	0.0373840332031	0.0347330570221	0.034698009491	0.0363280773163	0.0360629558563	0.0328409671783	0.034040927887	0.0322761535645	0.0371789932251	0.0269110202789	0.0289740562439	0.0399260520935	0.0256819725037	0.0359599590302	0.0267140865326	0.0248019695282	0.0328278541565	0.0355319976807	0.0349969863892	0.0335359573364	0.0292229652405	0.030403137207	0.0254459381104	0.0275931358337	0.044891834259	0.0297260284424	0.042692899704	0.0343968868256	0.0278069972992	0.0289080142975	0.0493221282959	
['./treeMaker/main', '-b']
0.0335240364075	0.030298948288	0.0462629795074	0.0543100833893	0.0442380905151	0.0458719730377	0.0507810115814	0.0353579521179	0.0628712177277	0.0441019535065	0.0377111434937	0.0389511585236	0.0485451221466	0.0401089191437	0.0447750091553	0.0443041324615	0.0334839820862	0.0489230155945	0.0541658401489	0.0457601547241	0.0327701568604	0.0331099033356	0.0429890155792	0.0436210632324	0.0302319526672	0.0333080291748	0.0330040454865	0.0357029438019	0.0282490253448	0.0325980186462	0.0437760353088	0.0271489620209	0.0358951091766	0.025768995285	0.0232040882111	0.0314998626709	0.0331239700317	0.0323338508606	0.0328738689423	0.0284960269928	0.0287919044495	0.0240170955658	0.0262730121613	0.0446970462799	0.0278851985931	0.0404620170593	0.033233165741	0.0263140201569	0.0269567966461	0.048985004425	
['./treeMaker/main', '-u']
0.0300359725952	0.0278458595276	0.0264620780945	0.0356249809265	0.0529201030731	0.0470359325409	0.0492877960205	0.0345439910889	0.0498790740967	0.0313339233398	0.0327198505402	0.0366160869598	0.0374250411987	0.0389602184296	0.0346200466156	0.0409669876099	0.0325388908386	0.0410509109497	0.0307178497314	0.0359539985657	0.0322690010071	0.0315821170807	0.0338129997253	0.0334801673889	0.0298421382904	0.0314440727234	0.029217004776	0.0350790023804	0.0257139205933	0.0263910293579	0.0387048721313	0.0259130001068	0.0340340137482	0.0239210128784	0.0260350704193	0.043557882309	0.029247045517	0.0301039218903	0.0280711650848	0.0239570140839	0.0288429260254	0.0244002342224	0.0266790390015	0.0430448055267	0.0286989212036	0.0397920608521	0.0324640274048	0.0266139507294	0.0273451805115	0.0495450496674	
['./treeMaker/main', '-t', '-r', '1']
0.59601187706	0.432303905487	0.435067892075	0.819168806076	0.979948043823	0.766617059708	0.739848852158	0.663352012634	1.02151703835	0.543005943298	0.362916946411	0.638926029205	0.78807592392	0.716886997223	0.723140001297	0.943183898926	0.610497951508	0.838643789291	0.622630119324	0.637650966644	0.5942299366	0.529371976852	0.688975095749	0.631959915161	0.578951120377	0.567253112793	0.464722156525	0.638095855713	0.390875816345	0.414085865021	0.863689184189	0.384692907333	0.661211967468	0.375957965851	0.394747018814	0.581182003021	0.591192007065	0.693284988403	0.567664861679	0.418522834778	0.48361492157	0.319682836533	0.447601079941	0.804620981216	0.513217926025	0.78559088707	0.651653051376	0.435547828674	0.420473098755	0.850582122803	
['./treeMaker/main', '-t', '-r', '2']
0.887295007706	0.727495908737	0.705020904541	1.32505607605	1.44791817665	1.23946785927	1.14236402512	1.05313611031	1.5917840004	0.813182115555	0.529150009155	0.978320121765	1.15146017075	1.06287479401	1.09976816177	1.37522101402	0.910095930099	1.56902289391	1.0096950531	1.04734897614	0.928029060364	0.913840055466	1.09035396576	1.04648303986	0.842310905457	0.874418020248	0.776593208313	1.07863116264	0.639919042587	0.659106016159	1.34843206406	0.637211084366	0.966585159302	0.584057092667	0.671466827393	0.909228086472	0.97305893898	1.01624488831	0.878663063049	0.643129110336	0.767768859863	0.489856958389	0.631175994873	1.32503199577	0.764055013657	1.30543589592	0.915188074112	0.658946037292	0.692700862885	1.45960402489	
['./treeMaker/main', '-t', '-r', '1', '-N']
0.568135023117	0.440673828125	0.448047161102	0.803915023804	0.944019079208	0.773928165436	0.785048961639	0.65296292305	0.996659994125	0.546355962753	0.353938817978	0.642457962036	0.759445905685	0.718967914581	0.741384029388	0.894071102142	0.570291996002	0.85973906517	0.667028903961	0.605726003647	0.567305803299	0.53924703598	0.697466850281	0.62084197998	0.564290046692	0.535900115967	0.44753909111	0.622270107269	0.396579027176	0.448178052902	0.861191034317	0.388202190399	0.648744106293	0.385070085526	0.429719924927	0.592265844345	0.619287014008	0.656347036362	0.567281007767	0.406141996384	0.460621118546	0.320297956467	0.426082134247	0.787523984909	0.50928902626	0.811401844025	0.619669914246	0.426500082016	0.404925107956	0.840478897095	
['./treeMaker/main', '-t', '-r', '2', '-N']
0.94352889061	0.731945037842	0.694025993347	1.27754402161	1.43728685379	1.20428800583	1.1793718338	1.01482486725	1.55355286598	0.82572388649	0.53976392746	1.03289604187	1.18482708931	1.06811213493	1.09356403351	1.3209028244	0.902570962906	1.46864509583	0.976230144501	1.06648087502	0.875257968903	0.879269838333	1.05669689178	1.01682806015	0.827621221542	0.860688924789	0.755273103714	1.01936888695	0.625735998154	0.665364980698	1.31058001518	0.611814022064	0.943151950836	0.596399068832	0.670089006424	0.892069816589	1.00136399269	0.998092889786	0.951333045959	0.645952224731	0.792817115784	0.501795053482	0.642936944962	1.2832429409	0.790760040283	1.27154493332	0.938353061676	0.627784967422	0.688717126846	1.45604801178	
['./treeMaker/main', '-m']
0.0271661281586	0.0246090888977	0.0246169567108	0.0305590629578	0.033940076828	0.0329298973083	0.0317380428314	0.0290248394012	0.0366590023041	0.0356171131134	0.0207061767578	0.0317058563232	0.041533946991	0.0288610458374	0.0314769744873	0.0302531719208	0.0265681743622	0.0330839157104	0.0272388458252	0.0299608707428	0.0267670154572	0.0277969837189	0.0271558761597	0.0294740200043	0.0262100696564	0.026752948761	0.026515007019	0.0283370018005	0.0232830047607	0.0222401618958	0.0285911560059	0.0200400352478	0.0289361476898	0.0315771102905	0.0212581157684	0.0267779827118	0.0279669761658	0.0285940170288	0.027214050293	0.0223100185394	0.0262670516968	0.0318880081177	0.0332789421082	0.034019947052	0.0254290103912	0.0321381092072	0.0369620323181	0.0228011608124	0.0240058898926	0.0343728065491	
['./treeMaker/main', '-m', '-b']
0.0281908512115	0.0257189273834	0.0245249271393	0.0329039096832	0.034031867981	0.0329060554504	0.0409159660339	0.0305891036987	0.0358800888062	0.027951002121	0.0218729972839	0.0281620025635	0.0321359634399	0.0305299758911	0.0294589996338	0.0343849658966	0.027606010437	0.032634973526	0.0283918380737	0.0384209156036	0.0287668704987	0.0281870365143	0.0275030136108	0.0353729724884	0.0259759426117	0.0258491039276	0.0272870063782	0.0305089950562	0.0234441757202	0.0246651172638	0.0328190326691	0.0215091705322	0.0323150157928	0.0328590869904	0.0242931842804	0.0274438858032	0.0399699211121	0.0284471511841	0.0276219844818	0.025162935257	0.0259380340576	0.0201959609985	0.023891210556	0.0332360267639	0.0258359909058	0.0315959453583	0.0285401344299	0.0217339992523	0.0237200260162	0.0366580486298	
['./treeMaker/main', '-m', '-w', '1']
0.0278260707855	0.02432513237	0.0244748592377	0.0295910835266	0.0322508811951	0.0309979915619	0.0299699306488	0.0283939838409	0.0451982021332	0.0230691432953	0.0207011699677	0.0288121700287	0.0307619571686	0.0290520191193	0.0305621623993	0.0326368808746	0.0267028808594	0.0363039970398	0.0286459922791	0.0280728340149	0.0297040939331	0.0277280807495	0.029198884964	0.0297861099243	0.0252180099487	0.0272920131683	0.0256531238556	0.0276591777802	0.0224101543427	0.0244288444519	0.0321660041809	0.0209579467773	0.02978515625	0.0226020812988	0.0204710960388	0.0266659259796	0.0283389091492	0.028312921524	0.0259349346161	0.0248460769653	0.0261740684509	0.0320980548859	0.024493932724	0.0334701538086	0.025151014328	0.0292811393738	0.0255479812622	0.023631811142	0.023698091507	0.0349180698395	
['./treeMaker/main', '-m', '-w', '2']
0.0271849632263	0.0251498222351	0.0220849514008	0.0303478240967	0.0362839698792	0.0297968387604	0.0303440093994	0.0285410881042	0.0371708869934	0.0265560150146	0.0197458267212	0.0283710956573	0.0309119224548	0.0290529727936	0.0287568569183	0.0337450504303	0.0262100696564	0.0322961807251	0.0272850990295	0.0294539928436	0.026437997818	0.0271289348602	0.0289249420166	0.0281538963318	0.0360870361328	0.0267271995544	0.0255701541901	0.0286219120026	0.0229630470276	0.0245990753174	0.0301108360291	0.0239379405975	0.0317478179932	0.0233418941498	0.023129940033	0.0283279418945	0.0383050441742	0.0382401943207	0.0356318950653	0.0239179134369	0.0259799957275	0.0195429325104	0.0343899726868	0.0335869789124	0.0233058929443	0.0309419631958	0.025554895401	0.022588968277	0.0243999958038	0.0390870571136	
['./treeMaker/main', '-m', '-c', '1']
0.0265719890594	0.0328259468079	0.0253188610077	0.0297720432281	0.033182144165	0.030837059021	0.0317289829254	0.030534029007	0.0370631217957	0.0262920856476	0.0208988189697	0.0303978919983	0.0299570560455	0.031140089035	0.0288410186768	0.0325210094452	0.0266301631927	0.0338509082794	0.0276849269867	0.0317361354828	0.0280010700226	0.0276288986206	0.0283260345459	0.0297479629517	0.0257778167725	0.0264708995819	0.0270509719849	0.029335975647	0.0226731300354	0.0241858959198	0.0296800136566	0.02184009552	0.0318269729614	0.0211160182953	0.0203227996826	0.0275630950928	0.0367350578308	0.0280261039734	0.0279250144958	0.0343489646912	0.0243320465088	0.0206029415131	0.023833990097	0.0316498279572	0.0245428085327	0.0301640033722	0.0275630950928	0.0240759849548	0.0236880779266	0.0371739864349	
['./treeMaker/main', '-m', '-c', '2']
0.028312921524	0.0254819393158	0.0237259864807	0.0307958126068	0.0329949855804	0.0286560058594	0.0321850776672	0.0309109687805	0.0348660945892	0.0256760120392	0.0193710327148	0.0396938323975	0.0299367904663	0.0292639732361	0.0303521156311	0.0331170558929	0.0274419784546	0.0333662033081	0.0280380249023	0.0283679962158	0.0280611515045	0.0364389419556	0.028461933136	0.0294671058655	0.02587890625	0.0269739627838	0.0238909721375	0.0280878543854	0.0212287902832	0.021754026413	0.0298759937286	0.0208621025085	0.0270218849182	0.021399974823	0.0331070423126	0.0267350673676	0.0275490283966	0.0266981124878	0.0258429050446	0.0215811729431	0.0252361297607	0.0206098556519	0.0322549343109	0.0333170890808	0.0237100124359	0.0298509597778	0.0260310173035	0.0213048458099	0.0234198570251	0.038104057312	
['./treeMaker/main', '-m', '-a', '1']
0.0287029743195	0.0271060466766	0.02827501297	0.0337491035461	0.0381498336792	0.033243894577	0.0394630432129	0.0432448387146	0.0372331142426	0.0282831192017	0.0344879627228	0.0312712192535	0.0295739173889	0.0291578769684	0.0320119857788	0.0352699756622	0.0288949012756	0.0369780063629	0.0333430767059	0.033059835434	0.03209400177	0.0293049812317	0.0291118621826	0.0311908721924	0.0272340774536	0.0312759876251	0.0319969654083	0.0329520702362	0.02632188797	0.0254261493683	0.0338590145111	0.0231370925903	0.035215139389	0.0266690254211	0.0254068374634	0.0383081436157	0.0318210124969	0.0283110141754	0.029688835144	0.0258660316467	0.0281569957733	0.0234839916229	0.0256359577179	0.0366909503937	0.0267431735992	0.0339999198914	0.0291249752045	0.0240979194641	0.0265188217163	0.0370450019836	
['./treeMaker/main', '-m', '-a', '2']
0.0296101570129	0.0256130695343	0.0255720615387	0.0324327945709	0.0349860191345	0.0299868583679	0.0328710079193	0.0335719585419	0.0373909473419	0.0262711048126	0.0224828720093	0.030445098877	0.0295522212982	0.0306839942932	0.030002117157	0.0346159934998	0.0271780490875	0.0346689224243	0.0283558368683	0.0310029983521	0.0287721157074	0.0281908512115	0.040568113327	0.0292210578918	0.0261549949646	0.0245540142059	0.0260951519012	0.0302560329437	0.0206968784332	0.0347030162811	0.0317380428314	0.0330369472504	0.0360441207886	0.0231831073761	0.0233340263367	0.0312120914459	0.02619099617	0.0273778438568	0.027107000351	0.0239260196686	0.0239310264587	0.0209379196167	0.0231621265411	0.0355000495911	0.0257339477539	0.0291509628296	0.0242040157318	0.020800113678	0.0275840759277	0.043564081192	
