25_250_4.9e-10_4.9e-10_470000000
25
250
4.9e-10
4.9e-10
470000000

['./treeMaker/main']
0.0320751667023	0.0275111198425	0.0388739109039	0.0420010089874	0.045243024826	0.0392742156982	0.0516028404236	0.0365271568298	0.0471489429474	0.0317311286926	0.0260329246521	0.0493459701538	0.0413670539856	0.0404050350189	0.0376739501953	0.0460569858551	0.0367817878723	0.04567694664	0.0361630916595	0.0421628952026	0.0350441932678	0.0345630645752	0.0377011299133	0.0355360507965	0.0317289829254	0.0348620414734	0.0313940048218	0.0389111042023	0.0278558731079	0.0301260948181	0.0416009426117	0.0301308631897	0.0368890762329	0.0291819572449	0.0297718048096	0.0366411209106	0.0340349674225	0.0379769802094	0.0344989299774	0.029324054718	0.0311398506165	0.0260400772095	0.0283851623535	0.0457730293274	0.0306379795074	0.0427241325378	0.0381548404694	0.0289599895477	0.0290398597717	0.0490350723267	
['./treeMaker/main', '-b']
0.0347349643707	0.0411100387573	0.0421221256256	0.0537710189819	0.0550980567932	0.0406241416931	0.052806854248	0.0351340770721	0.0468919277191	0.0354177951813	0.0337698459625	0.0464749336243	0.0510838031769	0.049919128418	0.0427758693695	0.0450201034546	0.0341000556946	0.0504040718079	0.0381698608398	0.0460171699524	0.0343351364136	0.0343859195709	0.0367908477783	0.0420711040497	0.0309021472931	0.0353860855103	0.0321640968323	0.0366170406342	0.031867980957	0.028578042984	0.0516519546509	0.0284929275513	0.0421690940857	0.0274469852448	0.027331829071	0.0328299999237	0.0332129001617	0.0336899757385	0.0346398353577	0.0301971435547	0.0296928882599	0.0225610733032	0.027086019516	0.0522260665894	0.0304329395294	0.0433938503265	0.0338637828827	0.0276770591736	0.0272750854492	0.0481951236725	
['./treeMaker/main', '-u']
0.0322070121765	0.0283081531525	0.0276041030884	0.0411598682404	0.0467689037323	0.0393149852753	0.0502600669861	0.0373959541321	0.0470819473267	0.0318071842194	0.0244641304016	0.0360510349274	0.0422840118408	0.0362169742584	0.0345067977905	0.042032957077	0.0356550216675	0.0450949668884	0.0313289165497	0.0364151000977	0.0317490100861	0.0356979370117	0.0357098579407	0.0350229740143	0.0302832126617	0.0334231853485	0.0281081199646	0.0352799892426	0.0269460678101	0.0256309509277	0.0503859519958	0.0266990661621	0.0359499454498	0.0272929668427	0.02663397789	0.0333681106567	0.0300149917603	0.0313320159912	0.029317855835	0.0247051715851	0.0292911529541	0.0251529216766	0.0272920131683	0.0435221195221	0.0279750823975	0.04336810112	0.0342578887939	0.0272891521454	0.0289387702942	0.0468280315399	
['./treeMaker/main', '-t', '-r', '1']
0.573595046997	0.435876131058	0.422168016434	0.784521102905	0.947980880737	0.753361940384	0.730156183243	0.642525911331	0.975496053696	0.521507024765	0.339833021164	0.637006044388	0.777792930603	0.706710100174	0.742676973343	0.887591123581	0.591647863388	0.821231842041	0.612668991089	0.644653081894	0.597237110138	0.514636039734	0.663984060287	0.633437156677	0.553570985794	0.512725830078	0.45786190033	0.609336853027	0.369028091431	0.417267084122	0.783386945724	0.352885007858	0.628707170486	0.36719083786	0.396861076355	0.555690050125	0.576575994492	0.641093969345	0.53328204155	0.424874067307	0.466054916382	0.332491874695	0.422952890396	0.796251058578	0.519240856171	0.798904895782	0.591411113739	0.411018848419	0.427337884903	0.837723016739	
['./treeMaker/main', '-t', '-r', '2']
0.96417593956	0.806287050247	0.757443189621	1.44762897491	1.60367417336	1.37385106087	1.30192303658	1.11995577812	1.71122717857	0.910223007202	0.581516981125	1.14253592491	1.27970409393	1.16809296608	1.19364213943	1.54491710663	0.963220119476	1.61731505394	1.08044791222	1.23394393921	0.953418016434	1.07759284973	1.22897100449	1.16165113449	0.969909906387	1.0172791481	0.817979097366	1.1706340313	0.673424005508	0.732208013535	1.54195404053	0.717341899872	1.07362389565	0.641765117645	0.742385149002	0.968530893326	1.0771009922	1.13751912117	1.00840997696	0.724889039993	0.845368146896	0.537361860275	0.709303855896	1.42693090439	0.861095190048	1.39593887329	1.02069997787	0.694207906723	0.741933822632	1.64227890968	
['./treeMaker/main', '-t', '-r', '1', '-N']
0.605628967285	0.438169002533	0.433113098145	0.786711931229	0.931569099426	0.742026090622	0.769827127457	0.643716096878	0.974236011505	0.513650894165	0.338232040405	0.609276771545	0.753222942352	0.690622806549	0.745166063309	0.882272958755	0.584619045258	0.857127904892	0.635634899139	0.635846138	0.559558868408	0.498311042786	0.644039154053	0.646195173264	0.526165008545	0.482206106186	0.450325012207	0.611040115356	0.36998796463	0.430095911026	0.794182777405	0.38635802269	0.629865884781	0.37565112114	0.395224094391	0.588427066803	0.613974094391	0.672616004944	0.553714036942	0.425065994263	0.450351953506	0.314439058304	0.401525974274	0.782880067825	0.494624137878	0.785942077637	0.580904960632	0.393316030502	0.401049852371	0.791105031967	
['./treeMaker/main', '-t', '-r', '2', '-N']
0.988816022873	0.788874149323	0.764599084854	1.48679709435	1.6179599762	1.31897687912	1.27683997154	1.11375498772	1.71822690964	0.917117118835	0.554627895355	1.17237997055	1.32694292068	1.16360998154	1.19425320625	1.48883390427	0.969571113586	1.60673809052	1.02378082275	1.17739295959	0.947973012924	1.03707814217	1.18357992172	1.10886096954	0.936565160751	1.00378799438	0.83132815361	1.11953306198	0.675260066986	0.752650022507	1.50810098648	0.694309949875	1.02456784248	0.630232095718	0.725916862488	1.0201280117	1.10010504723	1.12188601494	0.985742807388	0.72625207901	0.83270406723	0.514908075333	0.718509912491	1.40704894066	0.893680095673	1.38481402397	1.06017708778	0.715782880783	0.716855049133	1.69849801064	
['./treeMaker/main', '-m']
0.0293250083923	0.0263381004333	0.0234930515289	0.0337071418762	0.0348489284515	0.0314729213715	0.0303449630737	0.030818939209	0.0369272232056	0.0262720584869	0.0219879150391	0.0309619903564	0.0325441360474	0.0301470756531	0.0288529396057	0.0332279205322	0.0274119377136	0.0334281921387	0.0277178287506	0.030091047287	0.0350730419159	0.0292189121246	0.031574010849	0.0296711921692	0.0270121097565	0.0280680656433	0.0262889862061	0.0309920310974	0.036691904068	0.0350751876831	0.0322668552399	0.0216999053955	0.0287210941315	0.0210189819336	0.0229861736298	0.0279231071472	0.0281510353088	0.0291509628296	0.0275979042053	0.0252850055695	0.0259020328522	0.0213959217072	0.0330340862274	0.0348129272461	0.0342299938202	0.0335190296173	0.0287718772888	0.0241980552673	0.0250389575958	0.0395348072052	
['./treeMaker/main', '-m', '-b']
0.0291697978973	0.0266809463501	0.0252139568329	0.0343089103699	0.0357549190521	0.0332899093628	0.0445251464844	0.0327219963074	0.03959608078	0.0287539958954	0.0239341259003	0.0323529243469	0.0321481227875	0.0325219631195	0.0300879478455	0.0361070632935	0.0290200710297	0.0365459918976	0.0355699062347	0.0347099304199	0.0285470485687	0.029599905014	0.0315120220184	0.0296881198883	0.0269029140472	0.0312600135803	0.0272419452667	0.0324859619141	0.026349067688	0.0260708332062	0.0339410305023	0.0245471000671	0.0389020442963	0.0225360393524	0.0249788761139	0.0312480926514	0.0346479415894	0.0312879085541	0.0287299156189	0.025997877121	0.0280640125275	0.0208730697632	0.0251240730286	0.04012799263	0.0268878936768	0.037474155426	0.0397181510925	0.025857925415	0.0258369445801	0.0397481918335	
['./treeMaker/main', '-m', '-w', '1']
0.0287148952484	0.0256559848785	0.0238630771637	0.0316598415375	0.0348610877991	0.0310089588165	0.0313429832458	0.0292599201202	0.0363848209381	0.0265879631042	0.0229568481445	0.0295670032501	0.0304341316223	0.0300941467285	0.0333271026611	0.0332870483398	0.0280120372772	0.0350840091705	0.028373003006	0.0320148468018	0.0275120735168	0.0292918682098	0.0317509174347	0.029855966568	0.0269660949707	0.0285711288452	0.0269379615784	0.0308969020844	0.0219519138336	0.0238220691681	0.0333161354065	0.0215201377869	0.0300590991974	0.0246019363403	0.0214550495148	0.0279719829559	0.0288109779358	0.0378930568695	0.0396378040314	0.0257260799408	0.027193069458	0.0309059619904	0.0240199565887	0.0335249900818	0.0240578651428	0.032429933548	0.0264711380005	0.0237588882446	0.0245988368988	0.0370450019836	
['./treeMaker/main', '-m', '-w', '2']
0.029205083847	0.0252289772034	0.0225281715393	0.0328989028931	0.0370180606842	0.0327651500702	0.0328109264374	0.0296020507812	0.0360600948334	0.0243220329285	0.0213599205017	0.0297269821167	0.0306930541992	0.03133893013	0.0290019512177	0.0355951786041	0.0290970802307	0.0344171524048	0.0272660255432	0.032007932663	0.0253360271454	0.0292510986328	0.0318779945374	0.0279490947723	0.0268309116364	0.037535905838	0.0254249572754	0.0380160808563	0.0244929790497	0.024747133255	0.0327169895172	0.0235619544983	0.0301220417023	0.0247449874878	0.0234229564667	0.0282440185547	0.0299360752106	0.0298748016357	0.0343430042267	0.0253250598907	0.0270500183105	0.0203430652618	0.0222761631012	0.0350921154022	0.0265069007874	0.032613992691	0.0277860164642	0.023384809494	0.0247519016266	0.0366261005402	
['./treeMaker/main', '-m', '-c', '1']
0.02721118927	0.0261878967285	0.0251100063324	0.0326991081238	0.0332849025726	0.0322749614716	0.032322883606	0.0301501750946	0.0372960567474	0.0270931720734	0.0218508243561	0.030659198761	0.0336830615997	0.0314121246338	0.0291810035706	0.0334219932556	0.0268609523773	0.0348219871521	0.0278959274292	0.0310890674591	0.0271029472351	0.029552936554	0.0300650596619	0.0302720069885	0.0267009735107	0.0264389514923	0.0263240337372	0.0300481319427	0.024472951889	0.0251410007477	0.0322849750519	0.0240321159363	0.0294010639191	0.0231099128723	0.0210049152374	0.0275800228119	0.0277779102325	0.0301370620728	0.0284340381622	0.0247550010681	0.0285279750824	0.0207989215851	0.022588968277	0.0351479053497	0.0241069793701	0.032054901123	0.0312120914459	0.0234961509705	0.0249361991882	0.0485858917236	
['./treeMaker/main', '-m', '-c', '2']
0.0287311077118	0.0262410640717	0.0351688861847	0.0328810214996	0.034815788269	0.0321228504181	0.0315768718719	0.0307509899139	0.0370237827301	0.0261580944061	0.0211389064789	0.0299351215363	0.0318717956543	0.0301668643951	0.0299990177155	0.033509016037	0.0300908088684	0.0330309867859	0.0413949489594	0.0313520431519	0.0278420448303	0.0295910835266	0.031112909317	0.0312879085541	0.0261168479919	0.0282120704651	0.0265290737152	0.0292739868164	0.0220730304718	0.0227727890015	0.0314559936523	0.0219810009003	0.0280709266663	0.0217001438141	0.021525144577	0.0270280838013	0.0276420116425	0.0287058353424	0.027468919754	0.0222339630127	0.025120973587	0.0207829475403	0.0327680110931	0.0375301837921	0.0259158611298	0.0323808193207	0.0274770259857	0.021607875824	0.0243229866028	0.0366711616516	
['./treeMaker/main', '-m', '-a', '1']
0.0376079082489	0.0277750492096	0.0259687900543	0.0339319705963	0.0478761196136	0.0352590084076	0.0348899364471	0.0327928066254	0.0469331741333	0.0283110141754	0.0245230197906	0.0427548885345	0.0310490131378	0.0317490100861	0.0307188034058	0.0358209609985	0.0296669006348	0.0384991168976	0.0307037830353	0.0334579944611	0.030081987381	0.0314059257507	0.0325489044189	0.0301167964935	0.0265989303589	0.0306770801544	0.0296831130981	0.0350239276886	0.0264031887054	0.0269019603729	0.0346670150757	0.0266799926758	0.0417189598083	0.0248429775238	0.0256388187408	0.032693862915	0.0311760902405	0.0323300361633	0.0313630104065	0.0251178741455	0.0282971858978	0.0246000289917	0.0272800922394	0.0373780727386	0.0273740291595	0.0340709686279	0.0309629440308	0.027468919754	0.0259480476379	0.0407750606537	
['./treeMaker/main', '-m', '-a', '2']
0.0287668704987	0.0254888534546	0.0243120193481	0.0342268943787	0.0336611270905	0.0324690341949	0.0357828140259	0.0311670303345	0.0408020019531	0.0270810127258	0.0227429866791	0.032261133194	0.0318520069122	0.0299639701843	0.0315461158752	0.0340509414673	0.0300011634827	0.0358769893646	0.0290629863739	0.0334579944611	0.0280609130859	0.030109167099	0.0357880592346	0.0291481018066	0.0260398387909	0.0298318862915	0.0241861343384	0.030158996582	0.0230319499969	0.0363500118256	0.0328600406647	0.0237109661102	0.0291149616241	0.024738073349	0.0251460075378	0.0285999774933	0.0393280982971	0.0320539474487	0.0279169082642	0.0252721309662	0.0290899276733	0.02237200737	0.0251469612122	0.0444948673248	0.026967048645	0.0444180965424	0.0248148441315	0.0215971469879	0.0343930721283	0.0390009880066	
