25_250_4.9e-10_4.9e-10_470000000
25
250
4.9e-10
4.9e-10
470000000

['./treeMaker/main']
0.0333280563354	0.0274090766907	0.0396070480347	0.0407950878143	0.0480809211731	0.041839838028	0.0435190200806	0.0383138656616	0.0474619865417	0.032653093338	0.0247740745544	0.0463020801544	0.0391058921814	0.0398910045624	0.0373868942261	0.0458478927612	0.0357730388641	0.0434439182281	0.0341379642487	0.038253068924	0.0338408946991	0.0344610214233	0.0353889465332	0.039736032486	0.032233953476	0.0340750217438	0.0311460494995	0.0378079414368	0.031238079071	0.0281209945679	0.0399010181427	0.0263228416443	0.0363471508026	0.0274181365967	0.0266830921173	0.0347399711609	0.0362238883972	0.0336480140686	0.0336711406708	0.0287411212921	0.0323550701141	0.0248868465424	0.0277941226959	0.0440220832825	0.0305769443512	0.0425479412079	0.035355091095	0.0290939807892	0.0293369293213	0.0547008514404	
['./treeMaker/main', '-b']
0.0344228744507	0.0298149585724	0.0373768806458	0.0557279586792	0.056077003479	0.0409359931946	0.0419549942017	0.0462470054626	0.0467391014099	0.0429179668427	0.0301759243011	0.0487968921661	0.0370440483093	0.0486991405487	0.0471708774567	0.0441701412201	0.0336201190948	0.05300116539	0.0476338863373	0.0394549369812	0.0339221954346	0.0312361717224	0.0372750759125	0.0474760532379	0.0309269428253	0.030280828476	0.0310220718384	0.0368070602417	0.0306580066681	0.0389981269836	0.0434110164642	0.0273690223694	0.043970823288	0.0291528701782	0.0257639884949	0.0334539413452	0.0338289737701	0.0439522266388	0.0326499938965	0.0286889076233	0.0296869277954	0.0237309932709	0.0279598236084	0.0430870056152	0.0373909473419	0.0428290367126	0.0337641239166	0.027923822403	0.0282390117645	0.0455720424652	
['./treeMaker/main', '-u']
0.0329790115356	0.0283310413361	0.0270979404449	0.0407660007477	0.042692899704	0.0477981567383	0.0467591285706	0.0392279624939	0.0471038818359	0.0319578647614	0.0345418453217	0.0367169380188	0.0386428833008	0.0395288467407	0.0354878902435	0.0419931411743	0.0348448753357	0.0414929389954	0.0318198204041	0.0345280170441	0.0329010486603	0.0312461853027	0.0328989028931	0.0344099998474	0.0308549404144	0.0323169231415	0.0306098461151	0.035178899765	0.0255398750305	0.0273668766022	0.0389831066132	0.0266270637512	0.0346961021423	0.0265209674835	0.0259149074554	0.0333819389343	0.031564950943	0.0300328731537	0.0285699367523	0.0243210792542	0.0409481525421	0.0238499641418	0.0254650115967	0.0425219535828	0.0319349765778	0.0391399860382	0.0325610637665	0.025318145752	0.0276010036469	0.044951915741	
['./treeMaker/main', '-t', '-r', '1']
0.618585109711	0.439486980438	0.451414108276	0.845043897629	1.03504395485	0.799902915955	0.778113126755	0.656575918198	1.06254005432	0.541913986206	0.357486009598	0.640202045441	0.827107906342	0.733005046844	0.78081703186	0.917726993561	0.63731098175	0.900233983994	0.64610004425	0.641598939896	0.615744113922	0.579674959183	0.684304952621	0.629346132278	0.583899974823	0.58610701561	0.460689067841	0.65997004509	0.403155088425	0.433017969131	0.869163990021	0.376880168915	0.672019004822	0.387479066849	0.409284114838	0.595230102539	0.641915082932	0.669358968735	0.593400001526	0.434942960739	0.485677957535	0.33892583847	0.443898916245	0.821664810181	0.554055929184	0.812474966049	0.624806165695	0.445678949356	0.430707931519	0.899778842926	
['./treeMaker/main', '-t', '-r', '2']
0.918483018875	0.728765010834	0.685954093933	1.28629207611	1.44453501701	1.23097085953	1.14489221573	1.00185894966	1.54974603653	0.797990083694	0.520648002625	1.00531411171	1.19449305534	1.076171875	1.0742149353	1.30869197845	0.87933588028	1.4764380455	1.00728297234	0.995083093643	0.857938051224	0.882042169571	1.03995513916	1.06525993347	0.835785150528	0.856364965439	0.787847042084	1.0742149353	0.597265958786	0.636948108673	1.28042197227	0.595700025558	1.00341296196	0.588709115982	0.64585518837	0.926576852798	1.02594709396	0.965185165405	0.861612081528	0.671725034714	0.764636039734	0.495510101318	0.668007135391	1.26571106911	0.792312145233	1.3006310463	0.920845985413	0.623764038086	0.70623588562	1.46146202087	
['./treeMaker/main', '-t', '-r', '1', '-N']
0.611243963242	0.424935817719	0.449720144272	0.815382003784	1.01500582695	0.783944129944	0.799556970596	0.675352811813	1.07133293152	0.529184103012	0.339469909668	0.642788887024	0.788949966431	0.722995042801	0.77891087532	0.879129886627	0.62749505043	0.884030103683	0.68695807457	0.648912906647	0.575839996338	0.568765163422	0.702011108398	0.631620168686	0.602201938629	0.556154966354	0.472006797791	0.659469127655	0.385187149048	0.436263084412	0.901558160782	0.381515026093	0.673928022385	0.374343156815	0.44299197197	0.629669904709	0.61346411705	0.714740991592	0.603387117386	0.433775901794	0.470935106277	0.326010942459	0.432124853134	0.825619935989	0.523056030273	0.800846099854	0.628425121307	0.415019035339	0.427731990814	0.841639041901	
['./treeMaker/main', '-t', '-r', '2', '-N']
0.927372932434	0.733314037323	0.697233915329	1.28144311905	1.40604496002	1.18602085114	1.11666893959	1.01995396614	1.53648209572	0.84197306633	0.509625911713	0.982830047607	1.16680407524	1.05914998055	1.06238484383	1.34598588943	0.904789924622	1.53724098206	0.950523138046	0.990782976151	0.899091959	0.815999984741	0.978826999664	1.02074408531	0.842900037766	0.817706108093	0.776795864105	1.05038404465	0.592594861984	0.63595700264	1.24870800972	0.587006092072	0.946202993393	0.596197843552	0.655107021332	0.894233226776	0.982871055603	0.963254928589	0.910005092621	0.661911964417	0.773833036423	0.470309972763	0.643249034882	1.27066302299	0.779218912125	1.30158782005	0.910243034363	0.660743951797	0.682538032532	1.42401504517	
['./treeMaker/main', '-m']
0.0319149494171	0.0248548984528	0.0247631072998	0.0303311347961	0.0335810184479	0.0293579101562	0.0309970378876	0.0298089981079	0.0365340709686	0.0265140533447	0.0301530361176	0.0284991264343	0.03133893013	0.0274019241333	0.028431892395	0.0333240032196	0.0245890617371	0.0337691307068	0.0270020961761	0.0285720825195	0.0251798629761	0.0270340442657	0.0289289951324	0.0284290313721	0.0257651805878	0.0262138843536	0.0258519649506	0.0297119617462	0.0232939720154	0.022383928299	0.0286209583282	0.0218498706818	0.0264239311218	0.0242938995361	0.0228090286255	0.0256831645966	0.0293700695038	0.0280599594116	0.0275599956512	0.0252709388733	0.0247159004211	0.0196189880371	0.0324800014496	0.0338370800018	0.0251200199127	0.0333769321442	0.0262198448181	0.0245130062103	0.0243449211121	0.0364859104156	
['./treeMaker/main', '-m', '-b']
0.0285618305206	0.0284860134125	0.0250539779663	0.0334551334381	0.035952091217	0.0326790809631	0.0327520370483	0.0395078659058	0.0402898788452	0.0286200046539	0.0236768722534	0.0286309719086	0.0324490070343	0.0336117744446	0.02960896492	0.0339131355286	0.0302259922028	0.0343329906464	0.0292029380798	0.0301020145416	0.0364599227905	0.0282609462738	0.0289251804352	0.0302751064301	0.0256819725037	0.0276119709015	0.0266008377075	0.0317430496216	0.0273149013519	0.0239169597626	0.0328869819641	0.0227179527283	0.0385818481445	0.0209448337555	0.0216729640961	0.0307531356812	0.0302560329437	0.028205871582	0.0272099971771	0.024885892868	0.0264840126038	0.0220770835876	0.0228810310364	0.0356290340424	0.0267059803009	0.0433847904205	0.02751994133	0.0231120586395	0.0228180885315	0.0372729301453	
['./treeMaker/main', '-m', '-w', '1']
0.0282781124115	0.0226190090179	0.0243120193481	0.0301640033722	0.0337159633636	0.0281460285187	0.0283219814301	0.0284130573273	0.0345470905304	0.0277051925659	0.021635055542	0.0279679298401	0.0292580127716	0.0275409221649	0.0284810066223	0.0316219329834	0.0277760028839	0.0328588485718	0.0279848575592	0.0292069911957	0.0270431041718	0.025074005127	0.0284199714661	0.0267469882965	0.0243439674377	0.0273990631104	0.0252151489258	0.0295441150665	0.0229909420013	0.0248808860779	0.0302882194519	0.0224058628082	0.0273728370667	0.0248601436615	0.0203700065613	0.025279045105	0.0292639732361	0.0383179187775	0.0371968746185	0.0251560211182	0.026704788208	0.0219550132751	0.023885011673	0.0320010185242	0.0260190963745	0.0439810752869	0.0254211425781	0.0334742069244	0.0233950614929	0.0330328941345	
['./treeMaker/main', '-m', '-w', '2']
0.0288550853729	0.0263090133667	0.0241990089417	0.0312180519104	0.037505865097	0.0323460102081	0.0310490131378	0.0318939685822	0.0349571704865	0.0289931297302	0.0216679573059	0.0281319618225	0.030571937561	0.0294880867004	0.0263609886169	0.0325200557709	0.0281510353088	0.0338020324707	0.0284860134125	0.02876496315	0.02751994133	0.0270957946777	0.0284030437469	0.0282697677612	0.0250840187073	0.0354509353638	0.0264918804169	0.0301790237427	0.0229451656342	0.0223920345306	0.0320188999176	0.0245268344879	0.029648065567	0.0235221385956	0.0208880901337	0.0274679660797	0.0293710231781	0.0322849750519	0.0262279510498	0.0343039035797	0.0266990661621	0.0217621326447	0.0230190753937	0.034970998764	0.0246479511261	0.0316100120544	0.0386161804199	0.0225539207458	0.0358760356903	0.0335359573364	
['./treeMaker/main', '-m', '-c', '1']
0.0268578529358	0.0243229866028	0.0221059322357	0.031594991684	0.0311179161072	0.0311410427094	0.0318160057068	0.0291788578033	0.03346991539	0.0256521701813	0.0220649242401	0.028028011322	0.030492067337	0.0327858924866	0.0268309116364	0.0329241752625	0.0264339447021	0.0331361293793	0.0284378528595	0.0293049812317	0.0262808799744	0.0270910263062	0.0294871330261	0.0288801193237	0.0260620117188	0.0273818969727	0.0255489349365	0.029308795929	0.0238509178162	0.0220639705658	0.0318398475647	0.0238659381866	0.0270869731903	0.0266380310059	0.0204191207886	0.0267028808594	0.029736995697	0.0322501659393	0.0270581245422	0.0264990329742	0.0241720676422	0.021292924881	0.0232470035553	0.0327858924866	0.0221991539001	0.0315759181976	0.0264840126038	0.0216391086578	0.0244660377502	0.0358350276947	
['./treeMaker/main', '-m', '-c', '2']
0.0278398990631	0.0284180641174	0.0253758430481	0.0314829349518	0.0356600284576	0.0300161838531	0.0305368900299	0.0292720794678	0.0353620052338	0.0265989303589	0.0211749076843	0.028037071228	0.0414600372314	0.0334520339966	0.0282950401306	0.0327410697937	0.0281400680542	0.0315959453583	0.0273351669312	0.0281329154968	0.0274250507355	0.0273811817169	0.0385010242462	0.0292551517487	0.0260510444641	0.0270330905914	0.037379026413	0.0282969474792	0.0213479995728	0.0219390392303	0.0296750068665	0.0210258960724	0.0273959636688	0.0211770534515	0.0207440853119	0.0265498161316	0.0269598960876	0.0265209674835	0.0259108543396	0.0240230560303	0.0241069793701	0.0188879966736	0.0334429740906	0.0347530841827	0.0236430168152	0.0313789844513	0.0262379646301	0.023078918457	0.0221049785614	0.033173084259	
['./treeMaker/main', '-m', '-a', '1']
0.0274829864502	0.0265231132507	0.0262389183044	0.0323510169983	0.0450701713562	0.0332047939301	0.0344960689545	0.0318400859833	0.0470259189606	0.0271220207214	0.0230360031128	0.0402610301971	0.0314679145813	0.0308520793915	0.0299339294434	0.0408959388733	0.0281331539154	0.0362730026245	0.0303859710693	0.032881975174	0.0297141075134	0.0289249420166	0.0305299758911	0.0311598777771	0.0286049842834	0.0285408496857	0.0268940925598	0.0320470333099	0.0261881351471	0.0240180492401	0.0340750217438	0.024295091629	0.0307049751282	0.0305070877075	0.0254919528961	0.0310990810394	0.0293071269989	0.028156042099	0.0288910865784	0.0267400741577	0.0284860134125	0.0236210823059	0.0265629291534	0.0365948677063	0.0266020298004	0.0348041057587	0.0288741588593	0.0238990783691	0.0270349979401	0.0391931533813	
['./treeMaker/main', '-m', '-a', '2']
0.0284390449524	0.0276560783386	0.0254170894623	0.0308990478516	0.0343189239502	0.0318658351898	0.0299508571625	0.0308427810669	0.0364818572998	0.0268909931183	0.0232748985291	0.0293049812317	0.0322737693787	0.0296990871429	0.0290951728821	0.0319559574127	0.0285098552704	0.0344200134277	0.0268750190735	0.0297520160675	0.0277268886566	0.0279200077057	0.0397660732269	0.0265891551971	0.0265600681305	0.0267860889435	0.0262799263	0.0286221504211	0.0233540534973	0.0341022014618	0.0306029319763	0.0220260620117	0.0370700359344	0.0221929550171	0.0323610305786	0.0287029743195	0.0298178195953	0.0276298522949	0.0267560482025	0.0237250328064	0.0267040729523	0.0224609375	0.0235199928284	0.0446062088013	0.0255148410797	0.0330560207367	0.0238878726959	0.0211889743805	0.021467924118	0.0369429588318	
