25_2500_4.9e-10_4.9e-10_470000000
25
2500
4.9e-10
4.9e-10
470000000

['./treeMaker/main']
0.399352073669	0.91971206665	0.556282997131	0.381818056107	0.907362937927	0.466140031815	0.359309911728	0.87642288208	0.576345920563	0.363375902176	0.460115909576	0.237003087997	0.383404016495	0.533268928528	0.516107082367	0.760964155197	0.399940013885	0.576737165451	0.673017978668	0.489831924438	0.701768159866	0.506321191788	0.86333990097	0.48953294754	1.78701305389	0.566989183426	0.892925024033	0.577728033066	0.361649990082	0.355516195297	0.291794061661	1.0917570591	0.667270898819	0.35810303688	0.459344863892	0.374860048294	1.09564185143	0.618844985962	0.61941409111	0.74608707428	0.420245885849	0.360800027847	0.869336843491	0.341481208801	0.690927028656	0.913103103638	0.550566911697	0.305072069168	0.303546190262	0.507161855698	
['./treeMaker/main', '-b']
0.412028074265	0.95348405838	0.517531871796	0.383543968201	0.844754934311	0.48020195961	0.378007888794	0.898699045181	0.565692901611	0.390250921249	0.527776002884	0.224639892578	0.402498960495	0.555467844009	0.484138011932	0.769115924835	0.39940404892	0.534664154053	0.674862146378	0.46916103363	0.763526916504	0.563714027405	0.806424856186	0.554761886597	1.8787689209	0.611351966858	0.849861860275	0.598863840103	0.374433040619	0.346027135849	0.298312187195	1.11986899376	0.63018488884	0.383674144745	0.430495023727	0.37060379982	1.10695409775	0.637564897537	0.651027202606	0.778923988342	0.416915178299	0.357992887497	0.967953920364	0.343559026718	0.65938615799	0.833992958069	0.525878190994	0.312047958374	0.294559955597	0.529547929764	
['./treeMaker/main', '-u']
0.437452077866	0.852602005005	0.541988134384	0.384710073471	0.798094034195	0.443729877472	0.341461896896	0.844701051712	0.576698064804	0.348302841187	0.463246822357	0.232211112976	0.41272687912	0.528522014618	0.50319480896	0.774709939957	0.361472129822	0.538554906845	0.647799015045	0.457252979279	0.723498106003	0.507020950317	0.785315990448	0.500054121017	1.81161808968	0.549768924713	0.800570011139	0.565635919571	0.365364789963	0.354547977448	0.30322599411	1.03225302696	0.616810798645	0.358881950378	0.412894010544	0.368984937668	1.05351305008	0.641216993332	0.630159139633	0.758917093277	0.432250976562	0.375485181808	0.966326951981	0.339646816254	0.62758898735	0.836649894714	0.535517215729	0.319205999374	0.27987909317	0.538273096085	
['./treeMaker/main', '-t', '-r', '1']
5.0651948452	9.33607292175	5.90369105339	4.60082697868	8.46326804161	5.42732906342	4.37121200562	9.09264612198	6.57243704796	4.32767415047	5.82807803154	2.91531991959	4.67984509468	6.29157996178	5.63241004944	8.04226899147	4.40714788437	5.87063312531	6.66490316391	5.6406519413	7.91145920753	6.05778694153	8.83019709587	6.04022502899	15.0236549377	6.58954811096	9.04983997345	6.85959196091	4.5149230957	4.30626988411	4.37975597382	10.5886650085	7.30415701866	4.59446001053	5.10248804092	4.64435601234	10.4953670502	7.00571322441	6.97155308723	7.6703608036	5.19631409645	4.51297187805	9.9033370018	4.18218803406	7.525785923	8.90021395683	5.73307085037	3.70459294319	3.6570148468	6.33507084846	
['./treeMaker/main', '-t', '-r', '2']
7.73851704597	13.8592000008	9.58714795113	7.16110515594	14.2958960533	8.42328691483	6.79327893257	13.760256052	9.93368506432	6.44045209885	8.68274712563	4.32023787498	7.25125813484	9.27198505402	8.92536592484	11.8946280479	7.11382317543	9.67122197151	10.5445139408	8.57760906219	11.490267992	9.0018761158	12.9966728687	9.1538579464	24.9443278313	9.93239212036	13.9312708378	10.1108970642	6.92484498024	6.63604807854	5.68623995781	16.0765490532	11.1595411301	7.17325592041	8.02175116539	6.76755094528	15.179527998	10.3162081242	10.1974179745	11.9751369953	7.75048398972	7.08220887184	14.1362450123	6.57986307144	11.2539799213	14.073307991	9.32995009422	5.56350684166	5.42212295532	9.34625291824	
['./treeMaker/main', '-t', '-r', '1', '-N']
5.07953286171	9.37742304802	5.94487810135	4.52014183998	8.42152500153	5.42568802834	4.39075088501	9.25445389748	6.57244801521	4.45200395584	5.81584382057	2.88232088089	4.62343478203	6.37686109543	5.72582697868	8.23256707191	4.48020291328	5.92910408974	6.81185007095	5.7845158577	8.1153960228	6.12836790085	8.86055898666	5.92430710793	15.0812680721	6.56543111801	9.14865803719	6.95090484619	4.460105896	4.3452129364	3.87581419945	10.6837229729	7.34787416458	4.64780116081	5.05873918533	4.53754711151	10.6318891048	7.00535583496	7.08643817902	7.6766269207	5.20185494423	4.45320081711	9.81671595573	4.12041687965	7.55181288719	8.94863390923	5.76724386215	3.70781898499	3.67624807358	6.30034399033	
['./treeMaker/main', '-t', '-r', '2', '-N']
7.73520803452	13.4682970047	9.51174092293	7.08504891396	13.8621170521	8.33451914787	6.630890131	13.5649659634	9.83435893059	6.52101182938	8.65533208847	4.53373718262	7.31199502945	9.35356998444	8.69475317001	11.8938770294	7.18707299232	9.72197914124	11.7153990269	8.51416778564	12.7863991261	9.48606085777	13.0227329731	9.19600915909	24.8587319851	10.2217738628	13.798058033	10.1115570068	6.99887704849	6.62415194511	5.71918797493	16.0845301151	11.1629281044	7.14201593399	8.06018209457	6.8656899929	15.3921339512	10.2425661087	10.4505200386	12.4077789783	8.00676679611	7.08117890358	14.0083889961	6.49064898491	11.3365988731	14.0792491436	9.40220999718	5.60390591621	5.41939616203	9.42141699791	
['./treeMaker/main', '-m']
0.205392837524	0.294920921326	0.237269878387	0.185945987701	0.290950059891	0.22502207756	0.180976867676	0.271233081818	0.226856946945	0.183197021484	0.209088087082	0.15313410759	0.206180095673	0.221413850784	0.234915971756	0.271269798279	0.186857938766	0.23131608963	0.236472129822	0.214542150497	0.255414962769	0.236111164093	0.282269001007	0.228886842728	0.403449058533	0.245927095413	0.28838300705	0.24064207077	0.187609910965	0.176138877869	0.176437854767	0.292547225952	0.240339994431	0.195852994919	0.210542201996	0.185969829559	0.315304994583	0.248135089874	0.252553939819	0.256227016449	0.222903966904	0.196319103241	0.27540397644	0.194962978363	0.249337911606	0.304440975189	0.228850126266	0.163630008698	0.161473989487	0.223109006882	
['./treeMaker/main', '-m', '-b']
0.225317001343	0.294479131699	0.237487077713	0.1986079216	0.303922891617	0.224151134491	0.193689107895	0.302459955215	0.239566087723	0.201499938965	0.242359876633	0.161441087723	0.219707012177	0.230798006058	0.247086048126	0.291809082031	0.217966079712	0.230473995209	0.276073932648	0.243098974228	0.269531965256	0.253772974014	0.314905881882	0.25101518631	0.443926811218	0.270601987839	0.312835216522	0.243742227554	0.212140083313	0.190267086029	0.190535068512	0.330093860626	0.257786035538	0.216910839081	0.21321606636	0.205540180206	0.340131998062	0.258769035339	0.247527837753	0.290219783783	0.221666812897	0.204053878784	0.310587882996	0.188024044037	0.26776099205	0.294628143311	0.233926057816	0.188359975815	0.196491956711	0.229202032089	
['./treeMaker/main', '-m', '-w', '1']
0.204473972321	0.290764808655	0.241235017776	0.200325012207	0.285224914551	0.21462392807	0.193343162537	0.301678180695	0.248428106308	0.206524848938	0.224687814713	0.153208971024	0.202138185501	0.231107950211	0.210802078247	0.280414819717	0.208680868149	0.230107069016	0.245965957642	0.224905014038	0.2560069561	0.232063055038	0.293977975845	0.236587047577	0.416121006012	0.237231969833	0.281979084015	0.238951921463	0.197110891342	0.187655925751	0.186069965363	0.309792041779	0.265529155731	0.206632852554	0.21014714241	0.184078931808	0.295248031616	0.256583929062	0.250729084015	0.274430036545	0.212749004364	0.200041055679	0.288666963577	0.187147855759	0.259166955948	0.279953956604	0.231070995331	0.169408082962	0.164716005325	0.238347053528	
['./treeMaker/main', '-m', '-w', '2']
0.218755960464	0.293682098389	0.228803873062	0.19255399704	0.300112962723	0.229733943939	0.20081114769	0.29530787468	0.225831031799	0.187504053116	0.223906993866	0.156280040741	0.205977916718	0.226671934128	0.216593980789	0.256227970123	0.191020011902	0.221752882004	0.259917974472	0.233482122421	0.25719499588	0.223960161209	0.283314943314	0.215247869492	0.409132003784	0.244086027145	0.291472196579	0.244113922119	0.198173999786	0.199096918106	0.178438186646	0.300509929657	0.248533010483	0.205238103867	0.205091953278	0.195028066635	0.31232714653	0.263672113419	0.260271072388	0.27822303772	0.224759101868	0.202383995056	0.305631875992	0.196594953537	0.244770050049	0.298269033432	0.244484186172	0.176723957062	0.166437864304	0.236984968185	
['./treeMaker/main', '-m', '-c', '1']
0.203603029251	0.302201986313	0.233659029007	0.204941987991	0.27335691452	0.211204051971	0.180507898331	0.269666910172	0.224416971207	0.198199987411	0.210544109344	0.159322023392	0.202726840973	0.233331203461	0.215069055557	0.264761924744	0.195050954819	0.236474990845	0.246387004852	0.209552049637	0.25511097908	0.22581911087	0.279701948166	0.234449863434	0.415472984314	0.246445894241	0.283453941345	0.230043888092	0.191880941391	0.186045885086	0.182665109634	0.336611032486	0.27735710144	0.207164049149	0.220669984818	0.211913824081	0.319617033005	0.261963844299	0.257215976715	0.270799160004	0.200367212296	0.183832883835	0.30348610878	0.195333003998	0.256503105164	0.275150775909	0.225841999054	0.174066066742	0.164288043976	0.220726013184	
['./treeMaker/main', '-m', '-c', '2']
0.200849056244	0.296149015427	0.234417200089	0.193628072739	0.276801109314	0.225461006165	0.194377183914	0.281716108322	0.22371506691	0.184858083725	0.206960916519	0.150405168533	0.207976818085	0.230396986008	0.21966791153	0.253518104553	0.188919782639	0.238280057907	0.266228914261	0.220567941666	0.2415599823	0.217003107071	0.26460313797	0.236707925797	0.381941080093	0.25327706337	0.283696889877	0.236470937729	0.202684879303	0.18329000473	0.187329053879	0.306735992432	0.252279996872	0.195468187332	0.207159042358	0.192366123199	0.322911977768	0.251903057098	0.245887994766	0.264553785324	0.208540916443	0.191679000854	0.290832042694	0.187791109085	0.238175868988	0.293077945709	0.240257024765	0.174100875854	0.164063930511	0.224452972412	
['./treeMaker/main', '-m', '-a', '1']
0.231068134308	0.30673289299	0.244765996933	0.224452972412	0.317609071732	0.237730979919	0.212985992432	0.320225000381	0.261158227921	0.207859992981	0.240211009979	0.174839019775	0.213320970535	0.249117136002	0.228991985321	0.28292798996	0.224463939667	0.264502048492	0.278578042984	0.236311912537	0.260389089584	0.248514175415	0.311161994934	0.243057012558	0.423521995544	0.26525592804	0.30087685585	0.246335029602	0.209131002426	0.216480970383	0.20604801178	0.310791015625	0.282731056213	0.226580142975	0.236855983734	0.21307516098	0.313074827194	0.263466119766	0.255085945129	0.300774097443	0.230864048004	0.221038103104	0.307806968689	0.207570075989	0.273983001709	0.310106992722	0.243796110153	0.18873500824	0.182073116302	0.242672920227	
['./treeMaker/main', '-m', '-a', '2']
0.19303894043	0.277246952057	0.228009939194	0.196766853333	0.29324889183	0.209253072739	0.182486057281	0.296561956406	0.228992938995	0.183459043503	0.222800016403	0.156077861786	0.201298952103	0.219872951508	0.211272001266	0.278378009796	0.186419010162	0.235313177109	0.246828079224	0.219040870667	0.245798110962	0.233356952667	0.281299114227	0.227570056915	0.386492013931	0.248045921326	0.282499074936	0.227159023285	0.204040050507	0.180192947388	0.177428007126	0.30958199501	0.248153924942	0.196236133575	0.20418715477	0.193567037582	0.316268920898	0.24453997612	0.245928049088	0.26504611969	0.199152946472	0.199728012085	0.29626584053	0.17588186264	0.238456010818	0.290229082108	0.222551107407	0.171713829041	0.187830924988	0.224776029587	
