25_2500_4.9e-10_4.9e-10_470000000
25
2500
4.9e-10
4.9e-10
470000000

['./treeMaker/main']
0.448394775391	0.855875968933	0.568426847458	0.390758037567	0.919375181198	0.450229883194	0.367518901825	0.807584047318	0.562345981598	0.368643045425	0.516305923462	0.220881938934	0.383368968964	0.522670984268	0.535037994385	0.752212047577	0.369965076447	0.515856981277	0.654179811478	0.523463010788	0.727201938629	0.53301692009	0.884865999222	0.547902822495	1.82922196388	0.617249965668	0.899970054626	0.620579957962	0.386054992676	0.36311507225	0.299929141998	1.10050201416	0.674105882645	0.391299009323	0.446166038513	0.357810974121	1.08671188354	0.626044034958	0.654423952103	0.759380102158	0.421100139618	0.366322994232	0.983568906784	0.328579187393	0.695058822632	0.915663957596	0.564270973206	0.294682025909	0.287481784821	0.550377130508	
['./treeMaker/main', '-b']
0.448126077652	0.981585025787	0.579576015472	0.39320898056	0.859014987946	0.495232105255	0.354312896729	0.880405902863	0.580166101456	0.381625890732	0.527192831039	0.227751016617	0.41799902916	0.530852079391	0.504241943359	0.790192127228	0.402497053146	0.563376903534	0.634536027908	0.4805560112	0.767507076263	0.563617944717	0.823163986206	0.564191102982	1.83466100693	0.597975969315	0.853893995285	0.620494842529	0.394408941269	0.358409881592	0.341205120087	1.13065099716	0.697595834732	0.380424022675	0.435671806335	0.368222951889	1.13024997711	0.66742181778	0.663160800934	0.711982965469	0.429269075394	0.397727012634	0.903519153595	0.333362102509	0.663213014603	0.924860954285	0.570856809616	0.323226928711	0.299611091614	0.536961078644	
['./treeMaker/main', '-u']
0.423863887787	0.934031009674	0.566937923431	0.377161979675	0.819936990738	0.456529855728	0.379262924194	0.892023086548	0.556348085403	0.381025075912	0.469747066498	0.228561162949	0.380851984024	0.569504976273	0.494434118271	0.704002141953	0.39192700386	0.566168069839	0.639873981476	0.464368104935	0.731809139252	0.500380039215	0.87997508049	0.540021181107	1.86440396309	0.550940990448	0.809247016907	0.627529144287	0.404223918915	0.359737873077	0.297260046005	1.08413696289	0.610612154007	0.359942913055	0.4348051548	0.356384992599	1.07093715668	0.644787073135	0.660555839539	0.710578918457	0.449184179306	0.367929935455	0.983412981033	0.372262001038	0.635329008102	0.858495950699	0.528132200241	0.315361022949	0.307405233383	0.508653879166	
['./treeMaker/main', '-t', '-r', '1']
4.89611887932	8.81828594208	5.67006707191	4.39247202873	8.11589813232	5.16043901443	4.25455403328	8.87653207779	6.21199917793	4.1947350502	5.30069708824	2.77083897591	4.44561100006	6.03650093079	5.62364077568	7.89753699303	4.25839591026	5.70409798622	6.44133996964	5.42829704285	7.53252005577	5.96383905411	8.19308185577	5.68125200272	13.8593380451	6.24376702309	8.68211913109	6.63136506081	4.29846692085	4.07448101044	3.70371103287	10.0454969406	6.86859297752	4.35881590843	4.83808994293	3.90844607353	10.5200810432	6.64260911942	6.72749304771	7.40803098679	5.01873803139	4.23512196541	9.37852692604	3.93192100525	7.15658402443	8.48636817932	5.47898483276	3.56668996811	3.44287490845	5.63137102127	
['./treeMaker/main', '-t', '-r', '2']
8.86082005501	15.2820260525	10.4388570786	7.89736890793	15.8642480373	9.71788191795	7.08070397377	14.7431969643	11.2465889454	6.99252104759	10.093173027	4.78687095642	8.60983300209	10.3163719177	9.72288799286	12.7855930328	8.30917000771	10.5382299423	12.1447029114	9.63566303253	13.3957118988	10.3138840199	15.7463929653	10.238820076	30.4757170677	10.8820929527	15.1403121948	10.9160749912	7.51020503044	6.96596503258	6.17488002777	18.1449289322	12.1943640709	7.58805799484	8.84076714516	7.82957792282	16.5848550797	11.2191128731	11.3209478855	13.4013309479	8.2153441906	7.91344308853	15.4200398922	7.22363591194	12.7798759937	15.8327431679	11.126636982	6.21990299225	5.96447181702	10.9392299652	
['./treeMaker/main', '-t', '-r', '1', '-N']
4.88682794571	8.81023383141	5.74417495728	4.34233188629	8.126101017	5.13515496254	4.21683216095	8.73987102509	6.21288514137	4.21730113029	5.30379986763	2.75856208801	4.41652798653	6.19536781311	5.5578930378	7.9719979763	4.27727413177	5.74415397644	6.68603515625	5.41954183578	7.77020597458	5.78748488426	8.2835650444	5.7294178009	14.0141530037	6.2706990242	8.67348217964	6.4445939064	4.27033495903	4.08691716194	3.73039889336	10.0636069775	6.84155797958	4.40388703346	4.84823703766	3.88605713844	10.5806920528	6.72400999069	6.88335514069	7.42593312263	4.9962439537	4.23681902885	9.31916499138	3.98157787323	7.15590906143	8.58936715126	5.56960916519	3.57774090767	3.4582259655	5.56821203232	
['./treeMaker/main', '-t', '-r', '2', '-N']
8.82547307014	15.2716140747	10.31914711	7.86510801315	15.6429450512	9.56501793861	7.02103495598	14.5418119431	11.1624879837	7.1647939682	10.0411720276	4.6250128746	8.78936004639	10.376376152	10.0499489307	12.8136639595	8.43020606041	10.7028770447	12.1704359055	9.62249708176	13.24644804	10.2593510151	15.5776081085	10.2329719067	30.3103489876	10.8851308823	14.7327740192	10.8323938847	7.7392680645	6.97606801987	6.19976902008	18.1501731873	12.1494212151	7.64177489281	8.86565899849	7.94558215141	16.766149044	11.6443929672	11.6622340679	13.440926075	8.3442709446	7.92340183258	15.5500299931	6.91595101357	12.9479429722	15.9760119915	11.1336891651	6.21933293343	6.15750598907	10.8034691811	
['./treeMaker/main', '-m']
0.222556114197	0.310542106628	0.250295877457	0.206646203995	0.2892370224	0.219617128372	0.184561014175	0.29612493515	0.233520030975	0.18655705452	0.222666025162	0.178358078003	0.213793039322	0.228869915009	0.238730192184	0.270969152451	0.194780111313	0.236768960953	0.270135879517	0.243155002594	0.278618812561	0.254889011383	0.304167032242	0.242317914963	0.449344873428	0.258764982224	0.290500879288	0.243954896927	0.189048051834	0.197077989578	0.192748069763	0.337280035019	0.259808063507	0.200445890427	0.216907024384	0.199178934097	0.321083068848	0.253697872162	0.254822015762	0.27851319313	0.210502147675	0.211508989334	0.287873983383	0.202803134918	0.263854026794	0.290471792221	0.248206853867	0.170129060745	0.18320608139	0.243412971497	
['./treeMaker/main', '-m', '-b']
0.227607011795	0.318390846252	0.243226051331	0.20591211319	0.337116956711	0.249778032303	0.19415307045	0.311037063599	0.247439861298	0.215930938721	0.238790988922	0.163670063019	0.218002080917	0.256831884384	0.234932899475	0.287770986557	0.238960981369	0.252686023712	0.278605937958	0.261101961136	0.298054933548	0.252120018005	0.337244033813	0.248042821884	0.507954120636	0.264989852905	0.310335874557	0.250636100769	0.211071014404	0.205606937408	0.181600093842	0.353950023651	0.278240919113	0.204408168793	0.234256982803	0.215463161469	0.354619979858	0.273242950439	0.274491071701	0.285863876343	0.235002994537	0.23086810112	0.324182987213	0.19077706337	0.283354043961	0.330523967743	0.268243074417	0.190655946732	0.18686413765	0.260607004166	
['./treeMaker/main', '-m', '-w', '1']
0.21949005127	0.313681125641	0.253571987152	0.204697132111	0.31823515892	0.238991975784	0.206585168839	0.307343959808	0.259449005127	0.199065923691	0.25456905365	0.156649827957	0.220730066299	0.246916055679	0.220921993256	0.275691986084	0.204264163971	0.25164604187	0.271703958511	0.23095703125	0.279726028442	0.237452030182	0.297869920731	0.226141929626	0.457385778427	0.246970891953	0.290019035339	0.262779951096	0.213778972626	0.199538946152	0.181426048279	0.326190948486	0.261159181595	0.200993776321	0.216634988785	0.199975967407	0.32288312912	0.263279914856	0.254938840866	0.268393039703	0.227291107178	0.206336021423	0.31147313118	0.201920032501	0.278545856476	0.315276861191	0.243098020554	0.172801971436	0.185904026031	0.234483957291	
['./treeMaker/main', '-m', '-w', '2']
0.208292961121	0.30354809761	0.233854055405	0.21852016449	0.310892820358	0.241234779358	0.196702003479	0.284267902374	0.249078035355	0.189836978912	0.242079973221	0.168699026108	0.219443082809	0.253757953644	0.239804029465	0.276849985123	0.197678804398	0.22811293602	0.252668142319	0.233309030533	0.284996032715	0.239951848984	0.314787864685	0.224408149719	0.458757162094	0.243287086487	0.28214597702	0.247736930847	0.20228099823	0.18591594696	0.193998098373	0.332262039185	0.263921022415	0.203294992447	0.208274841309	0.213224887848	0.333945035934	0.25054192543	0.248959064484	0.271598100662	0.210732936859	0.221575975418	0.305345058441	0.192656040192	0.267811059952	0.312045097351	0.23716211319	0.193785905838	0.191476821899	0.235285997391	
['./treeMaker/main', '-m', '-c', '1']
0.212727069855	0.291551828384	0.249657869339	0.227689027786	0.287924051285	0.225977897644	0.184921979904	0.27827000618	0.255568027496	0.188508987427	0.224627017975	0.159528970718	0.216140985489	0.243276119232	0.231320142746	0.28687787056	0.218683958054	0.237118959427	0.274479150772	0.222097873688	0.284579992294	0.23484992981	0.299139022827	0.227588891983	0.452334880829	0.234339952469	0.288522958755	0.236749887466	0.193839073181	0.20307302475	0.183337926865	0.331774950027	0.26797413826	0.24197101593	0.22271490097	0.207277059555	0.333101987839	0.242195129395	0.244912862778	0.269302129745	0.203978061676	0.193144083023	0.303617954254	0.185732841492	0.273833036423	0.305481910706	0.245559930801	0.177468061447	0.185536146164	0.239912033081	
['./treeMaker/main', '-m', '-c', '2']
0.216810941696	0.326953172684	0.236593008041	0.200045108795	0.308161973953	0.224182844162	0.195068836212	0.289999961853	0.249919891357	0.185266971588	0.234215974808	0.167059183121	0.214555025101	0.243098974228	0.232722997665	0.273334026337	0.192682027817	0.238409042358	0.249814033508	0.237864017487	0.272379159927	0.224040031433	0.304865121841	0.223321914673	0.447793960571	0.259505987167	0.293293952942	0.257375001907	0.200424909592	0.202383995056	0.181316137314	0.322335958481	0.270431995392	0.197932958603	0.225914955139	0.220174789429	0.320060014725	0.253051996231	0.257120847702	0.292101860046	0.21296620369	0.216295003891	0.318730115891	0.204376935959	0.263421058655	0.308578968048	0.233445167542	0.178487062454	0.16658616066	0.245965003967	
['./treeMaker/main', '-m', '-a', '1']
0.242681026459	0.319012880325	0.264216899872	0.226336956024	0.312738180161	0.259548187256	0.226660013199	0.33113193512	0.276289224625	0.208734035492	0.253304958344	0.178561925888	0.240370035172	0.271681070328	0.253309011459	0.291275024414	0.215105056763	0.272336006165	0.295794963837	0.251914978027	0.272473812103	0.257891893387	0.324373960495	0.266000986099	0.47745013237	0.270783901215	0.308645009995	0.272397994995	0.210742950439	0.212625026703	0.193913936615	0.326000928879	0.270524024963	0.213510990143	0.240469932556	0.232990026474	0.322477817535	0.271568059921	0.280554056168	0.28809094429	0.245704889297	0.22870516777	0.306496858597	0.212584972382	0.294199943542	0.323178052902	0.267888069153	0.192575931549	0.188840866089	0.273092985153	
['./treeMaker/main', '-m', '-a', '2']
0.217110872269	0.30770111084	0.250926017761	0.203317165375	0.305017948151	0.216928005219	0.187391996384	0.310750961304	0.233692884445	0.212826967239	0.23593211174	0.160314083099	0.225063085556	0.229419946671	0.221630096436	0.283192873001	0.211858987808	0.228958845139	0.267117977142	0.230751037598	0.257011890411	0.238775014877	0.310815095901	0.234718084335	0.447703123093	0.238003969193	0.298377990723	0.234427928925	0.20109796524	0.181440830231	0.181836128235	0.32908987999	0.264976978302	0.201236963272	0.206403970718	0.224188089371	0.320923805237	0.254082918167	0.256749868393	0.290175914764	0.22207403183	0.212594985962	0.322057008743	0.182036876678	0.248891830444	0.303503036499	0.231885910034	0.179177045822	0.179881811142	0.241374015808	
