35_1000_4.9e-10_4.9e-10_470000000
35
1000
4.9e-10
4.9e-10
470000000

['./treeMaker/main']
0.257158994675	0.192703962326	0.285717010498	0.259353160858	0.264216899872	0.191998958588	0.222163200378	0.416868925095	0.23465180397	0.386877059937	0.326962947845	0.258619785309	0.412709951401	0.177906036377	0.23141503334	0.227906942368	0.466861009598	0.286450147629	0.48256278038	0.286953926086	0.501339912415	0.247575044632	0.292056083679	0.387070894241	0.237604141235	0.193007946014	0.341971874237	0.26201415062	0.192844152451	0.238222122192	0.294533967972	0.279762983322	0.694887161255	0.236214876175	0.464668035507	0.288993120193	0.180490016937	0.262764930725	0.27742600441	0.19402384758	0.268668889999	0.299796104431	0.32941699028	0.294074058533	0.346329927444	0.327605009079	0.229289054871	0.17402100563	0.240395069122	0.184199094772	
['./treeMaker/main', '-b']
0.29269695282	0.198351860046	0.279196977615	0.279841899872	0.27651309967	0.198328018188	0.249649047852	0.440306186676	0.247059106827	0.382654905319	0.381672143936	0.284399986267	0.425570964813	0.182521104813	0.245804071426	0.23984503746	0.47668504715	0.292803049088	0.504695892334	0.313126087189	0.509792089462	0.252061843872	0.323728084564	0.390058994293	0.223629951477	0.196676015854	0.368227958679	0.273866176605	0.218192100525	0.244709968567	0.308576822281	0.303416013718	0.677297830582	0.257087945938	0.486975908279	0.289546966553	0.171329021454	0.246319055557	0.285434007645	0.202328205109	0.279224872589	0.321477890015	0.346748113632	0.313508033752	0.372947216034	0.342302083969	0.25519490242	0.173136949539	0.240401029587	0.196263790131	
['./treeMaker/main', '-u']
0.299118995667	0.192376852036	0.276032924652	0.251727104187	0.276766061783	0.195597887039	0.238456964493	0.464522123337	0.255760192871	0.408103942871	0.331274986267	0.25655412674	0.446475982666	0.182774782181	0.225250005722	0.246116161346	0.475795984268	0.2813539505	0.484211921692	0.303889036179	0.497565984726	0.24985909462	0.28736114502	0.386056900024	0.220218896866	0.200706005096	0.337553024292	0.287484169006	0.213070869446	0.254971027374	0.324510097504	0.279505968094	0.627279043198	0.237471818924	0.486595869064	0.263317108154	0.162225961685	0.240751028061	0.25115609169	0.200459957123	0.26563000679	0.304270982742	0.301115989685	0.276391029358	0.323064088821	0.297577142715	0.229084968567	0.174036979675	0.213644981384	0.185805082321	
['./treeMaker/main', '-t', '-r', '1']
4.45921707153	3.29362988472	4.62249588966	4.45269083977	5.0247490406	3.36365103722	4.15355110168	6.71530890465	4.32045602798	6.04092812538	5.57197713852	4.20292496681	7.05114293098	3.09286808968	3.87267184258	4.14819407463	8.00477194786	4.93635201454	7.88175797462	5.08300590515	7.94915008545	3.61736512184	5.30642199516	6.11250185966	4.10173511505	3.00765800476	6.16658210754	4.83962702751	3.45289182663	4.08684897423	5.19429016113	5.01406502724	9.0243241787	4.20073008537	8.16363310814	4.92019701004	2.84224510193	4.26447319984	4.28213906288	3.48494195938	4.30085110664	5.20486593246	5.56421208382	5.12481093407	6.18431305885	5.61858701706	4.15147900581	3.02298998833	3.94128489494	2.99797511101	
['./treeMaker/main', '-t', '-r', '2']
8.75932002068	5.6784799099	8.65474510193	8.16817188263	8.63666009903	6.22320985794	6.79221892357	13.9746809006	7.3295481205	11.7723510265	11.8177349567	8.53189992905	13.327050209	5.43400788307	7.36142897606	7.30259585381	14.3973758221	9.04058980942	13.5122539997	9.95054101944	16.1377589703	7.74361610413	9.27138876915	12.6427850723	6.58546996117	6.20475792885	10.1633820534	8.274477005	6.24868583679	7.69440698624	9.73222112656	9.04294109344	19.2979099751	7.62003707886	15.5130050182	8.48102998734	4.92132091522	7.81166505814	7.93200802803	6.1160929203	7.89531207085	8.62905311584	9.67614603043	8.64014911652	10.6121141911	9.51114010811	7.39021992683	5.35455608368	6.91584300995	5.95796513557	
['./treeMaker/main', '-t', '-r', '1', '-N']
4.50430607796	3.30006504059	4.7285759449	4.45885014534	4.95552015305	3.32377290726	4.04890108109	6.79691100121	4.28444194794	6.21669197083	5.61126089096	4.18653798103	7.18595385551	3.03110599518	4.07034492493	4.17203402519	7.89654517174	4.94739580154	7.9018239975	5.04315686226	7.82933998108	3.547508955	5.21115899086	6.17297792435	4.03361296654	3.04756903648	6.040350914	4.94878697395	3.38149785995	4.05953502655	5.17770886421	4.93749499321	9.15576100349	4.25710701942	8.46831011772	4.84775400162	2.85128712654	4.24561500549	4.31548094749	3.55964183807	4.26199293137	5.3095600605	5.64771914482	5.00696706772	6.21948814392	5.84014105797	4.16309404373	2.94586205482	3.9729180336	3.02305412292	
['./treeMaker/main', '-t', '-r', '2', '-N']
8.74734711647	5.93523001671	8.88618302345	8.2870221138	8.75200819969	6.4609041214	6.88739085197	14.0056169033	7.53033280373	11.840323925	11.8081490993	8.56978797913	13.4252440929	5.50179505348	7.24805402756	7.1982960701	14.4153540134	9.28404712677	13.4292550087	9.82722902298	16.1613650322	7.8619248867	9.46013092995	12.6910479069	6.58575510979	6.09686589241	10.2318048477	8.38775706291	6.23136496544	7.96748781204	9.74691414833	8.92418408394	19.5680270195	7.69271302223	15.4137990475	8.5454621315	4.87041497231	7.5697889328	8.00344800949	6.16294384003	7.94064593315	8.78655910492	9.69462490082	8.71623492241	10.6934289932	9.56624484062	7.32604598999	5.35000610352	6.87324118614	5.8173828125	
['./treeMaker/main', '-m']
0.158049106598	0.126456975937	0.156437158585	0.149542093277	0.153605222702	0.136600017548	0.137500047684	0.21456694603	0.160145044327	0.199949026108	0.188839912415	0.167260885239	0.20158290863	0.120473861694	0.138826131821	0.149045944214	0.217535972595	0.17292714119	0.230520963669	0.169183969498	0.246745824814	0.16254401207	0.170054912567	0.206481933594	0.137653112411	0.135945796967	0.185478925705	0.14789390564	0.12792301178	0.160602092743	0.176936149597	0.160499811172	0.290349960327	0.143147945404	0.231915950775	0.156018972397	0.117551088333	0.148756027222	0.155367851257	0.143357038498	0.152163982391	0.183630943298	0.171241998672	0.169080972672	0.204134941101	0.170478105545	0.143666028976	0.118731021881	0.138962984085	0.135096788406	
['./treeMaker/main', '-m', '-b']
0.182614088058	0.144743919373	0.166083812714	0.176418066025	0.165094137192	0.139321088791	0.150813102722	0.238800048828	0.157082080841	0.220237970352	0.228858947754	0.177421808243	0.234937906265	0.133266925812	0.17711687088	0.162464857101	0.24200296402	0.172768831253	0.227988958359	0.185628890991	0.265974998474	0.163583040237	0.183231115341	0.225219011307	0.143976926804	0.150594949722	0.189284086227	0.170465946198	0.146105051041	0.167587041855	0.183115005493	0.166460037231	0.294989824295	0.151171207428	0.255868911743	0.167875051498	0.127517223358	0.165688991547	0.172515869141	0.140572071075	0.160928964615	0.170274972916	0.182498931885	0.169850111008	0.201834917068	0.180078983307	0.163831949234	0.14275598526	0.143970966339	0.141683101654	
['./treeMaker/main', '-m', '-w', '1']
0.175727128983	0.124997138977	0.166829824448	0.149833917618	0.153461933136	0.131075143814	0.139508008957	0.206974983215	0.144860982895	0.192821025848	0.183860063553	0.156064987183	0.198145866394	0.12001490593	0.13858795166	0.153772830963	0.2276699543	0.161938905716	0.226117134094	0.175580978394	0.237528085709	0.174571037292	0.172395944595	0.207617998123	0.135715007782	0.158691167831	0.177738189697	0.150366067886	0.129552125931	0.1467628479	0.171922922134	0.159581899643	0.294407129288	0.144841909409	0.249313116074	0.154226064682	0.112874984741	0.155367136002	0.152411937714	0.130832910538	0.154221057892	0.158132076263	0.179996967316	0.170953989029	0.188994169235	0.187613010406	0.154857158661	0.139075994492	0.143999099731	0.129715204239	
['./treeMaker/main', '-m', '-w', '2']
0.157570838928	0.138533115387	0.165936946869	0.162990093231	0.16530585289	0.135234832764	0.153944015503	0.220043182373	0.150043964386	0.196444988251	0.199072122574	0.168390035629	0.200984954834	0.126855134964	0.140568971634	0.156831026077	0.237324953079	0.161288022995	0.214663028717	0.180166006088	0.253216028214	0.154064893723	0.160425901413	0.195610046387	0.159162998199	0.136168956757	0.19371008873	0.16348695755	0.132303953171	0.159784793854	0.168966054916	0.157515048981	0.292518854141	0.145771980286	0.246489048004	0.173331022263	0.117355108261	0.147572040558	0.173162937164	0.13564991951	0.167643070221	0.174185991287	0.180255889893	0.174841880798	0.192166090012	0.173401117325	0.151164054871	0.124620199203	0.140449047089	0.130738973618	
['./treeMaker/main', '-m', '-c', '1']
0.154330015182	0.13068985939	0.17471408844	0.170003890991	0.154376983643	0.126770973206	0.136935949326	0.223052978516	0.142940998077	0.194221973419	0.195093870163	0.154367923737	0.196613788605	0.120544910431	0.148089885712	0.156207084656	0.24375295639	0.178107976913	0.253565788269	0.181887865067	0.261445045471	0.168962001801	0.180667877197	0.202600002289	0.154753923416	0.143102884293	0.175411939621	0.149839162827	0.13215303421	0.146097898483	0.172515153885	0.161594867706	0.276082038879	0.147953987122	0.247673034668	0.159860134125	0.116985082626	0.15115404129	0.152562856674	0.133676052094	0.153253078461	0.164416074753	0.170974969864	0.159627914429	0.189362049103	0.167203903198	0.148175001144	0.122980117798	0.135854005814	0.124377965927	
['./treeMaker/main', '-m', '-c', '2']
0.156167984009	0.126897096634	0.174429178238	0.151911973953	0.162222146988	0.14867401123	0.156991958618	0.208270072937	0.151207923889	0.212928056717	0.192912101746	0.162926912308	0.206871986389	0.121322870255	0.140452861786	0.140397787094	0.218856096268	0.16682100296	0.229413986206	0.168698072433	0.242277145386	0.159018039703	0.167575836182	0.203949928284	0.139866828918	0.151165962219	0.175346136093	0.150908946991	0.134077072144	0.148818016052	0.1752140522	0.163130998611	0.275569915771	0.146375894547	0.248903989792	0.161138057709	0.116059064865	0.152422904968	0.152961969376	0.134871959686	0.156601905823	0.164540052414	0.169600009918	0.161437034607	0.180866956711	0.167831897736	0.145101070404	0.120518922806	0.13675904274	0.129534959793	
['./treeMaker/main', '-m', '-a', '1']
0.191197156906	0.14541220665	0.176171064377	0.167980909348	0.169874191284	0.146420001984	0.157389879227	0.254090070724	0.17050909996	0.213604927063	0.202857017517	0.173192977905	0.225374937057	0.15625	0.15962100029	0.157126903534	0.245338916779	0.192433834076	0.242691993713	0.200464963913	0.258685827255	0.190489053726	0.183579921722	0.225328922272	0.159283161163	0.15299987793	0.191675901413	0.188219070435	0.152564048767	0.177791118622	0.210901975632	0.192364931107	0.295682907104	0.158803939819	0.263669013977	0.172335863113	0.132969856262	0.17143201828	0.194302797318	0.155181884766	0.171058177948	0.179500102997	0.185117006302	0.183953046799	0.195633888245	0.203057050705	0.162053108215	0.137438058853	0.152238130569	0.150237083435	
['./treeMaker/main', '-m', '-a', '2']
0.164408922195	0.14159488678	0.171664953232	0.168552160263	0.160867929459	0.131034135818	0.145091056824	0.228631019592	0.148375988007	0.214601039886	0.187045097351	0.179881095886	0.199979066849	0.12370800972	0.146228075027	0.146581888199	0.242082834244	0.164672136307	0.228456020355	0.175940990448	0.242075920105	0.171426057816	0.170716047287	0.216421127319	0.137090921402	0.141859054565	0.183095932007	0.165143013	0.134322881699	0.152361869812	0.172209024429	0.169016838074	0.286156892776	0.151591062546	0.230407953262	0.162510871887	0.116353034973	0.155313968658	0.153174161911	0.136131048203	0.169559001923	0.161751031876	0.179032087326	0.181298971176	0.182945966721	0.173741817474	0.145967006683	0.122181892395	0.140311956406	0.128704071045	
