35_1000_4.9e-10_4.9e-10_470000000
35
1000
4.9e-10
4.9e-10
470000000

['./treeMaker/main']
0.255877971649	0.187903165817	0.2644739151	0.252718925476	0.265413045883	0.188191890717	0.211207151413	0.43412899971	0.239368915558	0.355737924576	0.307726860046	0.23841714859	0.411718130112	0.174772024155	0.21607208252	0.221389055252	0.451903104782	0.266004800797	0.478093147278	0.301286935806	0.494492053986	0.229150056839	0.308595895767	0.380159139633	0.228658914566	0.186044931412	0.324816942215	0.254955053329	0.195144891739	0.24692606926	0.307729959488	0.259313106537	0.591123104095	0.221402168274	0.457895994186	0.248290061951	0.163105010986	0.231443166733	0.260432004929	0.211716175079	0.252785921097	0.278025150299	0.298768043518	0.273399829865	0.335251092911	0.318131923676	0.228968143463	0.170402050018	0.204893827438	0.192514896393	
['./treeMaker/main', '-b']
0.254455089569	0.194814920425	0.289672136307	0.258600950241	0.267251968384	0.191765069962	0.229230880737	0.445683956146	0.254935979843	0.363189935684	0.362025022507	0.254448890686	0.415089845657	0.17809510231	0.233737945557	0.237161874771	0.514163970947	0.299355983734	0.457248926163	0.318039894104	0.509609937668	0.236380815506	0.297138929367	0.377667188644	0.242016077042	0.187240123749	0.352375030518	0.289332866669	0.199975013733	0.260486841202	0.32275891304	0.276282787323	0.611449956894	0.229806900024	0.493866920471	0.263126134872	0.184972047806	0.250463008881	0.262005805969	0.194944858551	0.250047922134	0.290020942688	0.314231157303	0.295147895813	0.36064696312	0.312469005585	0.22763800621	0.192718982697	0.211342096329	0.183322906494	
['./treeMaker/main', '-u']
0.251326084137	0.189147949219	0.253182888031	0.264034986496	0.265921831131	0.207768917084	0.234250068665	0.409565925598	0.23335981369	0.358438968658	0.312996864319	0.255535125732	0.402860164642	0.177412986755	0.226716995239	0.220295906067	0.482199907303	0.267746925354	0.423156023026	0.301990032196	0.482232093811	0.246737003326	0.304871797562	0.402740955353	0.220309019089	0.192181110382	0.326997041702	0.257958173752	0.192372083664	0.254127979279	0.319600820541	0.270807981491	0.606620788574	0.230502843857	0.45557308197	0.267111063004	0.177854061127	0.259557008743	0.271821975708	0.193911790848	0.240329027176	0.296807050705	0.32498216629	0.288068056107	0.31197309494	0.286382198334	0.247517108917	0.185601949692	0.206232070923	0.176917076111	
['./treeMaker/main', '-t', '-r', '1']
4.71702408791	3.43528294563	4.95547890663	4.64977002144	5.31862998009	3.54034590721	4.1129181385	6.88635420799	4.32693815231	6.0372710228	5.87071800232	4.47259616852	7.3932390213	3.10798096657	4.0574669838	4.39813494682	8.13923311234	5.07225608826	8.12932896614	5.40189385414	8.26480603218	4.05852723122	5.4645781517	6.15050387383	4.17142486572	3.245677948	6.25610685349	5.30580091476	3.53211903572	4.13451194763	5.53453803062	5.37108421326	9.16438913345	4.38393497467	8.45164084435	4.88499403	3.02205300331	4.33611488342	4.51104807854	3.70191693306	4.38151693344	5.40222787857	5.80603694916	5.25702095032	6.17220497131	5.8883869648	4.2489759922	3.10041904449	4.10024595261	3.18240094185	
['./treeMaker/main', '-t', '-r', '2']
7.41694688797	5.317663908	7.49384617805	7.03756904602	7.98192715645	5.60698509216	6.19817209244	12.0439698696	6.66138696671	10.5859270096	9.88963603973	7.11325907707	12.5420260429	5.02518391609	6.66322112083	6.75779795647	13.6062481403	8.08557391167	12.0697479248	8.25199103355	14.2590208054	6.88356614113	8.22577595711	10.9770879745	6.120210886	5.36991596222	9.34554409981	7.70148491859	5.49541401863	6.94885587692	8.35558509827	8.03059506416	16.7628669739	6.74658584595	13.2887129784	7.37898015976	4.63200807571	6.84405422211	7.08542108536	5.49034285545	7.12218904495	7.77681803703	8.67642307281	7.90749311447	9.35540699959	8.45749306679	6.65440201759	4.8237490654	6.0966231823	5.08331108093	
['./treeMaker/main', '-t', '-r', '1', '-N']
4.63421297073	3.37883710861	4.81259489059	4.75814390182	5.19188904762	3.41142606735	4.21340703964	6.85760998726	4.34220290184	6.11326503754	5.80840706825	4.43475699425	7.18223595619	3.15485405922	4.05732083321	4.45189809799	8.08414387703	5.04300308228	8.11972689629	5.33349204063	8.14822411537	3.92856287956	5.41231298447	6.10351991653	4.15324687958	3.32534813881	6.35017204285	5.19403004646	3.50570416451	4.06804585457	5.59981489182	5.14582204819	9.19093203545	4.36517286301	8.60132598877	4.95204901695	3.06292009354	4.46143388748	4.58109998703	3.56539106369	4.49221801758	5.50890207291	5.75532007217	5.1781270504	6.24934387207	5.75937318802	4.23160910606	3.04926896095	4.04552292824	3.15197396278	
['./treeMaker/main', '-t', '-r', '2', '-N']
7.3857998848	5.59359192848	7.74084091187	7.40595579147	8.13126897812	5.7561841011	6.26715016365	12.4525611401	6.78787302971	10.4515628815	9.67314600945	7.18813586235	12.4396550655	4.97346997261	6.76011705399	6.69991803169	13.229393959	8.06521511078	12.0064129829	8.293653965	14.3439660072	6.89738917351	8.30700492859	11.0179748535	6.10872507095	5.29243612289	9.20058107376	7.68197512627	5.51163387299	6.9530980587	8.31111192703	7.97312188148	16.8483581543	6.75516319275	13.2966868877	7.27606582642	4.52632188797	6.65545797348	7.15971922874	5.5196352005	7.19753313065	7.84696793556	8.75200486183	8.17733192444	9.21948099136	8.28496098518	6.69952988625	4.77097392082	6.00330114365	4.95866703987	
['./treeMaker/main', '-m']
0.144651174545	0.121308088303	0.146428108215	0.13999414444	0.145849943161	0.142952919006	0.147951126099	0.194749832153	0.161420106888	0.187711000443	0.17153096199	0.150928974152	0.18913602829	0.115407943726	0.13232088089	0.135488033295	0.205748081207	0.161886930466	0.208778142929	0.162292003632	0.226115942001	0.150594949722	0.158108949661	0.183918952942	0.13034081459	0.144565820694	0.181118011475	0.144175052643	0.138391017914	0.138607978821	0.154138088226	0.148887872696	0.257972002029	0.148190975189	0.219213008881	0.153944015503	0.109935998917	0.139527082443	0.165851831436	0.136106967926	0.151618003845	0.163058996201	0.163206100464	0.156600952148	0.178940057755	0.166028022766	0.134160995483	0.123865127563	0.147494792938	0.126126050949	
['./treeMaker/main', '-m', '-b']
0.168251037598	0.14150094986	0.167903900146	0.160629987717	0.157962083817	0.131494998932	0.163044929504	0.221991062164	0.149914979935	0.208853960037	0.191203117371	0.152350187302	0.210329055786	0.125491142273	0.152313947678	0.144109964371	0.243568897247	0.160101890564	0.213541984558	0.168805122375	0.242560148239	0.150317907333	0.170583963394	0.208652019501	0.136835813522	0.145995855331	0.196377038956	0.163311004639	0.137075901031	0.158041954041	0.162066936493	0.155348062515	0.265861988068	0.15584397316	0.221354961395	0.174669981003	0.123013973236	0.156912088394	0.162230968475	0.129599094391	0.152557849884	0.176901102066	0.178327083588	0.171846151352	0.180539131165	0.16884303093	0.152803897858	0.119467020035	0.153345823288	0.131258964539	
['./treeMaker/main', '-m', '-w', '1']
0.148066043854	0.130441904068	0.166484117508	0.139477968216	0.168481111526	0.124659061432	0.142918109894	0.196712017059	0.137670993805	0.181943178177	0.166338205338	0.141784906387	0.189571857452	0.11546587944	0.132162809372	0.146051168442	0.209333896637	0.150815963745	0.210912942886	0.166424036026	0.238609075546	0.144988059998	0.161691188812	0.18280005455	0.131769895554	0.133260965347	0.164070129395	0.150215864182	0.120643854141	0.14169383049	0.162961959839	0.153263092041	0.266697883606	0.15845990181	0.206719875336	0.143825054169	0.12851190567	0.158076047897	0.142871856689	0.124382972717	0.15290594101	0.152563095093	0.185656070709	0.152196884155	0.165693044662	0.174432992935	0.145138978958	0.120261192322	0.136270046234	0.127329826355	
['./treeMaker/main', '-m', '-w', '2']
0.149962902069	0.133724927902	0.15909409523	0.152237892151	0.157660961151	0.142510890961	0.142934083939	0.209007978439	0.149020910263	0.186782121658	0.179509878159	0.153701066971	0.211673021317	0.127872943878	0.143852949142	0.145108938217	0.232366085052	0.157675027847	0.211098194122	0.181993961334	0.223500013351	0.142710924149	0.150033950806	0.184255123138	0.141085147858	0.12445306778	0.168756961823	0.15539598465	0.12099480629	0.143354177475	0.153939008713	0.147948980331	0.262430906296	0.149100065231	0.211303949356	0.154698848724	0.109559059143	0.156098842621	0.144048929214	0.124098062515	0.152407884598	0.168781042099	0.169986009598	0.156154155731	0.168271064758	0.173845052719	0.136301040649	0.116503953934	0.132354021072	0.136111021042	
['./treeMaker/main', '-m', '-c', '1']
0.155969142914	0.125340938568	0.148876905441	0.150484085083	0.143945932388	0.119509935379	0.130963087082	0.215330123901	0.13627409935	0.190402984619	0.184855937958	0.140393972397	0.188517808914	0.115537881851	0.144567966461	0.142503976822	0.254087209702	0.164139986038	0.237374782562	0.181318044662	0.230108976364	0.155958890915	0.168509960175	0.190282821655	0.149574995041	0.126834154129	0.166979074478	0.146468877792	0.121286153793	0.142238855362	0.157763004303	0.149669885635	0.250590801239	0.141415119171	0.217082977295	0.159723997116	0.11277794838	0.155601978302	0.164993047714	0.12703204155	0.163374900818	0.155729055405	0.158900022507	0.150182962418	0.171876907349	0.176763057709	0.1348528862	0.11528801918	0.125390052795	0.115631103516	
['./treeMaker/main', '-m', '-c', '2']
0.145170211792	0.121564149857	0.156710863113	0.140034914017	0.152885198593	0.135430812836	0.140362024307	0.218502998352	0.143784046173	0.184900045395	0.173092126846	0.148185014725	0.208186149597	0.117743015289	0.133990049362	0.136277198792	0.231467962265	0.157259941101	0.199284791946	0.156072854996	0.221080064774	0.147767066956	0.156462907791	0.189252138138	0.13490986824	0.125602006912	0.166007041931	0.164535999298	0.125408172607	0.140554904938	0.163187026978	0.15348815918	0.251731872559	0.140192985535	0.217099905014	0.150592803955	0.112682819366	0.155230045319	0.146087884903	0.129465103149	0.149334907532	0.169433116913	0.160097837448	0.153518915176	0.167550802231	0.158845186234	0.139853000641	0.115236997604	0.148287057877	0.120033025742	
['./treeMaker/main', '-m', '-a', '1']
0.161442995071	0.140582084656	0.164746999741	0.157083034515	0.163604974747	0.140040874481	0.149031877518	0.214776039124	0.170466899872	0.202692985535	0.183912038803	0.159539937973	0.213407993317	0.135221004486	0.152616977692	0.152014017105	0.243865013123	0.179083108902	0.238845825195	0.181677818298	0.251802921295	0.172232866287	0.174201011658	0.218204975128	0.154402971268	0.142795085907	0.181921005249	0.158538103104	0.141648054123	0.169713973999	0.177544116974	0.1667740345	0.29349899292	0.168342113495	0.221513986588	0.161478042603	0.127879858017	0.158746004105	0.15834903717	0.145051956177	0.181921005249	0.170897006989	0.173846960068	0.184278011322	0.182251930237	0.179870128632	0.152453184128	0.131143808365	0.143965005875	0.13793182373	
['./treeMaker/main', '-m', '-a', '2']
0.159548997879	0.130750894547	0.149039983749	0.150299072266	0.166655063629	0.144632816315	0.1379301548	0.19722700119	0.141635894775	0.19549202919	0.168963909149	0.160984992981	0.192009925842	0.134798049927	0.139810085297	0.151750087738	0.231256961823	0.173640966415	0.214405059814	0.175606966019	0.238463163376	0.144333839417	0.157100915909	0.184388160706	0.132359027863	0.127631187439	0.184762954712	0.153621196747	0.126808166504	0.155757904053	0.157818078995	0.154031038284	0.25985622406	0.144229888916	0.231381893158	0.164788007736	0.11263012886	0.154293060303	0.163721084595	0.128802061081	0.166821956635	0.155047178268	0.164944887161	0.154292106628	0.18653512001	0.176591873169	0.157011032104	0.117563962936	0.147614002228	0.137809038162	
