35_1000_4.9e-10_4.9e-10_470000000
35
1000
4.9e-10
4.9e-10
470000000

['./treeMaker/main']
0.252414941788	0.190317153931	0.256363868713	0.253906011581	0.264576911926	0.187860012054	0.215761899948	0.403341054916	0.2372610569	0.367764949799	0.335283994675	0.243510007858	0.404937028885	0.176733970642	0.217957019806	0.2258040905	0.461319208145	0.301580190659	0.455323219299	0.289752006531	0.53698015213	0.253363132477	0.280490875244	0.36532497406	0.227713823318	0.210598945618	0.32381606102	0.266975164413	0.194453001022	0.230573892593	0.281120061874	0.264966011047	0.602547168732	0.220437049866	0.449995994568	0.277348995209	0.159062147141	0.236977100372	0.264466047287	0.211338996887	0.24923491478	0.271578073502	0.320858001709	0.293524980545	0.319220066071	0.303421974182	0.22105717659	0.167891979218	0.210630893707	0.17413187027	
['./treeMaker/main', '-b']
0.25928902626	0.210960865021	0.268477916718	0.246308088303	0.301848173141	0.192564964294	0.218553066254	0.434069156647	0.238548994064	0.37842297554	0.357050895691	0.251443862915	0.477972984314	0.180072069168	0.243940114975	0.239486932755	0.520143032074	0.28612279892	0.483593940735	0.283812999725	0.479462146759	0.236567974091	0.289624929428	0.37792301178	0.248050928116	0.209949970245	0.327472925186	0.299988985062	0.193330049515	0.26192688942	0.294460058212	0.27157497406	0.679332971573	0.256122112274	0.460422992706	0.258150100708	0.168743133545	0.241105794907	0.256328105927	0.216912984848	0.272294044495	0.294327020645	0.308982849121	0.302154064178	0.329819917679	0.301557064056	0.246443986893	0.167927980423	0.215970993042	0.174331903458	
['./treeMaker/main', '-u']
0.255175113678	0.189564943314	0.259780883789	0.252851963043	0.261515140533	0.207290172577	0.216737031937	0.446408987045	0.234676122665	0.359050989151	0.352780818939	0.252504825592	0.426692008972	0.198345184326	0.246276140213	0.232301950455	0.512325048447	0.281638860703	0.470234155655	0.274626016617	0.517655134201	0.224498033524	0.279406070709	0.37498998642	0.227509975433	0.19303393364	0.345793962479	0.262301921844	0.190220117569	0.237841129303	0.286814928055	0.274716854095	0.676552772522	0.231878042221	0.482429027557	0.274122953415	0.161883115768	0.253783941269	0.266052007675	0.195582151413	0.247105836868	0.3080701828	0.294106006622	0.271615028381	0.315070867538	0.287988901138	0.224055051804	0.170608997345	0.206335067749	0.194300889969	
['./treeMaker/main', '-t', '-r', '1']
4.8592338562	3.41954708099	4.77721309662	4.7529258728	5.34810900688	3.57053804398	4.2963681221	6.99609398842	4.46681308746	6.15271878242	6.14069318771	4.77063703537	7.38911509514	3.26576519012	4.0705242157	4.43091702461	8.40682601929	5.22748994827	8.17435121536	5.64846897125	8.45112681389	4.28726220131	5.58822107315	6.37731289864	4.19239902496	3.43125104904	6.46875882149	5.36539196968	3.65359091759	4.11627411842	5.87552213669	5.15594291687	9.25634789467	4.63607001305	8.52755403519	4.99029707909	2.99495720863	4.489798069	4.68104195595	3.61665296555	4.62222290039	5.42683792114	5.75664305687	5.36421608925	6.35267114639	6.0128030777	4.46362495422	3.06978106499	4.12311792374	3.26600003242	
['./treeMaker/main', '-t', '-r', '2']
7.36709499359	5.25866103172	7.52779889107	7.11355209351	7.9634540081	5.6319630146	6.11430597305	11.9450750351	6.67176890373	10.3715338707	9.39299893379	6.88918590546	12.5399360657	5.04914999008	6.66224312782	6.94249010086	13.1072189808	8.28910398483	11.8823559284	7.97946405411	13.9779551029	6.36426591873	8.0017080307	10.9890420437	6.07478904724	5.28694486618	9.20943784714	7.71913695335	5.53139996529	6.9409430027	8.10304808617	7.8734228611	16.3615751266	6.97960400581	13.1354379654	7.16074299812	4.58329296112	6.77108192444	7.28128099442	5.44440603256	7.10058689117	7.93315196037	8.5276799202	7.90194988251	9.14922785759	8.32843899727	6.60731196404	4.82138895988	6.07526111603	4.74142384529	
['./treeMaker/main', '-t', '-r', '1', '-N']
4.79766392708	3.43048405647	4.72070193291	4.72296094894	5.28495693207	3.51156806946	4.22835302353	7.09177994728	4.35162210464	6.25461792946	6.12243390083	4.76566410065	7.28798604012	3.13296794891	4.16005897522	4.47894120216	8.44198799133	5.34213995934	8.11191797256	5.53342700005	8.33532691002	4.22283816338	5.52258110046	6.27318096161	4.15031099319	3.42740488052	6.33203196526	5.29849290848	3.68703603745	4.15240001678	5.59440779686	5.23103499413	9.33762001991	4.52967691422	8.73007297516	4.99482107162	2.9545340538	4.49925303459	4.71209192276	3.66205906868	4.51776599884	5.47236204147	5.84267997742	5.34782195091	6.37384200096	5.90027689934	4.31043195724	3.1939868927	4.17276215553	3.29163813591	
['./treeMaker/main', '-t', '-r', '2', '-N']
7.23517394066	5.34388709068	7.69701194763	7.24056816101	8.15457105637	5.67328095436	6.25977897644	12.4673280716	6.78088498116	10.5691449642	9.42399787903	6.8668820858	12.580728054	5.06534099579	6.57325792313	6.7837729454	13.2194280624	8.16729617119	11.8462369442	7.9601111412	14.0810649395	6.37617897987	8.04452204704	10.9114451408	6.26206707954	5.30612301826	9.27435302734	7.79486083984	5.50208902359	6.93319511414	8.20772600174	8.08227491379	16.4684898853	6.82371401787	13.0101919174	7.24103689194	4.51633000374	6.53160095215	7.26229906082	5.51128697395	7.15841603279	7.85670685768	8.56023216248	7.87167906761	9.28574299812	8.15546894073	6.50178289413	4.7830760479	6.08191299438	4.71675896645	
['./treeMaker/main', '-m']
0.147353887558	0.121304035187	0.147092819214	0.140471935272	0.147134780884	0.139585018158	0.13371515274	0.196794033051	0.144819974899	0.194567918777	0.170919895172	0.158074855804	0.215217113495	0.115606069565	0.132755041122	0.137990951538	0.211524963379	0.17289185524	0.212256908417	0.152536869049	0.21332192421	0.142856836319	0.16108584404	0.1939702034	0.131454944611	0.126007080078	0.17816400528	0.14441204071	0.121152162552	0.150377988815	0.156053066254	0.150213003159	0.270977973938	0.139220952988	0.226411819458	0.144783973694	0.112627029419	0.140938043594	0.143326997757	0.142826795578	0.144207954407	0.154438018799	0.16915512085	0.173588991165	0.166966915131	0.166997909546	0.13731098175	0.115789175034	0.129813909531	0.133830070496	
['./treeMaker/main', '-m', '-b']
0.163233995438	0.140938997269	0.15855717659	0.152171134949	0.157436847687	0.139791965485	0.140943050385	0.224810123444	0.162568807602	0.214575052261	0.189697027206	0.156298160553	0.215250015259	0.12667298317	0.145833015442	0.152215957642	0.225550889969	0.164500951767	0.220863103867	0.168486833572	0.231961965561	0.155961990356	0.176831007004	0.207905054092	0.156033039093	0.150729894638	0.206442832947	0.164705038071	0.139083147049	0.157707929611	0.187951087952	0.155682086945	0.262130975723	0.142949104309	0.233667135239	0.164580821991	0.124781847	0.156213998795	0.163203001022	0.153925180435	0.152865886688	0.162623882294	0.18247795105	0.161627054214	0.18479013443	0.167027950287	0.165196180344	0.13609290123	0.13374209404	0.130021095276	
['./treeMaker/main', '-m', '-w', '1']
0.152946949005	0.12131690979	0.158768892288	0.143691062927	0.147092103958	0.132691860199	0.134852170944	0.201967000961	0.138432025909	0.182108879089	0.165205955505	0.13965511322	0.191488027573	0.116398096085	0.132359027863	0.136044979095	0.212843894958	0.162897109985	0.213670015335	0.163301944733	0.213648080826	0.145143985748	0.165050983429	0.192905902863	0.133074045181	0.125699043274	0.186820030212	0.159231901169	0.120637893677	0.141324043274	0.153475999832	0.150679826736	0.251982927322	0.144258975983	0.220118999481	0.143313169479	0.111123085022	0.149376153946	0.14710688591	0.125591039658	0.161474227905	0.154778957367	0.159291982651	0.159871101379	0.165459156036	0.177546024323	0.146111011505	0.121026992798	0.135145187378	0.122786045074	
['./treeMaker/main', '-m', '-w', '2']
0.144640922546	0.144191980362	0.163133144379	0.153491973877	0.172885894775	0.142770051956	0.150030851364	0.212504148483	0.144236087799	0.186115026474	0.178510189056	0.149807929993	0.21590590477	0.127789974213	0.133709907532	0.143104076385	0.222147226334	0.165293931961	0.200378894806	0.176157951355	0.214736938477	0.137544870377	0.151534080505	0.182346820831	0.13423204422	0.1442091465	0.190138101578	0.143431901932	0.144132137299	0.14745092392	0.155740022659	0.150550127029	0.248428106308	0.155080080032	0.218055009842	0.149227142334	0.126497030258	0.139388084412	0.150441884995	0.125962018967	0.144514799118	0.159223079681	0.176213979721	0.163285017014	0.187594175339	0.163260936737	0.160372018814	0.130969047546	0.132809877396	0.119745969772	
['./treeMaker/main', '-m', '-c', '1']
0.143802881241	0.129841089249	0.152168989182	0.146488904953	0.168596029282	0.118667125702	0.13073682785	0.193086862564	0.141331911087	0.180848836899	0.185719013214	0.140948057175	0.189019918442	0.115252017975	0.134099006653	0.159059047699	0.230341911316	0.165306091309	0.210807085037	0.171159982681	0.230173110962	0.14986205101	0.17305803299	0.2215051651	0.141809940338	0.14390707016	0.178238868713	0.154023885727	0.125215053558	0.141811132431	0.162835121155	0.149907827377	0.248288869858	0.139723062515	0.209975004196	0.162041187286	0.11661696434	0.143516778946	0.153669834137	0.129451990128	0.160957098007	0.161615133286	0.177253961563	0.163238048553	0.180155992508	0.175354957581	0.148189067841	0.114445924759	0.145910024643	0.115261077881	
['./treeMaker/main', '-m', '-c', '2']
0.142176151276	0.122737884521	0.145921945572	0.162657976151	0.167458057404	0.125540971756	0.131963014603	0.215972185135	0.148144960403	0.190788030624	0.187547922134	0.144785881042	0.199507951736	0.118130922318	0.134751081467	0.136736154556	0.208266019821	0.159166097641	0.205997943878	0.152793884277	0.233374118805	0.139574050903	0.159106016159	0.189413070679	0.136250019073	0.126635074615	0.167078971863	0.146414041519	0.130846977234	0.155308008194	0.155789136887	0.153960943222	0.266622066498	0.139565944672	0.209373950958	0.15033197403	0.127263069153	0.16043806076	0.144239902496	0.131000995636	0.150012016296	0.157919883728	0.159659862518	0.154171943665	0.167371034622	0.158951997757	0.138623952866	0.115461111069	0.129844903946	0.122009992599	
['./treeMaker/main', '-m', '-a', '1']
0.163800954819	0.140998125076	0.164873838425	0.157780885696	0.163671970367	0.139494895935	0.149463176727	0.233954906464	0.178117036819	0.203893899918	0.183557033539	0.155264854431	0.229631185532	0.139906167984	0.152530908585	0.15275812149	0.245909929276	0.178030014038	0.227962017059	0.186787128448	0.257071971893	0.159034013748	0.186380147934	0.209753036499	0.155079841614	0.143081188202	0.182687044144	0.176295042038	0.151884078979	0.160962104797	0.176027059555	0.168947219849	0.265875101089	0.17156291008	0.232333183289	0.161088943481	0.128123998642	0.175637960434	0.162412881851	0.157675027847	0.177752971649	0.174314975739	0.191977024078	0.185796022415	0.182459115982	0.17218208313	0.168280124664	0.131331205368	0.144407987595	0.144551038742	
['./treeMaker/main', '-m', '-a', '2']
0.149178981781	0.126050949097	0.153167963028	0.143007040024	0.155645847321	0.124498844147	0.140470027924	0.204136133194	0.144112110138	0.187325954437	0.185791015625	0.141638040543	0.216565847397	0.119703054428	0.142018079758	0.141344070435	0.208873033524	0.153857946396	0.209403038025	0.162508010864	0.223541021347	0.141421079636	0.169329881668	0.189598083496	0.132792949677	0.144859075546	0.173882007599	0.148041963577	0.126806020737	0.1448969841	0.159434080124	0.166703939438	0.25551199913	0.160207033157	0.213838100433	0.152899980545	0.112875938416	0.161005020142	0.146064996719	0.130541086197	0.151259899139	0.156121015549	0.176216125488	0.157686948776	0.168361902237	0.165040969849	0.14000916481	0.117717027664	0.132483959198	0.1181640625	
