35_1000_4.9e-10_4.9e-10_470000000
35
1000
4.9e-10
4.9e-10
470000000

['./treeMaker/main']
0.0606060606061	0.030303030303	0.0	0.0909090909091	0.030303030303	0.030303030303	0.030303030303	0.0	0.0606060606061	0.0606060606061	0.0	0.0606060606061	0.0606060606061	0.0	0.0606060606061	0.030303030303	0.0	0.0606060606061	0.0909090909091	0.0606060606061	0.030303030303	0.0	0.030303030303	0.030303030303	0.0	0.0	0.0	0.0909090909091	0.0606060606061	0.030303030303	0.030303030303	0.0606060606061	0.030303030303	0.030303030303	0.0606060606061	0.0606060606061	0.0606060606061	0.0606060606061	0.0909090909091	0.030303030303	0.0606060606061	0.030303030303	0.0	0.0	0.0909090909091	0.121212121212	0.0909090909091	0.121212121212	0.030303030303	0.0606060606061	
['./treeMaker/main', '-b']
0.212121212121	0.151515151515	0.121212121212	0.0909090909091	0.0909090909091	0.0606060606061	0.0909090909091	0.0909090909091	0.0606060606061	0.121212121212	0.0909090909091	0.242424242424	0.121212121212	0.0606060606061	0.121212121212	0.121212121212	0.0909090909091	0.0606060606061	0.0606060606061	0.30303030303	0.030303030303	0.0909090909091	0.121212121212	0.0909090909091	0.181818181818	0.0606060606061	0.0909090909091	0.212121212121	0.0606060606061	0.0909090909091	0.151515151515	0.0606060606061	0.151515151515	0.0909090909091	0.121212121212	0.121212121212	0.0606060606061	0.0606060606061	0.0909090909091	0.151515151515	0.121212121212	0.121212121212	0.0909090909091	0.0909090909091	0.212121212121	0.212121212121	0.0909090909091	0.272727272727	0.151515151515	0.121212121212	
['./treeMaker/main', '-u']
0.0	0.0	0.0909090909091	0.0606060606061	0.0606060606061	0.0	0.0606060606061	0.0	0.0	0.151515151515	0.030303030303	0.030303030303	0.030303030303	0.0606060606061	0.0606060606061	0.0606060606061	0.0606060606061	0.0909090909091	0.151515151515	0.121212121212	0.0	0.0606060606061	0.0606060606061	0.0	0.0	0.030303030303	0.0606060606061	0.0909090909091	0.030303030303	0.0606060606061	0.0606060606061	0.0	0.030303030303	0.0	0.0606060606061	0.121212121212	0.0606060606061	0.0909090909091	0.0	0.0606060606061	0.030303030303	0.0606060606061	0.0	0.030303030303	0.030303030303	0.121212121212	0.030303030303	0.242424242424	0.0606060606061	0.030303030303	
['./treeMaker/main', '-t', '-r', '1']
0.0	0.030303030303	0.030303030303	0.030303030303	0.030303030303	0.0	0.030303030303	0.0	0.0	0.0909090909091	0.030303030303	0.0606060606061	0.0	0.0	0.030303030303	0.030303030303	0.0	0.030303030303	0.030303030303	0.0909090909091	0.0	0.0606060606061	0.030303030303	0.030303030303	0.030303030303	0.0606060606061	0.0	0.0606060606061	0.030303030303	0.0909090909091	0.030303030303	0.030303030303	0.030303030303	0.0	0.0	0.0909090909091	0.0909090909091	0.0606060606061	0.0	0.0	0.0	0.0606060606061	0.030303030303	0.0	0.030303030303	0.121212121212	0.0606060606061	0.151515151515	0.030303030303	0.0	
['./treeMaker/main', '-t', '-r', '2']
0.0	0.0	0.030303030303	0.030303030303	0.030303030303	0.0	0.0	0.0	0.0	0.0909090909091	0.030303030303	0.030303030303	0.0	0.0	0.030303030303	0.0	0.0	0.030303030303	0.030303030303	0.0606060606061	0.0	0.0	0.030303030303	0.030303030303	0.0	0.030303030303	0.0	0.0606060606061	0.030303030303	0.030303030303	0.030303030303	0.030303030303	0.0606060606061	0.0	0.030303030303	0.0606060606061	0.0909090909091	0.0909090909091	0.0	0.0	0.0	0.0606060606061	0.030303030303	0.0	0.030303030303	0.0909090909091	0.0606060606061	0.121212121212	0.030303030303	0.0	
['./treeMaker/main', '-t', '-r', '1', '-N']
0.0	0.0	0.030303030303	0.0606060606061	0.030303030303	0.030303030303	0.030303030303	0.0	0.0	0.121212121212	0.030303030303	0.0606060606061	0.0	0.030303030303	0.030303030303	0.0	0.0	0.030303030303	0.030303030303	0.030303030303	0.0	0.030303030303	0.0	0.030303030303	0.030303030303	0.0606060606061	0.0	0.0606060606061	0.030303030303	0.0909090909091	0.030303030303	0.0606060606061	0.030303030303	0.0	0.0606060606061	0.0909090909091	0.0909090909091	0.030303030303	0.0	0.0	0.0	0.030303030303	0.030303030303	0.0	0.121212121212	0.0909090909091	0.0606060606061	0.151515151515	0.030303030303	0.0	
['./treeMaker/main', '-t', '-r', '2', '-N']
0.0	0.0	0.030303030303	0.0606060606061	0.030303030303	0.030303030303	0.0	0.0	0.0	0.121212121212	0.030303030303	0.030303030303	0.030303030303	0.0	0.0606060606061	0.0	0.030303030303	0.030303030303	0.0606060606061	0.030303030303	0.0	0.0	0.0	0.030303030303	0.030303030303	0.0606060606061	0.0	0.0606060606061	0.030303030303	0.0606060606061	0.030303030303	0.0909090909091	0.0909090909091	0.0	0.0606060606061	0.0909090909091	0.0909090909091	0.0909090909091	0.0	0.0	0.0	0.030303030303	0.0606060606061	0.0	0.0909090909091	0.121212121212	0.0909090909091	0.121212121212	0.030303030303	0.0	
['./treeMaker/main', '-m']
0.0	0.0	0.0606060606061	0.0606060606061	0.0606060606061	0.030303030303	0.030303030303	0.0	0.030303030303	0.151515151515	0.0	0.030303030303	0.030303030303	0.0909090909091	0.0606060606061	0.030303030303	0.0606060606061	0.030303030303	0.151515151515	0.121212121212	0.0	0.0606060606061	0.0	0.030303030303	0.0	0.030303030303	0.0	0.0909090909091	0.030303030303	0.0606060606061	0.0606060606061	0.030303030303	0.0606060606061	0.0	0.0606060606061	0.0909090909091	0.0606060606061	0.121212121212	0.0	0.0606060606061	0.030303030303	0.030303030303	0.0	0.030303030303	0.0909090909091	0.0909090909091	0.0	0.212121212121	0.0606060606061	0.030303030303	
['./treeMaker/main', '-m', '-b']
0.030303030303	0.0606060606061	0.181818181818	0.151515151515	0.0606060606061	0.181818181818	0.030303030303	0.0606060606061	0.030303030303	0.121212121212	0.151515151515	0.181818181818	0.0606060606061	0.0606060606061	0.0606060606061	0.181818181818	0.0606060606061	0.0909090909091	0.151515151515	0.212121212121	0.030303030303	0.0606060606061	0.0606060606061	0.121212121212	0.030303030303	0.030303030303	0.0606060606061	0.151515151515	0.0909090909091	0.121212121212	0.0606060606061	0.0606060606061	0.121212121212	0.121212121212	0.151515151515	0.181818181818	0.0606060606061	0.151515151515	0.0606060606061	0.0606060606061	0.030303030303	0.030303030303	0.0606060606061	0.0909090909091	0.212121212121	0.272727272727	0.0909090909091	0.333333333333	0.030303030303	0.030303030303	
['./treeMaker/main', '-m', '-w', '1']
0.0	0.0	0.0909090909091	0.0606060606061	0.030303030303	0.030303030303	0.0606060606061	0.0	0.0	0.181818181818	0.0	0.030303030303	0.030303030303	0.0606060606061	0.0606060606061	0.0	0.0	0.0606060606061	0.121212121212	0.121212121212	0.0	0.0606060606061	0.0	0.0	0.0	0.030303030303	0.0	0.0606060606061	0.0	0.030303030303	0.030303030303	0.030303030303	0.0	0.0	0.0606060606061	0.0606060606061	0.0909090909091	0.0606060606061	0.0	0.0606060606061	0.0606060606061	0.030303030303	0.030303030303	0.030303030303	0.030303030303	0.121212121212	0.0	0.212121212121	0.030303030303	0.0	
['./treeMaker/main', '-m', '-w', '2']
0.0	0.0	0.0909090909091	0.0606060606061	0.0606060606061	0.030303030303	0.030303030303	0.0	0.030303030303	0.181818181818	0.0	0.030303030303	0.030303030303	0.0606060606061	0.0606060606061	0.030303030303	0.0606060606061	0.0	0.121212121212	0.151515151515	0.0	0.0606060606061	0.0	0.030303030303	0.0	0.030303030303	0.0	0.0909090909091	0.030303030303	0.0606060606061	0.0606060606061	0.030303030303	0.030303030303	0.0	0.0606060606061	0.0909090909091	0.0606060606061	0.121212121212	0.0	0.0606060606061	0.030303030303	0.030303030303	0.030303030303	0.0	0.030303030303	0.121212121212	0.0	0.212121212121	0.0606060606061	0.030303030303	
['./treeMaker/main', '-m', '-c', '1']
0.181818181818	0.121212121212	0.242424242424	0.242424242424	0.181818181818	0.242424242424	0.121212121212	0.151515151515	0.181818181818	0.30303030303	0.212121212121	0.181818181818	0.181818181818	0.212121212121	0.181818181818	0.272727272727	0.151515151515	0.272727272727	0.242424242424	0.242424242424	0.242424242424	0.151515151515	0.121212121212	0.272727272727	0.151515151515	0.181818181818	0.121212121212	0.212121212121	0.151515151515	0.212121212121	0.151515151515	0.0909090909091	0.181818181818	0.181818181818	0.121212121212	0.151515151515	0.212121212121	0.151515151515	0.121212121212	0.181818181818	0.121212121212	0.151515151515	0.151515151515	0.181818181818	0.242424242424	0.181818181818	0.272727272727	0.454545454545	0.181818181818	0.151515151515	
['./treeMaker/main', '-m', '-c', '2']
0.181818181818	0.121212121212	0.242424242424	0.242424242424	0.151515151515	0.242424242424	0.121212121212	0.151515151515	0.181818181818	0.30303030303	0.212121212121	0.181818181818	0.181818181818	0.212121212121	0.181818181818	0.272727272727	0.151515151515	0.272727272727	0.242424242424	0.242424242424	0.242424242424	0.151515151515	0.121212121212	0.272727272727	0.151515151515	0.181818181818	0.121212121212	0.181818181818	0.181818181818	0.212121212121	0.121212121212	0.0909090909091	0.181818181818	0.181818181818	0.121212121212	0.121212121212	0.212121212121	0.121212121212	0.121212121212	0.181818181818	0.0909090909091	0.151515151515	0.151515151515	0.181818181818	0.242424242424	0.181818181818	0.272727272727	0.454545454545	0.181818181818	0.151515151515	
['./treeMaker/main', '-m', '-a', '1']
0.030303030303	0.0606060606061	0.151515151515	0.121212121212	0.121212121212	0.030303030303	0.0909090909091	0.0606060606061	0.121212121212	0.151515151515	0.030303030303	0.0909090909091	0.030303030303	0.0909090909091	0.0909090909091	0.121212121212	0.030303030303	0.242424242424	0.181818181818	0.181818181818	0.151515151515	0.0606060606061	0.030303030303	0.030303030303	0.0909090909091	0.121212121212	0.121212121212	0.030303030303	0.0909090909091	0.181818181818	0.0606060606061	0.0606060606061	0.181818181818	0.0909090909091	0.181818181818	0.121212121212	0.0606060606061	0.151515151515	0.0606060606061	0.030303030303	0.0	0.0606060606061	0.030303030303	0.030303030303	0.212121212121	0.121212121212	0.212121212121	0.363636363636	0.151515151515	0.030303030303	
['./treeMaker/main', '-m', '-a', '2']
0.181818181818	0.0909090909091	0.151515151515	0.0909090909091	0.212121212121	0.181818181818	0.030303030303	0.121212121212	0.181818181818	0.242424242424	0.0909090909091	0.121212121212	0.0909090909091	0.272727272727	0.121212121212	0.181818181818	0.0606060606061	0.30303030303	0.181818181818	0.333333333333	0.30303030303	0.181818181818	0.0909090909091	0.181818181818	0.0909090909091	0.151515151515	0.242424242424	0.242424242424	0.0909090909091	0.242424242424	0.151515151515	0.0909090909091	0.181818181818	0.212121212121	0.0909090909091	0.121212121212	0.181818181818	0.121212121212	0.0606060606061	0.0606060606061	0.0909090909091	0.151515151515	0.181818181818	0.121212121212	0.242424242424	0.212121212121	0.181818181818	0.242424242424	0.0606060606061	0.121212121212	
