50_1000_4.9e-10_4.9e-10_470000000
50
1000
4.9e-10
4.9e-10
470000000

['./treeMaker/main']
0.664192914963	0.727503061295	0.825963020325	0.721858978271	0.747139930725	0.55030298233	0.346700906754	0.92807507515	0.532115936279	0.532341957092	0.443270921707	0.420449972153	0.958899021149	0.596449136734	0.466866016388	0.57263302803	1.00508093834	0.606967926025	0.370846986771	1.06826615334	0.779700040817	0.415565013885	0.46612405777	0.713241100311	0.981414079666	0.527513980865	0.46026301384	0.601094961166	0.547924995422	1.14027619362	0.541344165802	0.521979808807	0.4690721035	0.636880874634	0.591417074203	0.526699066162	0.686641931534	0.794829845428	0.814107894897	1.13818192482	0.65016412735	0.685669183731	1.64227485657	0.720320940018	0.718456983566	0.827295064926	0.770518064499	0.463927984238	0.746586084366	0.743601083755	
['./treeMaker/main', '-b']
0.663950920105	0.821542024612	0.944463968277	0.736723184586	0.756784915924	0.570889949799	0.363188028336	0.932226896286	0.55354309082	0.506674051285	0.423434972763	0.439563989639	0.895174980164	0.654746055603	0.485015153885	0.634326934814	1.11077094078	0.624521017075	0.400444984436	1.19385313988	0.816138982773	0.437129020691	0.483680963516	0.672452926636	0.989493131638	0.532964944839	0.510065793991	0.571219921112	0.578408002853	1.10406684875	0.619496107101	0.585165023804	0.477035045624	0.625502109528	0.640513896942	0.591585159302	0.717721939087	0.82112288475	0.856558084488	1.16823196411	0.743670940399	0.657577037811	1.67026996613	0.749274969101	0.790584087372	0.826643943787	0.771920919418	0.490396976471	0.753825187683	0.826046943665	
['./treeMaker/main', '-u']
0.6106300354	0.782840967178	0.910815954208	0.752047777176	0.739623069763	0.52471280098	0.371894836426	0.903054952621	0.514147996902	0.514358997345	0.436274051666	0.41846203804	0.940237998962	0.649621963501	0.443283081055	0.6442258358	1.02617287636	0.554809093475	0.4104180336	1.16718792915	0.795747995377	0.417057991028	0.473107814789	0.711673021317	0.904114961624	0.495568990707	0.468102931976	0.572463989258	0.55523109436	1.14058089256	0.547100067139	0.544730901718	0.486788988113	0.619748830795	0.657676935196	0.601040124893	0.717167854309	0.750878810883	0.787592172623	1.14309501648	0.675883054733	0.643280982971	1.61440491676	0.74529504776	0.727669000626	0.818769931793	0.706634998322	0.460737943649	0.70751285553	0.795906066895	
['./treeMaker/main', '-t', '-r', '1']
11.9163131714	14.2488410473	14.9723489285	14.7792470455	12.3116080761	9.97875094414	6.59357595444	14.8019468784	9.64350509644	9.81497478485	8.16874790192	8.27128100395	16.4425239563	12.0717380047	8.24495792389	12.4995830059	20.0193459988	11.1359899044	7.52814984322	21.5245049	15.7361209393	7.4472360611	8.82642006874	12.5672268867	18.2122149467	9.24287009239	9.31316590309	11.1099760532	11.1385171413	21.7492341995	10.1293199062	10.4912090302	9.82427191734	10.2195339203	11.2450129986	11.2690479755	13.6134598255	13.7595911026	15.7510929108	18.7165799141	14.5175011158	12.8984949589	25.2338891029	15.076184988	13.0204050541	17.7897548676	13.1526460648	8.83178114891	12.6856470108	13.6086871624	
['./treeMaker/main', '-t', '-r', '2']
17.6721029282	22.2373840809	24.2437949181	20.5377318859	20.5825269222	16.0538861752	10.0517349243	24.6314430237	15.8808300495	14.565253973	11.9149000645	12.4915831089	26.7760560513	19.2695560455	12.7611188889	17.8382780552	29.353096962	16.0333340168	10.7139720917	31.2180781364	23.4916279316	12.6415348053	13.0755150318	19.6783168316	26.5080678463	14.9344408512	13.578922987	16.4771671295	15.0935471058	30.8924608231	16.0862529278	15.9536788464	13.8089818954	16.6571991444	17.9386351109	16.2644050121	19.4040169716	21.9380390644	22.2030520439	30.8860301971	19.5793919563	19.1102421284	44.958012104	21.7289090157	22.2304849625	23.5398991108	20.0244050026	13.7562680244	20.0337400436	21.8144440651	
['./treeMaker/main', '-t', '-r', '1', '-N']
11.749048233	13.9006168842	14.6151430607	14.6887311935	12.4859309196	10.1565630436	6.49015879631	14.9845049381	9.9278421402	9.95470404625	8.03541612625	8.16790795326	16.6084160805	12.0576248169	8.24573612213	12.0218849182	20.0787279606	11.1712968349	7.46190714836	21.5225570202	15.4461328983	7.3924779892	8.54367184639	12.2982740402	18.097304821	9.19679093361	9.1448969841	11.5195970535	11.2443761826	22.1712310314	10.1773879528	10.47747612	9.86640310287	10.3167519569	11.3032259941	11.103126049	13.6643500328	13.6386089325	15.7655961514	18.8800799847	14.8610701561	13.0001559258	25.4932169914	15.0151090622	12.8603169918	17.6810731888	13.1158280373	8.77222800255	12.5568268299	13.5089981556	
['./treeMaker/main', '-t', '-r', '2', '-N']
17.8222091198	22.4872579575	24.5154540539	20.7807519436	20.9646551609	16.3747868538	9.94795894623	24.6685581207	15.6098530293	14.6044199467	12.025851965	12.0128481388	26.5028860569	18.6109249592	12.710474968	17.6610069275	29.0850160122	16.1076571941	10.7908539772	31.5937800407	23.5663189888	12.6549022198	13.1149110794	19.9952290058	27.0049409866	14.9562580585	14.169615984	16.6926219463	15.2687690258	31.5484440327	16.3877649307	16.2997751236	13.5299670696	16.7670841217	18.2055001259	16.5906209946	19.9397149086	21.4069890976	22.9249389172	31.0011072159	19.6977379322	19.2018210888	45.2185080051	21.8726139069	22.2455399036	23.9264531136	20.1356549263	14.4317858219	20.4131610394	21.5503518581	
['./treeMaker/main', '-m']
0.329072952271	0.392217874527	0.388662815094	0.329859972	0.344841003418	0.276980876923	0.226295948029	0.389797925949	0.2978079319	0.264608860016	0.245798110962	0.236793994904	0.393450021744	0.333645820618	0.269948959351	0.310837030411	0.422992944717	0.29185795784	0.256407976151	0.427481174469	0.368522882462	0.23432302475	0.242444038391	0.353307008743	0.393157958984	0.2660779953	0.252789020538	0.289813041687	0.286551952362	0.417359828949	0.277108192444	0.273001909256	0.264154195786	0.30530500412	0.299785137177	0.273797988892	0.322264909744	0.364245176315	0.36486697197	0.429906129837	0.31961107254	0.304844141006	0.559304952621	0.32900094986	0.332875967026	0.348761081696	0.338561058044	0.262918949127	0.355261087418	0.368485927582	
['./treeMaker/main', '-m', '-b']
0.33297085762	0.352732181549	0.392038106918	0.371248006821	0.369385004044	0.299450874329	0.223756074905	0.431211948395	0.289520025253	0.298254966736	0.253671169281	0.262517929077	0.40920996666	0.322663068771	0.271425008774	0.340985059738	0.468085050583	0.325675964355	0.242493867874	0.459443092346	0.379543066025	0.276606082916	0.271502971649	0.355413913727	0.407508134842	0.291594982147	0.283982992172	0.316411018372	0.29550409317	0.457283973694	0.309200048447	0.316252946854	0.283301115036	0.324749946594	0.331918001175	0.327594041824	0.330474853516	0.367340087891	0.399509906769	0.471270084381	0.350869894028	0.332317113876	0.615337133408	0.374650001526	0.361177921295	0.393028020859	0.352416038513	0.305614948273	0.353191137314	0.403665065765	
['./treeMaker/main', '-m', '-w', '1']
0.328019142151	0.329605817795	0.369580030441	0.326079845428	0.323889017105	0.279589176178	0.209818124771	0.37074804306	0.268755912781	0.256416082382	0.231723070145	0.259286880493	0.395464897156	0.320698976517	0.239566087723	0.283749818802	0.402774810791	0.294936180115	0.218725919724	0.424622058868	0.354870080948	0.240536928177	0.24786400795	0.352200031281	0.391974925995	0.274228096008	0.264045953751	0.27756690979	0.312217950821	0.428833961487	0.286841869354	0.270995140076	0.24887919426	0.295737981796	0.293979167938	0.274844884872	0.321273088455	0.331658124924	0.356099128723	0.417711019516	0.337610006332	0.306762933731	0.543404817581	0.331604957581	0.333495140076	0.349957942963	0.323500156403	0.251596927643	0.321245908737	0.335843086243	
['./treeMaker/main', '-m', '-w', '2']
0.327853918076	0.336590051651	0.385874032974	0.339238166809	0.324465036392	0.291743040085	0.215147972107	0.401361942291	0.28419303894	0.260242938995	0.239202022552	0.24463391304	0.375293970108	0.302739858627	0.250947952271	0.305175065994	0.410909891129	0.284880876541	0.222427845001	0.445592880249	0.355801820755	0.24272608757	0.254436016083	0.325512886047	0.383208990097	0.280548095703	0.252542972565	0.291369915009	0.298852920532	0.448081970215	0.286571025848	0.28147482872	0.286937952042	0.313812017441	0.296865940094	0.275890111923	0.307450056076	0.333955049515	0.379903078079	0.462199211121	0.311820983887	0.308353900909	0.535807132721	0.339452981949	0.352281093597	0.36790895462	0.343351125717	0.255784034729	0.322983980179	0.34209394455	
['./treeMaker/main', '-m', '-c', '1']
0.294955968857	0.331155061722	0.363880157471	0.323757886887	0.326225042343	0.281035900116	0.210312128067	0.36802482605	0.281238079071	0.281125068665	0.254588842392	0.238613128662	0.377541065216	0.295309066772	0.243168115616	0.307249069214	0.421571016312	0.287528038025	0.215128898621	0.425143003464	0.34939622879	0.256332159042	0.247252941132	0.321622848511	0.390335083008	0.268877983093	0.282279014587	0.293453931808	0.301851034164	0.411957979202	0.273182868958	0.271502017975	0.261320829391	0.306400060654	0.294198989868	0.311703920364	0.316529035568	0.338368177414	0.365067005157	0.43349981308	0.336758852005	0.317661046982	0.569787025452	0.327997922897	0.364274024963	0.357899904251	0.324655056	0.250892877579	0.313866853714	0.36744093895	
['./treeMaker/main', '-m', '-c', '2']
0.322767972946	0.346074104309	0.37862610817	0.362452983856	0.319046974182	0.277604103088	0.20285487175	0.38855099678	0.277393102646	0.252726078033	0.234982013702	0.232616186142	0.386184930801	0.296957969666	0.241346120834	0.299674987793	0.431586027145	0.306967020035	0.234564065933	0.440417051315	0.347059011459	0.251921892166	0.264605045319	0.311586856842	0.395214080811	0.262989044189	0.249401092529	0.273909091949	0.2746758461	0.447307109833	0.295874834061	0.267712831497	0.267027854919	0.309957027435	0.309139966965	0.271917104721	0.319678068161	0.32884979248	0.338397026062	0.452461004257	0.310919046402	0.308511018753	0.552994012833	0.360690832138	0.370323181152	0.375334978104	0.324378967285	0.250283956528	0.325356006622	0.338982105255	
['./treeMaker/main', '-m', '-a', '1']
0.364662885666	0.357789993286	0.406838178635	0.372745990753	0.351814985275	0.330105066299	0.268740177155	0.409416913986	0.316125154495	0.293880939484	0.266044855118	0.280402183533	0.406345129013	0.33701300621	0.275227069855	0.331938028336	0.451187133789	0.351680994034	0.259482145309	0.454499006271	0.378656864166	0.286911964417	0.277187824249	0.381684064865	0.425286054611	0.311659097672	0.299062013626	0.315529108047	0.33416390419	0.47257900238	0.308166027069	0.330812931061	0.298725128174	0.337538003922	0.324625015259	0.301812171936	0.37538599968	0.392997980118	0.388808012009	0.494092941284	0.369077205658	0.351903915405	0.587025880814	0.357983112335	0.367249965668	0.386290073395	0.394429206848	0.30046582222	0.37099480629	0.362635850906	
['./treeMaker/main', '-m', '-a', '2']
0.295976161957	0.349734067917	0.395998001099	0.324244022369	0.325582027435	0.298326969147	0.218508005142	0.372350931168	0.279051065445	0.262834072113	0.250378847122	0.235924959183	0.368824005127	0.326519012451	0.281737804413	0.297791004181	0.416305065155	0.298866033554	0.242177963257	0.469900131226	0.349747180939	0.246613025665	0.272307872772	0.326844930649	0.408143043518	0.285385847092	0.27343583107	0.279714107513	0.27873301506	0.418475151062	0.276674032211	0.288537979126	0.256320953369	0.325930118561	0.319159030914	0.279054880142	0.322211027145	0.335171937943	0.378290891647	0.471895933151	0.340996980667	0.322993993759	0.557566165924	0.332412004471	0.334420204163	0.379384994507	0.345921993256	0.263518095016	0.320203065872	0.334436178207	
