50_1000_4.9e-10_4.9e-10_470000000
50
1000
4.9e-10
4.9e-10
470000000

['./treeMaker/main']
0.0625	0.0416666666667	0.0416666666667	0.0625	0.0833333333333	0.0625	0.0625	0.0625	0.0208333333333	0.0208333333333	0.0416666666667	0.0416666666667	0.0208333333333	0.0208333333333	0.0	0.0833333333333	0.0208333333333	0.0625	0.0625	0.125	0.0416666666667	0.0416666666667	0.0208333333333	0.0833333333333	0.0	0.0	0.0416666666667	0.0416666666667	0.0208333333333	0.0625	0.0416666666667	0.0208333333333	0.0833333333333	0.0	0.0	0.0625	0.0208333333333	0.0416666666667	0.0625	0.104166666667	0.0625	0.0	0.0208333333333	0.0833333333333	0.0833333333333	0.104166666667	0.0416666666667	0.0208333333333	0.0625	0.0416666666667	
['./treeMaker/main', '-b']
0.125	0.0208333333333	0.0625	0.208333333333	0.0833333333333	0.0416666666667	0.125	0.166666666667	0.0625	0.0625	0.125	0.0416666666667	0.104166666667	0.0208333333333	0.0833333333333	0.0833333333333	0.104166666667	0.0833333333333	0.0833333333333	0.125	0.0833333333333	0.145833333333	0.0833333333333	0.0833333333333	0.229166666667	0.0	0.125	0.104166666667	0.0625	0.291666666667	0.104166666667	0.0833333333333	0.1875	0.0833333333333	0.0208333333333	0.1875	0.208333333333	0.1875	0.145833333333	0.1875	0.166666666667	0.0208333333333	0.125	0.0833333333333	0.0833333333333	0.291666666667	0.104166666667	0.166666666667	0.0833333333333	0.125	
['./treeMaker/main', '-u']
0.0625	0.0416666666667	0.0416666666667	0.0208333333333	0.0833333333333	0.0625	0.104166666667	0.104166666667	0.0416666666667	0.0625	0.0416666666667	0.0208333333333	0.0416666666667	0.0208333333333	0.0208333333333	0.0208333333333	0.0416666666667	0.0625	0.0416666666667	0.0833333333333	0.0416666666667	0.0625	0.0416666666667	0.0208333333333	0.0208333333333	0.0208333333333	0.0208333333333	0.0	0.0	0.0833333333333	0.0416666666667	0.0	0.0833333333333	0.0625	0.0625	0.0625	0.0208333333333	0.104166666667	0.104166666667	0.104166666667	0.0416666666667	0.0208333333333	0.0833333333333	0.104166666667	0.125	0.0625	0.0208333333333	0.0833333333333	0.0625	0.0625	
['./treeMaker/main', '-t', '-r', '1']
0.0416666666667	0.0208333333333	0.0416666666667	0.0	0.0416666666667	0.104166666667	0.0208333333333	0.0625	0.0208333333333	0.0416666666667	0.0208333333333	0.0208333333333	0.0416666666667	0.0	0.0	0.0625	0.0	0.0416666666667	0.0416666666667	0.0625	0.0208333333333	0.0416666666667	0.0416666666667	0.0208333333333	0.0208333333333	0.0208333333333	0.0416666666667	0.0	0.0208333333333	0.0208333333333	0.0416666666667	0.0208333333333	0.0208333333333	0.0416666666667	0.0208333333333	0.0416666666667	0.0	0.0625	0.0833333333333	0.0416666666667	0.0416666666667	0.0	0.0208333333333	0.0833333333333	0.104166666667	0.0625	0.104166666667	0.0416666666667	0.0208333333333	0.0416666666667	
['./treeMaker/main', '-t', '-r', '2']
0.0208333333333	0.0208333333333	0.0625	0.0	0.0208333333333	0.104166666667	0.0416666666667	0.0625	0.0208333333333	0.0416666666667	0.0208333333333	0.0208333333333	0.0625	0.0	0.0	0.0625	0.0	0.0416666666667	0.0416666666667	0.0625	0.0208333333333	0.0416666666667	0.0416666666667	0.0208333333333	0.0	0.0208333333333	0.0416666666667	0.0416666666667	0.0208333333333	0.0208333333333	0.0416666666667	0.0208333333333	0.0416666666667	0.0208333333333	0.0208333333333	0.0416666666667	0.0	0.0625	0.0625	0.0416666666667	0.0625	0.0	0.0208333333333	0.0833333333333	0.104166666667	0.0416666666667	0.104166666667	0.0416666666667	0.0416666666667	0.0208333333333	
['./treeMaker/main', '-t', '-r', '1', '-N']
0.0833333333333	0.0208333333333	0.0416666666667	0.0208333333333	0.0208333333333	0.104166666667	0.0208333333333	0.0625	0.0416666666667	0.0416666666667	0.0208333333333	0.0208333333333	0.0625	0.0	0.0	0.0625	0.0	0.0416666666667	0.0625	0.0625	0.0208333333333	0.0416666666667	0.0416666666667	0.0416666666667	0.0416666666667	0.0208333333333	0.0416666666667	0.0	0.0625	0.0208333333333	0.0416666666667	0.0208333333333	0.0416666666667	0.0208333333333	0.0416666666667	0.0416666666667	0.0	0.0625	0.0833333333333	0.0625	0.0208333333333	0.0	0.0	0.104166666667	0.0833333333333	0.0416666666667	0.0416666666667	0.0625	0.0625	0.0416666666667	
['./treeMaker/main', '-t', '-r', '2', '-N']
0.0833333333333	0.0208333333333	0.0625	0.0208333333333	0.0208333333333	0.0833333333333	0.0625	0.0833333333333	0.0416666666667	0.0416666666667	0.0416666666667	0.0208333333333	0.0625	0.0	0.0208333333333	0.0416666666667	0.0	0.0416666666667	0.0416666666667	0.0833333333333	0.0208333333333	0.0416666666667	0.0416666666667	0.0208333333333	0.0208333333333	0.0208333333333	0.0416666666667	0.0	0.0208333333333	0.0416666666667	0.0625	0.0208333333333	0.0416666666667	0.0208333333333	0.0416666666667	0.0416666666667	0.0208333333333	0.0416666666667	0.0833333333333	0.0625	0.0208333333333	0.0	0.0	0.104166666667	0.104166666667	0.0208333333333	0.104166666667	0.0625	0.0416666666667	0.0416666666667	
['./treeMaker/main', '-m']
0.0208333333333	0.0416666666667	0.0416666666667	0.0416666666667	0.0416666666667	0.0833333333333	0.0833333333333	0.0625	0.0416666666667	0.0416666666667	0.0416666666667	0.0208333333333	0.0416666666667	0.0208333333333	0.0625	0.0625	0.0416666666667	0.0416666666667	0.0416666666667	0.0833333333333	0.0208333333333	0.0625	0.0416666666667	0.0416666666667	0.0	0.0208333333333	0.0208333333333	0.0	0.0	0.0416666666667	0.0416666666667	0.0	0.0625	0.0208333333333	0.0833333333333	0.0625	0.0208333333333	0.0625	0.104166666667	0.104166666667	0.0416666666667	0.0	0.0625	0.0833333333333	0.104166666667	0.0416666666667	0.0208333333333	0.0625	0.0416666666667	0.0416666666667	
['./treeMaker/main', '-m', '-b']
0.0625	0.0833333333333	0.0625	0.166666666667	0.0416666666667	0.104166666667	0.166666666667	0.166666666667	0.0625	0.104166666667	0.229166666667	0.0208333333333	0.0833333333333	0.0416666666667	0.145833333333	0.0625	0.0625	0.0833333333333	0.104166666667	0.145833333333	0.0625	0.104166666667	0.0833333333333	0.0208333333333	0.0625	0.0625	0.0625	0.0833333333333	0.0416666666667	0.145833333333	0.104166666667	0.0625	0.104166666667	0.0625	0.125	0.145833333333	0.0833333333333	0.0833333333333	0.145833333333	0.1875	0.1875	0.0208333333333	0.0625	0.125	0.0625	0.208333333333	0.0625	0.0833333333333	0.0416666666667	0.145833333333	
['./treeMaker/main', '-m', '-w', '1']
0.0208333333333	0.0416666666667	0.0416666666667	0.0208333333333	0.0416666666667	0.0833333333333	0.0416666666667	0.0208333333333	0.0416666666667	0.0416666666667	0.0416666666667	0.0208333333333	0.0416666666667	0.0208333333333	0.0208333333333	0.0416666666667	0.0416666666667	0.0208333333333	0.0416666666667	0.0833333333333	0.0416666666667	0.0208333333333	0.0416666666667	0.0416666666667	0.0	0.0	0.0208333333333	0.0208333333333	0.0	0.0416666666667	0.0416666666667	0.0	0.0416666666667	0.0	0.0833333333333	0.0416666666667	0.0208333333333	0.0625	0.0625	0.125	0.0625	0.0	0.0416666666667	0.0833333333333	0.104166666667	0.0625	0.0208333333333	0.0625	0.0416666666667	0.0416666666667	
['./treeMaker/main', '-m', '-w', '2']
0.0625	0.0416666666667	0.0416666666667	0.0416666666667	0.0416666666667	0.0833333333333	0.104166666667	0.0625	0.0416666666667	0.0416666666667	0.0416666666667	0.0208333333333	0.0416666666667	0.0208333333333	0.0416666666667	0.0416666666667	0.0416666666667	0.0208333333333	0.0625	0.0833333333333	0.0416666666667	0.0625	0.0416666666667	0.0416666666667	0.0	0.0208333333333	0.0208333333333	0.0208333333333	0.0	0.0416666666667	0.0416666666667	0.0	0.0625	0.0208333333333	0.0833333333333	0.0625	0.0208333333333	0.0625	0.0833333333333	0.104166666667	0.0416666666667	0.0	0.0625	0.104166666667	0.104166666667	0.0416666666667	0.0208333333333	0.0625	0.0416666666667	0.0416666666667	
['./treeMaker/main', '-m', '-c', '1']
0.145833333333	0.125	0.208333333333	0.145833333333	0.166666666667	0.229166666667	0.229166666667	0.166666666667	0.229166666667	0.229166666667	0.208333333333	0.166666666667	0.0625	0.1875	0.0833333333333	0.1875	0.208333333333	0.125	0.145833333333	0.229166666667	0.208333333333	0.25	0.0833333333333	0.208333333333	0.166666666667	0.1875	0.125	0.166666666667	0.125	0.145833333333	0.229166666667	0.0625	0.25	0.145833333333	0.166666666667	0.166666666667	0.1875	0.270833333333	0.229166666667	0.1875	0.208333333333	0.208333333333	0.166666666667	0.166666666667	0.291666666667	0.229166666667	0.229166666667	0.166666666667	0.25	0.208333333333	
['./treeMaker/main', '-m', '-c', '2']
0.166666666667	0.145833333333	0.1875	0.145833333333	0.166666666667	0.208333333333	0.229166666667	0.145833333333	0.208333333333	0.208333333333	0.208333333333	0.125	0.0625	0.166666666667	0.0833333333333	0.1875	0.1875	0.125	0.145833333333	0.229166666667	0.1875	0.229166666667	0.0833333333333	0.208333333333	0.166666666667	0.1875	0.104166666667	0.1875	0.145833333333	0.125	0.229166666667	0.0625	0.25	0.145833333333	0.166666666667	0.145833333333	0.1875	0.270833333333	0.208333333333	0.1875	0.208333333333	0.1875	0.166666666667	0.145833333333	0.270833333333	0.208333333333	0.229166666667	0.166666666667	0.229166666667	0.1875	
['./treeMaker/main', '-m', '-a', '1']
0.0625	0.0833333333333	0.0833333333333	0.0625	0.0833333333333	0.1875	0.145833333333	0.145833333333	0.0833333333333	0.104166666667	0.125	0.104166666667	0.0625	0.0416666666667	0.0833333333333	0.145833333333	0.0833333333333	0.0833333333333	0.0625	0.125	0.166666666667	0.0625	0.104166666667	0.104166666667	0.0208333333333	0.0208333333333	0.0416666666667	0.0833333333333	0.0833333333333	0.104166666667	0.0625	0.0208333333333	0.270833333333	0.0833333333333	0.104166666667	0.0833333333333	0.0416666666667	0.104166666667	0.125	0.104166666667	0.104166666667	0.0416666666667	0.104166666667	0.125	0.0625	0.0208333333333	0.104166666667	0.104166666667	0.0625	0.0833333333333	
['./treeMaker/main', '-m', '-a', '2']
0.270833333333	0.0625	0.125	0.0416666666667	0.229166666667	0.208333333333	0.166666666667	0.354166666667	0.145833333333	0.25	0.208333333333	0.125	0.125	0.0833333333333	0.0833333333333	0.208333333333	0.208333333333	0.0833333333333	0.104166666667	0.1875	0.125	0.208333333333	0.104166666667	0.166666666667	0.166666666667	0.104166666667	0.125	0.166666666667	0.145833333333	0.145833333333	0.145833333333	0.125	0.25	0.166666666667	0.1875	0.0833333333333	0.208333333333	0.25	0.104166666667	0.145833333333	0.1875	0.0833333333333	0.229166666667	0.208333333333	0.229166666667	0.166666666667	0.125	0.166666666667	0.104166666667	0.166666666667	
