50_1000_4.9e-10_4.9e-10_470000000
50
1000
4.9e-10
4.9e-10
470000000

['./treeMaker/main']
0.630811929703	0.704462051392	0.881905078888	0.755556106567	0.68253493309	0.506862878799	0.338502168655	0.913738012314	0.533592939377	0.514773130417	0.442790031433	0.415838956833	0.855183124542	0.602036952972	0.436820030212	0.574401855469	0.986528158188	0.604280948639	0.369117021561	1.16094994545	0.771431922913	0.435558080673	0.440696001053	0.695283174515	0.969094991684	0.485205888748	0.465478181839	0.576220035553	0.538676977158	1.04929900169	0.540019035339	0.518728017807	0.466675043106	0.621309995651	0.589214086533	0.534548044205	0.690052032471	0.720506906509	0.747004985809	1.03921413422	0.650820016861	0.696361064911	1.48109912872	0.722211122513	0.769126176834	0.80687713623	0.72274017334	0.46972990036	0.736737012863	0.749293088913	
['./treeMaker/main', '-b']
0.698907852173	0.808574914932	0.885141849518	0.727792978287	0.733695030212	0.569489002228	0.376196861267	0.903825044632	0.524271011353	0.535895824432	0.433776855469	0.452594995499	0.971745967865	0.652666807175	0.486992120743	0.650426149368	1.1135430336	0.616593122482	0.387037992477	1.09963083267	0.798496961594	0.434090852737	0.452491044998	0.734057188034	1.00483679771	0.549395084381	0.519560098648	0.609536170959	0.56064081192	1.16234993935	0.614898920059	0.575533151627	0.502456903458	0.629307031631	0.647257089615	0.600225925446	0.659721136093	0.792497158051	0.848081111908	1.152354002	0.743647098541	0.714179039001	1.53872799873	0.797991991043	0.812043905258	0.898645877838	0.732738018036	0.505353927612	0.761842012405	0.830065965652	
['./treeMaker/main', '-u']
0.643218040466	0.715442895889	0.838093996048	0.697984933853	0.673411846161	0.508375167847	0.358299016953	0.834813117981	0.545758962631	0.495266914368	0.425175189972	0.416441917419	0.905421972275	0.623584032059	0.456519126892	0.582655906677	1.07149195671	0.55223107338	0.375217199326	1.1743748188	0.779366970062	0.421206951141	0.486987113953	0.670269012451	0.960465192795	0.494101047516	0.46199297905	0.579861879349	0.560724020004	1.1485118866	0.541760921478	0.562585115433	0.475904941559	0.580811023712	0.638390779495	0.5899310112	0.69130897522	0.745780944824	0.75718998909	1.10995292664	0.728912830353	0.671123981476	1.6612341404	0.8011739254	0.724316120148	0.803102970123	0.70218205452	0.46856880188	0.734428167343	0.786938905716	
['./treeMaker/main', '-t', '-r', '1']
11.7480049133	13.5212500095	14.5146939754	14.4838311672	12.4606051445	9.94418096542	6.42787694931	14.5163300037	9.46255111694	9.64568805695	7.94760203362	8.25189208984	16.1139609814	11.7311890125	8.13708996773	12.2102560997	19.5706460476	11.0700089931	7.63241481781	20.6420478821	15.6133038998	7.34126091003	8.66003513336	12.2655749321	17.683360815	9.0128800869	9.15969204903	11.4433279037	10.7941570282	21.5114572048	9.95210814476	10.0663700104	9.64780902863	10.0303490162	11.4036431313	9.91719007492	13.6016359329	13.3820168972	15.6495230198	18.4855139256	13.9859268665	12.7357831001	24.9609069824	15.0065140724	12.7373540401	17.7140460014	12.6856570244	8.42836403847	12.7479500771	12.7774569988	
['./treeMaker/main', '-t', '-r', '2']
17.7691979408	22.2583620548	24.3496282101	21.2666471004	21.0674009323	16.019644022	9.94300293922	25.262075901	15.4588868618	14.3460130692	13.8398571014	12.1228590012	27.2410259247	19.1696109772	13.0522148609	17.9386889935	30.7749609947	16.8145728111	10.7156260014	31.9287748337	23.3392529488	12.711977005	13.1581909657	20.5004692078	27.2364840508	15.4425878525	13.7299461365	16.8005900383	15.2725009918	31.903886795	16.3037819862	16.1358799934	13.6328449249	16.9753379822	17.8649408817	17.1577951908	19.4981529713	21.5126440525	22.2826490402	31.1704819202	20.0396449566	18.9201638699	44.9102048874	22.0822069645	22.6208541393	23.6318750381	21.2838840485	14.1262369156	20.696944952	22.1525189877	
['./treeMaker/main', '-t', '-r', '1', '-N']
11.4339039326	13.8993041515	14.3848981857	14.9671349525	12.4938020706	9.73508906364	6.29204511642	14.8183851242	9.6441180706	10.230522871	7.66517090797	8.08783221245	16.1169331074	11.8084931374	8.12037587166	11.9717960358	19.5744080544	10.8703420162	7.36049199104	20.9505391121	15.2663440704	7.31040811539	8.36946392059	12.1240520477	17.6925728321	9.04217505455	9.12289690971	11.3276469707	10.9173388481	21.2601051331	10.0682680607	10.0309791565	9.45322608948	9.96620202065	10.9933829308	10.008630991	13.3416728973	13.6245269775	15.3173830509	18.7769851685	14.0373618603	12.5986728668	25.7318148613	14.9269590378	12.9225921631	17.8066599369	12.6489779949	8.45307898521	12.5276339054	12.8265750408	
['./treeMaker/main', '-t', '-r', '2', '-N']
18.029654026	22.5756449699	24.6690709591	21.3812019825	20.9327228069	16.0040290356	9.88361120224	24.8698279858	15.4483380318	14.3414800167	13.7308208942	12.0031960011	27.3814880848	19.4286780357	12.817579031	17.4877221584	30.5407259464	16.6191570759	10.7827069759	32.0223269463	23.8209910393	12.6361649036	13.198346138	20.1066048145	27.7684729099	15.1377670765	13.7904682159	16.8441181183	15.5467710495	32.3264729977	16.508877039	16.5415151119	13.6988129616	17.0718939304	17.982405901	17.4241800308	19.3689200878	22.0486459732	22.6582660675	31.9919800758	20.4654409885	19.3108561039	44.9348268509	21.9593579769	22.5944490433	23.9400229454	20.8322520256	14.2487869263	20.9271788597	22.5110340118	
['./treeMaker/main', '-m']
0.34618806839	0.378314971924	0.378857135773	0.370367050171	0.339383125305	0.27369093895	0.206900119781	0.3851749897	0.273997068405	0.264027118683	0.258913993835	0.233150005341	0.415793895721	0.32722401619	0.263773918152	0.321455955505	0.402298927307	0.294810056686	0.229759931564	0.42894411087	0.362668037415	0.241647958755	0.250406980515	0.32000207901	0.376550912857	0.283526182175	0.280230998993	0.301096200943	0.272764205933	0.424335956573	0.276888132095	0.295655012131	0.255909919739	0.298223972321	0.300726890564	0.315988063812	0.320919036865	0.352460861206	0.352349996567	0.434939861298	0.311486959457	0.305402040482	0.543123960495	0.332332134247	0.330789089203	0.368088960648	0.328244924545	0.261904001236	0.342741966248	0.372544050217	
['./treeMaker/main', '-m', '-b']
0.320853948593	0.352298974991	0.4263651371	0.380086898804	0.349464178085	0.292715787888	0.239560127258	0.423965930939	0.286630153656	0.282038927078	0.281580924988	0.261250019073	0.419481992722	0.351367950439	0.262101173401	0.306776046753	0.453032016754	0.322510004044	0.232193946838	0.500138998032	0.393674850464	0.269820213318	0.271485090256	0.342206001282	0.412575960159	0.309182167053	0.288990020752	0.312973022461	0.292427062988	0.480063915253	0.322750091553	0.303263902664	0.278549909592	0.339891910553	0.318056821823	0.331681966782	0.350334882736	0.353694915771	0.376446008682	0.457389116287	0.35214805603	0.348864078522	0.603379011154	0.373022079468	0.383227109909	0.383388996124	0.363517045975	0.282671928406	0.355926036835	0.389019012451	
['./treeMaker/main', '-m', '-w', '1']
0.309038877487	0.330572128296	0.370247125626	0.330965042114	0.331399917603	0.273380994797	0.20929813385	0.370983123779	0.269776105881	0.254426002502	0.251280069351	0.23933506012	0.375598907471	0.297558069229	0.241436004639	0.29193687439	0.422106981277	0.305910110474	0.215448141098	0.438844919205	0.352577924728	0.237786054611	0.246618032455	0.342622995377	0.387784957886	0.300088167191	0.26358294487	0.290930986404	0.285218954086	0.440047979355	0.299652099609	0.275237083435	0.247792959213	0.289078950882	0.292948007584	0.311381101608	0.318639039993	0.347763061523	0.339303970337	0.449772834778	0.33446598053	0.322179079056	0.544102907181	0.344056129456	0.331640958786	0.359934091568	0.326088905334	0.25316119194	0.323385953903	0.340483903885	
['./treeMaker/main', '-m', '-w', '2']
0.309331893921	0.363142967224	0.385627985001	0.328397035599	0.33513212204	0.274322032928	0.238552808762	0.3907289505	0.280333042145	0.276501178741	0.263586044312	0.242307901382	0.377854824066	0.320385932922	0.241635084152	0.293345928192	0.411874055862	0.307491064072	0.2414021492	0.436341047287	0.356887817383	0.241843938828	0.276802062988	0.350558042526	0.401859045029	0.269645929337	0.27316904068	0.304203987122	0.272323131561	0.434375047684	0.28978395462	0.281193971634	0.251426935196	0.291316986084	0.306931972504	0.286468982697	0.307094097137	0.343443870544	0.343611001968	0.423472881317	0.316137075424	0.325217008591	0.532840967178	0.350306034088	0.334966182709	0.399339914322	0.340348005295	0.255727052689	0.33193397522	0.343727111816	
['./treeMaker/main', '-m', '-c', '1']
0.297409057617	0.325716972351	0.366409063339	0.330908060074	0.328588008881	0.274605989456	0.227442979813	0.383016824722	0.279469966888	0.25315785408	0.260604858398	0.243531942368	0.395577907562	0.318593978882	0.238429069519	0.321938991547	0.425545215607	0.277836084366	0.216048002243	0.428896903992	0.35013794899	0.263163089752	0.267616987228	0.342123031616	0.386286020279	0.269643068314	0.252264022827	0.287020206451	0.272310018539	0.420383930206	0.303148031235	0.286419153214	0.248313903809	0.289697885513	0.313353061676	0.297702074051	0.314332008362	0.366671800613	0.368373155594	0.416861057281	0.336682081223	0.326390981674	0.578542947769	0.331112146378	0.353853940964	0.352830886841	0.333432197571	0.245970964432	0.346651792526	0.338068962097	
['./treeMaker/main', '-m', '-c', '2']
0.309651851654	0.350350856781	0.361374855042	0.318754911423	0.352518796921	0.265929937363	0.201138973236	0.365131139755	0.275598049164	0.269335985184	0.278465986252	0.229727983475	0.375305891037	0.292732000351	0.250700950623	0.281280040741	0.399729013443	0.291332960129	0.241786956787	0.422641992569	0.381142139435	0.233690023422	0.253948926926	0.341521024704	0.373230934143	0.274474143982	0.252821922302	0.276046991348	0.301126003265	0.436688184738	0.276319026947	0.274307012558	0.259228944778	0.318328857422	0.300261974335	0.280060052872	0.309019088745	0.329298019409	0.349208831787	0.467128038406	0.317318916321	0.30681180954	0.537034034729	0.335581064224	0.338865995407	0.351432800293	0.325834035873	0.253674030304	0.325419902802	0.341753005981	
['./treeMaker/main', '-m', '-a', '1']
0.334090948105	0.359723806381	0.447448015213	0.363097906113	0.387235164642	0.32510304451	0.245939016342	0.428787946701	0.305561065674	0.315592765808	0.303555965424	0.266965866089	0.439213037491	0.359221935272	0.304785013199	0.339103937149	0.441890001297	0.330242156982	0.247392892838	0.455005884171	0.413513898849	0.272298812866	0.304787874222	0.369901895523	0.401798963547	0.323999166489	0.280449151993	0.336063146591	0.322704076767	0.447223901749	0.312159061432	0.33665394783	0.277086019516	0.32356095314	0.326588153839	0.343712091446	0.361842870712	0.382859945297	0.382252931595	0.451831817627	0.346590042114	0.346578121185	0.561750888824	0.360958099365	0.375909090042	0.402113199234	0.397562026978	0.312922000885	0.350464105606	0.372361898422	
['./treeMaker/main', '-m', '-a', '2']
0.321732997894	0.362795829773	0.368443012238	0.327566862106	0.327811002731	0.27908706665	0.211662054062	0.406853199005	0.268663883209	0.274014949799	0.249578952789	0.234889030457	0.416388988495	0.316620826721	0.256942033768	0.288683176041	0.431291818619	0.291887044907	0.218787193298	0.427057981491	0.358031988144	0.248486042023	0.263889074326	0.31827378273	0.424389839172	0.270050048828	0.259634017944	0.27974486351	0.303598880768	0.422735929489	0.300733089447	0.305186986923	0.267321109772	0.325762987137	0.295195102692	0.31657409668	0.309128046036	0.331774234772	0.353761196136	0.426447153091	0.356920957565	0.330236911774	0.533671140671	0.331119060516	0.333567857742	0.384072065353	0.362208843231	0.252028226852	0.3205909729	0.342673063278	
